"";"sector";"genotype";"g_alias";"treatment";"timestamp";"Mass..g"
"865038";"27:10:1";"Exp60_300_IS33423";"Exp60_300_IS33423";NA;"2023-09-22 10:17:00";1806250
"865039";"27:10:1";"Exp60_300_IS33423";"Exp60_300_IS33423";NA;"2023-09-22 10:31:00";1806250
"865040";"27:10:1";"Exp60_300_IS33423";"Exp60_300_IS33423";NA;"2023-09-22 10:47:00";1806250
"865041";"27:10:1";"Exp60_300_IS33423";"Exp60_300_IS33423";NA;"2023-09-22 11:01:00";1806250
"865042";"27:10:1";"Exp60_300_IS33423";"Exp60_300_IS33423";NA;"2023-09-22 11:32:00";1806250
"865043";"27:10:1";"Exp60_300_IS33423";"Exp60_300_IS33423";NA;"2023-09-22 11:46:00";1806250
"865044";"27:10:1";"Exp60_300_IS33423";"Exp60_300_IS33423";NA;"2023-09-22 12:02:00";1806250
"865045";"27:10:1";"Exp60_300_IS33423";"Exp60_300_IS33423";NA;"2023-09-22 12:16:00";1499630
"865046";"27:10:1";"Exp60_300_IS33423";"Exp60_300_IS33423";NA;"2023-09-22 12:32:00";1532140
"865047";"27:10:1";"Exp60_300_IS33423";"Exp60_300_IS33423";NA;"2023-09-22 12:46:00";1302320
"865048";"27:10:1";"Exp60_300_IS33423";"Exp60_300_IS33423";NA;"2023-09-22 13:02:00";1395020
"865049";"27:10:1";"Exp60_300_IS33423";"Exp60_300_IS33423";NA;"2023-09-22 13:16:00";1717150
"865050";"27:10:1";"Exp60_300_IS33423";"Exp60_300_IS33423";NA;"2023-09-22 13:32:00";1680290
"865051";"27:10:1";"Exp60_300_IS33423";"Exp60_300_IS33423";NA;"2023-09-22 13:46:00";1806250
"865052";"27:10:1";"Exp60_300_IS33423";"Exp60_300_IS33423";NA;"2023-09-22 20:31:00";1806250
"865053";"27:10:1";"Exp60_300_IS33423";"Exp60_300_IS33423";NA;"2023-09-22 20:47:00";1806250
"865054";"27:10:1";"Exp60_300_IS33423";"Exp60_300_IS33423";NA;"2023-09-22 21:01:00";1806250
"865055";"27:10:1";"Exp60_300_IS33423";"Exp60_300_IS33423";NA;"2023-09-22 21:17:00";1806250
"865056";"27:10:1";"Exp60_300_IS33423";"Exp60_300_IS33423";NA;"2023-09-22 21:31:00";1806250
"865057";"27:10:1";"Exp60_300_IS33423";"Exp60_300_IS33423";NA;"2023-09-22 21:47:00";1806250
"865058";"27:10:1";"Exp60_300_IS33423";"Exp60_300_IS33423";NA;"2023-09-22 22:01:00";1806250
"865059";"27:10:1";"Exp60_300_IS33423";"Exp60_300_IS33423";NA;"2023-09-22 22:17:00";1806250
"865060";"27:10:1";"Exp60_300_IS33423";"Exp60_300_IS33423";NA;"2023-09-22 22:31:00";1806250
"865061";"27:10:1";"Exp60_300_IS33423";"Exp60_300_IS33423";NA;"2023-09-22 22:47:00";1806250
"865062";"27:10:1";"Exp60_300_IS33423";"Exp60_300_IS33423";NA;"2023-09-22 23:01:00";1806250
"865063";"27:10:1";"Exp60_300_IS33423";"Exp60_300_IS33423";NA;"2023-09-22 23:17:00";1806250
"865064";"27:10:1";"Exp60_300_IS33423";"Exp60_300_IS33423";NA;"2023-09-22 23:31:00";1806250
"865065";"27:10:1";"Exp60_300_IS33423";"Exp60_300_IS33423";NA;"2023-09-22 23:47:00";1806250
"865066";"27:10:1";"Exp60_300_IS33423";"Exp60_300_IS33423";NA;"2023-09-23 00:01:00";1806250
"865067";"27:10:1";"Exp60_300_IS33423";"Exp60_300_IS33423";NA;"2023-09-23 00:17:00";1806250
"865068";"27:10:1";"Exp60_300_IS33423";"Exp60_300_IS33423";NA;"2023-09-23 01:01:00";1806250
"865069";"27:10:1";"Exp60_300_IS33423";"Exp60_300_IS33423";NA;"2023-09-23 01:17:00";1806250
"865070";"27:10:1";"Exp60_300_IS33423";"Exp60_300_IS33423";NA;"2023-09-23 01:31:00";1806250
"865071";"27:10:1";"Exp60_300_IS33423";"Exp60_300_IS33423";NA;"2023-09-23 01:47:00";1806250
"865072";"27:10:1";"Exp60_300_IS33423";"Exp60_300_IS33423";NA;"2023-09-23 02:01:00";1806250
"865073";"27:10:1";"Exp60_300_IS33423";"Exp60_300_IS33423";NA;"2023-09-23 02:17:00";1806250
"865074";"27:10:1";"Exp60_300_IS33423";"Exp60_300_IS33423";NA;"2023-09-23 02:31:00";1806250
"865075";"27:10:1";"Exp60_300_IS33423";"Exp60_300_IS33423";NA;"2023-09-23 02:47:00";1806250
"865076";"27:10:1";"Exp60_300_IS33423";"Exp60_300_IS33423";NA;"2023-09-23 03:01:00";1806250
"865077";"27:10:1";"Exp60_300_IS33423";"Exp60_300_IS33423";NA;"2023-09-23 03:17:00";1806250
"865078";"27:10:1";"Exp60_300_IS33423";"Exp60_300_IS33423";NA;"2023-09-23 03:31:00";1806250
"865079";"27:10:1";"Exp60_300_IS33423";"Exp60_300_IS33423";NA;"2023-09-23 03:47:00";1806250
"865080";"27:10:1";"Exp60_300_IS33423";"Exp60_300_IS33423";NA;"2023-09-23 04:16:00";1806250
"865081";"27:10:1";"Exp60_300_IS33423";"Exp60_300_IS33423";NA;"2023-09-23 04:32:00";1806250
"865082";"27:10:1";"Exp60_300_IS33423";"Exp60_300_IS33423";NA;"2023-09-23 04:46:00";1806250
"865083";"27:10:1";"Exp60_300_IS33423";"Exp60_300_IS33423";NA;"2023-09-23 05:02:00";1806250
"865084";"27:10:1";"Exp60_300_IS33423";"Exp60_300_IS33423";NA;"2023-09-23 05:16:00";1806250
"865085";"27:10:1";"Exp60_300_IS33423";"Exp60_300_IS33423";NA;"2023-09-23 05:32:00";1806250
"865086";"27:10:1";"Exp60_300_IS33423";"Exp60_300_IS33423";NA;"2023-09-23 05:46:00";1806250
"865087";"27:10:1";"Exp60_300_IS33423";"Exp60_300_IS33423";NA;"2023-09-23 06:02:00";1806250
"865088";"27:10:1";"Exp60_300_IS33423";"Exp60_300_IS33423";NA;"2023-09-23 06:16:00";1806250
"865089";"27:10:1";"Exp60_300_IS33423";"Exp60_300_IS33423";NA;"2023-09-23 06:32:00";1806250
"865090";"27:10:1";"Exp60_300_IS33423";"Exp60_300_IS33423";NA;"2023-09-23 06:46:00";1806250
"865091";"27:10:1";"Exp60_300_IS33423";"Exp60_300_IS33423";NA;"2023-09-23 07:02:00";1806250
"865092";"27:10:1";"Exp60_300_IS33423";"Exp60_300_IS33423";NA;"2023-09-23 07:16:00";1806250
"865093";"27:10:1";"Exp60_300_IS33423";"Exp60_300_IS33423";NA;"2023-09-23 07:32:00";1806250
"865094";"27:10:1";"Exp60_300_IS33423";"Exp60_300_IS33423";NA;"2023-09-23 07:46:00";1806250
"865095";"27:10:1";"Exp60_300_IS33423";"Exp60_300_IS33423";NA;"2023-09-23 08:02:00";1806250
"865096";"27:10:1";"Exp60_300_IS33423";"Exp60_300_IS33423";NA;"2023-09-23 08:16:00";1806250
"865097";"27:10:1";"Exp60_300_IS33423";"Exp60_300_IS33423";NA;"2023-09-23 08:32:00";1806250
"865098";"27:10:1";"Exp60_300_IS33423";"Exp60_300_IS33423";NA;"2023-09-23 08:46:00";1806250
"865099";"27:10:1";"Exp60_300_IS33423";"Exp60_300_IS33423";NA;"2023-09-23 09:02:00";1806250
"865100";"27:10:1";"Exp60_300_IS33423";"Exp60_300_IS33423";NA;"2023-09-23 09:16:00";1806250
"865101";"27:10:1";"Exp60_300_IS33423";"Exp60_300_IS33423";NA;"2023-09-23 14:01:00";1806250
"865102";"27:10:1";"Exp60_300_IS33423";"Exp60_300_IS33423";NA;"2023-09-23 14:17:00";1806250
"865103";"27:10:1";"Exp60_300_IS33423";"Exp60_300_IS33423";NA;"2023-09-23 14:31:00";1806250
"865104";"27:10:1";"Exp60_300_IS33423";"Exp60_300_IS33423";NA;"2023-09-23 14:47:00";1806250
"865105";"27:10:1";"Exp60_300_IS33423";"Exp60_300_IS33423";NA;"2023-09-23 15:01:00";1806250
"865106";"27:10:1";"Exp60_300_IS33423";"Exp60_300_IS33423";NA;"2023-09-23 15:32:00";1806250
"865107";"27:10:1";"Exp60_300_IS33423";"Exp60_300_IS33423";NA;"2023-09-23 15:46:00";1806250
"865108";"27:10:1";"Exp60_300_IS33423";"Exp60_300_IS33423";NA;"2023-09-23 16:17:00";1806250
"865109";"27:10:1";"Exp60_300_IS33423";"Exp60_300_IS33423";NA;"2023-09-23 16:31:00";1806250
"865110";"27:10:1";"Exp60_300_IS33423";"Exp60_300_IS33423";NA;"2023-09-23 16:47:00";1806250
"865111";"27:10:1";"Exp60_300_IS33423";"Exp60_300_IS33423";NA;"2023-09-23 17:01:00";1806250
"865112";"27:10:1";"Exp60_300_IS33423";"Exp60_300_IS33423";NA;"2023-09-23 17:17:00";1806250
"865113";"27:10:1";"Exp60_300_IS33423";"Exp60_300_IS33423";NA;"2023-09-23 17:31:00";1806250
"865114";"27:10:1";"Exp60_300_IS33423";"Exp60_300_IS33423";NA;"2023-09-23 17:47:00";1806250
"865115";"27:10:1";"Exp60_300_IS33423";"Exp60_300_IS33423";NA;"2023-09-23 18:01:00";1806250
"865116";"27:10:1";"Exp60_300_IS33423";"Exp60_300_IS33423";NA;"2023-09-23 18:17:00";1806250
"865117";"27:10:1";"Exp60_300_IS33423";"Exp60_300_IS33423";NA;"2023-09-23 18:31:00";1806250
"865118";"27:10:1";"Exp60_300_IS33423";"Exp60_300_IS33423";NA;"2023-09-23 18:47:00";1806250
"865119";"27:10:1";"Exp60_300_IS33423";"Exp60_300_IS33423";NA;"2023-09-23 19:01:00";1806250
"865120";"27:10:1";"Exp60_300_IS33423";"Exp60_300_IS33423";NA;"2023-09-23 19:17:00";1806250
"865121";"27:10:1";"Exp60_300_IS33423";"Exp60_300_IS33423";NA;"2023-09-23 19:31:00";1806250
"865122";"27:10:1";"Exp60_300_IS33423";"Exp60_300_IS33423";NA;"2023-09-23 20:02:00";1806250
"865123";"27:10:1";"Exp60_300_IS33423";"Exp60_300_IS33423";NA;"2023-09-23 20:16:00";1806250
"865124";"27:10:1";"Exp60_300_IS33423";"Exp60_300_IS33423";NA;"2023-09-23 20:32:00";1806250
"865125";"27:10:1";"Exp60_300_IS33423";"Exp60_300_IS33423";NA;"2023-09-23 20:46:00";1806250
"865126";"27:10:1";"Exp60_300_IS33423";"Exp60_300_IS33423";NA;"2023-09-23 21:02:00";1806250
"865127";"27:10:1";"Exp60_300_IS33423";"Exp60_300_IS33423";NA;"2023-09-23 21:16:00";1806250
"865128";"27:10:1";"Exp60_300_IS33423";"Exp60_300_IS33423";NA;"2023-09-23 21:32:00";1806250
"865129";"27:10:1";"Exp60_300_IS33423";"Exp60_300_IS33423";NA;"2023-09-23 21:46:00";1806250
"865130";"27:10:1";"Exp60_300_IS33423";"Exp60_300_IS33423";NA;"2023-09-23 22:02:00";1806250
"865131";"27:10:1";"Exp60_300_IS33423";"Exp60_300_IS33423";NA;"2023-09-23 22:16:00";1806250
"865132";"27:10:1";"Exp60_300_IS33423";"Exp60_300_IS33423";NA;"2023-09-23 23:17:00";1806250
"865133";"27:10:1";"Exp60_300_IS33423";"Exp60_300_IS33423";NA;"2023-09-23 23:31:00";1806250
"865134";"27:10:1";"Exp60_300_IS33423";"Exp60_300_IS33423";NA;"2023-09-23 23:47:00";1806250
"865135";"27:10:1";"Exp60_300_IS33423";"Exp60_300_IS33423";NA;"2023-09-24 00:01:00";1806250
"865136";"27:10:1";"Exp60_300_IS33423";"Exp60_300_IS33423";NA;"2023-09-24 00:17:00";1806250
"865137";"27:10:1";"Exp60_300_IS33423";"Exp60_300_IS33423";NA;"2023-09-24 00:31:00";1806250
"865138";"27:10:1";"Exp60_300_IS33423";"Exp60_300_IS33423";NA;"2023-09-24 00:47:00";1806250
"865139";"27:10:1";"Exp60_300_IS33423";"Exp60_300_IS33423";NA;"2023-09-24 01:01:00";1806250
"865140";"27:10:1";"Exp60_300_IS33423";"Exp60_300_IS33423";NA;"2023-09-24 01:17:00";1806250
"865141";"27:10:1";"Exp60_300_IS33423";"Exp60_300_IS33423";NA;"2023-09-24 01:31:00";1806250
"865142";"27:10:1";"Exp60_300_IS33423";"Exp60_300_IS33423";NA;"2023-09-24 01:47:00";1806250
"865143";"27:10:1";"Exp60_300_IS33423";"Exp60_300_IS33423";NA;"2023-09-24 02:01:00";1806250
"865144";"27:10:1";"Exp60_300_IS33423";"Exp60_300_IS33423";NA;"2023-09-24 02:17:00";1806250
"865145";"27:10:1";"Exp60_300_IS33423";"Exp60_300_IS33423";NA;"2023-09-24 02:31:00";1806250
"865146";"27:10:1";"Exp60_300_IS33423";"Exp60_300_IS33423";NA;"2023-09-24 02:47:00";1806250
"865147";"27:10:1";"Exp60_300_IS33423";"Exp60_300_IS33423";NA;"2023-09-24 03:01:00";1806250
"865148";"27:10:1";"Exp60_300_IS33423";"Exp60_300_IS33423";NA;"2023-09-24 10:01:00";1806250
"865149";"27:10:1";"Exp60_300_IS33423";"Exp60_300_IS33423";NA;"2023-09-24 10:17:00";1806250
"865150";"27:10:1";"Exp60_300_IS33423";"Exp60_300_IS33423";NA;"2023-09-24 10:31:00";1806250
"865151";"27:10:1";"Exp60_300_IS33423";"Exp60_300_IS33423";NA;"2023-09-24 10:47:00";1806250
"865152";"27:10:1";"Exp60_300_IS33423";"Exp60_300_IS33423";NA;"2023-09-24 11:01:00";1806250
"865153";"27:10:1";"Exp60_300_IS33423";"Exp60_300_IS33423";NA;"2023-09-24 11:17:00";1806250
"865154";"27:10:1";"Exp60_300_IS33423";"Exp60_300_IS33423";NA;"2023-09-24 11:31:00";1806250
"865155";"27:10:1";"Exp60_300_IS33423";"Exp60_300_IS33423";NA;"2023-09-24 11:47:00";1806250
"865156";"27:10:1";"Exp60_300_IS33423";"Exp60_300_IS33423";NA;"2023-09-24 12:01:00";1806250
"865157";"27:10:1";"Exp60_300_IS33423";"Exp60_300_IS33423";NA;"2023-09-24 12:17:00";1806250
"865158";"27:10:1";"Exp60_300_IS33423";"Exp60_300_IS33423";NA;"2023-09-24 12:31:00";1806250
"865159";"27:10:1";"Exp60_300_IS33423";"Exp60_300_IS33423";NA;"2023-09-24 12:47:00";1806250
"865160";"27:10:1";"Exp60_300_IS33423";"Exp60_300_IS33423";NA;"2023-09-24 13:01:00";1806250
"865161";"27:10:1";"Exp60_300_IS33423";"Exp60_300_IS33423";NA;"2023-09-24 13:17:00";1806250
"865162";"27:10:1";"Exp60_300_IS33423";"Exp60_300_IS33423";NA;"2023-09-24 13:31:00";1806250
"865163";"27:10:1";"Exp60_300_IS33423";"Exp60_300_IS33423";NA;"2023-09-24 13:47:00";1806250
"865164";"27:10:1";"Exp60_300_IS33423";"Exp60_300_IS33423";NA;"2023-09-24 14:01:00";1806250
"865165";"27:10:1";"Exp60_300_IS33423";"Exp60_300_IS33423";NA;"2023-09-24 14:17:00";1806250
"865166";"27:10:1";"Exp60_300_IS33423";"Exp60_300_IS33423";NA;"2023-09-24 14:31:00";1806250
"865167";"27:10:1";"Exp60_300_IS33423";"Exp60_300_IS33423";NA;"2023-09-24 14:47:00";1806250
"865168";"27:10:1";"Exp60_300_IS33423";"Exp60_300_IS33423";NA;"2023-09-24 15:01:00";1806250
"865169";"27:10:1";"Exp60_300_IS33423";"Exp60_300_IS33423";NA;"2023-09-24 15:17:00";1806250
"865170";"27:10:1";"Exp60_300_IS33423";"Exp60_300_IS33423";NA;"2023-09-24 15:31:00";1806250
"865171";"27:10:1";"Exp60_300_IS33423";"Exp60_300_IS33423";NA;"2023-09-24 15:47:00";1806250
"865172";"27:10:1";"Exp60_300_IS33423";"Exp60_300_IS33423";NA;"2023-09-24 16:01:00";1806250
"865173";"27:10:1";"Exp60_300_IS33423";"Exp60_300_IS33423";NA;"2023-09-24 22:31:00";1806250
"865174";"27:10:1";"Exp60_300_IS33423";"Exp60_300_IS33423";NA;"2023-09-24 22:47:00";1806250
"865175";"27:10:1";"Exp60_300_IS33423";"Exp60_300_IS33423";NA;"2023-09-24 23:01:00";1806250
"865176";"27:10:1";"Exp60_300_IS33423";"Exp60_300_IS33423";NA;"2023-09-24 23:17:00";1806250
"865177";"27:10:1";"Exp60_300_IS33423";"Exp60_300_IS33423";NA;"2023-09-24 23:31:00";1806250
"865178";"27:10:1";"Exp60_300_IS33423";"Exp60_300_IS33423";NA;"2023-09-24 23:47:00";1806250
"865179";"27:10:1";"Exp60_300_IS33423";"Exp60_300_IS33423";NA;"2023-09-25 00:01:00";1806250
"865180";"27:10:1";"Exp60_300_IS33423";"Exp60_300_IS33423";NA;"2023-09-25 00:17:00";1806250
"865181";"27:10:1";"Exp60_300_IS33423";"Exp60_300_IS33423";NA;"2023-09-25 00:31:00";1806250
"865182";"27:10:1";"Exp60_300_IS33423";"Exp60_300_IS33423";NA;"2023-09-25 00:47:00";1806250
"865183";"27:10:1";"Exp60_300_IS33423";"Exp60_300_IS33423";NA;"2023-09-25 01:01:00";1806250
"865184";"27:10:1";"Exp60_300_IS33423";"Exp60_300_IS33423";NA;"2023-09-25 01:17:00";1806250
"865185";"27:10:1";"Exp60_300_IS33423";"Exp60_300_IS33423";NA;"2023-09-25 01:31:00";1806250
"865186";"27:10:1";"Exp60_300_IS33423";"Exp60_300_IS33423";NA;"2023-09-25 01:47:00";1806250
"865187";"27:10:1";"Exp60_300_IS33423";"Exp60_300_IS33423";NA;"2023-09-25 02:01:00";1806250
"865188";"27:10:1";"Exp60_300_IS33423";"Exp60_300_IS33423";NA;"2023-09-25 03:02:00";1806250
"865189";"27:10:1";"Exp60_300_IS33423";"Exp60_300_IS33423";NA;"2023-09-25 03:16:00";1806250
"865190";"27:10:1";"Exp60_300_IS33423";"Exp60_300_IS33423";NA;"2023-09-25 04:32:00";1806250
"865191";"27:10:1";"Exp60_300_IS33423";"Exp60_300_IS33423";NA;"2023-09-25 04:46:00";1806250
"865192";"27:10:1";"Exp60_300_IS33423";"Exp60_300_IS33423";NA;"2023-09-25 05:17:00";1806250
"865193";"27:10:1";"Exp60_300_IS33423";"Exp60_300_IS33423";NA;"2023-09-25 05:31:00";1806250
"865194";"27:10:1";"Exp60_300_IS33423";"Exp60_300_IS33423";NA;"2023-09-25 05:47:00";1806250
"865195";"27:10:1";"Exp60_300_IS33423";"Exp60_300_IS33423";NA;"2023-09-25 06:01:00";1806250
"865196";"27:10:1";"Exp60_300_IS33423";"Exp60_300_IS33423";NA;"2023-09-25 06:17:00";1806250
"865197";"27:10:1";"Exp60_300_IS33423";"Exp60_300_IS33423";NA;"2023-09-25 06:31:00";1806250
"865198";"27:10:1";"Exp60_300_IS33423";"Exp60_300_IS33423";NA;"2023-09-25 06:47:00";1806250
"865199";"27:10:1";"Exp60_300_IS33423";"Exp60_300_IS33423";NA;"2023-09-25 07:01:00";1806250
"865200";"27:10:1";"Exp60_300_IS33423";"Exp60_300_IS33423";NA;"2023-09-25 07:17:00";1806250
"865201";"27:10:1";"Exp60_300_IS33423";"Exp60_300_IS33423";NA;"2023-09-25 07:31:00";1806250
"865202";"27:10:1";"Exp60_300_IS33423";"Exp60_300_IS33423";NA;"2023-09-25 07:47:00";1806250
"865203";"27:10:1";"Exp60_300_IS33423";"Exp60_300_IS33423";NA;"2023-09-25 08:01:00";1806250
"865204";"27:10:1";"Exp60_300_IS33423";"Exp60_300_IS33423";NA;"2023-09-25 14:46:00";1806250
"865205";"27:10:1";"Exp60_300_IS33423";"Exp60_300_IS33423";NA;"2023-09-25 15:02:00";1806250
"865206";"27:10:1";"Exp60_300_IS33423";"Exp60_300_IS33423";NA;"2023-09-25 15:16:00";1806250
"865207";"27:10:1";"Exp60_300_IS33423";"Exp60_300_IS33423";NA;"2023-09-25 15:32:00";1806250
"865208";"27:10:1";"Exp60_300_IS33423";"Exp60_300_IS33423";NA;"2023-09-25 15:46:00";1806250
"865209";"27:10:1";"Exp60_300_IS33423";"Exp60_300_IS33423";NA;"2023-09-25 16:02:00";1806250
"865210";"27:10:1";"Exp60_300_IS33423";"Exp60_300_IS33423";NA;"2023-09-25 17:16:00";1806250
"865211";"27:10:1";"Exp60_300_IS33423";"Exp60_300_IS33423";NA;"2023-09-25 17:32:00";1806250
"865212";"27:10:1";"Exp60_300_IS33423";"Exp60_300_IS33423";NA;"2023-09-25 17:46:00";1806250
"865213";"27:10:1";"Exp60_300_IS33423";"Exp60_300_IS33423";NA;"2023-09-25 18:02:00";1806250
"865214";"27:10:1";"Exp60_300_IS33423";"Exp60_300_IS33423";NA;"2023-09-25 19:01:00";1806250
"865215";"27:10:1";"Exp60_300_IS33423";"Exp60_300_IS33423";NA;"2023-09-25 19:17:00";1806250
"865216";"27:10:1";"Exp60_300_IS33423";"Exp60_300_IS33423";NA;"2023-09-25 19:31:00";1806250
"865217";"27:10:1";"Exp60_300_IS33423";"Exp60_300_IS33423";NA;"2023-09-25 19:47:00";1806250
"865218";"27:10:1";"Exp60_300_IS33423";"Exp60_300_IS33423";NA;"2023-09-25 20:01:00";1806250
"865219";"27:10:1";"Exp60_300_IS33423";"Exp60_300_IS33423";NA;"2023-09-25 20:17:00";1806250
"865220";"27:10:1";"Exp60_300_IS33423";"Exp60_300_IS33423";NA;"2023-09-25 20:31:00";1806250
"865221";"27:10:1";"Exp60_300_IS33423";"Exp60_300_IS33423";NA;"2023-09-25 20:47:00";1806250
"865222";"27:10:1";"Exp60_300_IS33423";"Exp60_300_IS33423";NA;"2023-09-25 21:16:00";1806250
"865223";"27:10:1";"Exp60_300_IS33423";"Exp60_300_IS33423";NA;"2023-09-25 21:32:00";1806250
"865224";"27:10:1";"Exp60_300_IS33423";"Exp60_300_IS33423";NA;"2023-09-25 21:46:00";1806250
"865225";"27:10:1";"Exp60_300_IS33423";"Exp60_300_IS33423";NA;"2023-09-25 22:02:00";1806250
"865226";"27:10:1";"Exp60_300_IS33423";"Exp60_300_IS33423";NA;"2023-09-25 22:16:00";1806250
"865227";"27:10:1";"Exp60_300_IS33423";"Exp60_300_IS33423";NA;"2023-09-25 22:32:00";1806250
"865228";"27:10:1";"Exp60_300_IS33423";"Exp60_300_IS33423";NA;"2023-09-25 22:46:00";1806250
"865229";"27:10:1";"Exp60_300_IS33423";"Exp60_300_IS33423";NA;"2023-09-25 23:02:00";1806250
"865230";"27:10:1";"Exp60_300_IS33423";"Exp60_300_IS33423";NA;"2023-09-25 23:16:00";1806250
"865231";"27:10:1";"Exp60_300_IS33423";"Exp60_300_IS33423";NA;"2023-09-25 23:32:00";1806250
"865232";"27:10:1";"Exp60_300_IS33423";"Exp60_300_IS33423";NA;"2023-09-25 23:46:00";1806250
"865233";"27:10:1";"Exp60_300_IS33423";"Exp60_300_IS33423";NA;"2023-09-26 00:02:00";1806250
"865234";"27:10:1";"Exp60_300_IS33423";"Exp60_300_IS33423";NA;"2023-09-26 00:16:00";1806250
"865235";"27:10:1";"Exp60_300_IS33423";"Exp60_300_IS33423";NA;"2023-09-26 00:32:00";1806250
"865236";"27:10:1";"Exp60_300_IS33423";"Exp60_300_IS33423";NA;"2023-09-26 00:46:00";1806250
"865237";"27:10:1";"Exp60_300_IS33423";"Exp60_300_IS33423";NA;"2023-09-26 01:02:00";1806250
"865238";"27:10:1";"Exp60_300_IS33423";"Exp60_300_IS33423";NA;"2023-09-26 01:16:00";1806250
"865239";"27:10:1";"Exp60_300_IS33423";"Exp60_300_IS33423";NA;"2023-09-26 01:32:00";1806250
"865240";"27:10:1";"Exp60_300_IS33423";"Exp60_300_IS33423";NA;"2023-09-26 01:46:00";1806250
"865241";"27:10:1";"Exp60_300_IS33423";"Exp60_300_IS33423";NA;"2023-09-26 02:02:00";1806250
"865242";"27:10:1";"Exp60_300_IS33423";"Exp60_300_IS33423";NA;"2023-09-26 02:16:00";1806250
"865243";"27:10:1";"Exp60_300_IS33423";"Exp60_300_IS33423";NA;"2023-09-26 02:32:00";1806250
"865244";"27:10:1";"Exp60_300_IS33423";"Exp60_300_IS33423";NA;"2023-09-26 02:46:00";1806250
"865245";"27:10:1";"Exp60_300_IS33423";"Exp60_300_IS33423";NA;"2023-09-26 03:02:00";1806250
"865246";"27:10:1";"Exp60_300_IS33423";"Exp60_300_IS33423";NA;"2023-09-26 03:16:00";1786580
"865247";"27:10:1";"Exp60_300_IS33423";"Exp60_300_IS33423";NA;"2023-09-26 03:32:00";1806250
"865248";"27:10:1";"Exp60_300_IS33423";"Exp60_300_IS33423";NA;"2023-09-26 03:46:00";1795490
"865249";"27:10:1";"Exp60_300_IS33423";"Exp60_300_IS33423";NA;"2023-09-26 04:02:00";1684160
"865250";"27:10:1";"Exp60_300_IS33423";"Exp60_300_IS33423";NA;"2023-09-26 04:16:00";1608060
"865251";"27:10:1";"Exp60_300_IS33423";"Exp60_300_IS33423";NA;"2023-09-26 04:32:00";1646210
"865252";"27:10:1";"Exp60_300_IS33423";"Exp60_300_IS33423";NA;"2023-09-26 04:46:00";1627490
"865253";"27:10:1";"Exp60_300_IS33423";"Exp60_300_IS33423";NA;"2023-09-26 05:02:00";1585480
"865254";"27:10:1";"Exp60_300_IS33423";"Exp60_300_IS33423";NA;"2023-09-26 05:16:00";1508910
"865255";"27:10:1";"Exp60_300_IS33423";"Exp60_300_IS33423";NA;"2023-09-26 05:32:00";1628770
"865256";"27:10:1";"Exp60_300_IS33423";"Exp60_300_IS33423";NA;"2023-09-26 05:46:00";1340830
"865257";"27:10:1";"Exp60_300_IS33423";"Exp60_300_IS33423";NA;"2023-09-26 06:02:00";1520310
"865258";"27:10:1";"Exp60_300_IS33423";"Exp60_300_IS33423";NA;"2023-09-26 06:16:00";1576130
"865259";"27:10:1";"Exp60_300_IS33423";"Exp60_300_IS33423";NA;"2023-09-26 06:32:00";1645890
"865260";"27:10:1";"Exp60_300_IS33423";"Exp60_300_IS33423";NA;"2023-09-26 06:46:00";1634560
"865261";"27:10:1";"Exp60_300_IS33423";"Exp60_300_IS33423";NA;"2023-09-26 07:02:00";1661550
"865262";"27:10:1";"Exp60_300_IS33423";"Exp60_300_IS33423";NA;"2023-09-26 07:16:00";1709890
"865263";"27:10:1";"Exp60_300_IS33423";"Exp60_300_IS33423";NA;"2023-09-26 07:47:00";1806250
"865264";"27:10:1";"Exp60_300_IS33423";"Exp60_300_IS33423";NA;"2023-09-26 08:01:00";1806250
"865265";"27:10:1";"Exp60_300_IS33423";"Exp60_300_IS33423";NA;"2023-09-26 08:17:00";1653290
"865266";"27:10:1";"Exp60_300_IS33423";"Exp60_300_IS33423";NA;"2023-09-26 08:31:00";1720460
"865267";"27:10:1";"Exp60_300_IS33423";"Exp60_300_IS33423";NA;"2023-09-26 09:02:00";1776200
"865268";"27:10:1";"Exp60_300_IS33423";"Exp60_300_IS33423";NA;"2023-09-26 09:16:00";1806250
"865269";"27:10:1";"Exp60_300_IS33423";"Exp60_300_IS33423";NA;"2023-09-26 09:32:00";1806250
"865270";"27:10:1";"Exp60_300_IS33423";"Exp60_300_IS33423";NA;"2023-09-26 09:46:00";1806250
"865271";"27:10:1";"Exp60_300_IS33423";"Exp60_300_IS33423";NA;"2023-09-26 10:02:00";1806250
"865272";"27:10:1";"Exp60_300_IS33423";"Exp60_300_IS33423";NA;"2023-09-26 10:16:00";1806250
"865273";"27:10:1";"Exp60_300_IS33423";"Exp60_300_IS33423";NA;"2023-09-26 10:32:00";1739580
"865274";"27:10:1";"Exp60_300_IS33423";"Exp60_300_IS33423";NA;"2023-09-26 10:46:00";1806250
"865275";"27:10:1";"Exp60_300_IS33423";"Exp60_300_IS33423";NA;"2023-09-26 11:02:00";1806250
"865276";"27:10:1";"Exp60_300_IS33423";"Exp60_300_IS33423";NA;"2023-09-26 11:16:00";1806250
"865277";"27:10:1";"Exp60_300_IS33423";"Exp60_300_IS33423";NA;"2023-09-26 11:47:00";1806250
"865278";"27:10:1";"Exp60_300_IS33423";"Exp60_300_IS33423";NA;"2023-09-26 12:01:00";1806250
"865279";"27:10:1";"Exp60_300_IS33423";"Exp60_300_IS33423";NA;"2023-09-26 12:17:00";1806250
"865280";"27:10:1";"Exp60_300_IS33423";"Exp60_300_IS33423";NA;"2023-09-26 12:31:00";1806250
"865281";"27:10:1";"Exp60_300_IS33423";"Exp60_300_IS33423";NA;"2023-09-26 12:47:00";1806250
"865282";"27:10:1";"Exp60_300_IS33423";"Exp60_300_IS33423";NA;"2023-09-26 13:01:00";1806250
"865283";"27:10:1";"Exp60_300_IS33423";"Exp60_300_IS33423";NA;"2023-09-26 13:32:00";1806250
"865284";"27:10:1";"Exp60_300_IS33423";"Exp60_300_IS33423";NA;"2023-09-26 13:46:00";1806250
"865285";"27:10:1";"Exp60_300_IS33423";"Exp60_300_IS33423";NA;"2023-09-26 14:02:00";1806250
"865286";"27:10:1";"Exp60_300_IS33423";"Exp60_300_IS33423";NA;"2023-09-26 14:16:00";1806250
"865287";"27:10:1";"Exp60_300_IS33423";"Exp60_300_IS33423";NA;"2023-09-26 14:32:00";1806250
"865288";"27:10:1";"Exp60_300_IS33423";"Exp60_300_IS33423";NA;"2023-09-26 14:46:00";1806250
"865289";"27:10:1";"Exp60_300_IS33423";"Exp60_300_IS33423";NA;"2023-09-26 15:02:00";1806250
"865290";"27:10:1";"Exp60_300_IS33423";"Exp60_300_IS33423";NA;"2023-09-26 15:16:00";1806250
"865291";"27:10:1";"Exp60_300_IS33423";"Exp60_300_IS33423";NA;"2023-09-26 15:32:00";1806250
"865292";"27:10:1";"Exp60_300_IS33423";"Exp60_300_IS33423";NA;"2023-09-26 15:46:00";1806250
"865293";"27:10:1";"Exp60_300_IS33423";"Exp60_300_IS33423";NA;"2023-09-26 16:02:00";1806250
"865294";"27:10:1";"Exp60_300_IS33423";"Exp60_300_IS33423";NA;"2023-09-26 16:16:00";1806250
"865295";"27:10:1";"Exp60_300_IS33423";"Exp60_300_IS33423";NA;"2023-09-26 22:01:00";1806250
"865296";"27:10:1";"Exp60_300_IS33423";"Exp60_300_IS33423";NA;"2023-09-26 22:17:00";1806250
"865297";"27:10:1";"Exp60_300_IS33423";"Exp60_300_IS33423";NA;"2023-09-26 22:31:00";1806250
"865298";"27:10:1";"Exp60_300_IS33423";"Exp60_300_IS33423";NA;"2023-09-26 22:47:00";1806250
"865299";"27:10:1";"Exp60_300_IS33423";"Exp60_300_IS33423";NA;"2023-09-26 23:01:00";1806250
"865300";"27:10:1";"Exp60_300_IS33423";"Exp60_300_IS33423";NA;"2023-09-26 23:17:00";1806250
"865301";"27:10:1";"Exp60_300_IS33423";"Exp60_300_IS33423";NA;"2023-09-26 23:31:00";1806250
"865302";"27:10:1";"Exp60_300_IS33423";"Exp60_300_IS33423";NA;"2023-09-26 23:47:00";1806250
"865303";"27:10:1";"Exp60_300_IS33423";"Exp60_300_IS33423";NA;"2023-09-27 00:31:00";1806250
"865304";"27:10:1";"Exp60_300_IS33423";"Exp60_300_IS33423";NA;"2023-09-27 00:47:00";1806250
"865305";"27:10:1";"Exp60_300_IS33423";"Exp60_300_IS33423";NA;"2023-09-27 01:01:00";1806250
"865306";"27:10:1";"Exp60_300_IS33423";"Exp60_300_IS33423";NA;"2023-09-27 01:17:00";1806250
"865307";"27:10:1";"Exp60_300_IS33423";"Exp60_300_IS33423";NA;"2023-09-27 01:31:00";1806250
"865308";"27:10:1";"Exp60_300_IS33423";"Exp60_300_IS33423";NA;"2023-09-27 01:47:00";1806250
"865309";"27:10:1";"Exp60_300_IS33423";"Exp60_300_IS33423";NA;"2023-09-27 02:01:00";1806250
"865310";"27:10:1";"Exp60_300_IS33423";"Exp60_300_IS33423";NA;"2023-09-27 02:17:00";1806250
"865311";"27:10:1";"Exp60_300_IS33423";"Exp60_300_IS33423";NA;"2023-09-27 02:31:00";1806250
"865312";"27:10:1";"Exp60_300_IS33423";"Exp60_300_IS33423";NA;"2023-09-27 02:47:00";1806250
"865313";"27:10:1";"Exp60_300_IS33423";"Exp60_300_IS33423";NA;"2023-09-27 03:01:00";1806250
"865314";"27:10:1";"Exp60_300_IS33423";"Exp60_300_IS33423";NA;"2023-09-27 03:17:00";1806250
"865315";"27:10:1";"Exp60_300_IS33423";"Exp60_300_IS33423";NA;"2023-09-27 03:31:00";1806250
"865316";"27:10:1";"Exp60_300_IS33423";"Exp60_300_IS33423";NA;"2023-09-27 03:47:00";1806250
"865317";"27:10:1";"Exp60_300_IS33423";"Exp60_300_IS33423";NA;"2023-09-27 04:01:00";1806250
"865318";"27:10:1";"Exp60_300_IS33423";"Exp60_300_IS33423";NA;"2023-09-27 04:17:00";1806250
"865319";"27:10:1";"Exp60_300_IS33423";"Exp60_300_IS33423";NA;"2023-09-27 04:31:00";1806250
"865320";"27:10:1";"Exp60_300_IS33423";"Exp60_300_IS33423";NA;"2023-09-27 04:47:00";1806250
"865321";"27:10:1";"Exp60_300_IS33423";"Exp60_300_IS33423";NA;"2023-09-27 05:01:00";1806250
"865322";"27:10:1";"Exp60_300_IS33423";"Exp60_300_IS33423";NA;"2023-09-27 05:17:00";1806250
"865323";"27:10:1";"Exp60_300_IS33423";"Exp60_300_IS33423";NA;"2023-09-27 05:31:00";1806250
"865324";"27:10:1";"Exp60_300_IS33423";"Exp60_300_IS33423";NA;"2023-09-27 05:47:00";1806250
"865325";"27:10:1";"Exp60_300_IS33423";"Exp60_300_IS33423";NA;"2023-09-27 06:01:00";1806250
"865326";"27:10:1";"Exp60_300_IS33423";"Exp60_300_IS33423";NA;"2023-09-27 06:17:00";1806250
"865327";"27:10:1";"Exp60_300_IS33423";"Exp60_300_IS33423";NA;"2023-09-27 06:31:00";1806250
"865328";"27:10:1";"Exp60_300_IS33423";"Exp60_300_IS33423";NA;"2023-09-27 06:47:00";1806250
"865329";"27:10:1";"Exp60_300_IS33423";"Exp60_300_IS33423";NA;"2023-09-27 07:01:00";1806250
"865330";"27:10:1";"Exp60_300_IS33423";"Exp60_300_IS33423";NA;"2023-09-27 07:32:00";1806250
"865331";"27:10:1";"Exp60_300_IS33423";"Exp60_300_IS33423";NA;"2023-09-27 07:46:00";1806250
"865332";"27:10:1";"Exp60_300_IS33423";"Exp60_300_IS33423";NA;"2023-09-27 08:02:00";1806250
"865333";"27:10:1";"Exp60_300_IS33423";"Exp60_300_IS33423";NA;"2023-09-27 08:16:00";1806250
"865334";"27:10:1";"Exp60_300_IS33423";"Exp60_300_IS33423";NA;"2023-09-27 08:32:00";1806250
"865335";"27:10:1";"Exp60_300_IS33423";"Exp60_300_IS33423";NA;"2023-09-27 08:46:00";1806250
"865336";"27:10:1";"Exp60_300_IS33423";"Exp60_300_IS33423";NA;"2023-09-27 09:02:00";1806250
"865337";"27:10:1";"Exp60_300_IS33423";"Exp60_300_IS33423";NA;"2023-09-27 09:16:00";1806250
"865338";"27:10:1";"Exp60_300_IS33423";"Exp60_300_IS33423";NA;"2023-09-27 15:46:00";39510,4
"865339";"27:10:1";"Exp60_300_IS33423";"Exp60_300_IS33423";NA;"2023-09-27 16:02:00";40147,5
"865340";"27:10:1";"Exp60_300_IS33423";"Exp60_300_IS33423";NA;"2023-09-27 16:16:00";1806250
"865341";"27:10:1";"Exp60_300_IS33423";"Exp60_300_IS33423";NA;"2023-09-27 16:32:00";1806250
"865342";"27:10:1";"Exp60_300_IS33423";"Exp60_300_IS33423";NA;"2023-09-27 16:46:00";1806250
"865343";"27:10:1";"Exp60_300_IS33423";"Exp60_300_IS33423";NA;"2023-09-27 17:17:00";1806250
"865344";"27:10:1";"Exp60_300_IS33423";"Exp60_300_IS33423";NA;"2023-09-27 17:31:00";1806250
"865345";"27:10:1";"Exp60_300_IS33423";"Exp60_300_IS33423";NA;"2023-09-27 17:47:00";1806250
"865346";"27:10:1";"Exp60_300_IS33423";"Exp60_300_IS33423";NA;"2023-09-27 18:01:00";1806250
"865347";"27:10:1";"Exp60_300_IS33423";"Exp60_300_IS33423";NA;"2023-09-27 18:17:00";1806250
"865348";"27:10:1";"Exp60_300_IS33423";"Exp60_300_IS33423";NA;"2023-09-27 18:31:00";1806250
"865349";"27:10:1";"Exp60_300_IS33423";"Exp60_300_IS33423";NA;"2023-09-27 18:47:00";1806250
"865350";"27:10:1";"Exp60_300_IS33423";"Exp60_300_IS33423";NA;"2023-09-27 19:01:00";1806250
"865351";"27:10:1";"Exp60_300_IS33423";"Exp60_300_IS33423";NA;"2023-09-27 19:17:00";1806250
"865352";"27:10:1";"Exp60_300_IS33423";"Exp60_300_IS33423";NA;"2023-09-27 19:31:00";1806250
"865353";"27:10:1";"Exp60_300_IS33423";"Exp60_300_IS33423";NA;"2023-09-27 19:47:00";1806250
"865354";"27:10:1";"Exp60_300_IS33423";"Exp60_300_IS33423";NA;"2023-09-27 20:01:00";1806250
"865355";"27:10:1";"Exp60_300_IS33423";"Exp60_300_IS33423";NA;"2023-09-27 20:17:00";1806250
"865356";"27:10:1";"Exp60_300_IS33423";"Exp60_300_IS33423";NA;"2023-09-27 20:31:00";1806250
"865357";"27:10:1";"Exp60_300_IS33423";"Exp60_300_IS33423";NA;"2023-09-27 20:47:00";1806250
"865358";"27:10:1";"Exp60_300_IS33423";"Exp60_300_IS33423";NA;"2023-09-27 21:01:00";1806250
"865359";"27:10:1";"Exp60_300_IS33423";"Exp60_300_IS33423";NA;"2023-09-28 01:31:00";1806250
"865360";"27:10:1";"Exp60_300_IS33423";"Exp60_300_IS33423";NA;"2023-09-28 01:47:00";1806250
"865361";"27:10:1";"Exp60_300_IS33423";"Exp60_300_IS33423";NA;"2023-09-28 02:01:00";1806250
"865362";"27:10:1";"Exp60_300_IS33423";"Exp60_300_IS33423";NA;"2023-09-28 02:17:00";1806250
"865363";"27:10:1";"Exp60_300_IS33423";"Exp60_300_IS33423";NA;"2023-09-28 02:31:00";1806250
"865364";"27:10:1";"Exp60_300_IS33423";"Exp60_300_IS33423";NA;"2023-09-28 03:17:00";1806250
"865365";"27:10:1";"Exp60_300_IS33423";"Exp60_300_IS33423";NA;"2023-09-28 03:31:00";1806250
"865366";"27:10:1";"Exp60_300_IS33423";"Exp60_300_IS33423";NA;"2023-09-28 03:47:00";1806250
"865367";"27:10:1";"Exp60_300_IS33423";"Exp60_300_IS33423";NA;"2023-09-28 04:01:00";1806250
"865368";"27:10:1";"Exp60_300_IS33423";"Exp60_300_IS33423";NA;"2023-09-28 04:17:00";1806250
"865369";"27:10:1";"Exp60_300_IS33423";"Exp60_300_IS33423";NA;"2023-09-28 04:31:00";1806250
"865370";"27:10:1";"Exp60_300_IS33423";"Exp60_300_IS33423";NA;"2023-09-28 04:47:00";1806250
"865371";"27:10:1";"Exp60_300_IS33423";"Exp60_300_IS33423";NA;"2023-09-28 05:01:00";1806250
"865372";"27:10:1";"Exp60_300_IS33423";"Exp60_300_IS33423";NA;"2023-09-28 05:17:00";1806250
"865373";"27:10:1";"Exp60_300_IS33423";"Exp60_300_IS33423";NA;"2023-09-28 05:31:00";1806250
"865374";"27:10:1";"Exp60_300_IS33423";"Exp60_300_IS33423";NA;"2023-09-28 05:47:00";1806250
"865375";"27:10:1";"Exp60_300_IS33423";"Exp60_300_IS33423";NA;"2023-09-28 06:01:00";1806250
"865376";"27:10:1";"Exp60_300_IS33423";"Exp60_300_IS33423";NA;"2023-09-28 06:17:00";1806250
"865377";"27:10:1";"Exp60_300_IS33423";"Exp60_300_IS33423";NA;"2023-09-28 07:16:00";1806250
"865378";"27:10:1";"Exp60_300_IS33423";"Exp60_300_IS33423";NA;"2023-09-28 07:32:00";1806250
"865379";"27:10:1";"Exp60_300_IS33423";"Exp60_300_IS33423";NA;"2023-09-28 08:16:00";1806250
"865380";"27:10:1";"Exp60_300_IS33423";"Exp60_300_IS33423";NA;"2023-09-28 08:47:00";1806250
"865381";"27:10:1";"Exp60_300_IS33423";"Exp60_300_IS33423";NA;"2023-09-28 09:01:00";1806250
"865382";"27:10:1";"Exp60_300_IS33423";"Exp60_300_IS33423";NA;"2023-09-28 16:16:00";1806250
"865383";"27:10:1";"Exp60_300_IS33423";"Exp60_300_IS33423";NA;"2023-09-28 16:47:00";1130510
"865384";"27:10:1";"Exp60_300_IS33423";"Exp60_300_IS33423";NA;"2023-09-28 17:01:00";1806250
"865385";"27:10:1";"Exp60_300_IS33423";"Exp60_300_IS33423";NA;"2023-09-28 17:17:00";1806250
"865386";"27:10:1";"Exp60_300_IS33423";"Exp60_300_IS33423";NA;"2023-09-28 17:31:00";1806250
"865387";"27:10:1";"Exp60_300_IS33423";"Exp60_300_IS33423";NA;"2023-09-28 18:02:00";1806250
"865388";"27:10:1";"Exp60_300_IS33423";"Exp60_300_IS33423";NA;"2023-09-28 18:16:00";1806250
"865389";"27:10:1";"Exp60_300_IS33423";"Exp60_300_IS33423";NA;"2023-09-28 18:32:00";1806250
"865390";"27:10:1";"Exp60_300_IS33423";"Exp60_300_IS33423";NA;"2023-09-28 18:46:00";1806250
"865391";"27:10:1";"Exp60_300_IS33423";"Exp60_300_IS33423";NA;"2023-09-28 19:02:00";1806250
"865392";"27:10:1";"Exp60_300_IS33423";"Exp60_300_IS33423";NA;"2023-09-28 19:16:00";1806250
"865393";"27:10:1";"Exp60_300_IS33423";"Exp60_300_IS33423";NA;"2023-09-28 19:32:00";1806250
"865394";"27:10:1";"Exp60_300_IS33423";"Exp60_300_IS33423";NA;"2023-09-28 19:46:00";1806250
"865395";"27:10:1";"Exp60_300_IS33423";"Exp60_300_IS33423";NA;"2023-09-28 20:02:00";1806250
"865396";"27:10:1";"Exp60_300_IS33423";"Exp60_300_IS33423";NA;"2023-09-28 20:16:00";1806250
"865397";"27:10:1";"Exp60_300_IS33423";"Exp60_300_IS33423";NA;"2023-09-28 20:32:00";1806250
"865398";"27:10:1";"Exp60_300_IS33423";"Exp60_300_IS33423";NA;"2023-09-28 20:46:00";1806250
"865399";"27:10:1";"Exp60_300_IS33423";"Exp60_300_IS33423";NA;"2023-09-28 21:02:00";1806250
"865400";"27:10:1";"Exp60_300_IS33423";"Exp60_300_IS33423";NA;"2023-09-28 21:16:00";1806250
"865401";"27:10:1";"Exp60_300_IS33423";"Exp60_300_IS33423";NA;"2023-09-28 21:32:00";1806250
"865402";"27:10:1";"Exp60_300_IS33423";"Exp60_300_IS33423";NA;"2023-09-28 21:46:00";1806250
"865403";"27:10:1";"Exp60_300_IS33423";"Exp60_300_IS33423";NA;"2023-09-28 22:17:00";1806250
"865404";"27:10:1";"Exp60_300_IS33423";"Exp60_300_IS33423";NA;"2023-09-28 22:31:00";1806250
"865405";"27:10:1";"Exp60_300_IS33423";"Exp60_300_IS33423";NA;"2023-09-28 22:47:00";1806250
"865406";"27:10:1";"Exp60_300_IS33423";"Exp60_300_IS33423";NA;"2023-09-28 23:01:00";1806250
"865407";"27:10:1";"Exp60_300_IS33423";"Exp60_300_IS33423";NA;"2023-09-28 23:17:00";1806250
"865408";"27:10:1";"Exp60_300_IS33423";"Exp60_300_IS33423";NA;"2023-09-28 23:31:00";1806250
"865409";"27:10:1";"Exp60_300_IS33423";"Exp60_300_IS33423";NA;"2023-09-29 00:17:00";1806250
"865410";"27:10:1";"Exp60_300_IS33423";"Exp60_300_IS33423";NA;"2023-09-29 00:31:00";1806250
"865411";"27:10:1";"Exp60_300_IS33423";"Exp60_300_IS33423";NA;"2023-09-29 00:47:00";1806250
"865412";"27:10:1";"Exp60_300_IS33423";"Exp60_300_IS33423";NA;"2023-09-29 01:01:00";1806250
"865413";"27:10:1";"Exp60_300_IS33423";"Exp60_300_IS33423";NA;"2023-09-29 01:17:00";1806250
"865414";"27:10:1";"Exp60_300_IS33423";"Exp60_300_IS33423";NA;"2023-09-29 01:31:00";1806250
"865415";"27:10:1";"Exp60_300_IS33423";"Exp60_300_IS33423";NA;"2023-09-29 01:47:00";1806250
"865416";"27:10:1";"Exp60_300_IS33423";"Exp60_300_IS33423";NA;"2023-09-29 02:01:00";1806250
"865417";"27:10:1";"Exp60_300_IS33423";"Exp60_300_IS33423";NA;"2023-09-29 02:17:00";1806250
"865418";"27:10:1";"Exp60_300_IS33423";"Exp60_300_IS33423";NA;"2023-09-29 02:31:00";1806250
"865419";"27:10:1";"Exp60_300_IS33423";"Exp60_300_IS33423";NA;"2023-09-29 02:47:00";1806250
"865420";"27:10:1";"Exp60_300_IS33423";"Exp60_300_IS33423";NA;"2023-09-29 03:01:00";1806250
"865421";"27:10:1";"Exp60_300_IS33423";"Exp60_300_IS33423";NA;"2023-09-29 03:47:00";1806250
"865422";"27:10:1";"Exp60_300_IS33423";"Exp60_300_IS33423";NA;"2023-09-29 04:01:00";1806250
"865423";"27:10:1";"Exp60_300_IS33423";"Exp60_300_IS33423";NA;"2023-09-29 04:17:00";1806250
"865424";"27:10:1";"Exp60_300_IS33423";"Exp60_300_IS33423";NA;"2023-09-29 04:31:00";1806250
"865425";"27:10:1";"Exp60_300_IS33423";"Exp60_300_IS33423";NA;"2023-09-29 12:31:00";394195
"865426";"27:10:1";"Exp60_300_IS33423";"Exp60_300_IS33423";NA;"2023-09-29 18:46:00";16981,6
"865427";"27:10:1";"Exp60_300_IS33423";"Exp60_300_IS33423";NA;"2023-09-29 19:17:00";16997
"865428";"27:10:1";"Exp60_300_IS33423";"Exp60_300_IS33423";NA;"2023-09-29 19:31:00";17029,7
"865429";"27:10:1";"Exp60_300_IS33423";"Exp60_300_IS33423";NA;"2023-09-29 19:47:00";17040,4
"865430";"27:10:1";"Exp60_300_IS33423";"Exp60_300_IS33423";NA;"2023-09-29 20:01:00";17097,8
"865431";"27:10:1";"Exp60_300_IS33423";"Exp60_300_IS33423";NA;"2023-09-29 20:17:00";17105,5
"865432";"27:10:1";"Exp60_300_IS33423";"Exp60_300_IS33423";NA;"2023-09-29 20:31:00";17126,1
"865433";"27:10:1";"Exp60_300_IS33423";"Exp60_300_IS33423";NA;"2023-09-29 21:02:00";17167,2
"865434";"27:10:1";"Exp60_300_IS33423";"Exp60_300_IS33423";NA;"2023-09-29 21:16:00";17171,8
"865435";"27:10:1";"Exp60_300_IS33423";"Exp60_300_IS33423";NA;"2023-09-29 21:32:00";17254,3
"865436";"27:10:1";"Exp60_300_IS33423";"Exp60_300_IS33423";NA;"2023-09-29 21:46:00";17252,6
"865437";"27:10:1";"Exp60_300_IS33423";"Exp60_300_IS33423";NA;"2023-09-29 22:02:00";17242,5
"865438";"27:10:1";"Exp60_300_IS33423";"Exp60_300_IS33423";NA;"2023-09-29 22:16:00";17236,7
"865439";"27:10:1";"Exp60_300_IS33423";"Exp60_300_IS33423";NA;"2023-09-29 22:32:00";17252,8
"865440";"27:10:1";"Exp60_300_IS33423";"Exp60_300_IS33423";NA;"2023-09-29 22:46:00";17261,9
"865441";"27:10:1";"Exp60_300_IS33423";"Exp60_300_IS33423";NA;"2023-09-29 23:02:00";17277,3
"865442";"27:10:1";"Exp60_300_IS33423";"Exp60_300_IS33423";NA;"2023-09-29 23:16:00";17288,6
"865443";"27:10:1";"Exp60_300_IS33423";"Exp60_300_IS33423";NA;"2023-09-29 23:32:00";17296,6
"865444";"27:10:1";"Exp60_300_IS33423";"Exp60_300_IS33423";NA;"2023-09-29 23:46:00";17271,7
"865445";"27:10:1";"Exp60_300_IS33423";"Exp60_300_IS33423";NA;"2023-09-30 00:02:00";17298,2
"865446";"27:10:1";"Exp60_300_IS33423";"Exp60_300_IS33423";NA;"2023-09-30 00:16:00";17294,3
"865447";"27:10:1";"Exp60_300_IS33423";"Exp60_300_IS33423";NA;"2023-09-30 00:32:00";17280,5
"865448";"27:10:1";"Exp60_300_IS33423";"Exp60_300_IS33423";NA;"2023-09-30 00:46:00";17321,6
"865449";"27:10:1";"Exp60_300_IS33423";"Exp60_300_IS33423";NA;"2023-09-30 01:02:00";17318,4
"865450";"27:10:1";"Exp60_300_IS33423";"Exp60_300_IS33423";NA;"2023-09-30 01:16:00";17337,2
"865451";"27:10:1";"Exp60_300_IS33423";"Exp60_300_IS33423";NA;"2023-09-30 01:32:00";17299,4
"865452";"27:10:1";"Exp60_300_IS33423";"Exp60_300_IS33423";NA;"2023-09-30 01:46:00";17360,1
"865453";"27:10:1";"Exp60_300_IS33423";"Exp60_300_IS33423";NA;"2023-09-30 08:46:00";17275,5
"865454";"27:10:1";"Exp60_300_IS33423";"Exp60_300_IS33423";NA;"2023-09-30 09:02:00";17187,1
"865455";"27:10:1";"Exp60_300_IS33423";"Exp60_300_IS33423";NA;"2023-09-30 09:16:00";17106,2
"865456";"27:10:1";"Exp60_300_IS33423";"Exp60_300_IS33423";NA;"2023-09-30 09:32:00";17039,4
"865457";"27:10:1";"Exp60_300_IS33423";"Exp60_300_IS33423";NA;"2023-09-30 09:46:00";16993,8
"865458";"27:10:1";"Exp60_300_IS33423";"Exp60_300_IS33423";NA;"2023-09-30 10:02:00";16971,2
"865459";"27:10:1";"Exp60_300_IS33423";"Exp60_300_IS33423";NA;"2023-09-30 10:16:00";16952,1
"865460";"27:10:1";"Exp60_300_IS33423";"Exp60_300_IS33423";NA;"2023-09-30 10:32:00";16937,5
"865461";"27:10:1";"Exp60_300_IS33423";"Exp60_300_IS33423";NA;"2023-09-30 10:46:00";16918,7
"865462";"27:10:1";"Exp60_300_IS33423";"Exp60_300_IS33423";NA;"2023-09-30 11:02:00";16829,4
"865463";"27:10:1";"Exp60_300_IS33423";"Exp60_300_IS33423";NA;"2023-09-30 11:16:00";16839,7
"865464";"27:10:1";"Exp60_300_IS33423";"Exp60_300_IS33423";NA;"2023-09-30 11:32:00";16843,7
"865465";"27:10:1";"Exp60_300_IS33423";"Exp60_300_IS33423";NA;"2023-09-30 11:46:00";16796,5
"865466";"27:10:1";"Exp60_300_IS33423";"Exp60_300_IS33423";NA;"2023-09-30 19:01:00";17200,5
"865467";"27:10:1";"Exp60_300_IS33423";"Exp60_300_IS33423";NA;"2023-09-30 19:17:00";17197,3
"865468";"27:10:1";"Exp60_300_IS33423";"Exp60_300_IS33423";NA;"2023-09-30 19:31:00";17220,2
"865469";"27:10:1";"Exp60_300_IS33423";"Exp60_300_IS33423";NA;"2023-09-30 19:47:00";17259,6
"865470";"27:10:1";"Exp60_300_IS33423";"Exp60_300_IS33423";NA;"2023-09-30 20:01:00";17268,7
"865471";"27:10:1";"Exp60_300_IS33423";"Exp60_300_IS33423";NA;"2023-09-30 20:17:00";17262,7
"865472";"27:10:1";"Exp60_300_IS33423";"Exp60_300_IS33423";NA;"2023-09-30 20:31:00";17249,5
"865473";"27:10:1";"Exp60_300_IS33423";"Exp60_300_IS33423";NA;"2023-09-30 20:47:00";17294,6
"865474";"27:10:1";"Exp60_300_IS33423";"Exp60_300_IS33423";NA;"2023-09-30 21:01:00";17287,7
"865475";"27:10:1";"Exp60_300_IS33423";"Exp60_300_IS33423";NA;"2023-09-30 21:32:00";17305,5
"865476";"27:10:1";"Exp60_300_IS33423";"Exp60_300_IS33423";NA;"2023-09-30 21:46:00";17320,3
"865477";"27:10:1";"Exp60_300_IS33423";"Exp60_300_IS33423";NA;"2023-09-30 22:02:00";17308,8
"865478";"27:10:1";"Exp60_300_IS33423";"Exp60_300_IS33423";NA;"2023-09-30 22:16:00";17337,1
"865479";"27:10:1";"Exp60_300_IS33423";"Exp60_300_IS33423";NA;"2023-09-30 22:32:00";17358
"865480";"27:10:1";"Exp60_300_IS33423";"Exp60_300_IS33423";NA;"2023-09-30 22:46:00";17344,8
"865481";"27:10:1";"Exp60_300_IS33423";"Exp60_300_IS33423";NA;"2023-09-30 23:02:00";17365,3
"865482";"27:10:1";"Exp60_300_IS33423";"Exp60_300_IS33423";NA;"2023-09-30 23:16:00";17380,4
"865483";"27:10:1";"Exp60_300_IS33423";"Exp60_300_IS33423";NA;"2023-09-30 23:32:00";17386
"865484";"27:10:1";"Exp60_300_IS33423";"Exp60_300_IS33423";NA;"2023-09-30 23:46:00";17384,7
"865485";"27:10:1";"Exp60_300_IS33423";"Exp60_300_IS33423";NA;"2023-10-01 00:02:00";17381,8
"865486";"27:10:1";"Exp60_300_IS33423";"Exp60_300_IS33423";NA;"2023-10-01 00:16:00";17365,4
"865487";"27:10:1";"Exp60_300_IS33423";"Exp60_300_IS33423";NA;"2023-10-01 00:32:00";17380,2
"865488";"27:10:1";"Exp60_300_IS33423";"Exp60_300_IS33423";NA;"2023-10-01 01:16:00";17388,5
"865489";"27:10:1";"Exp60_300_IS33423";"Exp60_300_IS33423";NA;"2023-10-01 01:32:00";17423,6
"865490";"27:10:1";"Exp60_300_IS33423";"Exp60_300_IS33423";NA;"2023-10-01 01:46:00";17409,1
"865491";"27:10:1";"Exp60_300_IS33423";"Exp60_300_IS33423";NA;"2023-10-01 02:02:00";17403
"865492";"27:10:1";"Exp60_300_IS33423";"Exp60_300_IS33423";NA;"2023-10-01 02:16:00";17435,6
"865493";"27:10:1";"Exp60_300_IS33423";"Exp60_300_IS33423";NA;"2023-10-01 02:32:00";17417,8
"865494";"27:10:1";"Exp60_300_IS33423";"Exp60_300_IS33423";NA;"2023-10-01 02:46:00";17416,9
"865495";"27:10:1";"Exp60_300_IS33423";"Exp60_300_IS33423";NA;"2023-10-01 09:31:00";17184,2
"865496";"27:10:1";"Exp60_300_IS33423";"Exp60_300_IS33423";NA;"2023-10-01 09:47:00";17157,3
"865497";"27:10:1";"Exp60_300_IS33423";"Exp60_300_IS33423";NA;"2023-10-01 10:01:00";17136,2
"865498";"27:10:1";"Exp60_300_IS33423";"Exp60_300_IS33423";NA;"2023-10-01 10:17:00";17084
"865499";"27:10:1";"Exp60_300_IS33423";"Exp60_300_IS33423";NA;"2023-10-01 10:31:00";16996
"865500";"27:10:1";"Exp60_300_IS33423";"Exp60_300_IS33423";NA;"2023-10-01 10:47:00";16969,3
"865501";"27:10:1";"Exp60_300_IS33423";"Exp60_300_IS33423";NA;"2023-10-01 11:01:00";16968,9
"865502";"27:10:1";"Exp60_300_IS33423";"Exp60_300_IS33423";NA;"2023-10-01 17:46:00";17110,1
"865503";"27:10:1";"Exp60_300_IS33423";"Exp60_300_IS33423";NA;"2023-10-01 18:02:00";17133,5
"865504";"27:10:1";"Exp60_300_IS33423";"Exp60_300_IS33423";NA;"2023-10-01 18:16:00";17150,4
"865505";"27:10:1";"Exp60_300_IS33423";"Exp60_300_IS33423";NA;"2023-10-01 18:32:00";17157,8
"865506";"27:10:1";"Exp60_300_IS33423";"Exp60_300_IS33423";NA;"2023-10-01 18:46:00";17166
"865507";"27:10:1";"Exp60_300_IS33423";"Exp60_300_IS33423";NA;"2023-10-01 19:02:00";17171,2
"865508";"27:10:1";"Exp60_300_IS33423";"Exp60_300_IS33423";NA;"2023-10-01 19:16:00";17206,9
"865509";"27:10:1";"Exp60_300_IS33423";"Exp60_300_IS33423";NA;"2023-10-01 19:32:00";17220
"865510";"27:10:1";"Exp60_300_IS33423";"Exp60_300_IS33423";NA;"2023-10-01 19:46:00";17249,4
"865511";"27:10:1";"Exp60_300_IS33423";"Exp60_300_IS33423";NA;"2023-10-01 20:02:00";17226,6
"865512";"27:10:1";"Exp60_300_IS33423";"Exp60_300_IS33423";NA;"2023-10-01 20:16:00";17264,7
"865513";"27:10:1";"Exp60_300_IS33423";"Exp60_300_IS33423";NA;"2023-10-01 20:32:00";17258,8
"865514";"27:10:1";"Exp60_300_IS33423";"Exp60_300_IS33423";NA;"2023-10-01 20:46:00";17265,2
"865515";"27:10:1";"Exp60_300_IS33423";"Exp60_300_IS33423";NA;"2023-10-01 21:02:00";17306,1
"865516";"27:10:1";"Exp60_300_IS33423";"Exp60_300_IS33423";NA;"2023-10-01 21:16:00";17306,7
"865517";"27:10:1";"Exp60_300_IS33423";"Exp60_300_IS33423";NA;"2023-10-01 21:32:00";17317,6
"865518";"27:10:1";"Exp60_300_IS33423";"Exp60_300_IS33423";NA;"2023-10-01 21:46:00";17305,8
"865519";"27:10:1";"Exp60_300_IS33423";"Exp60_300_IS33423";NA;"2023-10-01 22:02:00";17335
"865520";"27:10:1";"Exp60_300_IS33423";"Exp60_300_IS33423";NA;"2023-10-01 22:16:00";17328
"865521";"27:10:1";"Exp60_300_IS33423";"Exp60_300_IS33423";NA;"2023-10-01 22:32:00";17346,9
"865522";"27:10:1";"Exp60_300_IS33423";"Exp60_300_IS33423";NA;"2023-10-01 22:46:00";17340,1
"865523";"27:10:1";"Exp60_300_IS33423";"Exp60_300_IS33423";NA;"2023-10-01 23:17:00";17356,9
"865524";"27:10:1";"Exp60_300_IS33423";"Exp60_300_IS33423";NA;"2023-10-01 23:31:00";17327,3
"865525";"27:10:1";"Exp60_300_IS33423";"Exp60_300_IS33423";NA;"2023-10-02 07:01:00";17464,2
"865526";"27:10:1";"Exp60_300_IS33423";"Exp60_300_IS33423";NA;"2023-10-02 07:17:00";17423,4
"865527";"27:10:1";"Exp60_300_IS33423";"Exp60_300_IS33423";NA;"2023-10-02 07:31:00";17406,9
"865528";"27:10:1";"Exp60_300_IS33423";"Exp60_300_IS33423";NA;"2023-10-02 07:47:00";17381,8
"865529";"27:10:1";"Exp60_300_IS33423";"Exp60_300_IS33423";NA;"2023-10-02 08:01:00";17331,5
"865530";"27:10:1";"Exp60_300_IS33423";"Exp60_300_IS33423";NA;"2023-10-02 08:17:00";17332
"865531";"27:10:1";"Exp60_300_IS33423";"Exp60_300_IS33423";NA;"2023-10-02 08:31:00";17329,2
"865532";"27:10:1";"Exp60_300_IS33423";"Exp60_300_IS33423";NA;"2023-10-02 08:47:00";17298
"865533";"27:10:1";"Exp60_300_IS33423";"Exp60_300_IS33423";NA;"2023-10-02 09:01:00";17226,2
"865534";"27:10:1";"Exp60_300_IS33423";"Exp60_300_IS33423";NA;"2023-10-02 09:17:00";17206,2
"865535";"27:10:1";"Exp60_300_IS33423";"Exp60_300_IS33423";NA;"2023-10-02 09:31:00";17194
"865536";"27:10:1";"Exp60_300_IS33423";"Exp60_300_IS33423";NA;"2023-10-02 09:47:00";17198,6
"865537";"27:10:1";"Exp60_300_IS33423";"Exp60_300_IS33423";NA;"2023-10-02 10:01:00";17172,6
"865538";"27:10:1";"Exp60_300_IS33423";"Exp60_300_IS33423";NA;"2023-10-02 10:32:00";17159,8
"865539";"27:10:1";"Exp60_300_IS33423";"Exp60_300_IS33423";NA;"2023-10-02 10:46:00";17172,5
"865540";"27:10:1";"Exp60_300_IS33423";"Exp60_300_IS33423";NA;"2023-10-02 11:17:00";17104,2
"865541";"27:10:1";"Exp60_300_IS33423";"Exp60_300_IS33423";NA;"2023-10-02 11:31:00";17080
"865542";"27:10:1";"Exp60_300_IS33423";"Exp60_300_IS33423";NA;"2023-10-02 11:47:00";17016,8
"865543";"27:10:1";"Exp60_300_IS33423";"Exp60_300_IS33423";NA;"2023-10-02 12:01:00";16991
"865544";"27:10:1";"Exp60_300_IS33423";"Exp60_300_IS33423";NA;"2023-10-02 12:17:00";16964,3
"865545";"27:10:1";"Exp60_300_IS33423";"Exp60_300_IS33423";NA;"2023-10-02 12:31:00";16919,2
"865546";"27:10:1";"Exp60_300_IS33423";"Exp60_300_IS33423";NA;"2023-10-02 12:47:00";16903,3
"865547";"27:10:1";"Exp60_300_IS33423";"Exp60_300_IS33423";NA;"2023-10-02 13:01:00";16864,2
"865548";"27:10:1";"Exp60_300_IS33423";"Exp60_300_IS33423";NA;"2023-10-02 13:17:00";16839,4
"865549";"27:10:1";"Exp60_300_IS33423";"Exp60_300_IS33423";NA;"2023-10-02 13:31:00";16830,8
"865550";"27:10:1";"Exp60_300_IS33423";"Exp60_300_IS33423";NA;"2023-10-02 13:47:00";16811
"865551";"27:10:1";"Exp60_300_IS33423";"Exp60_300_IS33423";NA;"2023-10-02 14:01:00";16793,3
"865552";"27:10:1";"Exp60_300_IS33423";"Exp60_300_IS33423";NA;"2023-10-02 14:17:00";16836,5
"865553";"27:10:1";"Exp60_300_IS33423";"Exp60_300_IS33423";NA;"2023-10-02 14:31:00";16825,4
"865554";"27:10:1";"Exp60_300_IS33423";"Exp60_300_IS33423";NA;"2023-10-02 14:47:00";16821,5
"865555";"27:10:1";"Exp60_300_IS33423";"Exp60_300_IS33423";NA;"2023-10-02 15:01:00";16837,7
"865556";"27:10:1";"Exp60_300_IS33423";"Exp60_300_IS33423";NA;"2023-10-02 15:32:00";16903,1
"865557";"27:10:1";"Exp60_300_IS33423";"Exp60_300_IS33423";NA;"2023-10-02 15:46:00";16912,3
"865558";"27:10:1";"Exp60_300_IS33423";"Exp60_300_IS33423";NA;"2023-10-02 16:02:00";16935,7
"865559";"27:10:1";"Exp60_300_IS33423";"Exp60_300_IS33423";NA;"2023-10-02 16:16:00";16950,2
"865560";"27:10:1";"Exp60_300_IS33423";"Exp60_300_IS33423";NA;"2023-10-02 23:01:00";17314,1
"865561";"27:10:1";"Exp60_300_IS33423";"Exp60_300_IS33423";NA;"2023-10-02 23:17:00";17313,5
"865562";"27:10:1";"Exp60_300_IS33423";"Exp60_300_IS33423";NA;"2023-10-02 23:31:00";17323,7
"865563";"27:10:1";"Exp60_300_IS33423";"Exp60_300_IS33423";NA;"2023-10-02 23:47:00";17318,6
"865564";"27:10:1";"Exp60_300_IS33423";"Exp60_300_IS33423";NA;"2023-10-03 00:01:00";17349
"865565";"27:10:1";"Exp60_300_IS33423";"Exp60_300_IS33423";NA;"2023-10-03 00:17:00";17340,9
"865566";"27:10:1";"Exp60_300_IS33423";"Exp60_300_IS33423";NA;"2023-10-03 00:31:00";17329,5
"865567";"27:10:1";"Exp60_300_IS33423";"Exp60_300_IS33423";NA;"2023-10-03 00:47:00";17319
"865568";"27:10:1";"Exp60_300_IS33423";"Exp60_300_IS33423";NA;"2023-10-03 01:01:00";17347,8
"865569";"27:10:1";"Exp60_300_IS33423";"Exp60_300_IS33423";NA;"2023-10-03 01:17:00";17355,6
"865570";"27:10:1";"Exp60_300_IS33423";"Exp60_300_IS33423";NA;"2023-10-03 01:31:00";17341,5
"865571";"27:10:1";"Exp60_300_IS33423";"Exp60_300_IS33423";NA;"2023-10-03 01:47:00";17342,5
"865572";"27:10:1";"Exp60_300_IS33423";"Exp60_300_IS33423";NA;"2023-10-03 02:01:00";17345
"865573";"27:10:1";"Exp60_300_IS33423";"Exp60_300_IS33423";NA;"2023-10-03 02:17:00";17357,4
"865574";"27:10:1";"Exp60_300_IS33423";"Exp60_300_IS33423";NA;"2023-10-03 02:31:00";17337
"865575";"27:10:1";"Exp60_300_IS33423";"Exp60_300_IS33423";NA;"2023-10-03 03:47:00";17360,5
"865576";"27:10:1";"Exp60_300_IS33423";"Exp60_300_IS33423";NA;"2023-10-03 04:01:00";17383,6
"865577";"27:10:1";"Exp60_300_IS33423";"Exp60_300_IS33423";NA;"2023-10-03 04:17:00";17364,2
"865578";"27:10:1";"Exp60_300_IS33423";"Exp60_300_IS33423";NA;"2023-10-03 04:31:00";17372,2
"865579";"27:10:1";"Exp60_300_IS33423";"Exp60_300_IS33423";NA;"2023-10-03 04:47:00";17363,6
"865580";"27:10:1";"Exp60_300_IS33423";"Exp60_300_IS33423";NA;"2023-10-03 05:01:00";17394,3
"865581";"27:10:1";"Exp60_300_IS33423";"Exp60_300_IS33423";NA;"2023-10-03 05:17:00";17388,1
"865582";"27:10:1";"Exp60_300_IS33423";"Exp60_300_IS33423";NA;"2023-10-03 06:01:00";17396,2
"865583";"27:10:1";"Exp60_300_IS33423";"Exp60_300_IS33423";NA;"2023-10-03 06:17:00";17421,3
"865584";"27:10:1";"Exp60_300_IS33423";"Exp60_300_IS33423";NA;"2023-10-03 06:31:00";17421,8
"865585";"27:10:1";"Exp60_300_IS33423";"Exp60_300_IS33423";NA;"2023-10-03 06:47:00";17404,8
"865586";"27:10:1";"Exp60_300_IS33423";"Exp60_300_IS33423";NA;"2023-10-03 07:01:00";17382,9
"865587";"27:10:1";"Exp60_300_IS33423";"Exp60_300_IS33423";NA;"2023-10-03 07:17:00";17411,5
"865588";"27:10:1";"Exp60_300_IS33423";"Exp60_300_IS33423";NA;"2023-10-03 07:31:00";17392
"865589";"27:10:1";"Exp60_300_IS33423";"Exp60_300_IS33423";NA;"2023-10-03 08:02:00";17350,2
"865590";"27:10:1";"Exp60_300_IS33423";"Exp60_300_IS33423";NA;"2023-10-03 08:16:00";17281,7
"865591";"27:10:1";"Exp60_300_IS33423";"Exp60_300_IS33423";NA;"2023-10-03 08:32:00";17285,6
"865592";"27:10:1";"Exp60_300_IS33423";"Exp60_300_IS33423";NA;"2023-10-03 08:46:00";17243,8
"865593";"27:10:1";"Exp60_300_IS33423";"Exp60_300_IS33423";NA;"2023-10-03 15:16:00";0
"865594";"27:10:1";"Exp60_300_IS33423";"Exp60_300_IS33423";NA;"2023-10-03 21:16:00";0
"865595";"27:10:1";"Exp60_300_IS33423";"Exp60_300_IS33423";NA;"2023-10-03 22:02:00";0
"865596";"27:10:1";"Exp60_300_IS33423";"Exp60_300_IS33423";NA;"2023-10-03 22:16:00";0
"865597";"27:10:1";"Exp60_300_IS33423";"Exp60_300_IS33423";NA;"2023-10-03 22:32:00";0
"865598";"27:10:1";"Exp60_300_IS33423";"Exp60_300_IS33423";NA;"2023-10-03 22:46:00";0
"865599";"27:10:1";"Exp60_300_IS33423";"Exp60_300_IS33423";NA;"2023-10-03 23:17:00";0
"865600";"27:10:1";"Exp60_300_IS33423";"Exp60_300_IS33423";NA;"2023-10-03 23:31:00";0
"865601";"27:10:1";"Exp60_300_IS33423";"Exp60_300_IS33423";NA;"2023-10-03 23:47:00";0
"865602";"27:10:1";"Exp60_300_IS33423";"Exp60_300_IS33423";NA;"2023-10-04 00:16:00";0
"865603";"27:10:1";"Exp60_300_IS33423";"Exp60_300_IS33423";NA;"2023-10-04 00:32:00";0
"865604";"27:10:1";"Exp60_300_IS33423";"Exp60_300_IS33423";NA;"2023-10-04 00:46:00";0
"865605";"27:10:1";"Exp60_300_IS33423";"Exp60_300_IS33423";NA;"2023-10-04 01:02:00";0
"865606";"27:10:1";"Exp60_300_IS33423";"Exp60_300_IS33423";NA;"2023-10-04 01:16:00";0
"865607";"27:10:1";"Exp60_300_IS33423";"Exp60_300_IS33423";NA;"2023-10-04 01:32:00";0
"865608";"27:10:1";"Exp60_300_IS33423";"Exp60_300_IS33423";NA;"2023-10-04 01:46:00";0
"865609";"27:10:1";"Exp60_300_IS33423";"Exp60_300_IS33423";NA;"2023-10-04 02:02:00";0
"865610";"27:10:1";"Exp60_300_IS33423";"Exp60_300_IS33423";NA;"2023-10-04 02:16:00";0
"865611";"27:10:1";"Exp60_300_IS33423";"Exp60_300_IS33423";NA;"2023-10-04 02:32:00";0
"865612";"27:10:1";"Exp60_300_IS33423";"Exp60_300_IS33423";NA;"2023-10-04 02:46:00";0
"865613";"27:10:1";"Exp60_300_IS33423";"Exp60_300_IS33423";NA;"2023-10-04 03:17:00";0
"865614";"27:10:1";"Exp60_300_IS33423";"Exp60_300_IS33423";NA;"2023-10-04 03:31:00";0
"865615";"27:10:1";"Exp60_300_IS33423";"Exp60_300_IS33423";NA;"2023-10-04 03:47:00";0
"865616";"27:10:1";"Exp60_300_IS33423";"Exp60_300_IS33423";NA;"2023-10-04 04:01:00";0
"865617";"27:10:1";"Exp60_300_IS33423";"Exp60_300_IS33423";NA;"2023-10-04 04:32:00";0
"865618";"27:10:1";"Exp60_300_IS33423";"Exp60_300_IS33423";NA;"2023-10-04 04:46:00";0
"865619";"27:10:1";"Exp60_300_IS33423";"Exp60_300_IS33423";NA;"2023-10-04 05:02:00";0
"865620";"27:10:1";"Exp60_300_IS33423";"Exp60_300_IS33423";NA;"2023-10-04 05:16:00";0
"865621";"27:10:1";"Exp60_300_IS33423";"Exp60_300_IS33423";NA;"2023-10-04 05:32:00";0
"865622";"27:10:1";"Exp60_300_IS33423";"Exp60_300_IS33423";NA;"2023-10-04 05:46:00";0
"865623";"27:10:1";"Exp60_300_IS33423";"Exp60_300_IS33423";NA;"2023-10-04 06:32:00";0
"865624";"27:10:1";"Exp60_300_IS33423";"Exp60_300_IS33423";NA;"2023-10-04 06:46:00";0
"865625";"27:10:1";"Exp60_300_IS33423";"Exp60_300_IS33423";NA;"2023-10-04 07:17:00";0
"865626";"27:10:1";"Exp60_300_IS33423";"Exp60_300_IS33423";NA;"2023-10-04 07:31:00";0
"865627";"27:10:1";"Exp60_300_IS33423";"Exp60_300_IS33423";NA;"2023-10-04 07:47:00";0
"865628";"27:10:1";"Exp60_300_IS33423";"Exp60_300_IS33423";NA;"2023-10-04 08:01:00";0
"865629";"27:10:1";"Exp60_300_IS33423";"Exp60_300_IS33423";NA;"2023-10-04 08:17:00";0
"865630";"27:10:1";"Exp60_300_IS33423";"Exp60_300_IS33423";NA;"2023-10-04 08:31:00";0
"865631";"27:10:1";"Exp60_300_IS33423";"Exp60_300_IS33423";NA;"2023-10-04 08:47:00";0
"865632";"27:10:1";"Exp60_300_IS33423";"Exp60_300_IS33423";NA;"2023-10-04 09:01:00";0
"865633";"27:10:1";"Exp60_300_IS33423";"Exp60_300_IS33423";NA;"2023-10-04 09:17:00";0
"865634";"27:10:1";"Exp60_300_IS33423";"Exp60_300_IS33423";NA;"2023-10-04 09:31:00";0
"865635";"27:10:1";"Exp60_300_IS33423";"Exp60_300_IS33423";NA;"2023-10-04 09:47:00";0
"865636";"27:10:1";"Exp60_300_IS33423";"Exp60_300_IS33423";NA;"2023-10-04 10:01:00";0
"865637";"27:10:1";"Exp60_300_IS33423";"Exp60_300_IS33423";NA;"2023-10-04 10:17:00";0
"865638";"27:10:1";"Exp60_300_IS33423";"Exp60_300_IS33423";NA;"2023-10-04 10:31:00";0
"865639";"27:10:1";"Exp60_300_IS33423";"Exp60_300_IS33423";NA;"2023-10-04 10:47:00";0
"865640";"27:10:1";"Exp60_300_IS33423";"Exp60_300_IS33423";NA;"2023-10-04 11:01:00";0
"865641";"27:10:1";"Exp60_300_IS33423";"Exp60_300_IS33423";NA;"2023-10-04 11:17:00";0
"865642";"27:10:1";"Exp60_300_IS33423";"Exp60_300_IS33423";NA;"2023-10-04 11:31:00";0
"865643";"27:10:1";"Exp60_300_IS33423";"Exp60_300_IS33423";NA;"2023-10-04 11:47:00";0
"865644";"27:10:1";"Exp60_300_IS33423";"Exp60_300_IS33423";NA;"2023-10-04 12:01:00";0
"865645";"27:10:1";"Exp60_300_IS33423";"Exp60_300_IS33423";NA;"2023-10-04 12:32:00";0
"865646";"27:10:1";"Exp60_300_IS33423";"Exp60_300_IS33423";NA;"2023-10-04 12:46:00";0
"865647";"27:10:1";"Exp60_300_IS33423";"Exp60_300_IS33423";NA;"2023-10-04 13:02:00";0
"865648";"27:10:1";"Exp60_300_IS33423";"Exp60_300_IS33423";NA;"2023-10-04 13:16:00";0
"865649";"27:10:1";"Exp60_300_IS33423";"Exp60_300_IS33423";NA;"2023-10-04 13:32:00";0
"865650";"27:10:1";"Exp60_300_IS33423";"Exp60_300_IS33423";NA;"2023-10-04 13:46:00";0
"865651";"27:10:1";"Exp60_300_IS33423";"Exp60_300_IS33423";NA;"2023-10-04 21:01:00";0
"865652";"27:10:1";"Exp60_300_IS33423";"Exp60_300_IS33423";NA;"2023-10-05 03:31:00";0
"865653";"27:10:1";"Exp60_300_IS33423";"Exp60_300_IS33423";NA;"2023-10-05 03:47:00";0
"865654";"27:10:1";"Exp60_300_IS33423";"Exp60_300_IS33423";NA;"2023-10-05 04:01:00";0
"865655";"27:10:1";"Exp60_300_IS33423";"Exp60_300_IS33423";NA;"2023-10-05 04:17:00";0
"865656";"27:10:1";"Exp60_300_IS33423";"Exp60_300_IS33423";NA;"2023-10-05 04:31:00";0
"865657";"27:10:1";"Exp60_300_IS33423";"Exp60_300_IS33423";NA;"2023-10-05 04:47:00";0
"865658";"27:10:1";"Exp60_300_IS33423";"Exp60_300_IS33423";NA;"2023-10-05 05:01:00";0
"865659";"27:10:1";"Exp60_300_IS33423";"Exp60_300_IS33423";NA;"2023-10-05 05:17:00";0
"865660";"27:10:1";"Exp60_300_IS33423";"Exp60_300_IS33423";NA;"2023-10-05 05:31:00";0
"865661";"27:10:1";"Exp60_300_IS33423";"Exp60_300_IS33423";NA;"2023-10-05 05:47:00";0
"865662";"27:10:1";"Exp60_300_IS33423";"Exp60_300_IS33423";NA;"2023-10-05 06:01:00";0
"865663";"27:10:1";"Exp60_300_IS33423";"Exp60_300_IS33423";NA;"2023-10-05 06:17:00";0
"865664";"27:10:1";"Exp60_300_IS33423";"Exp60_300_IS33423";NA;"2023-10-05 06:31:00";0
"865665";"27:10:1";"Exp60_300_IS33423";"Exp60_300_IS33423";NA;"2023-10-05 06:47:00";0
"865666";"27:10:1";"Exp60_300_IS33423";"Exp60_300_IS33423";NA;"2023-10-05 07:01:00";0
"865667";"27:10:1";"Exp60_300_IS33423";"Exp60_300_IS33423";NA;"2023-10-05 07:17:00";0
"865668";"27:10:1";"Exp60_300_IS33423";"Exp60_300_IS33423";NA;"2023-10-05 07:31:00";0
"865669";"27:10:1";"Exp60_300_IS33423";"Exp60_300_IS33423";NA;"2023-10-05 07:47:00";0
"865670";"27:10:1";"Exp60_300_IS33423";"Exp60_300_IS33423";NA;"2023-10-05 08:01:00";0
"865671";"27:10:1";"Exp60_300_IS33423";"Exp60_300_IS33423";NA;"2023-10-05 08:17:00";0
"865672";"27:10:1";"Exp60_300_IS33423";"Exp60_300_IS33423";NA;"2023-10-05 08:31:00";0
"865673";"27:10:1";"Exp60_300_IS33423";"Exp60_300_IS33423";NA;"2023-10-05 08:47:00";0
"865674";"27:10:1";"Exp60_300_IS33423";"Exp60_300_IS33423";NA;"2023-10-05 09:01:00";0
"865675";"27:10:1";"Exp60_300_IS33423";"Exp60_300_IS33423";NA;"2023-10-05 09:17:00";0
"865676";"27:10:1";"Exp60_300_IS33423";"Exp60_300_IS33423";NA;"2023-10-05 09:31:00";0
"865677";"27:10:1";"Exp60_300_IS33423";"Exp60_300_IS33423";NA;"2023-10-05 09:47:00";0
"865678";"27:10:1";"Exp60_300_IS33423";"Exp60_300_IS33423";NA;"2023-10-05 10:01:00";0
"865679";"27:10:1";"Exp60_300_IS33423";"Exp60_300_IS33423";NA;"2023-10-05 10:17:00";0
"865680";"27:10:1";"Exp60_300_IS33423";"Exp60_300_IS33423";NA;"2023-10-05 10:31:00";0
"865681";"27:10:1";"Exp60_300_IS33423";"Exp60_300_IS33423";NA;"2023-10-05 10:47:00";0
"865682";"27:10:1";"Exp60_300_IS33423";"Exp60_300_IS33423";NA;"2023-10-05 11:01:00";0
"865683";"27:10:1";"Exp60_300_IS33423";"Exp60_300_IS33423";NA;"2023-10-05 11:17:00";0
"865684";"27:10:1";"Exp60_300_IS33423";"Exp60_300_IS33423";NA;"2023-10-05 11:31:00";0
"865685";"27:10:1";"Exp60_300_IS33423";"Exp60_300_IS33423";NA;"2023-10-05 11:47:00";0
"865686";"27:10:1";"Exp60_300_IS33423";"Exp60_300_IS33423";NA;"2023-10-05 12:01:00";0
"865687";"27:10:1";"Exp60_300_IS33423";"Exp60_300_IS33423";NA;"2023-10-05 18:01:00";0
"865688";"27:10:1";"Exp60_300_IS33423";"Exp60_300_IS33423";NA;"2023-10-05 18:17:00";0
"865689";"27:10:1";"Exp60_300_IS33423";"Exp60_300_IS33423";NA;"2023-10-05 18:31:00";0
"865690";"27:10:1";"Exp60_300_IS33423";"Exp60_300_IS33423";NA;"2023-10-06 00:31:00";0
"865691";"27:10:1";"Exp60_300_IS33423";"Exp60_300_IS33423";NA;"2023-10-06 00:47:00";0
"865692";"27:10:1";"Exp60_300_IS33423";"Exp60_300_IS33423";NA;"2023-10-06 01:01:00";0
"865693";"27:10:1";"Exp60_300_IS33423";"Exp60_300_IS33423";NA;"2023-10-06 01:17:00";0
"865694";"27:10:1";"Exp60_300_IS33423";"Exp60_300_IS33423";NA;"2023-10-06 01:31:00";0
"865695";"27:10:1";"Exp60_300_IS33423";"Exp60_300_IS33423";NA;"2023-10-06 01:47:00";0
"865696";"27:10:1";"Exp60_300_IS33423";"Exp60_300_IS33423";NA;"2023-10-06 02:01:00";0
"865697";"27:10:1";"Exp60_300_IS33423";"Exp60_300_IS33423";NA;"2023-10-06 02:17:00";0
"865698";"27:10:1";"Exp60_300_IS33423";"Exp60_300_IS33423";NA;"2023-10-06 02:31:00";0
"865699";"27:10:1";"Exp60_300_IS33423";"Exp60_300_IS33423";NA;"2023-10-06 02:47:00";0
"865700";"27:10:1";"Exp60_300_IS33423";"Exp60_300_IS33423";NA;"2023-10-06 03:16:00";0
"865701";"27:10:1";"Exp60_300_IS33423";"Exp60_300_IS33423";NA;"2023-10-06 03:32:00";0
"865702";"27:10:1";"Exp60_300_IS33423";"Exp60_300_IS33423";NA;"2023-10-06 03:46:00";0
"865703";"27:10:1";"Exp60_300_IS33423";"Exp60_300_IS33423";NA;"2023-10-06 10:46:00";0
"865704";"27:10:1";"Exp60_300_IS33423";"Exp60_300_IS33423";NA;"2023-10-06 11:02:00";0
"865705";"27:10:1";"Exp60_300_IS33423";"Exp60_300_IS33423";NA;"2023-10-06 11:16:00";0
"865706";"27:10:1";"Exp60_300_IS33423";"Exp60_300_IS33423";NA;"2023-10-06 11:47:00";0
"865707";"27:10:1";"Exp60_300_IS33423";"Exp60_300_IS33423";NA;"2023-10-06 12:01:00";0
"865708";"27:10:1";"Exp60_300_IS33423";"Exp60_300_IS33423";NA;"2023-10-06 20:01:00";0
"865709";"27:10:1";"Exp60_300_IS33423";"Exp60_300_IS33423";NA;"2023-10-06 20:17:00";0
"865710";"27:10:1";"Exp60_300_IS33423";"Exp60_300_IS33423";NA;"2023-10-06 20:31:00";0
"865711";"27:10:1";"Exp60_300_IS33423";"Exp60_300_IS33423";NA;"2023-10-07 03:01:00";0
"865712";"27:10:1";"Exp60_300_IS33423";"Exp60_300_IS33423";NA;"2023-10-07 03:17:00";0
"865713";"27:10:1";"Exp60_300_IS33423";"Exp60_300_IS33423";NA;"2023-10-07 03:31:00";0
"865714";"27:10:1";"Exp60_300_IS33423";"Exp60_300_IS33423";NA;"2023-10-07 03:47:00";0
"865715";"27:10:1";"Exp60_300_IS33423";"Exp60_300_IS33423";NA;"2023-10-07 04:01:00";0
"865716";"27:10:1";"Exp60_300_IS33423";"Exp60_300_IS33423";NA;"2023-10-07 11:01:00";0
"865717";"27:10:1";"Exp60_300_IS33423";"Exp60_300_IS33423";NA;"2023-10-07 11:17:00";0
"865718";"27:10:1";"Exp60_300_IS33423";"Exp60_300_IS33423";NA;"2023-10-07 11:31:00";0
"865719";"27:10:1";"Exp60_300_IS33423";"Exp60_300_IS33423";NA;"2023-10-07 11:47:00";0
"865720";"27:10:1";"Exp60_300_IS33423";"Exp60_300_IS33423";NA;"2023-10-07 12:01:00";0
"865721";"27:10:1";"Exp60_300_IS33423";"Exp60_300_IS33423";NA;"2023-10-07 12:47:00";0
"865722";"27:10:1";"Exp60_300_IS33423";"Exp60_300_IS33423";NA;"2023-10-07 13:01:00";0
"865723";"27:10:1";"Exp60_300_IS33423";"Exp60_300_IS33423";NA;"2023-10-07 13:17:00";0
"865724";"27:10:1";"Exp60_300_IS33423";"Exp60_300_IS33423";NA;"2023-10-07 13:31:00";0
"865725";"27:10:1";"Exp60_300_IS33423";"Exp60_300_IS33423";NA;"2023-10-07 13:47:00";0
"865726";"27:10:1";"Exp60_300_IS33423";"Exp60_300_IS33423";NA;"2023-10-07 14:01:00";0
"865727";"27:10:1";"Exp60_300_IS33423";"Exp60_300_IS33423";NA;"2023-10-07 14:17:00";0
"865728";"27:10:1";"Exp60_300_IS33423";"Exp60_300_IS33423";NA;"2023-10-07 14:31:00";0
"865729";"27:10:1";"Exp60_300_IS33423";"Exp60_300_IS33423";NA;"2023-10-07 20:46:00";0
"865730";"27:10:1";"Exp60_300_IS33423";"Exp60_300_IS33423";NA;"2023-10-07 21:02:00";0
"865731";"27:10:1";"Exp60_300_IS33423";"Exp60_300_IS33423";NA;"2023-10-07 21:16:00";0
"865732";"27:10:1";"Exp60_300_IS33423";"Exp60_300_IS33423";NA;"2023-10-07 21:32:00";0
"865733";"27:10:1";"Exp60_300_IS33423";"Exp60_300_IS33423";NA;"2023-10-07 21:46:00";0
"865734";"27:10:1";"Exp60_300_IS33423";"Exp60_300_IS33423";NA;"2023-10-07 22:02:00";0
"865735";"27:10:1";"Exp60_300_IS33423";"Exp60_300_IS33423";NA;"2023-10-07 22:16:00";0
"865736";"27:10:1";"Exp60_300_IS33423";"Exp60_300_IS33423";NA;"2023-10-07 22:32:00";0
"865737";"27:10:1";"Exp60_300_IS33423";"Exp60_300_IS33423";NA;"2023-10-07 22:46:00";0
"865738";"27:10:1";"Exp60_300_IS33423";"Exp60_300_IS33423";NA;"2023-10-07 23:02:00";0
"865739";"27:10:1";"Exp60_300_IS33423";"Exp60_300_IS33423";NA;"2023-10-07 23:16:00";0
"865740";"27:10:1";"Exp60_300_IS33423";"Exp60_300_IS33423";NA;"2023-10-07 23:32:00";0
"865741";"27:10:1";"Exp60_300_IS33423";"Exp60_300_IS33423";NA;"2023-10-07 23:46:00";0
"865742";"27:10:1";"Exp60_300_IS33423";"Exp60_300_IS33423";NA;"2023-10-08 00:02:00";0
"865743";"27:10:1";"Exp60_300_IS33423";"Exp60_300_IS33423";NA;"2023-10-08 00:16:00";0
"865744";"27:10:1";"Exp60_300_IS33423";"Exp60_300_IS33423";NA;"2023-10-08 00:32:00";0
"865745";"27:10:1";"Exp60_300_IS33423";"Exp60_300_IS33423";NA;"2023-10-08 00:46:00";0
"865746";"27:10:1";"Exp60_300_IS33423";"Exp60_300_IS33423";NA;"2023-10-08 01:02:00";0
"865747";"27:10:1";"Exp60_300_IS33423";"Exp60_300_IS33423";NA;"2023-10-08 01:16:00";0
"865748";"27:10:1";"Exp60_300_IS33423";"Exp60_300_IS33423";NA;"2023-10-08 01:32:00";0
"865749";"27:10:1";"Exp60_300_IS33423";"Exp60_300_IS33423";NA;"2023-10-08 01:46:00";0
"865750";"27:10:1";"Exp60_300_IS33423";"Exp60_300_IS33423";NA;"2023-10-08 02:02:00";0
"865751";"27:10:1";"Exp60_300_IS33423";"Exp60_300_IS33423";NA;"2023-10-08 02:16:00";0
"865752";"27:10:1";"Exp60_300_IS33423";"Exp60_300_IS33423";NA;"2023-10-08 02:32:00";0
"865753";"27:10:1";"Exp60_300_IS33423";"Exp60_300_IS33423";NA;"2023-10-08 02:46:00";0
"865754";"27:10:1";"Exp60_300_IS33423";"Exp60_300_IS33423";NA;"2023-10-08 03:02:00";0
"865755";"27:10:1";"Exp60_300_IS33423";"Exp60_300_IS33423";NA;"2023-10-08 03:16:00";0
"865756";"27:10:1";"Exp60_300_IS33423";"Exp60_300_IS33423";NA;"2023-10-08 03:32:00";0
"865757";"27:10:1";"Exp60_300_IS33423";"Exp60_300_IS33423";NA;"2023-10-08 03:46:00";0
"865758";"27:10:1";"Exp60_300_IS33423";"Exp60_300_IS33423";NA;"2023-10-08 04:02:00";0
"865759";"27:10:1";"Exp60_300_IS33423";"Exp60_300_IS33423";NA;"2023-10-08 04:16:00";0
"865760";"27:10:1";"Exp60_300_IS33423";"Exp60_300_IS33423";NA;"2023-10-08 04:32:00";0
"865761";"27:10:1";"Exp60_300_IS33423";"Exp60_300_IS33423";NA;"2023-10-08 04:46:00";0
"865762";"27:10:1";"Exp60_300_IS33423";"Exp60_300_IS33423";NA;"2023-10-08 05:02:00";0
"865763";"27:10:1";"Exp60_300_IS33423";"Exp60_300_IS33423";NA;"2023-10-08 05:16:00";0
"865764";"27:10:1";"Exp60_300_IS33423";"Exp60_300_IS33423";NA;"2023-10-08 05:32:00";0
"865765";"27:10:1";"Exp60_300_IS33423";"Exp60_300_IS33423";NA;"2023-10-08 05:46:00";0
"865766";"27:10:1";"Exp60_300_IS33423";"Exp60_300_IS33423";NA;"2023-10-08 06:02:00";0
"865767";"27:10:1";"Exp60_300_IS33423";"Exp60_300_IS33423";NA;"2023-10-08 06:16:00";0
"865768";"27:10:1";"Exp60_300_IS33423";"Exp60_300_IS33423";NA;"2023-10-08 06:32:00";0
"865769";"27:10:1";"Exp60_300_IS33423";"Exp60_300_IS33423";NA;"2023-10-08 06:46:00";0
"865770";"27:10:1";"Exp60_300_IS33423";"Exp60_300_IS33423";NA;"2023-10-08 07:02:00";0
"865771";"27:10:1";"Exp60_300_IS33423";"Exp60_300_IS33423";NA;"2023-10-08 07:16:00";0
"865772";"27:10:1";"Exp60_300_IS33423";"Exp60_300_IS33423";NA;"2023-10-08 07:32:00";0
"865773";"27:10:1";"Exp60_300_IS33423";"Exp60_300_IS33423";NA;"2023-10-08 07:46:00";0
"865774";"27:10:1";"Exp60_300_IS33423";"Exp60_300_IS33423";NA;"2023-10-08 08:02:00";0
"865775";"27:10:1";"Exp60_300_IS33423";"Exp60_300_IS33423";NA;"2023-10-08 08:16:00";0
"865776";"27:10:1";"Exp60_300_IS33423";"Exp60_300_IS33423";NA;"2023-10-08 08:32:00";0
"865777";"27:10:1";"Exp60_300_IS33423";"Exp60_300_IS33423";NA;"2023-10-08 08:46:00";0
"865778";"27:10:1";"Exp60_300_IS33423";"Exp60_300_IS33423";NA;"2023-10-08 09:02:00";0
"865779";"27:10:1";"Exp60_300_IS33423";"Exp60_300_IS33423";NA;"2023-10-08 09:16:00";0
"865780";"27:10:1";"Exp60_300_IS33423";"Exp60_300_IS33423";NA;"2023-10-08 09:32:00";0
"865781";"27:10:1";"Exp60_300_IS33423";"Exp60_300_IS33423";NA;"2023-10-08 09:46:00";0
"865782";"27:10:1";"Exp60_300_IS33423";"Exp60_300_IS33423";NA;"2023-10-08 10:32:00";0
"865783";"27:10:1";"Exp60_300_IS33423";"Exp60_300_IS33423";NA;"2023-10-08 10:46:00";0
"865784";"27:10:1";"Exp60_300_IS33423";"Exp60_300_IS33423";NA;"2023-10-08 11:17:00";0
"865785";"27:10:1";"Exp60_300_IS33423";"Exp60_300_IS33423";NA;"2023-10-08 11:31:00";0
"865786";"27:10:1";"Exp60_300_IS33423";"Exp60_300_IS33423";NA;"2023-10-08 12:02:00";0
"865787";"27:10:1";"Exp60_300_IS33423";"Exp60_300_IS33423";NA;"2023-10-08 12:16:00";0
"865788";"27:10:1";"Exp60_300_IS33423";"Exp60_300_IS33423";NA;"2023-10-08 12:32:00";0
"865789";"27:10:1";"Exp60_300_IS33423";"Exp60_300_IS33423";NA;"2023-10-08 12:46:00";0
"865790";"27:10:1";"Exp60_300_IS33423";"Exp60_300_IS33423";NA;"2023-10-08 13:02:00";0
"865791";"27:10:1";"Exp60_300_IS33423";"Exp60_300_IS33423";NA;"2023-10-08 13:16:00";0
"865792";"27:10:1";"Exp60_300_IS33423";"Exp60_300_IS33423";NA;"2023-10-08 13:47:00";0
"865793";"27:10:1";"Exp60_300_IS33423";"Exp60_300_IS33423";NA;"2023-10-08 14:01:00";0
"865794";"27:10:1";"Exp60_300_IS33423";"Exp60_300_IS33423";NA;"2023-10-08 14:17:00";0
"865795";"27:10:1";"Exp60_300_IS33423";"Exp60_300_IS33423";NA;"2023-10-08 14:31:00";0
"865796";"27:10:1";"Exp60_300_IS33423";"Exp60_300_IS33423";NA;"2023-10-08 14:47:00";0
"865797";"27:10:1";"Exp60_300_IS33423";"Exp60_300_IS33423";NA;"2023-10-08 15:01:00";0
"865798";"27:10:1";"Exp60_300_IS33423";"Exp60_300_IS33423";NA;"2023-10-08 22:46:00";0
"865799";"27:10:1";"Exp60_300_IS33423";"Exp60_300_IS33423";NA;"2023-10-08 23:02:00";0
"865800";"27:10:1";"Exp60_300_IS33423";"Exp60_300_IS33423";NA;"2023-10-08 23:16:00";0
"865801";"27:10:1";"Exp60_300_IS33423";"Exp60_300_IS33423";NA;"2023-10-08 23:32:00";0
"865802";"27:10:1";"Exp60_300_IS33423";"Exp60_300_IS33423";NA;"2023-10-08 23:46:00";0
"865803";"27:10:1";"Exp60_300_IS33423";"Exp60_300_IS33423";NA;"2023-10-09 00:02:00";0
"865804";"27:10:1";"Exp60_300_IS33423";"Exp60_300_IS33423";NA;"2023-10-09 00:16:00";0
"865805";"27:10:1";"Exp60_300_IS33423";"Exp60_300_IS33423";NA;"2023-10-09 00:32:00";0
"865806";"27:10:1";"Exp60_300_IS33423";"Exp60_300_IS33423";NA;"2023-10-09 00:46:00";0
"865807";"27:10:1";"Exp60_300_IS33423";"Exp60_300_IS33423";NA;"2023-10-09 01:02:00";0
"865808";"27:10:1";"Exp60_300_IS33423";"Exp60_300_IS33423";NA;"2023-10-09 01:16:00";0
"865809";"27:10:1";"Exp60_300_IS33423";"Exp60_300_IS33423";NA;"2023-10-09 01:32:00";0
"865810";"27:10:1";"Exp60_300_IS33423";"Exp60_300_IS33423";NA;"2023-10-09 01:46:00";0
"865811";"27:10:1";"Exp60_300_IS33423";"Exp60_300_IS33423";NA;"2023-10-09 02:02:00";0
"865812";"27:10:1";"Exp60_300_IS33423";"Exp60_300_IS33423";NA;"2023-10-09 02:16:00";0
"865813";"27:10:1";"Exp60_300_IS33423";"Exp60_300_IS33423";NA;"2023-10-09 02:32:00";0
"865814";"27:10:1";"Exp60_300_IS33423";"Exp60_300_IS33423";NA;"2023-10-09 02:46:00";0
"865815";"27:10:1";"Exp60_300_IS33423";"Exp60_300_IS33423";NA;"2023-10-09 03:02:00";0
"865816";"27:10:1";"Exp60_300_IS33423";"Exp60_300_IS33423";NA;"2023-10-09 03:16:00";0
"865817";"27:10:1";"Exp60_300_IS33423";"Exp60_300_IS33423";NA;"2023-10-09 03:32:00";0
"865818";"27:10:1";"Exp60_300_IS33423";"Exp60_300_IS33423";NA;"2023-10-09 03:46:00";0
"865819";"27:10:1";"Exp60_300_IS33423";"Exp60_300_IS33423";NA;"2023-10-09 04:17:00";0
"865820";"27:10:1";"Exp60_300_IS33423";"Exp60_300_IS33423";NA;"2023-10-09 04:31:00";0
"865821";"27:10:1";"Exp60_300_IS33423";"Exp60_300_IS33423";NA;"2023-10-09 04:47:00";0
"865822";"27:10:1";"Exp60_300_IS33423";"Exp60_300_IS33423";NA;"2023-10-09 05:01:00";0
"865823";"27:10:1";"Exp60_300_IS33423";"Exp60_300_IS33423";NA;"2023-10-09 05:17:00";0
"865824";"27:10:1";"Exp60_300_IS33423";"Exp60_300_IS33423";NA;"2023-10-09 05:31:00";0
"865825";"27:10:1";"Exp60_300_IS33423";"Exp60_300_IS33423";NA;"2023-10-09 05:47:00";0
"865826";"27:10:1";"Exp60_300_IS33423";"Exp60_300_IS33423";NA;"2023-10-09 06:01:00";0
"865827";"27:10:1";"Exp60_300_IS33423";"Exp60_300_IS33423";NA;"2023-10-09 06:17:00";0
"865828";"27:10:1";"Exp60_300_IS33423";"Exp60_300_IS33423";NA;"2023-10-09 06:31:00";0
"865829";"27:10:1";"Exp60_300_IS33423";"Exp60_300_IS33423";NA;"2023-10-09 06:47:00";0
"865830";"27:10:1";"Exp60_300_IS33423";"Exp60_300_IS33423";NA;"2023-10-09 07:01:00";0
"865831";"27:10:1";"Exp60_300_IS33423";"Exp60_300_IS33423";NA;"2023-10-09 07:17:00";0
"865832";"27:10:1";"Exp60_300_IS33423";"Exp60_300_IS33423";NA;"2023-10-09 07:31:00";0
"865833";"27:10:1";"Exp60_300_IS33423";"Exp60_300_IS33423";NA;"2023-10-09 07:47:00";0
"865834";"27:10:1";"Exp60_300_IS33423";"Exp60_300_IS33423";NA;"2023-10-09 08:01:00";0
"865835";"27:10:1";"Exp60_300_IS33423";"Exp60_300_IS33423";NA;"2023-10-09 08:17:00";0
"865836";"27:10:1";"Exp60_300_IS33423";"Exp60_300_IS33423";NA;"2023-10-09 08:31:00";0
"865837";"27:10:1";"Exp60_300_IS33423";"Exp60_300_IS33423";NA;"2023-10-09 08:47:00";0
"865838";"27:10:1";"Exp60_300_IS33423";"Exp60_300_IS33423";NA;"2023-10-09 09:01:00";0
"865839";"27:10:1";"Exp60_300_IS33423";"Exp60_300_IS33423";NA;"2023-10-09 09:17:00";0
"865840";"27:10:1";"Exp60_300_IS33423";"Exp60_300_IS33423";NA;"2023-10-09 09:31:00";0
"865841";"27:10:1";"Exp60_300_IS33423";"Exp60_300_IS33423";NA;"2023-10-09 10:32:00";0
"865842";"27:10:1";"Exp60_300_IS33423";"Exp60_300_IS33423";NA;"2023-10-09 10:46:00";0
"865843";"27:10:1";"Exp60_300_IS33423";"Exp60_300_IS33423";NA;"2023-10-09 11:02:00";0
"865844";"27:10:1";"Exp60_300_IS33423";"Exp60_300_IS33423";NA;"2023-10-09 11:16:00";0
"865845";"27:10:1";"Exp60_300_IS33423";"Exp60_300_IS33423";NA;"2023-10-09 11:47:00";0
"865846";"27:10:1";"Exp60_300_IS33423";"Exp60_300_IS33423";NA;"2023-10-09 12:01:00";0
"865847";"27:10:1";"Exp60_300_IS33423";"Exp60_300_IS33423";NA;"2023-10-09 12:17:00";0
"865848";"27:10:1";"Exp60_300_IS33423";"Exp60_300_IS33423";NA;"2023-10-09 12:31:00";0
"865849";"27:10:1";"Exp60_300_IS33423";"Exp60_300_IS33423";NA;"2023-10-09 12:47:00";0
"865850";"27:10:1";"Exp60_300_IS33423";"Exp60_300_IS33423";NA;"2023-10-09 13:01:00";0
"865851";"27:10:1";"Exp60_300_IS33423";"Exp60_300_IS33423";NA;"2023-10-09 13:32:00";0
"865852";"27:10:1";"Exp60_300_IS33423";"Exp60_300_IS33423";NA;"2023-10-09 13:46:00";0
"865853";"27:10:1";"Exp60_300_IS33423";"Exp60_300_IS33423";NA;"2023-10-09 14:02:00";0
"865854";"27:10:1";"Exp60_300_IS33423";"Exp60_300_IS33423";NA;"2023-10-09 14:16:00";0
"865855";"27:10:1";"Exp60_300_IS33423";"Exp60_300_IS33423";NA;"2023-10-09 20:16:00";0
"865856";"27:10:1";"Exp60_300_IS33423";"Exp60_300_IS33423";NA;"2023-10-09 20:32:00";0
"865857";"27:10:1";"Exp60_300_IS33423";"Exp60_300_IS33423";NA;"2023-10-09 20:46:00";0
"865858";"27:10:1";"Exp60_300_IS33423";"Exp60_300_IS33423";NA;"2023-10-09 21:02:00";0
"865859";"27:10:1";"Exp60_300_IS33423";"Exp60_300_IS33423";NA;"2023-10-09 21:16:00";0
"865860";"27:10:1";"Exp60_300_IS33423";"Exp60_300_IS33423";NA;"2023-10-09 21:32:00";0
"865861";"27:10:1";"Exp60_300_IS33423";"Exp60_300_IS33423";NA;"2023-10-09 21:46:00";0
"865862";"27:10:1";"Exp60_300_IS33423";"Exp60_300_IS33423";NA;"2023-10-09 22:32:00";0
"865863";"27:10:1";"Exp60_300_IS33423";"Exp60_300_IS33423";NA;"2023-10-09 22:46:00";0
"865864";"27:10:1";"Exp60_300_IS33423";"Exp60_300_IS33423";NA;"2023-10-09 23:17:00";0
"865865";"27:10:1";"Exp60_300_IS33423";"Exp60_300_IS33423";NA;"2023-10-09 23:31:00";0
"865866";"27:10:1";"Exp60_300_IS33423";"Exp60_300_IS33423";NA;"2023-10-09 23:47:00";0
"865867";"27:10:1";"Exp60_300_IS33423";"Exp60_300_IS33423";NA;"2023-10-10 00:16:00";0
"865868";"27:10:1";"Exp60_300_IS33423";"Exp60_300_IS33423";NA;"2023-10-10 00:47:00";0
"865869";"27:10:1";"Exp60_300_IS33423";"Exp60_300_IS33423";NA;"2023-10-10 01:01:00";0
"865870";"27:10:1";"Exp60_300_IS33423";"Exp60_300_IS33423";NA;"2023-10-10 01:17:00";0
"865871";"27:10:1";"Exp60_300_IS33423";"Exp60_300_IS33423";NA;"2023-10-10 01:31:00";0
"865872";"27:10:1";"Exp60_300_IS33423";"Exp60_300_IS33423";NA;"2023-10-10 01:47:00";0
"865873";"27:10:1";"Exp60_300_IS33423";"Exp60_300_IS33423";NA;"2023-10-10 02:01:00";0
"865874";"27:10:1";"Exp60_300_IS33423";"Exp60_300_IS33423";NA;"2023-10-10 02:17:00";0
"865875";"27:10:1";"Exp60_300_IS33423";"Exp60_300_IS33423";NA;"2023-10-10 02:31:00";0
"865876";"27:10:1";"Exp60_300_IS33423";"Exp60_300_IS33423";NA;"2023-10-10 02:47:00";0
"865877";"27:10:1";"Exp60_300_IS33423";"Exp60_300_IS33423";NA;"2023-10-10 03:01:00";0
"865878";"27:10:1";"Exp60_300_IS33423";"Exp60_300_IS33423";NA;"2023-10-10 03:17:00";0
"865879";"27:10:1";"Exp60_300_IS33423";"Exp60_300_IS33423";NA;"2023-10-10 03:31:00";0
"865880";"27:10:1";"Exp60_300_IS33423";"Exp60_300_IS33423";NA;"2023-10-10 03:47:00";0
"865881";"27:10:1";"Exp60_300_IS33423";"Exp60_300_IS33423";NA;"2023-10-10 04:01:00";0
"865882";"27:10:1";"Exp60_300_IS33423";"Exp60_300_IS33423";NA;"2023-10-10 04:17:00";0
"865883";"27:10:1";"Exp60_300_IS33423";"Exp60_300_IS33423";NA;"2023-10-10 04:31:00";0
"865884";"27:10:1";"Exp60_300_IS33423";"Exp60_300_IS33423";NA;"2023-10-10 04:47:00";0
"865885";"27:10:1";"Exp60_300_IS33423";"Exp60_300_IS33423";NA;"2023-10-10 05:01:00";0
"865886";"27:10:1";"Exp60_300_IS33423";"Exp60_300_IS33423";NA;"2023-10-10 05:17:00";0
"865887";"27:10:1";"Exp60_300_IS33423";"Exp60_300_IS33423";NA;"2023-10-10 05:31:00";0
"865888";"27:10:1";"Exp60_300_IS33423";"Exp60_300_IS33423";NA;"2023-10-10 05:47:00";0
"865889";"27:10:1";"Exp60_300_IS33423";"Exp60_300_IS33423";NA;"2023-10-10 06:01:00";0
"865890";"27:10:1";"Exp60_300_IS33423";"Exp60_300_IS33423";NA;"2023-10-10 06:17:00";0
"865891";"27:10:1";"Exp60_300_IS33423";"Exp60_300_IS33423";NA;"2023-10-10 06:46:00";0
"865892";"27:10:1";"Exp60_300_IS33423";"Exp60_300_IS33423";NA;"2023-10-10 07:17:00";0
"865893";"27:10:1";"Exp60_300_IS33423";"Exp60_300_IS33423";NA;"2023-10-10 07:31:00";0
"865894";"27:10:1";"Exp60_300_IS33423";"Exp60_300_IS33423";NA;"2023-10-10 08:02:00";0
"865895";"27:10:1";"Exp60_300_IS33423";"Exp60_300_IS33423";NA;"2023-10-10 08:16:00";0
"865896";"27:10:1";"Exp60_300_IS33423";"Exp60_300_IS33423";NA;"2023-10-10 08:32:00";0
"865897";"27:10:1";"Exp60_300_IS33423";"Exp60_300_IS33423";NA;"2023-10-10 08:46:00";0
"865898";"27:10:1";"Exp60_300_IS33423";"Exp60_300_IS33423";NA;"2023-10-10 09:02:00";0
"865899";"27:10:1";"Exp60_300_IS33423";"Exp60_300_IS33423";NA;"2023-10-10 09:16:00";0
"865900";"27:10:1";"Exp60_300_IS33423";"Exp60_300_IS33423";NA;"2023-10-10 09:32:00";0
"865901";"27:10:1";"Exp60_300_IS33423";"Exp60_300_IS33423";NA;"2023-10-10 09:46:00";0
"865902";"27:10:1";"Exp60_300_IS33423";"Exp60_300_IS33423";NA;"2023-10-10 10:02:00";0
"865903";"27:10:1";"Exp60_300_IS33423";"Exp60_300_IS33423";NA;"2023-10-10 10:16:00";0
"865904";"27:10:1";"Exp60_300_IS33423";"Exp60_300_IS33423";NA;"2023-10-10 10:32:00";0
"865905";"27:10:1";"Exp60_300_IS33423";"Exp60_300_IS33423";NA;"2023-10-10 10:46:00";0
"865906";"27:10:1";"Exp60_300_IS33423";"Exp60_300_IS33423";NA;"2023-10-10 11:02:00";0
"865907";"27:10:1";"Exp60_300_IS33423";"Exp60_300_IS33423";NA;"2023-10-10 11:16:00";0
"865908";"27:10:1";"Exp60_300_IS33423";"Exp60_300_IS33423";NA;"2023-10-10 15:46:00";0
"865909";"27:10:1";"Exp60_300_IS33423";"Exp60_300_IS33423";NA;"2023-10-10 18:01:00";0
"865910";"27:10:1";"Exp60_300_IS33423";"Exp60_300_IS33423";NA;"2023-10-10 18:17:00";0
"865911";"27:10:1";"Exp60_300_IS33423";"Exp60_300_IS33423";NA;"2023-10-10 18:31:00";0
"865912";"27:10:1";"Exp60_300_IS33423";"Exp60_300_IS33423";NA;"2023-10-10 18:47:00";0
"865913";"27:10:1";"Exp60_300_IS33423";"Exp60_300_IS33423";NA;"2023-10-10 19:01:00";0
"865914";"27:10:1";"Exp60_300_IS33423";"Exp60_300_IS33423";NA;"2023-10-10 19:17:00";0
"865915";"27:10:1";"Exp60_300_IS33423";"Exp60_300_IS33423";NA;"2023-10-10 19:31:00";0
"865916";"27:10:1";"Exp60_300_IS33423";"Exp60_300_IS33423";NA;"2023-10-10 19:47:00";0
"865917";"27:10:1";"Exp60_300_IS33423";"Exp60_300_IS33423";NA;"2023-10-10 20:01:00";0
"865918";"27:10:1";"Exp60_300_IS33423";"Exp60_300_IS33423";NA;"2023-10-10 20:17:00";0
"865919";"27:10:1";"Exp60_300_IS33423";"Exp60_300_IS33423";NA;"2023-10-10 20:31:00";0
"865920";"27:10:1";"Exp60_300_IS33423";"Exp60_300_IS33423";NA;"2023-10-10 20:47:00";0
"865921";"27:10:1";"Exp60_300_IS33423";"Exp60_300_IS33423";NA;"2023-10-10 21:01:00";0
"865922";"27:10:1";"Exp60_300_IS33423";"Exp60_300_IS33423";NA;"2023-10-10 21:17:00";0
"865923";"27:10:1";"Exp60_300_IS33423";"Exp60_300_IS33423";NA;"2023-10-10 21:31:00";0
"865924";"27:10:1";"Exp60_300_IS33423";"Exp60_300_IS33423";NA;"2023-10-10 21:47:00";0
"865925";"27:10:1";"Exp60_300_IS33423";"Exp60_300_IS33423";NA;"2023-10-10 22:01:00";0
"865926";"27:10:1";"Exp60_300_IS33423";"Exp60_300_IS33423";NA;"2023-10-10 22:32:00";0
"865927";"27:10:1";"Exp60_300_IS33423";"Exp60_300_IS33423";NA;"2023-10-10 22:46:00";0
"865928";"27:10:1";"Exp60_300_IS33423";"Exp60_300_IS33423";NA;"2023-10-10 23:02:00";0
"865929";"27:10:1";"Exp60_300_IS33423";"Exp60_300_IS33423";NA;"2023-10-10 23:16:00";0
"865930";"27:10:1";"Exp60_300_IS33423";"Exp60_300_IS33423";NA;"2023-10-10 23:32:00";0
"865931";"27:10:1";"Exp60_300_IS33423";"Exp60_300_IS33423";NA;"2023-10-10 23:46:00";0
"865932";"27:10:1";"Exp60_300_IS33423";"Exp60_300_IS33423";NA;"2023-10-11 00:02:00";0
"865933";"27:10:1";"Exp60_300_IS33423";"Exp60_300_IS33423";NA;"2023-10-11 00:16:00";0
"865934";"27:10:1";"Exp60_300_IS33423";"Exp60_300_IS33423";NA;"2023-10-11 00:32:00";0
"865935";"27:10:1";"Exp60_300_IS33423";"Exp60_300_IS33423";NA;"2023-10-11 00:46:00";0
"865936";"27:10:1";"Exp60_300_IS33423";"Exp60_300_IS33423";NA;"2023-10-11 06:31:00";0
"865937";"27:10:1";"Exp60_300_IS33423";"Exp60_300_IS33423";NA;"2023-10-11 07:17:00";0
"865938";"27:10:1";"Exp60_300_IS33423";"Exp60_300_IS33423";NA;"2023-10-11 07:31:00";0
"865939";"27:10:1";"Exp60_300_IS33423";"Exp60_300_IS33423";NA;"2023-10-11 07:47:00";0
"865940";"27:10:1";"Exp60_300_IS33423";"Exp60_300_IS33423";NA;"2023-10-11 08:01:00";0
"865941";"27:10:1";"Exp60_300_IS33423";"Exp60_300_IS33423";NA;"2023-10-11 08:17:00";0
"865942";"27:10:1";"Exp60_300_IS33423";"Exp60_300_IS33423";NA;"2023-10-11 08:31:00";0
"865943";"27:10:1";"Exp60_300_IS33423";"Exp60_300_IS33423";NA;"2023-10-11 08:47:00";0
"865944";"27:10:1";"Exp60_300_IS33423";"Exp60_300_IS33423";NA;"2023-10-11 09:01:00";0
"865945";"27:10:1";"Exp60_300_IS33423";"Exp60_300_IS33423";NA;"2023-10-11 16:16:00";0
"865946";"27:10:1";"Exp60_300_IS33423";"Exp60_300_IS33423";NA;"2023-10-11 16:32:00";0
"865947";"27:10:1";"Exp60_300_IS33423";"Exp60_300_IS33423";NA;"2023-10-11 16:46:00";0
"865948";"27:10:1";"Exp60_300_IS33423";"Exp60_300_IS33423";NA;"2023-10-11 17:02:00";0
"865949";"27:10:1";"Exp60_300_IS33423";"Exp60_300_IS33423";NA;"2023-10-11 17:16:00";0
"865950";"27:10:1";"Exp60_300_IS33423";"Exp60_300_IS33423";NA;"2023-10-11 17:32:00";0
"865951";"27:10:1";"Exp60_300_IS33423";"Exp60_300_IS33423";NA;"2023-10-11 17:46:00";0
"865952";"27:10:1";"Exp60_300_IS33423";"Exp60_300_IS33423";NA;"2023-10-11 18:02:00";0
"865953";"27:10:1";"Exp60_300_IS33423";"Exp60_300_IS33423";NA;"2023-10-11 18:16:00";0
"865954";"27:10:1";"Exp60_300_IS33423";"Exp60_300_IS33423";NA;"2023-10-11 18:32:00";0
"865955";"27:10:1";"Exp60_300_IS33423";"Exp60_300_IS33423";NA;"2023-10-11 18:46:00";0
"865956";"27:10:1";"Exp60_300_IS33423";"Exp60_300_IS33423";NA;"2023-10-11 19:02:00";0
"865957";"27:10:1";"Exp60_300_IS33423";"Exp60_300_IS33423";NA;"2023-10-11 19:16:00";0
"865958";"27:10:1";"Exp60_300_IS33423";"Exp60_300_IS33423";NA;"2023-10-11 19:32:00";0
"865959";"27:10:1";"Exp60_300_IS33423";"Exp60_300_IS33423";NA;"2023-10-11 19:46:00";0
"865960";"27:10:1";"Exp60_300_IS33423";"Exp60_300_IS33423";NA;"2023-10-11 20:02:00";0
"865961";"27:10:1";"Exp60_300_IS33423";"Exp60_300_IS33423";NA;"2023-10-11 20:46:00";0
"865962";"27:10:1";"Exp60_300_IS33423";"Exp60_300_IS33423";NA;"2023-10-11 21:02:00";0
"865963";"27:10:1";"Exp60_300_IS33423";"Exp60_300_IS33423";NA;"2023-10-11 21:16:00";0
"865964";"27:10:1";"Exp60_300_IS33423";"Exp60_300_IS33423";NA;"2023-10-11 21:32:00";0
"865965";"27:10:1";"Exp60_300_IS33423";"Exp60_300_IS33423";NA;"2023-10-11 21:46:00";0
"865966";"27:10:1";"Exp60_300_IS33423";"Exp60_300_IS33423";NA;"2023-10-11 22:17:00";0
"865967";"27:10:1";"Exp60_300_IS33423";"Exp60_300_IS33423";NA;"2023-10-11 22:31:00";0
"865968";"27:10:1";"Exp60_300_IS33423";"Exp60_300_IS33423";NA;"2023-10-11 22:47:00";0
"865969";"27:10:1";"Exp60_300_IS33423";"Exp60_300_IS33423";NA;"2023-10-11 23:01:00";0
"865970";"27:10:1";"Exp60_300_IS33423";"Exp60_300_IS33423";NA;"2023-10-11 23:17:00";0
"865971";"27:10:1";"Exp60_300_IS33423";"Exp60_300_IS33423";NA;"2023-10-11 23:31:00";0
"865972";"27:10:1";"Exp60_300_IS33423";"Exp60_300_IS33423";NA;"2023-10-11 23:47:00";0
"865973";"27:10:1";"Exp60_300_IS33423";"Exp60_300_IS33423";NA;"2023-10-12 00:01:00";0
"865974";"27:10:1";"Exp60_300_IS33423";"Exp60_300_IS33423";NA;"2023-10-12 00:17:00";0
"865975";"27:10:1";"Exp60_300_IS33423";"Exp60_300_IS33423";NA;"2023-10-12 00:31:00";0
"865976";"27:10:1";"Exp60_300_IS33423";"Exp60_300_IS33423";NA;"2023-10-12 00:47:00";0
"865977";"27:10:1";"Exp60_300_IS33423";"Exp60_300_IS33423";NA;"2023-10-12 01:01:00";0
"865978";"27:10:1";"Exp60_300_IS33423";"Exp60_300_IS33423";NA;"2023-10-12 01:17:00";0
"865979";"27:10:1";"Exp60_300_IS33423";"Exp60_300_IS33423";NA;"2023-10-12 01:31:00";0
"865980";"27:10:1";"Exp60_300_IS33423";"Exp60_300_IS33423";NA;"2023-10-12 01:47:00";0
"865981";"27:10:1";"Exp60_300_IS33423";"Exp60_300_IS33423";NA;"2023-10-12 02:01:00";0
"865982";"27:10:1";"Exp60_300_IS33423";"Exp60_300_IS33423";NA;"2023-10-12 02:17:00";0
"865983";"27:10:1";"Exp60_300_IS33423";"Exp60_300_IS33423";NA;"2023-10-12 02:31:00";0
"865984";"27:10:1";"Exp60_300_IS33423";"Exp60_300_IS33423";NA;"2023-10-12 02:47:00";0
"865985";"27:10:1";"Exp60_300_IS33423";"Exp60_300_IS33423";NA;"2023-10-12 03:01:00";0
"865986";"27:10:1";"Exp60_300_IS33423";"Exp60_300_IS33423";NA;"2023-10-12 03:17:00";0
"865987";"27:10:1";"Exp60_300_IS33423";"Exp60_300_IS33423";NA;"2023-10-12 03:31:00";0
"865988";"27:10:1";"Exp60_300_IS33423";"Exp60_300_IS33423";NA;"2023-10-12 03:47:00";0
"865989";"27:10:1";"Exp60_300_IS33423";"Exp60_300_IS33423";NA;"2023-10-12 04:01:00";0
"865990";"27:10:1";"Exp60_300_IS33423";"Exp60_300_IS33423";NA;"2023-10-12 04:17:00";0
"865991";"27:10:1";"Exp60_300_IS33423";"Exp60_300_IS33423";NA;"2023-10-12 04:31:00";0
"865992";"27:10:1";"Exp60_300_IS33423";"Exp60_300_IS33423";NA;"2023-10-12 04:47:00";0
"865993";"27:10:1";"Exp60_300_IS33423";"Exp60_300_IS33423";NA;"2023-10-12 05:01:00";0
"865994";"27:10:1";"Exp60_300_IS33423";"Exp60_300_IS33423";NA;"2023-10-12 05:32:00";0
"865995";"27:10:1";"Exp60_300_IS33423";"Exp60_300_IS33423";NA;"2023-10-12 05:46:00";0
"865996";"27:10:1";"Exp60_300_IS33423";"Exp60_300_IS33423";NA;"2023-10-12 06:02:00";0
"865997";"27:10:1";"Exp60_300_IS33423";"Exp60_300_IS33423";NA;"2023-10-12 06:16:00";0
"865998";"27:10:1";"Exp60_300_IS33423";"Exp60_300_IS33423";NA;"2023-10-12 06:47:00";0
"865999";"27:10:1";"Exp60_300_IS33423";"Exp60_300_IS33423";NA;"2023-10-12 07:01:00";0
"866000";"27:10:1";"Exp60_300_IS33423";"Exp60_300_IS33423";NA;"2023-10-12 07:17:00";0
"866001";"27:10:1";"Exp60_300_IS33423";"Exp60_300_IS33423";NA;"2023-10-12 07:31:00";0
"866002";"27:10:1";"Exp60_300_IS33423";"Exp60_300_IS33423";NA;"2023-10-12 07:47:00";0
"866003";"27:10:1";"Exp60_300_IS33423";"Exp60_300_IS33423";NA;"2023-10-12 08:01:00";0
"866004";"27:10:1";"Exp60_300_IS33423";"Exp60_300_IS33423";NA;"2023-10-12 08:17:00";0
"866005";"27:10:1";"Exp60_300_IS33423";"Exp60_300_IS33423";NA;"2023-10-12 08:31:00";0
"866006";"27:10:1";"Exp60_300_IS33423";"Exp60_300_IS33423";NA;"2023-10-12 08:47:00";0
"866007";"27:10:1";"Exp60_300_IS33423";"Exp60_300_IS33423";NA;"2023-10-12 09:01:00";0
"866008";"27:10:1";"Exp60_300_IS33423";"Exp60_300_IS33423";NA;"2023-10-12 09:17:00";0
"866009";"27:10:1";"Exp60_300_IS33423";"Exp60_300_IS33423";NA;"2023-10-12 09:31:00";0
"866010";"27:10:1";"Exp60_300_IS33423";"Exp60_300_IS33423";NA;"2023-10-12 09:47:00";0
"866011";"27:10:1";"Exp60_300_IS33423";"Exp60_300_IS33423";NA;"2023-10-12 10:01:00";0
"866012";"27:10:1";"Exp60_300_IS33423";"Exp60_300_IS33423";NA;"2023-10-12 15:01:00";0
"866013";"27:10:1";"Exp60_300_IS33423";"Exp60_300_IS33423";NA;"2023-10-12 15:17:00";0
"866014";"27:10:1";"Exp60_300_IS33423";"Exp60_300_IS33423";NA;"2023-10-12 15:31:00";0
"866015";"27:10:1";"Exp60_300_IS33423";"Exp60_300_IS33423";NA;"2023-10-12 15:47:00";0
"866016";"27:10:1";"Exp60_300_IS33423";"Exp60_300_IS33423";NA;"2023-10-12 16:01:00";0
"866017";"27:10:1";"Exp60_300_IS33423";"Exp60_300_IS33423";NA;"2023-10-12 16:17:00";0
"866018";"27:10:1";"Exp60_300_IS33423";"Exp60_300_IS33423";NA;"2023-10-12 16:31:00";0
"866019";"27:10:1";"Exp60_300_IS33423";"Exp60_300_IS33423";NA;"2023-10-12 16:47:00";0
"866020";"27:10:1";"Exp60_300_IS33423";"Exp60_300_IS33423";NA;"2023-10-12 17:01:00";0
"866021";"27:10:1";"Exp60_300_IS33423";"Exp60_300_IS33423";NA;"2023-10-12 17:17:00";0
"866022";"27:10:1";"Exp60_300_IS33423";"Exp60_300_IS33423";NA;"2023-10-12 17:31:00";0
"866023";"27:10:1";"Exp60_300_IS33423";"Exp60_300_IS33423";NA;"2023-10-12 17:47:00";0
"866024";"27:10:1";"Exp60_300_IS33423";"Exp60_300_IS33423";NA;"2023-10-12 18:01:00";0
"866025";"27:10:1";"Exp60_300_IS33423";"Exp60_300_IS33423";NA;"2023-10-12 18:17:00";0
"866026";"27:10:1";"Exp60_300_IS33423";"Exp60_300_IS33423";NA;"2023-10-12 18:31:00";0
"866027";"27:10:1";"Exp60_300_IS33423";"Exp60_300_IS33423";NA;"2023-10-12 18:47:00";0
"866028";"27:10:1";"Exp60_300_IS33423";"Exp60_300_IS33423";NA;"2023-10-12 19:01:00";0
"866029";"27:10:1";"Exp60_300_IS33423";"Exp60_300_IS33423";NA;"2023-10-12 19:17:00";0
"866030";"27:10:1";"Exp60_300_IS33423";"Exp60_300_IS33423";NA;"2023-10-12 19:31:00";0
"866031";"27:10:1";"Exp60_300_IS33423";"Exp60_300_IS33423";NA;"2023-10-12 20:02:00";0
"866032";"27:10:1";"Exp60_300_IS33423";"Exp60_300_IS33423";NA;"2023-10-12 20:16:00";0
"866033";"27:10:1";"Exp60_300_IS33423";"Exp60_300_IS33423";NA;"2023-10-13 03:16:00";0
"866034";"27:10:1";"Exp60_300_IS33423";"Exp60_300_IS33423";NA;"2023-10-13 03:32:00";0
"866035";"27:10:1";"Exp60_300_IS33423";"Exp60_300_IS33423";NA;"2023-10-13 03:46:00";0
"866036";"27:10:1";"Exp60_300_IS33423";"Exp60_300_IS33423";NA;"2023-10-13 04:02:00";0
"866037";"27:10:1";"Exp60_300_IS33423";"Exp60_300_IS33423";NA;"2023-10-13 04:16:00";0
"866038";"27:10:1";"Exp60_300_IS33423";"Exp60_300_IS33423";NA;"2023-10-13 04:32:00";0
"866039";"27:10:1";"Exp60_300_IS33423";"Exp60_300_IS33423";NA;"2023-10-13 04:46:00";0
"866040";"27:10:1";"Exp60_300_IS33423";"Exp60_300_IS33423";NA;"2023-10-13 05:02:00";0
"866041";"27:10:1";"Exp60_300_IS33423";"Exp60_300_IS33423";NA;"2023-10-13 05:16:00";0
"866042";"27:10:1";"Exp60_300_IS33423";"Exp60_300_IS33423";NA;"2023-10-13 05:32:00";0
"866043";"27:10:1";"Exp60_300_IS33423";"Exp60_300_IS33423";NA;"2023-10-13 05:46:00";0
"866044";"27:10:1";"Exp60_300_IS33423";"Exp60_300_IS33423";NA;"2023-10-13 06:02:00";0
"866045";"27:10:1";"Exp60_300_IS33423";"Exp60_300_IS33423";NA;"2023-10-13 06:16:00";0
"866046";"27:10:1";"Exp60_300_IS33423";"Exp60_300_IS33423";NA;"2023-10-13 06:32:00";0
"866047";"27:10:1";"Exp60_300_IS33423";"Exp60_300_IS33423";NA;"2023-10-13 06:46:00";0
"866048";"27:10:1";"Exp60_300_IS33423";"Exp60_300_IS33423";NA;"2023-10-13 12:46:00";0
"866049";"27:10:1";"Exp60_300_IS33423";"Exp60_300_IS33423";NA;"2023-10-13 13:02:00";0
"866050";"27:10:1";"Exp60_300_IS33423";"Exp60_300_IS33423";NA;"2023-10-13 13:16:00";0
"866051";"27:10:1";"Exp60_300_IS33423";"Exp60_300_IS33423";NA;"2023-10-13 13:32:00";0
"866052";"27:10:1";"Exp60_300_IS33423";"Exp60_300_IS33423";NA;"2023-10-13 13:46:00";0
"866053";"27:10:1";"Exp60_300_IS33423";"Exp60_300_IS33423";NA;"2023-10-13 19:46:00";0
"866054";"27:10:1";"Exp60_300_IS33423";"Exp60_300_IS33423";NA;"2023-10-13 20:02:00";0
"866055";"27:10:1";"Exp60_300_IS33423";"Exp60_300_IS33423";NA;"2023-10-13 20:16:00";0
"866056";"27:10:1";"Exp60_300_IS33423";"Exp60_300_IS33423";NA;"2023-10-13 20:32:00";0
"866057";"27:10:1";"Exp60_300_IS33423";"Exp60_300_IS33423";NA;"2023-10-13 20:46:00";0
"866058";"27:10:1";"Exp60_300_IS33423";"Exp60_300_IS33423";NA;"2023-10-13 21:02:00";0
"866059";"27:10:1";"Exp60_300_IS33423";"Exp60_300_IS33423";NA;"2023-10-13 21:16:00";0
"866060";"27:10:1";"Exp60_300_IS33423";"Exp60_300_IS33423";NA;"2023-10-13 21:32:00";0
"866061";"27:10:1";"Exp60_300_IS33423";"Exp60_300_IS33423";NA;"2023-10-13 21:46:00";0
"866062";"27:10:1";"Exp60_300_IS33423";"Exp60_300_IS33423";NA;"2023-10-13 22:02:00";0
"866063";"27:10:1";"Exp60_300_IS33423";"Exp60_300_IS33423";NA;"2023-10-13 22:16:00";0
"866064";"27:10:1";"Exp60_300_IS33423";"Exp60_300_IS33423";NA;"2023-10-13 22:32:00";0
"866065";"27:10:1";"Exp60_300_IS33423";"Exp60_300_IS33423";NA;"2023-10-13 22:46:00";0
"866066";"27:10:1";"Exp60_300_IS33423";"Exp60_300_IS33423";NA;"2023-10-13 23:02:00";0
"866067";"27:10:1";"Exp60_300_IS33423";"Exp60_300_IS33423";NA;"2023-10-13 23:16:00";0
"866068";"27:10:1";"Exp60_300_IS33423";"Exp60_300_IS33423";NA;"2023-10-13 23:47:00";0
"866069";"27:10:1";"Exp60_300_IS33423";"Exp60_300_IS33423";NA;"2023-10-14 00:01:00";0
"866070";"27:10:1";"Exp60_300_IS33423";"Exp60_300_IS33423";NA;"2023-10-14 00:17:00";0
"866071";"27:10:1";"Exp60_300_IS33423";"Exp60_300_IS33423";NA;"2023-10-14 00:31:00";0
"866072";"27:10:1";"Exp60_300_IS33423";"Exp60_300_IS33423";NA;"2023-10-14 00:47:00";0
"866073";"27:10:1";"Exp60_300_IS33423";"Exp60_300_IS33423";NA;"2023-10-14 01:01:00";0
"866074";"27:10:1";"Exp60_300_IS33423";"Exp60_300_IS33423";NA;"2023-10-14 01:17:00";0
"866075";"27:10:1";"Exp60_300_IS33423";"Exp60_300_IS33423";NA;"2023-10-14 01:31:00";0
"866076";"27:10:1";"Exp60_300_IS33423";"Exp60_300_IS33423";NA;"2023-10-14 01:47:00";0
"866077";"27:10:1";"Exp60_300_IS33423";"Exp60_300_IS33423";NA;"2023-10-14 02:01:00";0
"866078";"27:10:1";"Exp60_300_IS33423";"Exp60_300_IS33423";NA;"2023-10-14 02:17:00";0
"866079";"27:10:1";"Exp60_300_IS33423";"Exp60_300_IS33423";NA;"2023-10-14 02:31:00";0
"866080";"27:10:1";"Exp60_300_IS33423";"Exp60_300_IS33423";NA;"2023-10-14 02:47:00";0
"866081";"27:10:1";"Exp60_300_IS33423";"Exp60_300_IS33423";NA;"2023-10-14 03:01:00";0
"866082";"27:10:1";"Exp60_300_IS33423";"Exp60_300_IS33423";NA;"2023-10-14 03:17:00";0
"866083";"27:10:1";"Exp60_300_IS33423";"Exp60_300_IS33423";NA;"2023-10-14 03:31:00";0
"866084";"27:10:1";"Exp60_300_IS33423";"Exp60_300_IS33423";NA;"2023-10-14 04:17:00";0
"866085";"27:10:1";"Exp60_300_IS33423";"Exp60_300_IS33423";NA;"2023-10-14 04:31:00";0
"866086";"27:10:1";"Exp60_300_IS33423";"Exp60_300_IS33423";NA;"2023-10-14 04:47:00";0
"866087";"27:10:1";"Exp60_300_IS33423";"Exp60_300_IS33423";NA;"2023-10-14 05:01:00";0
"866088";"27:10:1";"Exp60_300_IS33423";"Exp60_300_IS33423";NA;"2023-10-14 05:17:00";0
"866089";"27:10:1";"Exp60_300_IS33423";"Exp60_300_IS33423";NA;"2023-10-14 05:31:00";0
"866090";"27:10:1";"Exp60_300_IS33423";"Exp60_300_IS33423";NA;"2023-10-14 05:47:00";0
"866091";"27:10:1";"Exp60_300_IS33423";"Exp60_300_IS33423";NA;"2023-10-14 06:01:00";0
"866092";"27:10:1";"Exp60_300_IS33423";"Exp60_300_IS33423";NA;"2023-10-14 06:17:00";0
"866093";"27:10:1";"Exp60_300_IS33423";"Exp60_300_IS33423";NA;"2023-10-14 06:31:00";0
"866094";"27:10:1";"Exp60_300_IS33423";"Exp60_300_IS33423";NA;"2023-10-14 07:02:00";0
"866095";"27:10:1";"Exp60_300_IS33423";"Exp60_300_IS33423";NA;"2023-10-14 07:16:00";0
"866096";"27:10:1";"Exp60_300_IS33423";"Exp60_300_IS33423";NA;"2023-10-14 07:32:00";0
"866097";"27:10:1";"Exp60_300_IS33423";"Exp60_300_IS33423";NA;"2023-10-14 08:16:00";0
"866098";"27:10:1";"Exp60_300_IS33423";"Exp60_300_IS33423";NA;"2023-10-14 08:32:00";0
"866099";"27:10:1";"Exp60_300_IS33423";"Exp60_300_IS33423";NA;"2023-10-14 08:46:00";0
"866100";"27:10:1";"Exp60_300_IS33423";"Exp60_300_IS33423";NA;"2023-10-14 09:02:00";0
"866101";"27:10:1";"Exp60_300_IS33423";"Exp60_300_IS33423";NA;"2023-10-14 09:16:00";0
"866102";"27:10:1";"Exp60_300_IS33423";"Exp60_300_IS33423";NA;"2023-10-14 09:32:00";0
"866103";"27:10:1";"Exp60_300_IS33423";"Exp60_300_IS33423";NA;"2023-10-14 09:46:00";0
"866104";"27:10:1";"Exp60_300_IS33423";"Exp60_300_IS33423";NA;"2023-10-14 10:02:00";0
"866105";"27:10:1";"Exp60_300_IS33423";"Exp60_300_IS33423";NA;"2023-10-14 10:16:00";0
"866106";"27:10:1";"Exp60_300_IS33423";"Exp60_300_IS33423";NA;"2023-10-14 10:32:00";0
"866107";"27:10:1";"Exp60_300_IS33423";"Exp60_300_IS33423";NA;"2023-10-14 10:46:00";0
"866108";"27:10:1";"Exp60_300_IS33423";"Exp60_300_IS33423";NA;"2023-10-14 11:02:00";0
"866109";"27:10:1";"Exp60_300_IS33423";"Exp60_300_IS33423";NA;"2023-10-14 11:16:00";0
"866110";"27:10:1";"Exp60_300_IS33423";"Exp60_300_IS33423";NA;"2023-10-14 11:32:00";0
"866111";"27:10:1";"Exp60_300_IS33423";"Exp60_300_IS33423";NA;"2023-10-14 11:46:00";0
"866112";"27:10:1";"Exp60_300_IS33423";"Exp60_300_IS33423";NA;"2023-10-14 12:02:00";0
"866113";"27:10:1";"Exp60_300_IS33423";"Exp60_300_IS33423";NA;"2023-10-14 12:16:00";0
"866114";"27:10:1";"Exp60_300_IS33423";"Exp60_300_IS33423";NA;"2023-10-14 12:32:00";0
"866115";"27:10:1";"Exp60_300_IS33423";"Exp60_300_IS33423";NA;"2023-10-14 12:46:00";0
"866116";"27:10:1";"Exp60_300_IS33423";"Exp60_300_IS33423";NA;"2023-10-14 13:02:00";0
"866117";"27:10:1";"Exp60_300_IS33423";"Exp60_300_IS33423";NA;"2023-10-14 13:16:00";0
"866118";"27:10:1";"Exp60_300_IS33423";"Exp60_300_IS33423";NA;"2023-10-14 13:32:00";0
"866119";"27:10:1";"Exp60_300_IS33423";"Exp60_300_IS33423";NA;"2023-10-14 13:46:00";0
"866120";"27:10:1";"Exp60_300_IS33423";"Exp60_300_IS33423";NA;"2023-10-14 19:31:00";0
"866121";"27:10:1";"Exp60_300_IS33423";"Exp60_300_IS33423";NA;"2023-10-15 02:01:00";0
"866122";"27:10:1";"Exp60_300_IS33423";"Exp60_300_IS33423";NA;"2023-10-15 02:17:00";0
"866123";"27:10:1";"Exp60_300_IS33423";"Exp60_300_IS33423";NA;"2023-10-15 02:31:00";0
"866124";"27:10:1";"Exp60_300_IS33423";"Exp60_300_IS33423";NA;"2023-10-15 02:47:00";0
"866125";"27:10:1";"Exp60_300_IS33423";"Exp60_300_IS33423";NA;"2023-10-15 03:01:00";0
"866126";"27:10:1";"Exp60_300_IS33423";"Exp60_300_IS33423";NA;"2023-10-15 03:17:00";0
"866127";"27:10:1";"Exp60_300_IS33423";"Exp60_300_IS33423";NA;"2023-10-15 03:31:00";0
"866128";"27:10:1";"Exp60_300_IS33423";"Exp60_300_IS33423";NA;"2023-10-15 03:47:00";0
"866129";"27:10:1";"Exp60_300_IS33423";"Exp60_300_IS33423";NA;"2023-10-15 04:01:00";0
"866130";"27:10:1";"Exp60_300_IS33423";"Exp60_300_IS33423";NA;"2023-10-15 04:32:00";0
"866131";"27:10:1";"Exp60_300_IS33423";"Exp60_300_IS33423";NA;"2023-10-15 04:46:00";0
"866132";"27:10:1";"Exp60_300_IS33423";"Exp60_300_IS33423";NA;"2023-10-15 05:32:00";0
"866133";"27:10:1";"Exp60_300_IS33423";"Exp60_300_IS33423";NA;"2023-10-15 05:46:00";0
"866134";"27:10:1";"Exp60_300_IS33423";"Exp60_300_IS33423";NA;"2023-10-15 06:17:00";0
"866135";"27:10:1";"Exp60_300_IS33423";"Exp60_300_IS33423";NA;"2023-10-15 06:31:00";0
"866136";"27:10:1";"Exp60_300_IS33423";"Exp60_300_IS33423";NA;"2023-10-15 07:02:00";0
"866137";"27:10:1";"Exp60_300_IS33423";"Exp60_300_IS33423";NA;"2023-10-15 07:16:00";0
"866138";"27:10:1";"Exp60_300_IS33423";"Exp60_300_IS33423";NA;"2023-10-15 07:32:00";0
"866139";"27:10:1";"Exp60_300_IS33423";"Exp60_300_IS33423";NA;"2023-10-15 07:46:00";0
"866140";"27:10:1";"Exp60_300_IS33423";"Exp60_300_IS33423";NA;"2023-10-15 08:17:00";0
"866141";"27:10:1";"Exp60_300_IS33423";"Exp60_300_IS33423";NA;"2023-10-15 08:31:00";0
"866142";"27:10:1";"Exp60_300_IS33423";"Exp60_300_IS33423";NA;"2023-10-15 08:47:00";0
"866143";"27:10:1";"Exp60_300_IS33423";"Exp60_300_IS33423";NA;"2023-10-15 09:01:00";0
"866144";"27:10:1";"Exp60_300_IS33423";"Exp60_300_IS33423";NA;"2023-10-15 09:17:00";0
"866145";"27:10:1";"Exp60_300_IS33423";"Exp60_300_IS33423";NA;"2023-10-15 09:31:00";0
"866146";"27:10:1";"Exp60_300_IS33423";"Exp60_300_IS33423";NA;"2023-10-15 09:47:00";0
"866147";"27:10:1";"Exp60_300_IS33423";"Exp60_300_IS33423";NA;"2023-10-15 10:01:00";0
"866148";"27:10:1";"Exp60_300_IS33423";"Exp60_300_IS33423";NA;"2023-10-15 10:17:00";0
"866149";"27:10:1";"Exp60_300_IS33423";"Exp60_300_IS33423";NA;"2023-10-15 10:31:00";0
"866150";"27:10:1";"Exp60_300_IS33423";"Exp60_300_IS33423";NA;"2023-10-15 10:47:00";0
"866151";"27:10:1";"Exp60_300_IS33423";"Exp60_300_IS33423";NA;"2023-10-15 11:01:00";0
"866152";"27:10:1";"Exp60_300_IS33423";"Exp60_300_IS33423";NA;"2023-10-15 18:01:00";0
"866153";"27:10:1";"Exp60_300_IS33423";"Exp60_300_IS33423";NA;"2023-10-15 18:17:00";0
"866154";"27:10:1";"Exp60_300_IS33423";"Exp60_300_IS33423";NA;"2023-10-15 18:31:00";0
"866155";"27:10:1";"Exp60_300_IS33423";"Exp60_300_IS33423";NA;"2023-10-15 18:47:00";0
"866156";"27:10:1";"Exp60_300_IS33423";"Exp60_300_IS33423";NA;"2023-10-15 19:01:00";0
"866157";"27:10:1";"Exp60_300_IS33423";"Exp60_300_IS33423";NA;"2023-10-15 19:17:00";0
"866158";"27:10:1";"Exp60_300_IS33423";"Exp60_300_IS33423";NA;"2023-10-15 19:31:00";0
"866159";"27:10:1";"Exp60_300_IS33423";"Exp60_300_IS33423";NA;"2023-10-16 03:46:00";0
"866160";"27:10:1";"Exp60_300_IS33423";"Exp60_300_IS33423";NA;"2023-10-16 04:02:00";0
"866161";"27:10:1";"Exp60_300_IS33423";"Exp60_300_IS33423";NA;"2023-10-16 04:16:00";0
"866162";"27:10:1";"Exp60_300_IS33423";"Exp60_300_IS33423";NA;"2023-10-16 04:32:00";0
"866163";"27:10:1";"Exp60_300_IS33423";"Exp60_300_IS33423";NA;"2023-10-16 04:46:00";0
"866164";"27:10:1";"Exp60_300_IS33423";"Exp60_300_IS33423";NA;"2023-10-16 05:02:00";0
"866165";"27:10:1";"Exp60_300_IS33423";"Exp60_300_IS33423";NA;"2023-10-16 05:16:00";0
"866166";"27:10:1";"Exp60_300_IS33423";"Exp60_300_IS33423";NA;"2023-10-16 05:32:00";0
"866167";"27:10:1";"Exp60_300_IS33423";"Exp60_300_IS33423";NA;"2023-10-16 05:46:00";0
"866168";"27:10:1";"Exp60_300_IS33423";"Exp60_300_IS33423";NA;"2023-10-16 06:02:00";0
"866169";"27:10:1";"Exp60_300_IS33423";"Exp60_300_IS33423";NA;"2023-10-16 06:16:00";0
"866170";"27:10:1";"Exp60_300_IS33423";"Exp60_300_IS33423";NA;"2023-10-16 06:32:00";0
"866171";"27:10:1";"Exp60_300_IS33423";"Exp60_300_IS33423";NA;"2023-10-16 06:46:00";0
"866172";"27:10:1";"Exp60_300_IS33423";"Exp60_300_IS33423";NA;"2023-10-16 07:02:00";0
"866173";"27:10:1";"Exp60_300_IS33423";"Exp60_300_IS33423";NA;"2023-10-16 07:16:00";0
"866174";"27:10:1";"Exp60_300_IS33423";"Exp60_300_IS33423";NA;"2023-10-16 07:47:00";0
"866175";"27:10:1";"Exp60_300_IS33423";"Exp60_300_IS33423";NA;"2023-10-16 08:01:00";0
"866176";"27:10:1";"Exp60_300_IS33423";"Exp60_300_IS33423";NA;"2023-10-16 08:17:00";0
"866177";"27:10:1";"Exp60_300_IS33423";"Exp60_300_IS33423";NA;"2023-10-16 08:31:00";0
"866178";"27:10:1";"Exp60_300_IS33423";"Exp60_300_IS33423";NA;"2023-10-16 08:47:00";0
"866179";"27:10:1";"Exp60_300_IS33423";"Exp60_300_IS33423";NA;"2023-10-16 09:01:00";0
"866180";"27:10:1";"Exp60_300_IS33423";"Exp60_300_IS33423";NA;"2023-10-16 09:17:00";0
"866181";"27:10:1";"Exp60_300_IS33423";"Exp60_300_IS33423";NA;"2023-10-16 09:31:00";0
"866182";"27:10:1";"Exp60_300_IS33423";"Exp60_300_IS33423";NA;"2023-10-16 09:47:00";0
"866183";"27:10:1";"Exp60_300_IS33423";"Exp60_300_IS33423";NA;"2023-10-16 10:01:00";0
"866184";"27:10:1";"Exp60_300_IS33423";"Exp60_300_IS33423";NA;"2023-10-16 10:17:00";0
"866185";"27:10:1";"Exp60_300_IS33423";"Exp60_300_IS33423";NA;"2023-10-16 10:31:00";0
"866186";"27:10:1";"Exp60_300_IS33423";"Exp60_300_IS33423";NA;"2023-10-16 10:47:00";0
"866187";"27:10:1";"Exp60_300_IS33423";"Exp60_300_IS33423";NA;"2023-10-16 11:01:00";0
"866188";"27:10:1";"Exp60_300_IS33423";"Exp60_300_IS33423";NA;"2023-10-16 11:32:00";0
"866189";"27:10:1";"Exp60_300_IS33423";"Exp60_300_IS33423";NA;"2023-10-16 11:46:00";0
"866190";"27:10:1";"Exp60_300_IS33423";"Exp60_300_IS33423";NA;"2023-10-16 12:17:00";0
"866191";"27:10:1";"Exp60_300_IS33423";"Exp60_300_IS33423";NA;"2023-10-16 12:31:00";0
"866192";"27:10:1";"Exp60_300_IS33423";"Exp60_300_IS33423";NA;"2023-10-16 13:02:00";0
"866193";"27:10:1";"Exp60_300_IS33423";"Exp60_300_IS33423";NA;"2023-10-16 13:16:00";0
"866194";"27:10:1";"Exp60_300_IS33423";"Exp60_300_IS33423";NA;"2023-10-16 13:32:00";0
"866195";"27:10:1";"Exp60_300_IS33423";"Exp60_300_IS33423";NA;"2023-10-16 13:46:00";0
"866196";"27:10:1";"Exp60_300_IS33423";"Exp60_300_IS33423";NA;"2023-10-16 14:02:00";0
"866197";"27:10:1";"Exp60_300_IS33423";"Exp60_300_IS33423";NA;"2023-10-16 14:16:00";0
"866198";"27:10:1";"Exp60_300_IS33423";"Exp60_300_IS33423";NA;"2023-10-16 14:32:00";0
"866199";"27:10:1";"Exp60_300_IS33423";"Exp60_300_IS33423";NA;"2023-10-16 14:46:00";0
"866200";"27:10:1";"Exp60_300_IS33423";"Exp60_300_IS33423";NA;"2023-10-16 22:16:00";0
"866201";"27:10:1";"Exp60_300_IS33423";"Exp60_300_IS33423";NA;"2023-10-16 22:32:00";0
"866202";"27:10:1";"Exp60_300_IS33423";"Exp60_300_IS33423";NA;"2023-10-16 22:46:00";0
"866203";"27:10:1";"Exp60_300_IS33423";"Exp60_300_IS33423";NA;"2023-10-17 05:46:00";0
"866204";"27:10:1";"Exp60_300_IS33423";"Exp60_300_IS33423";NA;"2023-10-17 06:02:00";0
"866205";"27:10:1";"Exp60_300_IS33423";"Exp60_300_IS33423";NA;"2023-10-17 06:16:00";0
"866206";"27:10:1";"Exp60_300_IS33423";"Exp60_300_IS33423";NA;"2023-10-17 06:32:00";0
"866207";"27:10:1";"Exp60_300_IS33423";"Exp60_300_IS33423";NA;"2023-10-17 06:46:00";0
"866208";"27:10:1";"Exp60_300_IS33423";"Exp60_300_IS33423";NA;"2023-10-17 12:46:00";0
"866209";"27:10:1";"Exp60_300_IS33423";"Exp60_300_IS33423";NA;"2023-10-17 13:02:00";0
"866210";"27:10:1";"Exp60_300_IS33423";"Exp60_300_IS33423";NA;"2023-10-17 13:16:00";0
"866211";"27:10:1";"Exp60_300_IS33423";"Exp60_300_IS33423";NA;"2023-10-17 13:32:00";0
"866212";"27:10:1";"Exp60_300_IS33423";"Exp60_300_IS33423";NA;"2023-10-17 13:46:00";0
"866213";"27:10:1";"Exp60_300_IS33423";"Exp60_300_IS33423";NA;"2023-10-17 14:02:00";0
"866214";"27:10:1";"Exp60_300_IS33423";"Exp60_300_IS33423";NA;"2023-10-17 14:16:00";0
"866215";"27:10:1";"Exp60_300_IS33423";"Exp60_300_IS33423";NA;"2023-10-17 14:32:00";0
"866216";"27:10:1";"Exp60_300_IS33423";"Exp60_300_IS33423";NA;"2023-10-17 14:46:00";0
"866217";"27:10:1";"Exp60_300_IS33423";"Exp60_300_IS33423";NA;"2023-10-17 15:17:00";0
"866218";"27:10:1";"Exp60_300_IS33423";"Exp60_300_IS33423";NA;"2023-10-17 15:31:00";0
"866219";"27:10:1";"Exp60_300_IS33423";"Exp60_300_IS33423";NA;"2023-10-17 16:17:00";0
"866220";"27:10:1";"Exp60_300_IS33423";"Exp60_300_IS33423";NA;"2023-10-17 16:31:00";0
"866221";"27:10:1";"Exp60_300_IS33423";"Exp60_300_IS33423";NA;"2023-10-17 16:47:00";0
"866222";"27:10:1";"Exp60_300_IS33423";"Exp60_300_IS33423";NA;"2023-10-17 17:01:00";0
"866223";"27:10:1";"Exp60_300_IS33423";"Exp60_300_IS33423";NA;"2023-10-17 18:32:00";0
"866224";"27:10:1";"Exp60_300_IS33423";"Exp60_300_IS33423";NA;"2023-10-17 18:46:00";0
"866225";"27:10:1";"Exp60_300_IS33423";"Exp60_300_IS33423";NA;"2023-10-17 19:02:00";0
"866226";"27:10:1";"Exp60_300_IS33423";"Exp60_300_IS33423";NA;"2023-10-17 19:16:00";0
"866227";"27:10:1";"Exp60_300_IS33423";"Exp60_300_IS33423";NA;"2023-10-17 19:32:00";0
"866228";"27:10:1";"Exp60_300_IS33423";"Exp60_300_IS33423";NA;"2023-10-17 19:46:00";0
"866229";"27:10:1";"Exp60_300_IS33423";"Exp60_300_IS33423";NA;"2023-10-18 01:31:00";0
"866230";"27:10:1";"Exp60_300_IS33423";"Exp60_300_IS33423";NA;"2023-10-18 02:02:00";0
"866231";"27:10:1";"Exp60_300_IS33423";"Exp60_300_IS33423";NA;"2023-10-18 02:16:00";0
"866232";"27:10:1";"Exp60_300_IS33423";"Exp60_300_IS33423";NA;"2023-10-18 02:32:00";0
"866233";"27:10:1";"Exp60_300_IS33423";"Exp60_300_IS33423";NA;"2023-10-18 02:46:00";0
"866234";"27:10:1";"Exp60_300_IS33423";"Exp60_300_IS33423";NA;"2023-10-18 03:02:00";0
"866235";"27:10:1";"Exp60_300_IS33423";"Exp60_300_IS33423";NA;"2023-10-18 03:16:00";0
"866236";"27:10:1";"Exp60_300_IS33423";"Exp60_300_IS33423";NA;"2023-10-18 03:32:00";0
"866237";"27:10:1";"Exp60_300_IS33423";"Exp60_300_IS33423";NA;"2023-10-18 04:01:00";0
"866238";"27:10:1";"Exp60_300_IS33423";"Exp60_300_IS33423";NA;"2023-10-18 04:17:00";0
"866239";"27:10:1";"Exp60_300_IS33423";"Exp60_300_IS33423";NA;"2023-10-18 04:31:00";0
"866240";"27:10:1";"Exp60_300_IS33423";"Exp60_300_IS33423";NA;"2023-10-18 04:47:00";0
"866241";"27:10:1";"Exp60_300_IS33423";"Exp60_300_IS33423";NA;"2023-10-18 05:01:00";0
"866242";"27:10:1";"Exp60_300_IS33423";"Exp60_300_IS33423";NA;"2023-10-18 05:17:00";0
"866243";"27:10:1";"Exp60_300_IS33423";"Exp60_300_IS33423";NA;"2023-10-18 05:31:00";0
"866244";"27:10:1";"Exp60_300_IS33423";"Exp60_300_IS33423";NA;"2023-10-18 05:47:00";0
"866245";"27:10:1";"Exp60_300_IS33423";"Exp60_300_IS33423";NA;"2023-10-18 06:01:00";0
"866246";"27:10:1";"Exp60_300_IS33423";"Exp60_300_IS33423";NA;"2023-10-18 06:17:00";0
"866247";"27:10:1";"Exp60_300_IS33423";"Exp60_300_IS33423";NA;"2023-10-18 06:31:00";0
"866248";"27:10:1";"Exp60_300_IS33423";"Exp60_300_IS33423";NA;"2023-10-18 07:32:00";0
"866249";"27:10:1";"Exp60_300_IS33423";"Exp60_300_IS33423";NA;"2023-10-18 07:46:00";0
"866250";"27:10:1";"Exp60_300_IS33423";"Exp60_300_IS33423";NA;"2023-10-18 08:02:00";0
"866251";"27:10:1";"Exp60_300_IS33423";"Exp60_300_IS33423";NA;"2023-10-18 08:16:00";0
"866252";"27:10:1";"Exp60_300_IS33423";"Exp60_300_IS33423";NA;"2023-10-18 08:47:00";0
"866253";"27:10:1";"Exp60_300_IS33423";"Exp60_300_IS33423";NA;"2023-10-18 09:01:00";0
"866254";"27:10:1";"Exp60_300_IS33423";"Exp60_300_IS33423";NA;"2023-10-18 09:17:00";0
"866255";"27:10:1";"Exp60_300_IS33423";"Exp60_300_IS33423";NA;"2023-10-18 09:31:00";0
"866256";"27:10:1";"Exp60_300_IS33423";"Exp60_300_IS33423";NA;"2023-10-18 15:31:00";0
"866257";"27:10:1";"Exp60_300_IS33423";"Exp60_300_IS33423";NA;"2023-10-18 16:32:00";0
"866258";"27:10:1";"Exp60_300_IS33423";"Exp60_300_IS33423";NA;"2023-10-18 16:46:00";0
"866259";"27:10:1";"Exp60_300_IS33423";"Exp60_300_IS33423";NA;"2023-10-18 17:02:00";0
"866260";"27:10:1";"Exp60_300_IS33423";"Exp60_300_IS33423";NA;"2023-10-18 17:16:00";0
"866261";"27:10:1";"Exp60_300_IS33423";"Exp60_300_IS33423";NA;"2023-10-18 17:32:00";0
"866262";"27:10:1";"Exp60_300_IS33423";"Exp60_300_IS33423";NA;"2023-10-18 17:46:00";0
"866263";"27:10:1";"Exp60_300_IS33423";"Exp60_300_IS33423";NA;"2023-10-18 18:02:00";0
"866264";"27:10:1";"Exp60_300_IS33423";"Exp60_300_IS33423";NA;"2023-10-18 18:16:00";0
"866265";"27:10:1";"Exp60_300_IS33423";"Exp60_300_IS33423";NA;"2023-10-18 18:32:00";0
"866266";"27:10:1";"Exp60_300_IS33423";"Exp60_300_IS33423";NA;"2023-10-18 18:46:00";0
"866267";"27:10:1";"Exp60_300_IS33423";"Exp60_300_IS33423";NA;"2023-10-19 01:16:00";0
"866268";"27:10:1";"Exp60_300_IS33423";"Exp60_300_IS33423";NA;"2023-10-19 01:32:00";0
"866269";"27:10:1";"Exp60_300_IS33423";"Exp60_300_IS33423";NA;"2023-10-19 01:46:00";0
"866270";"27:10:1";"Exp60_300_IS33423";"Exp60_300_IS33423";NA;"2023-10-19 02:02:00";0
"866271";"27:10:1";"Exp60_300_IS33423";"Exp60_300_IS33423";NA;"2023-10-19 02:16:00";0
"866272";"27:10:1";"Exp60_300_IS33423";"Exp60_300_IS33423";NA;"2023-10-19 02:32:00";0
"866273";"27:10:1";"Exp60_300_IS33423";"Exp60_300_IS33423";NA;"2023-10-19 02:46:00";0
"866274";"27:10:1";"Exp60_300_IS33423";"Exp60_300_IS33423";NA;"2023-10-19 03:17:00";0
"866275";"27:10:1";"Exp60_300_IS33423";"Exp60_300_IS33423";NA;"2023-10-19 03:31:00";0
"866276";"27:10:1";"Exp60_300_IS33423";"Exp60_300_IS33423";NA;"2023-10-19 03:47:00";0
"866277";"27:10:1";"Exp60_300_IS33423";"Exp60_300_IS33423";NA;"2023-10-19 04:01:00";0
"866278";"27:10:1";"Exp60_300_IS33423";"Exp60_300_IS33423";NA;"2023-10-19 04:17:00";0
"866279";"27:10:1";"Exp60_300_IS33423";"Exp60_300_IS33423";NA;"2023-10-19 04:31:00";0
"866280";"27:10:1";"Exp60_300_IS33423";"Exp60_300_IS33423";NA;"2023-10-19 04:47:00";0
"866281";"27:10:1";"Exp60_300_IS33423";"Exp60_300_IS33423";NA;"2023-10-19 05:01:00";0
"866282";"27:10:1";"Exp60_300_IS33423";"Exp60_300_IS33423";NA;"2023-10-19 05:17:00";0
"866283";"27:10:1";"Exp60_300_IS33423";"Exp60_300_IS33423";NA;"2023-10-19 05:31:00";0
"866284";"27:10:1";"Exp60_300_IS33423";"Exp60_300_IS33423";NA;"2023-10-19 05:47:00";0
"866285";"27:10:1";"Exp60_300_IS33423";"Exp60_300_IS33423";NA;"2023-10-19 06:01:00";0
"866286";"27:10:1";"Exp60_300_IS33423";"Exp60_300_IS33423";NA;"2023-10-19 06:17:00";0
"866287";"27:10:1";"Exp60_300_IS33423";"Exp60_300_IS33423";NA;"2023-10-19 06:31:00";0
"866288";"27:10:1";"Exp60_300_IS33423";"Exp60_300_IS33423";NA;"2023-10-19 06:47:00";0
"866289";"27:10:1";"Exp60_300_IS33423";"Exp60_300_IS33423";NA;"2023-10-19 07:01:00";0
"866290";"27:10:1";"Exp60_300_IS33423";"Exp60_300_IS33423";NA;"2023-10-19 13:46:00";0
"866291";"27:10:1";"Exp60_300_IS33423";"Exp60_300_IS33423";NA;"2023-10-19 14:02:00";0
"866292";"27:10:1";"Exp60_300_IS33423";"Exp60_300_IS33423";NA;"2023-10-19 14:16:00";0
"866293";"27:10:1";"Exp60_300_IS33423";"Exp60_300_IS33423";NA;"2023-10-19 14:32:00";0
"866294";"27:10:1";"Exp60_300_IS33423";"Exp60_300_IS33423";NA;"2023-10-19 14:46:00";0
"866295";"27:10:1";"Exp60_300_IS33423";"Exp60_300_IS33423";NA;"2023-10-19 15:02:00";0
"866296";"27:10:1";"Exp60_300_IS33423";"Exp60_300_IS33423";NA;"2023-10-19 15:16:00";0
"866297";"27:10:1";"Exp60_300_IS33423";"Exp60_300_IS33423";NA;"2023-10-19 15:32:00";0
"866298";"27:10:1";"Exp60_300_IS33423";"Exp60_300_IS33423";NA;"2023-10-19 15:46:00";0
"866299";"27:10:1";"Exp60_300_IS33423";"Exp60_300_IS33423";NA;"2023-10-19 16:02:00";0
"866300";"27:10:1";"Exp60_300_IS33423";"Exp60_300_IS33423";NA;"2023-10-19 16:16:00";0
"866301";"27:10:1";"Exp60_300_IS33423";"Exp60_300_IS33423";NA;"2023-10-19 16:47:00";0
"866302";"27:10:1";"Exp60_300_IS33423";"Exp60_300_IS33423";NA;"2023-10-19 17:01:00";0
"866303";"27:10:1";"Exp60_300_IS33423";"Exp60_300_IS33423";NA;"2023-10-19 17:17:00";0
"866304";"27:10:1";"Exp60_300_IS33423";"Exp60_300_IS33423";NA;"2023-10-19 17:31:00";0
"866305";"27:10:1";"Exp60_300_IS33423";"Exp60_300_IS33423";NA;"2023-10-19 17:47:00";0
"866306";"27:10:1";"Exp60_300_IS33423";"Exp60_300_IS33423";NA;"2023-10-19 18:01:00";0
"866307";"27:10:1";"Exp60_300_IS33423";"Exp60_300_IS33423";NA;"2023-10-20 01:31:00";0
"866308";"27:10:1";"Exp60_300_IS33423";"Exp60_300_IS33423";NA;"2023-10-20 01:47:00";0
"866309";"27:10:1";"Exp60_300_IS33423";"Exp60_300_IS33423";NA;"2023-10-20 02:01:00";0
"866310";"27:10:1";"Exp60_300_IS33423";"Exp60_300_IS33423";NA;"2023-10-20 02:17:00";0
"866311";"27:10:1";"Exp60_300_IS33423";"Exp60_300_IS33423";NA;"2023-10-20 02:31:00";0
"866312";"27:10:1";"Exp60_300_IS33423";"Exp60_300_IS33423";NA;"2023-10-20 02:47:00";0
"866313";"27:10:1";"Exp60_300_IS33423";"Exp60_300_IS33423";NA;"2023-10-20 03:01:00";0
"866314";"27:10:1";"Exp60_300_IS33423";"Exp60_300_IS33423";NA;"2023-10-20 03:47:00";0
"866315";"27:10:1";"Exp60_300_IS33423";"Exp60_300_IS33423";NA;"2023-10-20 04:01:00";0
"866316";"27:10:1";"Exp60_300_IS33423";"Exp60_300_IS33423";NA;"2023-10-20 04:32:00";0
"866317";"27:10:1";"Exp60_300_IS33423";"Exp60_300_IS33423";NA;"2023-10-20 04:46:00";0
"866318";"27:10:1";"Exp60_300_IS33423";"Exp60_300_IS33423";NA;"2023-10-20 05:02:00";0
"866319";"27:10:1";"Exp60_300_IS33423";"Exp60_300_IS33423";NA;"2023-10-20 05:16:00";0
"866320";"27:10:1";"Exp60_300_IS33423";"Exp60_300_IS33423";NA;"2023-10-20 05:32:00";0
"866321";"27:10:1";"Exp60_300_IS33423";"Exp60_300_IS33423";NA;"2023-10-20 05:46:00";0
"866322";"27:10:1";"Exp60_300_IS33423";"Exp60_300_IS33423";NA;"2023-10-20 06:02:00";0
"866323";"27:10:1";"Exp60_300_IS33423";"Exp60_300_IS33423";NA;"2023-10-20 06:16:00";0
"866324";"27:10:1";"Exp60_300_IS33423";"Exp60_300_IS33423";NA;"2023-10-20 06:32:00";0
"866325";"27:10:1";"Exp60_300_IS33423";"Exp60_300_IS33423";NA;"2023-10-20 06:46:00";0
"866326";"27:10:1";"Exp60_300_IS33423";"Exp60_300_IS33423";NA;"2023-10-20 07:02:00";0
"866327";"27:10:1";"Exp60_300_IS33423";"Exp60_300_IS33423";NA;"2023-10-20 07:16:00";0
"866328";"27:10:1";"Exp60_300_IS33423";"Exp60_300_IS33423";NA;"2023-10-20 07:47:00";17536,7
"866329";"27:10:1";"Exp60_300_IS33423";"Exp60_300_IS33423";NA;"2023-10-20 08:01:00";17484,8
"866330";"27:10:1";"Exp60_300_IS33423";"Exp60_300_IS33423";NA;"2023-10-20 08:17:00";17478,9
"866331";"27:10:1";"Exp60_300_IS33423";"Exp60_300_IS33423";NA;"2023-10-20 08:31:00";17411,9
"866332";"27:10:1";"Exp60_300_IS33423";"Exp60_300_IS33423";NA;"2023-10-20 08:47:00";17387,6
"866333";"27:10:1";"Exp60_300_IS33423";"Exp60_300_IS33423";NA;"2023-10-20 09:01:00";17339,7
"866334";"27:10:1";"Exp60_300_IS33423";"Exp60_300_IS33423";NA;"2023-10-20 13:46:00";16737,1
"866335";"27:10:1";"Exp60_300_IS33423";"Exp60_300_IS33423";NA;"2023-10-20 15:31:00";16803,1
"866336";"27:10:1";"Exp60_300_IS33423";"Exp60_300_IS33423";NA;"2023-10-20 15:47:00";16830
"866337";"27:10:1";"Exp60_300_IS33423";"Exp60_300_IS33423";NA;"2023-10-20 16:01:00";16853,4
"866338";"27:10:1";"Exp60_300_IS33423";"Exp60_300_IS33423";NA;"2023-10-20 16:17:00";16868,3
"866339";"27:10:1";"Exp60_300_IS33423";"Exp60_300_IS33423";NA;"2023-10-20 16:31:00";16890,6
"866340";"27:10:1";"Exp60_300_IS33423";"Exp60_300_IS33423";NA;"2023-10-20 16:47:00";16919,8
"866341";"27:10:1";"Exp60_300_IS33423";"Exp60_300_IS33423";NA;"2023-10-20 17:01:00";16946,6
"866342";"27:10:1";"Exp60_300_IS33423";"Exp60_300_IS33423";NA;"2023-10-20 23:31:00";17311,5
"866343";"27:10:1";"Exp60_300_IS33423";"Exp60_300_IS33423";NA;"2023-10-20 23:47:00";17342,5
"866344";"27:10:1";"Exp60_300_IS33423";"Exp60_300_IS33423";NA;"2023-10-21 00:01:00";17312,2
"866345";"27:10:1";"Exp60_300_IS33423";"Exp60_300_IS33423";NA;"2023-10-21 00:17:00";17324,2
"866346";"27:10:1";"Exp60_300_IS33423";"Exp60_300_IS33423";NA;"2023-10-21 00:31:00";17330,3
"866347";"27:10:1";"Exp60_300_IS33423";"Exp60_300_IS33423";NA;"2023-10-21 01:17:00";17388,4
"866348";"27:10:1";"Exp60_300_IS33423";"Exp60_300_IS33423";NA;"2023-10-21 01:31:00";17375,8
"866349";"27:10:1";"Exp60_300_IS33423";"Exp60_300_IS33423";NA;"2023-10-21 01:47:00";17375
"866350";"27:10:1";"Exp60_300_IS33423";"Exp60_300_IS33423";NA;"2023-10-21 02:01:00";17359,6
"866351";"27:10:1";"Exp60_300_IS33423";"Exp60_300_IS33423";NA;"2023-10-21 08:31:00";17366,7
"866352";"27:10:1";"Exp60_300_IS33423";"Exp60_300_IS33423";NA;"2023-10-21 08:47:00";17310,8
"866353";"27:10:1";"Exp60_300_IS33423";"Exp60_300_IS33423";NA;"2023-10-21 09:01:00";17269
"866354";"27:10:1";"Exp60_300_IS33423";"Exp60_300_IS33423";NA;"2023-10-21 09:17:00";17206,7
"866355";"27:10:1";"Exp60_300_IS33423";"Exp60_300_IS33423";NA;"2023-10-21 09:31:00";17147,6
"866356";"27:10:1";"Exp60_300_IS33423";"Exp60_300_IS33423";NA;"2023-10-21 09:47:00";17119,7
"866357";"27:10:1";"Exp60_300_IS33423";"Exp60_300_IS33423";NA;"2023-10-21 10:01:00";17062,2
"866358";"27:10:1";"Exp60_300_IS33423";"Exp60_300_IS33423";NA;"2023-10-21 10:32:00";16966,7
"866359";"27:10:1";"Exp60_300_IS33423";"Exp60_300_IS33423";NA;"2023-10-21 10:46:00";16897,1
"866360";"27:10:1";"Exp60_300_IS33423";"Exp60_300_IS33423";NA;"2023-10-21 17:01:00";0
"866361";"27:10:1";"Exp60_300_IS33423";"Exp60_300_IS33423";NA;"2023-10-21 17:32:00";0
"866362";"27:10:1";"Exp60_300_IS33423";"Exp60_300_IS33423";NA;"2023-10-21 17:46:00";0
"866363";"27:10:1";"Exp60_300_IS33423";"Exp60_300_IS33423";NA;"2023-10-21 18:02:00";0
"866364";"27:10:1";"Exp60_300_IS33423";"Exp60_300_IS33423";NA;"2023-10-21 18:16:00";0
"866365";"27:10:1";"Exp60_300_IS33423";"Exp60_300_IS33423";NA;"2023-10-21 18:32:00";0
"866366";"27:10:1";"Exp60_300_IS33423";"Exp60_300_IS33423";NA;"2023-10-21 18:46:00";0
"866367";"27:10:1";"Exp60_300_IS33423";"Exp60_300_IS33423";NA;"2023-10-21 19:02:00";0
"866368";"27:10:1";"Exp60_300_IS33423";"Exp60_300_IS33423";NA;"2023-10-21 19:16:00";0
"866369";"27:10:1";"Exp60_300_IS33423";"Exp60_300_IS33423";NA;"2023-10-21 19:32:00";0
"866370";"27:10:1";"Exp60_300_IS33423";"Exp60_300_IS33423";NA;"2023-10-21 19:46:00";0
"866371";"27:10:1";"Exp60_300_IS33423";"Exp60_300_IS33423";NA;"2023-10-21 20:02:00";0
"866372";"27:10:1";"Exp60_300_IS33423";"Exp60_300_IS33423";NA;"2023-10-21 20:16:00";0
"866373";"27:10:1";"Exp60_300_IS33423";"Exp60_300_IS33423";NA;"2023-10-21 20:32:00";0
"866374";"27:10:1";"Exp60_300_IS33423";"Exp60_300_IS33423";NA;"2023-10-21 20:46:00";0
"866375";"27:10:2";"Exp60_123_IS15478";"Exp60_123_IS15478";NA;"2023-09-22 10:17:00";-197443
"866376";"27:10:2";"Exp60_123_IS15478";"Exp60_123_IS15478";NA;"2023-09-22 10:31:00";-198320
"866377";"27:10:2";"Exp60_123_IS15478";"Exp60_123_IS15478";NA;"2023-09-22 10:47:00";-199651
"866378";"27:10:2";"Exp60_123_IS15478";"Exp60_123_IS15478";NA;"2023-09-22 11:01:00";-200822
"866379";"27:10:2";"Exp60_123_IS15478";"Exp60_123_IS15478";NA;"2023-09-22 11:32:00";-201920
"866380";"27:10:2";"Exp60_123_IS15478";"Exp60_123_IS15478";NA;"2023-09-22 11:46:00";-204035
"866381";"27:10:2";"Exp60_123_IS15478";"Exp60_123_IS15478";NA;"2023-09-22 12:02:00";-205580
"866382";"27:10:2";"Exp60_123_IS15478";"Exp60_123_IS15478";NA;"2023-09-22 12:16:00";-207829
"866383";"27:10:2";"Exp60_123_IS15478";"Exp60_123_IS15478";NA;"2023-09-22 12:32:00";-208771
"866384";"27:10:2";"Exp60_123_IS15478";"Exp60_123_IS15478";NA;"2023-09-22 12:46:00";-209703
"866385";"27:10:2";"Exp60_123_IS15478";"Exp60_123_IS15478";NA;"2023-09-22 13:02:00";-210445
"866386";"27:10:2";"Exp60_123_IS15478";"Exp60_123_IS15478";NA;"2023-09-22 13:16:00";-210617
"866387";"27:10:2";"Exp60_123_IS15478";"Exp60_123_IS15478";NA;"2023-09-22 13:32:00";-210287
"866388";"27:10:2";"Exp60_123_IS15478";"Exp60_123_IS15478";NA;"2023-09-22 13:46:00";-210205
"866389";"27:10:2";"Exp60_123_IS15478";"Exp60_123_IS15478";NA;"2023-09-22 20:31:00";-205456
"866390";"27:10:2";"Exp60_123_IS15478";"Exp60_123_IS15478";NA;"2023-09-22 20:47:00";-204885
"866391";"27:10:2";"Exp60_123_IS15478";"Exp60_123_IS15478";NA;"2023-09-22 21:01:00";-205036
"866392";"27:10:2";"Exp60_123_IS15478";"Exp60_123_IS15478";NA;"2023-09-22 21:17:00";-205256
"866393";"27:10:2";"Exp60_123_IS15478";"Exp60_123_IS15478";NA;"2023-09-22 21:31:00";-205113
"866394";"27:10:2";"Exp60_123_IS15478";"Exp60_123_IS15478";NA;"2023-09-22 21:47:00";-205197
"866395";"27:10:2";"Exp60_123_IS15478";"Exp60_123_IS15478";NA;"2023-09-22 22:01:00";-205390
"866396";"27:10:2";"Exp60_123_IS15478";"Exp60_123_IS15478";NA;"2023-09-22 22:17:00";-205313
"866397";"27:10:2";"Exp60_123_IS15478";"Exp60_123_IS15478";NA;"2023-09-22 22:31:00";-205761
"866398";"27:10:2";"Exp60_123_IS15478";"Exp60_123_IS15478";NA;"2023-09-22 22:47:00";-205795
"866399";"27:10:2";"Exp60_123_IS15478";"Exp60_123_IS15478";NA;"2023-09-22 23:01:00";-205903
"866400";"27:10:2";"Exp60_123_IS15478";"Exp60_123_IS15478";NA;"2023-09-22 23:17:00";-206446
"866401";"27:10:2";"Exp60_123_IS15478";"Exp60_123_IS15478";NA;"2023-09-22 23:31:00";-206632
"866402";"27:10:2";"Exp60_123_IS15478";"Exp60_123_IS15478";NA;"2023-09-22 23:47:00";-206789
"866403";"27:10:2";"Exp60_123_IS15478";"Exp60_123_IS15478";NA;"2023-09-23 00:01:00";-207180
"866404";"27:10:2";"Exp60_123_IS15478";"Exp60_123_IS15478";NA;"2023-09-23 00:17:00";-207986
"866405";"27:10:2";"Exp60_123_IS15478";"Exp60_123_IS15478";NA;"2023-09-23 01:01:00";-210047
"866406";"27:10:2";"Exp60_123_IS15478";"Exp60_123_IS15478";NA;"2023-09-23 01:17:00";-211329
"866407";"27:10:2";"Exp60_123_IS15478";"Exp60_123_IS15478";NA;"2023-09-23 01:31:00";-211951
"866408";"27:10:2";"Exp60_123_IS15478";"Exp60_123_IS15478";NA;"2023-09-23 01:47:00";-213585
"866409";"27:10:2";"Exp60_123_IS15478";"Exp60_123_IS15478";NA;"2023-09-23 02:01:00";-216536
"866410";"27:10:2";"Exp60_123_IS15478";"Exp60_123_IS15478";NA;"2023-09-23 02:17:00";-218975
"866411";"27:10:2";"Exp60_123_IS15478";"Exp60_123_IS15478";NA;"2023-09-23 02:31:00";-221827
"866412";"27:10:2";"Exp60_123_IS15478";"Exp60_123_IS15478";NA;"2023-09-23 02:47:00";-223409
"866413";"27:10:2";"Exp60_123_IS15478";"Exp60_123_IS15478";NA;"2023-09-23 03:01:00";-222612
"866414";"27:10:2";"Exp60_123_IS15478";"Exp60_123_IS15478";NA;"2023-09-23 03:17:00";-222998
"866415";"27:10:2";"Exp60_123_IS15478";"Exp60_123_IS15478";NA;"2023-09-23 03:31:00";-221751
"866416";"27:10:2";"Exp60_123_IS15478";"Exp60_123_IS15478";NA;"2023-09-23 03:47:00";-223508
"866417";"27:10:2";"Exp60_123_IS15478";"Exp60_123_IS15478";NA;"2023-09-23 04:16:00";-227701
"866418";"27:10:2";"Exp60_123_IS15478";"Exp60_123_IS15478";NA;"2023-09-23 04:32:00";-231151
"866419";"27:10:2";"Exp60_123_IS15478";"Exp60_123_IS15478";NA;"2023-09-23 04:46:00";-233600
"866420";"27:10:2";"Exp60_123_IS15478";"Exp60_123_IS15478";NA;"2023-09-23 05:02:00";-233676
"866421";"27:10:2";"Exp60_123_IS15478";"Exp60_123_IS15478";NA;"2023-09-23 05:16:00";-236581
"866422";"27:10:2";"Exp60_123_IS15478";"Exp60_123_IS15478";NA;"2023-09-23 05:32:00";-242151
"866423";"27:10:2";"Exp60_123_IS15478";"Exp60_123_IS15478";NA;"2023-09-23 05:46:00";-249127
"866424";"27:10:2";"Exp60_123_IS15478";"Exp60_123_IS15478";NA;"2023-09-23 06:02:00";-247786
"866425";"27:10:2";"Exp60_123_IS15478";"Exp60_123_IS15478";NA;"2023-09-23 06:16:00";-246421
"866426";"27:10:2";"Exp60_123_IS15478";"Exp60_123_IS15478";NA;"2023-09-23 06:32:00";-247285
"866427";"27:10:2";"Exp60_123_IS15478";"Exp60_123_IS15478";NA;"2023-09-23 06:46:00";-246454
"866428";"27:10:2";"Exp60_123_IS15478";"Exp60_123_IS15478";NA;"2023-09-23 07:02:00";-249998
"866429";"27:10:2";"Exp60_123_IS15478";"Exp60_123_IS15478";NA;"2023-09-23 07:16:00";-256161
"866430";"27:10:2";"Exp60_123_IS15478";"Exp60_123_IS15478";NA;"2023-09-23 07:32:00";-265122
"866431";"27:10:2";"Exp60_123_IS15478";"Exp60_123_IS15478";NA;"2023-09-23 07:46:00";-273034
"866432";"27:10:2";"Exp60_123_IS15478";"Exp60_123_IS15478";NA;"2023-09-23 08:02:00";-290063
"866433";"27:10:2";"Exp60_123_IS15478";"Exp60_123_IS15478";NA;"2023-09-23 08:16:00";-299498
"866434";"27:10:2";"Exp60_123_IS15478";"Exp60_123_IS15478";NA;"2023-09-23 08:32:00";-303662
"866435";"27:10:2";"Exp60_123_IS15478";"Exp60_123_IS15478";NA;"2023-09-23 08:46:00";-303662
"866436";"27:10:2";"Exp60_123_IS15478";"Exp60_123_IS15478";NA;"2023-09-23 09:02:00";-303662
"866437";"27:10:2";"Exp60_123_IS15478";"Exp60_123_IS15478";NA;"2023-09-23 09:16:00";-303662
"866438";"27:10:2";"Exp60_123_IS15478";"Exp60_123_IS15478";NA;"2023-09-23 14:01:00";-303662
"866439";"27:10:2";"Exp60_123_IS15478";"Exp60_123_IS15478";NA;"2023-09-23 14:17:00";-303662
"866440";"27:10:2";"Exp60_123_IS15478";"Exp60_123_IS15478";NA;"2023-09-23 14:31:00";-303662
"866441";"27:10:2";"Exp60_123_IS15478";"Exp60_123_IS15478";NA;"2023-09-23 14:47:00";-299048
"866442";"27:10:2";"Exp60_123_IS15478";"Exp60_123_IS15478";NA;"2023-09-23 15:01:00";-293208
"866443";"27:10:2";"Exp60_123_IS15478";"Exp60_123_IS15478";NA;"2023-09-23 15:32:00";-277974
"866444";"27:10:2";"Exp60_123_IS15478";"Exp60_123_IS15478";NA;"2023-09-23 15:46:00";-272653
"866445";"27:10:2";"Exp60_123_IS15478";"Exp60_123_IS15478";NA;"2023-09-23 16:17:00";-269166
"866446";"27:10:2";"Exp60_123_IS15478";"Exp60_123_IS15478";NA;"2023-09-23 16:31:00";-261505
"866447";"27:10:2";"Exp60_123_IS15478";"Exp60_123_IS15478";NA;"2023-09-23 16:47:00";-262119
"866448";"27:10:2";"Exp60_123_IS15478";"Exp60_123_IS15478";NA;"2023-09-23 17:01:00";-259034
"866449";"27:10:2";"Exp60_123_IS15478";"Exp60_123_IS15478";NA;"2023-09-23 17:17:00";-259679
"866450";"27:10:2";"Exp60_123_IS15478";"Exp60_123_IS15478";NA;"2023-09-23 17:31:00";-257277
"866451";"27:10:2";"Exp60_123_IS15478";"Exp60_123_IS15478";NA;"2023-09-23 17:47:00";-259267
"866452";"27:10:2";"Exp60_123_IS15478";"Exp60_123_IS15478";NA;"2023-09-23 18:01:00";-254277
"866453";"27:10:2";"Exp60_123_IS15478";"Exp60_123_IS15478";NA;"2023-09-23 18:17:00";-247967
"866454";"27:10:2";"Exp60_123_IS15478";"Exp60_123_IS15478";NA;"2023-09-23 18:31:00";-245333
"866455";"27:10:2";"Exp60_123_IS15478";"Exp60_123_IS15478";NA;"2023-09-23 18:47:00";-242539
"866456";"27:10:2";"Exp60_123_IS15478";"Exp60_123_IS15478";NA;"2023-09-23 19:01:00";-241553
"866457";"27:10:2";"Exp60_123_IS15478";"Exp60_123_IS15478";NA;"2023-09-23 19:17:00";-237254
"866458";"27:10:2";"Exp60_123_IS15478";"Exp60_123_IS15478";NA;"2023-09-23 19:31:00";-235513
"866459";"27:10:2";"Exp60_123_IS15478";"Exp60_123_IS15478";NA;"2023-09-23 20:02:00";-233342
"866460";"27:10:2";"Exp60_123_IS15478";"Exp60_123_IS15478";NA;"2023-09-23 20:16:00";-231018
"866461";"27:10:2";"Exp60_123_IS15478";"Exp60_123_IS15478";NA;"2023-09-23 20:32:00";-228579
"866462";"27:10:2";"Exp60_123_IS15478";"Exp60_123_IS15478";NA;"2023-09-23 20:46:00";-227369
"866463";"27:10:2";"Exp60_123_IS15478";"Exp60_123_IS15478";NA;"2023-09-23 21:02:00";-228222
"866464";"27:10:2";"Exp60_123_IS15478";"Exp60_123_IS15478";NA;"2023-09-23 21:16:00";-228045
"866465";"27:10:2";"Exp60_123_IS15478";"Exp60_123_IS15478";NA;"2023-09-23 21:32:00";-227792
"866466";"27:10:2";"Exp60_123_IS15478";"Exp60_123_IS15478";NA;"2023-09-23 21:46:00";-226221
"866467";"27:10:2";"Exp60_123_IS15478";"Exp60_123_IS15478";NA;"2023-09-23 22:02:00";-226379
"866468";"27:10:2";"Exp60_123_IS15478";"Exp60_123_IS15478";NA;"2023-09-23 22:16:00";-225309
"866469";"27:10:2";"Exp60_123_IS15478";"Exp60_123_IS15478";NA;"2023-09-23 23:17:00";-223266
"866470";"27:10:2";"Exp60_123_IS15478";"Exp60_123_IS15478";NA;"2023-09-23 23:31:00";-222460
"866471";"27:10:2";"Exp60_123_IS15478";"Exp60_123_IS15478";NA;"2023-09-23 23:47:00";-223624
"866472";"27:10:2";"Exp60_123_IS15478";"Exp60_123_IS15478";NA;"2023-09-24 00:01:00";-223005
"866473";"27:10:2";"Exp60_123_IS15478";"Exp60_123_IS15478";NA;"2023-09-24 00:17:00";-222450
"866474";"27:10:2";"Exp60_123_IS15478";"Exp60_123_IS15478";NA;"2023-09-24 00:31:00";-222669
"866475";"27:10:2";"Exp60_123_IS15478";"Exp60_123_IS15478";NA;"2023-09-24 00:47:00";-222785
"866476";"27:10:2";"Exp60_123_IS15478";"Exp60_123_IS15478";NA;"2023-09-24 01:01:00";-223155
"866477";"27:10:2";"Exp60_123_IS15478";"Exp60_123_IS15478";NA;"2023-09-24 01:17:00";-222422
"866478";"27:10:2";"Exp60_123_IS15478";"Exp60_123_IS15478";NA;"2023-09-24 01:31:00";-220490
"866479";"27:10:2";"Exp60_123_IS15478";"Exp60_123_IS15478";NA;"2023-09-24 01:47:00";-219315
"866480";"27:10:2";"Exp60_123_IS15478";"Exp60_123_IS15478";NA;"2023-09-24 02:01:00";-219429
"866481";"27:10:2";"Exp60_123_IS15478";"Exp60_123_IS15478";NA;"2023-09-24 02:17:00";-218418
"866482";"27:10:2";"Exp60_123_IS15478";"Exp60_123_IS15478";NA;"2023-09-24 02:31:00";-219260
"866483";"27:10:2";"Exp60_123_IS15478";"Exp60_123_IS15478";NA;"2023-09-24 02:47:00";-220117
"866484";"27:10:2";"Exp60_123_IS15478";"Exp60_123_IS15478";NA;"2023-09-24 03:01:00";-220127
"866485";"27:10:2";"Exp60_123_IS15478";"Exp60_123_IS15478";NA;"2023-09-24 10:01:00";-233062
"866486";"27:10:2";"Exp60_123_IS15478";"Exp60_123_IS15478";NA;"2023-09-24 10:17:00";-232840
"866487";"27:10:2";"Exp60_123_IS15478";"Exp60_123_IS15478";NA;"2023-09-24 10:31:00";-230980
"866488";"27:10:2";"Exp60_123_IS15478";"Exp60_123_IS15478";NA;"2023-09-24 10:47:00";-231221
"866489";"27:10:2";"Exp60_123_IS15478";"Exp60_123_IS15478";NA;"2023-09-24 11:01:00";-231519
"866490";"27:10:2";"Exp60_123_IS15478";"Exp60_123_IS15478";NA;"2023-09-24 11:17:00";-226866
"866491";"27:10:2";"Exp60_123_IS15478";"Exp60_123_IS15478";NA;"2023-09-24 11:31:00";-224462
"866492";"27:10:2";"Exp60_123_IS15478";"Exp60_123_IS15478";NA;"2023-09-24 11:47:00";-223025
"866493";"27:10:2";"Exp60_123_IS15478";"Exp60_123_IS15478";NA;"2023-09-24 12:01:00";-222300
"866494";"27:10:2";"Exp60_123_IS15478";"Exp60_123_IS15478";NA;"2023-09-24 12:17:00";-225366
"866495";"27:10:2";"Exp60_123_IS15478";"Exp60_123_IS15478";NA;"2023-09-24 12:31:00";-225943
"866496";"27:10:2";"Exp60_123_IS15478";"Exp60_123_IS15478";NA;"2023-09-24 12:47:00";-225748
"866497";"27:10:2";"Exp60_123_IS15478";"Exp60_123_IS15478";NA;"2023-09-24 13:01:00";-218830
"866498";"27:10:2";"Exp60_123_IS15478";"Exp60_123_IS15478";NA;"2023-09-24 13:17:00";-217277
"866499";"27:10:2";"Exp60_123_IS15478";"Exp60_123_IS15478";NA;"2023-09-24 13:31:00";-215697
"866500";"27:10:2";"Exp60_123_IS15478";"Exp60_123_IS15478";NA;"2023-09-24 13:47:00";-214447
"866501";"27:10:2";"Exp60_123_IS15478";"Exp60_123_IS15478";NA;"2023-09-24 14:01:00";-213467
"866502";"27:10:2";"Exp60_123_IS15478";"Exp60_123_IS15478";NA;"2023-09-24 14:17:00";-211854
"866503";"27:10:2";"Exp60_123_IS15478";"Exp60_123_IS15478";NA;"2023-09-24 14:31:00";-207045
"866504";"27:10:2";"Exp60_123_IS15478";"Exp60_123_IS15478";NA;"2023-09-24 14:47:00";-203272
"866505";"27:10:2";"Exp60_123_IS15478";"Exp60_123_IS15478";NA;"2023-09-24 15:01:00";-202379
"866506";"27:10:2";"Exp60_123_IS15478";"Exp60_123_IS15478";NA;"2023-09-24 15:17:00";-201948
"866507";"27:10:2";"Exp60_123_IS15478";"Exp60_123_IS15478";NA;"2023-09-24 15:31:00";-202282
"866508";"27:10:2";"Exp60_123_IS15478";"Exp60_123_IS15478";NA;"2023-09-24 15:47:00";-202536
"866509";"27:10:2";"Exp60_123_IS15478";"Exp60_123_IS15478";NA;"2023-09-24 16:01:00";-202582
"866510";"27:10:2";"Exp60_123_IS15478";"Exp60_123_IS15478";NA;"2023-09-24 22:31:00";-224099
"866511";"27:10:2";"Exp60_123_IS15478";"Exp60_123_IS15478";NA;"2023-09-24 22:47:00";-224659
"866512";"27:10:2";"Exp60_123_IS15478";"Exp60_123_IS15478";NA;"2023-09-24 23:01:00";-223583
"866513";"27:10:2";"Exp60_123_IS15478";"Exp60_123_IS15478";NA;"2023-09-24 23:17:00";-226181
"866514";"27:10:2";"Exp60_123_IS15478";"Exp60_123_IS15478";NA;"2023-09-24 23:31:00";-225956
"866515";"27:10:2";"Exp60_123_IS15478";"Exp60_123_IS15478";NA;"2023-09-24 23:47:00";-226469
"866516";"27:10:2";"Exp60_123_IS15478";"Exp60_123_IS15478";NA;"2023-09-25 00:01:00";-224969
"866517";"27:10:2";"Exp60_123_IS15478";"Exp60_123_IS15478";NA;"2023-09-25 00:17:00";-224601
"866518";"27:10:2";"Exp60_123_IS15478";"Exp60_123_IS15478";NA;"2023-09-25 00:31:00";-225467
"866519";"27:10:2";"Exp60_123_IS15478";"Exp60_123_IS15478";NA;"2023-09-25 00:47:00";-228023
"866520";"27:10:2";"Exp60_123_IS15478";"Exp60_123_IS15478";NA;"2023-09-25 01:01:00";-232296
"866521";"27:10:2";"Exp60_123_IS15478";"Exp60_123_IS15478";NA;"2023-09-25 01:17:00";-233270
"866522";"27:10:2";"Exp60_123_IS15478";"Exp60_123_IS15478";NA;"2023-09-25 01:31:00";-231681
"866523";"27:10:2";"Exp60_123_IS15478";"Exp60_123_IS15478";NA;"2023-09-25 01:47:00";-231613
"866524";"27:10:2";"Exp60_123_IS15478";"Exp60_123_IS15478";NA;"2023-09-25 02:01:00";-231591
"866525";"27:10:2";"Exp60_123_IS15478";"Exp60_123_IS15478";NA;"2023-09-25 03:02:00";-239166
"866526";"27:10:2";"Exp60_123_IS15478";"Exp60_123_IS15478";NA;"2023-09-25 03:16:00";-242370
"866527";"27:10:2";"Exp60_123_IS15478";"Exp60_123_IS15478";NA;"2023-09-25 04:32:00";-244329
"866528";"27:10:2";"Exp60_123_IS15478";"Exp60_123_IS15478";NA;"2023-09-25 04:46:00";-244522
"866529";"27:10:2";"Exp60_123_IS15478";"Exp60_123_IS15478";NA;"2023-09-25 05:17:00";-250452
"866530";"27:10:2";"Exp60_123_IS15478";"Exp60_123_IS15478";NA;"2023-09-25 05:31:00";-253397
"866531";"27:10:2";"Exp60_123_IS15478";"Exp60_123_IS15478";NA;"2023-09-25 05:47:00";-256282
"866532";"27:10:2";"Exp60_123_IS15478";"Exp60_123_IS15478";NA;"2023-09-25 06:01:00";-254909
"866533";"27:10:2";"Exp60_123_IS15478";"Exp60_123_IS15478";NA;"2023-09-25 06:17:00";-247587
"866534";"27:10:2";"Exp60_123_IS15478";"Exp60_123_IS15478";NA;"2023-09-25 06:31:00";-244495
"866535";"27:10:2";"Exp60_123_IS15478";"Exp60_123_IS15478";NA;"2023-09-25 06:47:00";-250492
"866536";"27:10:2";"Exp60_123_IS15478";"Exp60_123_IS15478";NA;"2023-09-25 07:01:00";-257820
"866537";"27:10:2";"Exp60_123_IS15478";"Exp60_123_IS15478";NA;"2023-09-25 07:17:00";-265095
"866538";"27:10:2";"Exp60_123_IS15478";"Exp60_123_IS15478";NA;"2023-09-25 07:31:00";-274197
"866539";"27:10:2";"Exp60_123_IS15478";"Exp60_123_IS15478";NA;"2023-09-25 07:47:00";-277228
"866540";"27:10:2";"Exp60_123_IS15478";"Exp60_123_IS15478";NA;"2023-09-25 08:01:00";-281248
"866541";"27:10:2";"Exp60_123_IS15478";"Exp60_123_IS15478";NA;"2023-09-25 14:46:00";-214428
"866542";"27:10:2";"Exp60_123_IS15478";"Exp60_123_IS15478";NA;"2023-09-25 15:02:00";-210952
"866543";"27:10:2";"Exp60_123_IS15478";"Exp60_123_IS15478";NA;"2023-09-25 15:16:00";-209058
"866544";"27:10:2";"Exp60_123_IS15478";"Exp60_123_IS15478";NA;"2023-09-25 15:32:00";-209109
"866545";"27:10:2";"Exp60_123_IS15478";"Exp60_123_IS15478";NA;"2023-09-25 15:46:00";-209207
"866546";"27:10:2";"Exp60_123_IS15478";"Exp60_123_IS15478";NA;"2023-09-25 16:02:00";-209372
"866547";"27:10:2";"Exp60_123_IS15478";"Exp60_123_IS15478";NA;"2023-09-25 17:16:00";-205657
"866548";"27:10:2";"Exp60_123_IS15478";"Exp60_123_IS15478";NA;"2023-09-25 17:32:00";-204459
"866549";"27:10:2";"Exp60_123_IS15478";"Exp60_123_IS15478";NA;"2023-09-25 17:46:00";-203391
"866550";"27:10:2";"Exp60_123_IS15478";"Exp60_123_IS15478";NA;"2023-09-25 18:02:00";-202719
"866551";"27:10:2";"Exp60_123_IS15478";"Exp60_123_IS15478";NA;"2023-09-25 19:01:00";-199677
"866552";"27:10:2";"Exp60_123_IS15478";"Exp60_123_IS15478";NA;"2023-09-25 19:17:00";-199230
"866553";"27:10:2";"Exp60_123_IS15478";"Exp60_123_IS15478";NA;"2023-09-25 19:31:00";-199074
"866554";"27:10:2";"Exp60_123_IS15478";"Exp60_123_IS15478";NA;"2023-09-25 19:47:00";-198482
"866555";"27:10:2";"Exp60_123_IS15478";"Exp60_123_IS15478";NA;"2023-09-25 20:01:00";-198129
"866556";"27:10:2";"Exp60_123_IS15478";"Exp60_123_IS15478";NA;"2023-09-25 20:17:00";-197638
"866557";"27:10:2";"Exp60_123_IS15478";"Exp60_123_IS15478";NA;"2023-09-25 20:31:00";-197399
"866558";"27:10:2";"Exp60_123_IS15478";"Exp60_123_IS15478";NA;"2023-09-25 20:47:00";-197079
"866559";"27:10:2";"Exp60_123_IS15478";"Exp60_123_IS15478";NA;"2023-09-25 21:16:00";-196457
"866560";"27:10:2";"Exp60_123_IS15478";"Exp60_123_IS15478";NA;"2023-09-25 21:32:00";-196496
"866561";"27:10:2";"Exp60_123_IS15478";"Exp60_123_IS15478";NA;"2023-09-25 21:46:00";-196513
"866562";"27:10:2";"Exp60_123_IS15478";"Exp60_123_IS15478";NA;"2023-09-25 22:02:00";-196319
"866563";"27:10:2";"Exp60_123_IS15478";"Exp60_123_IS15478";NA;"2023-09-25 22:16:00";-196519
"866564";"27:10:2";"Exp60_123_IS15478";"Exp60_123_IS15478";NA;"2023-09-25 22:32:00";-196446
"866565";"27:10:2";"Exp60_123_IS15478";"Exp60_123_IS15478";NA;"2023-09-25 22:46:00";-196310
"866566";"27:10:2";"Exp60_123_IS15478";"Exp60_123_IS15478";NA;"2023-09-25 23:02:00";-196209
"866567";"27:10:2";"Exp60_123_IS15478";"Exp60_123_IS15478";NA;"2023-09-25 23:16:00";-196281
"866568";"27:10:2";"Exp60_123_IS15478";"Exp60_123_IS15478";NA;"2023-09-25 23:32:00";-196083
"866569";"27:10:2";"Exp60_123_IS15478";"Exp60_123_IS15478";NA;"2023-09-25 23:46:00";-195746
"866570";"27:10:2";"Exp60_123_IS15478";"Exp60_123_IS15478";NA;"2023-09-26 00:02:00";-195732
"866571";"27:10:2";"Exp60_123_IS15478";"Exp60_123_IS15478";NA;"2023-09-26 00:16:00";-195640
"866572";"27:10:2";"Exp60_123_IS15478";"Exp60_123_IS15478";NA;"2023-09-26 00:32:00";-195602
"866573";"27:10:2";"Exp60_123_IS15478";"Exp60_123_IS15478";NA;"2023-09-26 00:46:00";-196582
"866574";"27:10:2";"Exp60_123_IS15478";"Exp60_123_IS15478";NA;"2023-09-26 01:02:00";-197003
"866575";"27:10:2";"Exp60_123_IS15478";"Exp60_123_IS15478";NA;"2023-09-26 01:16:00";-197081
"866576";"27:10:2";"Exp60_123_IS15478";"Exp60_123_IS15478";NA;"2023-09-26 01:32:00";-197093
"866577";"27:10:2";"Exp60_123_IS15478";"Exp60_123_IS15478";NA;"2023-09-26 01:46:00";-196849
"866578";"27:10:2";"Exp60_123_IS15478";"Exp60_123_IS15478";NA;"2023-09-26 02:02:00";-196874
"866579";"27:10:2";"Exp60_123_IS15478";"Exp60_123_IS15478";NA;"2023-09-26 02:16:00";-196757
"866580";"27:10:2";"Exp60_123_IS15478";"Exp60_123_IS15478";NA;"2023-09-26 02:32:00";-196770
"866581";"27:10:2";"Exp60_123_IS15478";"Exp60_123_IS15478";NA;"2023-09-26 02:46:00";-196842
"866582";"27:10:2";"Exp60_123_IS15478";"Exp60_123_IS15478";NA;"2023-09-26 03:02:00";-196329
"866583";"27:10:2";"Exp60_123_IS15478";"Exp60_123_IS15478";NA;"2023-09-26 03:16:00";-196181
"866584";"27:10:2";"Exp60_123_IS15478";"Exp60_123_IS15478";NA;"2023-09-26 03:32:00";-196224
"866585";"27:10:2";"Exp60_123_IS15478";"Exp60_123_IS15478";NA;"2023-09-26 03:46:00";-195986
"866586";"27:10:2";"Exp60_123_IS15478";"Exp60_123_IS15478";NA;"2023-09-26 04:02:00";-195732
"866587";"27:10:2";"Exp60_123_IS15478";"Exp60_123_IS15478";NA;"2023-09-26 04:16:00";-196168
"866588";"27:10:2";"Exp60_123_IS15478";"Exp60_123_IS15478";NA;"2023-09-26 04:32:00";-196245
"866589";"27:10:2";"Exp60_123_IS15478";"Exp60_123_IS15478";NA;"2023-09-26 04:46:00";-196061
"866590";"27:10:2";"Exp60_123_IS15478";"Exp60_123_IS15478";NA;"2023-09-26 05:02:00";-195834
"866591";"27:10:2";"Exp60_123_IS15478";"Exp60_123_IS15478";NA;"2023-09-26 05:16:00";-195764
"866592";"27:10:2";"Exp60_123_IS15478";"Exp60_123_IS15478";NA;"2023-09-26 05:32:00";-195835
"866593";"27:10:2";"Exp60_123_IS15478";"Exp60_123_IS15478";NA;"2023-09-26 05:46:00";-195919
"866594";"27:10:2";"Exp60_123_IS15478";"Exp60_123_IS15478";NA;"2023-09-26 06:02:00";-195727
"866595";"27:10:2";"Exp60_123_IS15478";"Exp60_123_IS15478";NA;"2023-09-26 06:16:00";-195520
"866596";"27:10:2";"Exp60_123_IS15478";"Exp60_123_IS15478";NA;"2023-09-26 06:32:00";-195476
"866597";"27:10:2";"Exp60_123_IS15478";"Exp60_123_IS15478";NA;"2023-09-26 06:46:00";-195349
"866598";"27:10:2";"Exp60_123_IS15478";"Exp60_123_IS15478";NA;"2023-09-26 07:02:00";-195454
"866599";"27:10:2";"Exp60_123_IS15478";"Exp60_123_IS15478";NA;"2023-09-26 07:16:00";-195630
"866600";"27:10:2";"Exp60_123_IS15478";"Exp60_123_IS15478";NA;"2023-09-26 07:47:00";-196039
"866601";"27:10:2";"Exp60_123_IS15478";"Exp60_123_IS15478";NA;"2023-09-26 08:01:00";-196164
"866602";"27:10:2";"Exp60_123_IS15478";"Exp60_123_IS15478";NA;"2023-09-26 08:17:00";-196097
"866603";"27:10:2";"Exp60_123_IS15478";"Exp60_123_IS15478";NA;"2023-09-26 08:31:00";-196657
"866604";"27:10:2";"Exp60_123_IS15478";"Exp60_123_IS15478";NA;"2023-09-26 09:02:00";-197171
"866605";"27:10:2";"Exp60_123_IS15478";"Exp60_123_IS15478";NA;"2023-09-26 09:16:00";-197487
"866606";"27:10:2";"Exp60_123_IS15478";"Exp60_123_IS15478";NA;"2023-09-26 09:32:00";-198372
"866607";"27:10:2";"Exp60_123_IS15478";"Exp60_123_IS15478";NA;"2023-09-26 09:46:00";-199007
"866608";"27:10:2";"Exp60_123_IS15478";"Exp60_123_IS15478";NA;"2023-09-26 10:02:00";-199866
"866609";"27:10:2";"Exp60_123_IS15478";"Exp60_123_IS15478";NA;"2023-09-26 10:16:00";-201309
"866610";"27:10:2";"Exp60_123_IS15478";"Exp60_123_IS15478";NA;"2023-09-26 10:32:00";-202499
"866611";"27:10:2";"Exp60_123_IS15478";"Exp60_123_IS15478";NA;"2023-09-26 10:46:00";-202977
"866612";"27:10:2";"Exp60_123_IS15478";"Exp60_123_IS15478";NA;"2023-09-26 11:02:00";-204187
"866613";"27:10:2";"Exp60_123_IS15478";"Exp60_123_IS15478";NA;"2023-09-26 11:16:00";-206107
"866614";"27:10:2";"Exp60_123_IS15478";"Exp60_123_IS15478";NA;"2023-09-26 11:47:00";-210848
"866615";"27:10:2";"Exp60_123_IS15478";"Exp60_123_IS15478";NA;"2023-09-26 12:01:00";-212055
"866616";"27:10:2";"Exp60_123_IS15478";"Exp60_123_IS15478";NA;"2023-09-26 12:17:00";-212810
"866617";"27:10:2";"Exp60_123_IS15478";"Exp60_123_IS15478";NA;"2023-09-26 12:31:00";-213640
"866618";"27:10:2";"Exp60_123_IS15478";"Exp60_123_IS15478";NA;"2023-09-26 12:47:00";-215470
"866619";"27:10:2";"Exp60_123_IS15478";"Exp60_123_IS15478";NA;"2023-09-26 13:01:00";-220393
"866620";"27:10:2";"Exp60_123_IS15478";"Exp60_123_IS15478";NA;"2023-09-26 13:32:00";-221753
"866621";"27:10:2";"Exp60_123_IS15478";"Exp60_123_IS15478";NA;"2023-09-26 13:46:00";-222163
"866622";"27:10:2";"Exp60_123_IS15478";"Exp60_123_IS15478";NA;"2023-09-26 14:02:00";-226771
"866623";"27:10:2";"Exp60_123_IS15478";"Exp60_123_IS15478";NA;"2023-09-26 14:16:00";-228647
"866624";"27:10:2";"Exp60_123_IS15478";"Exp60_123_IS15478";NA;"2023-09-26 14:32:00";-232654
"866625";"27:10:2";"Exp60_123_IS15478";"Exp60_123_IS15478";NA;"2023-09-26 14:46:00";-230272
"866626";"27:10:2";"Exp60_123_IS15478";"Exp60_123_IS15478";NA;"2023-09-26 15:02:00";-230735
"866627";"27:10:2";"Exp60_123_IS15478";"Exp60_123_IS15478";NA;"2023-09-26 15:16:00";-232919
"866628";"27:10:2";"Exp60_123_IS15478";"Exp60_123_IS15478";NA;"2023-09-26 15:32:00";-232605
"866629";"27:10:2";"Exp60_123_IS15478";"Exp60_123_IS15478";NA;"2023-09-26 15:46:00";-236796
"866630";"27:10:2";"Exp60_123_IS15478";"Exp60_123_IS15478";NA;"2023-09-26 16:02:00";-233200
"866631";"27:10:2";"Exp60_123_IS15478";"Exp60_123_IS15478";NA;"2023-09-26 16:16:00";-233681
"866632";"27:10:2";"Exp60_123_IS15478";"Exp60_123_IS15478";NA;"2023-09-26 22:01:00";-193690
"866633";"27:10:2";"Exp60_123_IS15478";"Exp60_123_IS15478";NA;"2023-09-26 22:17:00";-193692
"866634";"27:10:2";"Exp60_123_IS15478";"Exp60_123_IS15478";NA;"2023-09-26 22:31:00";-193667
"866635";"27:10:2";"Exp60_123_IS15478";"Exp60_123_IS15478";NA;"2023-09-26 22:47:00";-193466
"866636";"27:10:2";"Exp60_123_IS15478";"Exp60_123_IS15478";NA;"2023-09-26 23:01:00";-193560
"866637";"27:10:2";"Exp60_123_IS15478";"Exp60_123_IS15478";NA;"2023-09-26 23:17:00";-193499
"866638";"27:10:2";"Exp60_123_IS15478";"Exp60_123_IS15478";NA;"2023-09-26 23:31:00";-193383
"866639";"27:10:2";"Exp60_123_IS15478";"Exp60_123_IS15478";NA;"2023-09-26 23:47:00";-193639
"866640";"27:10:2";"Exp60_123_IS15478";"Exp60_123_IS15478";NA;"2023-09-27 00:31:00";-193636
"866641";"27:10:2";"Exp60_123_IS15478";"Exp60_123_IS15478";NA;"2023-09-27 00:47:00";-193428
"866642";"27:10:2";"Exp60_123_IS15478";"Exp60_123_IS15478";NA;"2023-09-27 01:01:00";-193563
"866643";"27:10:2";"Exp60_123_IS15478";"Exp60_123_IS15478";NA;"2023-09-27 01:17:00";-193736
"866644";"27:10:2";"Exp60_123_IS15478";"Exp60_123_IS15478";NA;"2023-09-27 01:31:00";-193860
"866645";"27:10:2";"Exp60_123_IS15478";"Exp60_123_IS15478";NA;"2023-09-27 01:47:00";-193831
"866646";"27:10:2";"Exp60_123_IS15478";"Exp60_123_IS15478";NA;"2023-09-27 02:01:00";-193684
"866647";"27:10:2";"Exp60_123_IS15478";"Exp60_123_IS15478";NA;"2023-09-27 02:17:00";-193745
"866648";"27:10:2";"Exp60_123_IS15478";"Exp60_123_IS15478";NA;"2023-09-27 02:31:00";-193693
"866649";"27:10:2";"Exp60_123_IS15478";"Exp60_123_IS15478";NA;"2023-09-27 02:47:00";-193622
"866650";"27:10:2";"Exp60_123_IS15478";"Exp60_123_IS15478";NA;"2023-09-27 03:01:00";-193606
"866651";"27:10:2";"Exp60_123_IS15478";"Exp60_123_IS15478";NA;"2023-09-27 03:17:00";-193611
"866652";"27:10:2";"Exp60_123_IS15478";"Exp60_123_IS15478";NA;"2023-09-27 03:31:00";-193721
"866653";"27:10:2";"Exp60_123_IS15478";"Exp60_123_IS15478";NA;"2023-09-27 03:47:00";-193818
"866654";"27:10:2";"Exp60_123_IS15478";"Exp60_123_IS15478";NA;"2023-09-27 04:01:00";-193676
"866655";"27:10:2";"Exp60_123_IS15478";"Exp60_123_IS15478";NA;"2023-09-27 04:17:00";-193875
"866656";"27:10:2";"Exp60_123_IS15478";"Exp60_123_IS15478";NA;"2023-09-27 04:31:00";-193826
"866657";"27:10:2";"Exp60_123_IS15478";"Exp60_123_IS15478";NA;"2023-09-27 04:47:00";-193686
"866658";"27:10:2";"Exp60_123_IS15478";"Exp60_123_IS15478";NA;"2023-09-27 05:01:00";-193643
"866659";"27:10:2";"Exp60_123_IS15478";"Exp60_123_IS15478";NA;"2023-09-27 05:17:00";-193557
"866660";"27:10:2";"Exp60_123_IS15478";"Exp60_123_IS15478";NA;"2023-09-27 05:31:00";-193678
"866661";"27:10:2";"Exp60_123_IS15478";"Exp60_123_IS15478";NA;"2023-09-27 05:47:00";-193581
"866662";"27:10:2";"Exp60_123_IS15478";"Exp60_123_IS15478";NA;"2023-09-27 06:01:00";-193718
"866663";"27:10:2";"Exp60_123_IS15478";"Exp60_123_IS15478";NA;"2023-09-27 06:17:00";-193520
"866664";"27:10:2";"Exp60_123_IS15478";"Exp60_123_IS15478";NA;"2023-09-27 06:31:00";-193417
"866665";"27:10:2";"Exp60_123_IS15478";"Exp60_123_IS15478";NA;"2023-09-27 06:47:00";-193471
"866666";"27:10:2";"Exp60_123_IS15478";"Exp60_123_IS15478";NA;"2023-09-27 07:01:00";-193700
"866667";"27:10:2";"Exp60_123_IS15478";"Exp60_123_IS15478";NA;"2023-09-27 07:32:00";-194334
"866668";"27:10:2";"Exp60_123_IS15478";"Exp60_123_IS15478";NA;"2023-09-27 07:46:00";-195060
"866669";"27:10:2";"Exp60_123_IS15478";"Exp60_123_IS15478";NA;"2023-09-27 08:02:00";-196207
"866670";"27:10:2";"Exp60_123_IS15478";"Exp60_123_IS15478";NA;"2023-09-27 08:16:00";-197265
"866671";"27:10:2";"Exp60_123_IS15478";"Exp60_123_IS15478";NA;"2023-09-27 08:32:00";-198578
"866672";"27:10:2";"Exp60_123_IS15478";"Exp60_123_IS15478";NA;"2023-09-27 08:46:00";-199716
"866673";"27:10:2";"Exp60_123_IS15478";"Exp60_123_IS15478";NA;"2023-09-27 09:02:00";-201192
"866674";"27:10:2";"Exp60_123_IS15478";"Exp60_123_IS15478";NA;"2023-09-27 09:16:00";-202844
"866675";"27:10:2";"Exp60_123_IS15478";"Exp60_123_IS15478";NA;"2023-09-27 15:46:00";-303662
"866676";"27:10:2";"Exp60_123_IS15478";"Exp60_123_IS15478";NA;"2023-09-27 16:02:00";-261352
"866677";"27:10:2";"Exp60_123_IS15478";"Exp60_123_IS15478";NA;"2023-09-27 16:16:00";-200994
"866678";"27:10:2";"Exp60_123_IS15478";"Exp60_123_IS15478";NA;"2023-09-27 16:32:00";-199681
"866679";"27:10:2";"Exp60_123_IS15478";"Exp60_123_IS15478";NA;"2023-09-27 16:46:00";-197181
"866680";"27:10:2";"Exp60_123_IS15478";"Exp60_123_IS15478";NA;"2023-09-27 17:17:00";-197428
"866681";"27:10:2";"Exp60_123_IS15478";"Exp60_123_IS15478";NA;"2023-09-27 17:31:00";-195712
"866682";"27:10:2";"Exp60_123_IS15478";"Exp60_123_IS15478";NA;"2023-09-27 17:47:00";-194627
"866683";"27:10:2";"Exp60_123_IS15478";"Exp60_123_IS15478";NA;"2023-09-27 18:01:00";-194124
"866684";"27:10:2";"Exp60_123_IS15478";"Exp60_123_IS15478";NA;"2023-09-27 18:17:00";-192600
"866685";"27:10:2";"Exp60_123_IS15478";"Exp60_123_IS15478";NA;"2023-09-27 18:31:00";-192747
"866686";"27:10:2";"Exp60_123_IS15478";"Exp60_123_IS15478";NA;"2023-09-27 18:47:00";-192640
"866687";"27:10:2";"Exp60_123_IS15478";"Exp60_123_IS15478";NA;"2023-09-27 19:01:00";-191369
"866688";"27:10:2";"Exp60_123_IS15478";"Exp60_123_IS15478";NA;"2023-09-27 19:17:00";-189872
"866689";"27:10:2";"Exp60_123_IS15478";"Exp60_123_IS15478";NA;"2023-09-27 19:31:00";-188558
"866690";"27:10:2";"Exp60_123_IS15478";"Exp60_123_IS15478";NA;"2023-09-27 19:47:00";-187809
"866691";"27:10:2";"Exp60_123_IS15478";"Exp60_123_IS15478";NA;"2023-09-27 20:01:00";-187157
"866692";"27:10:2";"Exp60_123_IS15478";"Exp60_123_IS15478";NA;"2023-09-27 20:17:00";-186771
"866693";"27:10:2";"Exp60_123_IS15478";"Exp60_123_IS15478";NA;"2023-09-27 20:31:00";-187111
"866694";"27:10:2";"Exp60_123_IS15478";"Exp60_123_IS15478";NA;"2023-09-27 20:47:00";-187193
"866695";"27:10:2";"Exp60_123_IS15478";"Exp60_123_IS15478";NA;"2023-09-27 21:01:00";-187368
"866696";"27:10:2";"Exp60_123_IS15478";"Exp60_123_IS15478";NA;"2023-09-28 01:31:00";-190221
"866697";"27:10:2";"Exp60_123_IS15478";"Exp60_123_IS15478";NA;"2023-09-28 01:47:00";-190409
"866698";"27:10:2";"Exp60_123_IS15478";"Exp60_123_IS15478";NA;"2023-09-28 02:01:00";-190388
"866699";"27:10:2";"Exp60_123_IS15478";"Exp60_123_IS15478";NA;"2023-09-28 02:17:00";-190295
"866700";"27:10:2";"Exp60_123_IS15478";"Exp60_123_IS15478";NA;"2023-09-28 02:31:00";-190924
"866701";"27:10:2";"Exp60_123_IS15478";"Exp60_123_IS15478";NA;"2023-09-28 03:17:00";-191303
"866702";"27:10:2";"Exp60_123_IS15478";"Exp60_123_IS15478";NA;"2023-09-28 03:31:00";-191409
"866703";"27:10:2";"Exp60_123_IS15478";"Exp60_123_IS15478";NA;"2023-09-28 03:47:00";-191354
"866704";"27:10:2";"Exp60_123_IS15478";"Exp60_123_IS15478";NA;"2023-09-28 04:01:00";-191522
"866705";"27:10:2";"Exp60_123_IS15478";"Exp60_123_IS15478";NA;"2023-09-28 04:17:00";-191681
"866706";"27:10:2";"Exp60_123_IS15478";"Exp60_123_IS15478";NA;"2023-09-28 04:31:00";-192058
"866707";"27:10:2";"Exp60_123_IS15478";"Exp60_123_IS15478";NA;"2023-09-28 04:47:00";-192290
"866708";"27:10:2";"Exp60_123_IS15478";"Exp60_123_IS15478";NA;"2023-09-28 05:01:00";-192531
"866709";"27:10:2";"Exp60_123_IS15478";"Exp60_123_IS15478";NA;"2023-09-28 05:17:00";-192803
"866710";"27:10:2";"Exp60_123_IS15478";"Exp60_123_IS15478";NA;"2023-09-28 05:31:00";-192970
"866711";"27:10:2";"Exp60_123_IS15478";"Exp60_123_IS15478";NA;"2023-09-28 05:47:00";-193189
"866712";"27:10:2";"Exp60_123_IS15478";"Exp60_123_IS15478";NA;"2023-09-28 06:01:00";-193530
"866713";"27:10:2";"Exp60_123_IS15478";"Exp60_123_IS15478";NA;"2023-09-28 06:17:00";-193718
"866714";"27:10:2";"Exp60_123_IS15478";"Exp60_123_IS15478";NA;"2023-09-28 07:16:00";-193923
"866715";"27:10:2";"Exp60_123_IS15478";"Exp60_123_IS15478";NA;"2023-09-28 07:32:00";-194346
"866716";"27:10:2";"Exp60_123_IS15478";"Exp60_123_IS15478";NA;"2023-09-28 08:16:00";-196635
"866717";"27:10:2";"Exp60_123_IS15478";"Exp60_123_IS15478";NA;"2023-09-28 08:47:00";-199719
"866718";"27:10:2";"Exp60_123_IS15478";"Exp60_123_IS15478";NA;"2023-09-28 09:01:00";-201627
"866719";"27:10:2";"Exp60_123_IS15478";"Exp60_123_IS15478";NA;"2023-09-28 16:16:00";-254285
"866720";"27:10:2";"Exp60_123_IS15478";"Exp60_123_IS15478";NA;"2023-09-28 16:47:00";-237054
"866721";"27:10:2";"Exp60_123_IS15478";"Exp60_123_IS15478";NA;"2023-09-28 17:01:00";-231489
"866722";"27:10:2";"Exp60_123_IS15478";"Exp60_123_IS15478";NA;"2023-09-28 17:17:00";-222283
"866723";"27:10:2";"Exp60_123_IS15478";"Exp60_123_IS15478";NA;"2023-09-28 17:31:00";-214993
"866724";"27:10:2";"Exp60_123_IS15478";"Exp60_123_IS15478";NA;"2023-09-28 18:02:00";-205942
"866725";"27:10:2";"Exp60_123_IS15478";"Exp60_123_IS15478";NA;"2023-09-28 18:16:00";-196069
"866726";"27:10:2";"Exp60_123_IS15478";"Exp60_123_IS15478";NA;"2023-09-28 18:32:00";-194803
"866727";"27:10:2";"Exp60_123_IS15478";"Exp60_123_IS15478";NA;"2023-09-28 18:46:00";-193945
"866728";"27:10:2";"Exp60_123_IS15478";"Exp60_123_IS15478";NA;"2023-09-28 19:02:00";-197271
"866729";"27:10:2";"Exp60_123_IS15478";"Exp60_123_IS15478";NA;"2023-09-28 19:16:00";-196603
"866730";"27:10:2";"Exp60_123_IS15478";"Exp60_123_IS15478";NA;"2023-09-28 19:32:00";-198048
"866731";"27:10:2";"Exp60_123_IS15478";"Exp60_123_IS15478";NA;"2023-09-28 19:46:00";-198950
"866732";"27:10:2";"Exp60_123_IS15478";"Exp60_123_IS15478";NA;"2023-09-28 20:02:00";-199025
"866733";"27:10:2";"Exp60_123_IS15478";"Exp60_123_IS15478";NA;"2023-09-28 20:16:00";-199375
"866734";"27:10:2";"Exp60_123_IS15478";"Exp60_123_IS15478";NA;"2023-09-28 20:32:00";-200827
"866735";"27:10:2";"Exp60_123_IS15478";"Exp60_123_IS15478";NA;"2023-09-28 20:46:00";-200177
"866736";"27:10:2";"Exp60_123_IS15478";"Exp60_123_IS15478";NA;"2023-09-28 21:02:00";-200385
"866737";"27:10:2";"Exp60_123_IS15478";"Exp60_123_IS15478";NA;"2023-09-28 21:16:00";-199741
"866738";"27:10:2";"Exp60_123_IS15478";"Exp60_123_IS15478";NA;"2023-09-28 21:32:00";-199856
"866739";"27:10:2";"Exp60_123_IS15478";"Exp60_123_IS15478";NA;"2023-09-28 21:46:00";-200450
"866740";"27:10:2";"Exp60_123_IS15478";"Exp60_123_IS15478";NA;"2023-09-28 22:17:00";-201683
"866741";"27:10:2";"Exp60_123_IS15478";"Exp60_123_IS15478";NA;"2023-09-28 22:31:00";-201352
"866742";"27:10:2";"Exp60_123_IS15478";"Exp60_123_IS15478";NA;"2023-09-28 22:47:00";-201815
"866743";"27:10:2";"Exp60_123_IS15478";"Exp60_123_IS15478";NA;"2023-09-28 23:01:00";-201809
"866744";"27:10:2";"Exp60_123_IS15478";"Exp60_123_IS15478";NA;"2023-09-28 23:17:00";-202922
"866745";"27:10:2";"Exp60_123_IS15478";"Exp60_123_IS15478";NA;"2023-09-28 23:31:00";-202307
"866746";"27:10:2";"Exp60_123_IS15478";"Exp60_123_IS15478";NA;"2023-09-29 00:17:00";-203032
"866747";"27:10:2";"Exp60_123_IS15478";"Exp60_123_IS15478";NA;"2023-09-29 00:31:00";-202247
"866748";"27:10:2";"Exp60_123_IS15478";"Exp60_123_IS15478";NA;"2023-09-29 00:47:00";-202197
"866749";"27:10:2";"Exp60_123_IS15478";"Exp60_123_IS15478";NA;"2023-09-29 01:01:00";-202064
"866750";"27:10:2";"Exp60_123_IS15478";"Exp60_123_IS15478";NA;"2023-09-29 01:17:00";-201944
"866751";"27:10:2";"Exp60_123_IS15478";"Exp60_123_IS15478";NA;"2023-09-29 01:31:00";-202014
"866752";"27:10:2";"Exp60_123_IS15478";"Exp60_123_IS15478";NA;"2023-09-29 01:47:00";-202391
"866753";"27:10:2";"Exp60_123_IS15478";"Exp60_123_IS15478";NA;"2023-09-29 02:01:00";-201440
"866754";"27:10:2";"Exp60_123_IS15478";"Exp60_123_IS15478";NA;"2023-09-29 02:17:00";-201365
"866755";"27:10:2";"Exp60_123_IS15478";"Exp60_123_IS15478";NA;"2023-09-29 02:31:00";-201687
"866756";"27:10:2";"Exp60_123_IS15478";"Exp60_123_IS15478";NA;"2023-09-29 02:47:00";-201167
"866757";"27:10:2";"Exp60_123_IS15478";"Exp60_123_IS15478";NA;"2023-09-29 03:01:00";-201089
"866758";"27:10:2";"Exp60_123_IS15478";"Exp60_123_IS15478";NA;"2023-09-29 03:47:00";-200678
"866759";"27:10:2";"Exp60_123_IS15478";"Exp60_123_IS15478";NA;"2023-09-29 04:01:00";-200593
"866760";"27:10:2";"Exp60_123_IS15478";"Exp60_123_IS15478";NA;"2023-09-29 04:17:00";-200374
"866761";"27:10:2";"Exp60_123_IS15478";"Exp60_123_IS15478";NA;"2023-09-29 04:31:00";-200891
"866762";"27:10:2";"Exp60_123_IS15478";"Exp60_123_IS15478";NA;"2023-09-29 12:31:00";-303662
"866763";"27:10:2";"Exp60_123_IS15478";"Exp60_123_IS15478";NA;"2023-09-29 18:46:00";-181907
"866764";"27:10:2";"Exp60_123_IS15478";"Exp60_123_IS15478";NA;"2023-09-29 19:17:00";-181372
"866765";"27:10:2";"Exp60_123_IS15478";"Exp60_123_IS15478";NA;"2023-09-29 19:31:00";-181167
"866766";"27:10:2";"Exp60_123_IS15478";"Exp60_123_IS15478";NA;"2023-09-29 19:47:00";-180770
"866767";"27:10:2";"Exp60_123_IS15478";"Exp60_123_IS15478";NA;"2023-09-29 20:01:00";-180231
"866768";"27:10:2";"Exp60_123_IS15478";"Exp60_123_IS15478";NA;"2023-09-29 20:17:00";-179934
"866769";"27:10:2";"Exp60_123_IS15478";"Exp60_123_IS15478";NA;"2023-09-29 20:31:00";-179685
"866770";"27:10:2";"Exp60_123_IS15478";"Exp60_123_IS15478";NA;"2023-09-29 21:02:00";-179420
"866771";"27:10:2";"Exp60_123_IS15478";"Exp60_123_IS15478";NA;"2023-09-29 21:16:00";-179359
"866772";"27:10:2";"Exp60_123_IS15478";"Exp60_123_IS15478";NA;"2023-09-29 21:32:00";-178754
"866773";"27:10:2";"Exp60_123_IS15478";"Exp60_123_IS15478";NA;"2023-09-29 21:46:00";-178928
"866774";"27:10:2";"Exp60_123_IS15478";"Exp60_123_IS15478";NA;"2023-09-29 22:02:00";-178888
"866775";"27:10:2";"Exp60_123_IS15478";"Exp60_123_IS15478";NA;"2023-09-29 22:16:00";-178865
"866776";"27:10:2";"Exp60_123_IS15478";"Exp60_123_IS15478";NA;"2023-09-29 22:32:00";-178776
"866777";"27:10:2";"Exp60_123_IS15478";"Exp60_123_IS15478";NA;"2023-09-29 22:46:00";-178795
"866778";"27:10:2";"Exp60_123_IS15478";"Exp60_123_IS15478";NA;"2023-09-29 23:02:00";-178583
"866779";"27:10:2";"Exp60_123_IS15478";"Exp60_123_IS15478";NA;"2023-09-29 23:16:00";-178599
"866780";"27:10:2";"Exp60_123_IS15478";"Exp60_123_IS15478";NA;"2023-09-29 23:32:00";-178383
"866781";"27:10:2";"Exp60_123_IS15478";"Exp60_123_IS15478";NA;"2023-09-29 23:46:00";-178382
"866782";"27:10:2";"Exp60_123_IS15478";"Exp60_123_IS15478";NA;"2023-09-30 00:02:00";-178231
"866783";"27:10:2";"Exp60_123_IS15478";"Exp60_123_IS15478";NA;"2023-09-30 00:16:00";-178042
"866784";"27:10:2";"Exp60_123_IS15478";"Exp60_123_IS15478";NA;"2023-09-30 00:32:00";-178036
"866785";"27:10:2";"Exp60_123_IS15478";"Exp60_123_IS15478";NA;"2023-09-30 00:46:00";-178067
"866786";"27:10:2";"Exp60_123_IS15478";"Exp60_123_IS15478";NA;"2023-09-30 01:02:00";-177983
"866787";"27:10:2";"Exp60_123_IS15478";"Exp60_123_IS15478";NA;"2023-09-30 01:16:00";-178161
"866788";"27:10:2";"Exp60_123_IS15478";"Exp60_123_IS15478";NA;"2023-09-30 01:32:00";-177854
"866789";"27:10:2";"Exp60_123_IS15478";"Exp60_123_IS15478";NA;"2023-09-30 01:46:00";-176810
"866790";"27:10:2";"Exp60_123_IS15478";"Exp60_123_IS15478";NA;"2023-09-30 08:46:00";-179806
"866791";"27:10:2";"Exp60_123_IS15478";"Exp60_123_IS15478";NA;"2023-09-30 09:02:00";-180363
"866792";"27:10:2";"Exp60_123_IS15478";"Exp60_123_IS15478";NA;"2023-09-30 09:16:00";-181433
"866793";"27:10:2";"Exp60_123_IS15478";"Exp60_123_IS15478";NA;"2023-09-30 09:32:00";-182260
"866794";"27:10:2";"Exp60_123_IS15478";"Exp60_123_IS15478";NA;"2023-09-30 09:46:00";-183251
"866795";"27:10:2";"Exp60_123_IS15478";"Exp60_123_IS15478";NA;"2023-09-30 10:02:00";-183656
"866796";"27:10:2";"Exp60_123_IS15478";"Exp60_123_IS15478";NA;"2023-09-30 10:16:00";-183720
"866797";"27:10:2";"Exp60_123_IS15478";"Exp60_123_IS15478";NA;"2023-09-30 10:32:00";-183874
"866798";"27:10:2";"Exp60_123_IS15478";"Exp60_123_IS15478";NA;"2023-09-30 10:46:00";-184557
"866799";"27:10:2";"Exp60_123_IS15478";"Exp60_123_IS15478";NA;"2023-09-30 11:02:00";-185342
"866800";"27:10:2";"Exp60_123_IS15478";"Exp60_123_IS15478";NA;"2023-09-30 11:16:00";-185305
"866801";"27:10:2";"Exp60_123_IS15478";"Exp60_123_IS15478";NA;"2023-09-30 11:32:00";-185091
"866802";"27:10:2";"Exp60_123_IS15478";"Exp60_123_IS15478";NA;"2023-09-30 11:46:00";-198984
"866803";"27:10:2";"Exp60_123_IS15478";"Exp60_123_IS15478";NA;"2023-09-30 19:01:00";-177807
"866804";"27:10:2";"Exp60_123_IS15478";"Exp60_123_IS15478";NA;"2023-09-30 19:17:00";-177736
"866805";"27:10:2";"Exp60_123_IS15478";"Exp60_123_IS15478";NA;"2023-09-30 19:31:00";-177470
"866806";"27:10:2";"Exp60_123_IS15478";"Exp60_123_IS15478";NA;"2023-09-30 19:47:00";-177595
"866807";"27:10:2";"Exp60_123_IS15478";"Exp60_123_IS15478";NA;"2023-09-30 20:01:00";-177304
"866808";"27:10:2";"Exp60_123_IS15478";"Exp60_123_IS15478";NA;"2023-09-30 20:17:00";-177386
"866809";"27:10:2";"Exp60_123_IS15478";"Exp60_123_IS15478";NA;"2023-09-30 20:31:00";-177298
"866810";"27:10:2";"Exp60_123_IS15478";"Exp60_123_IS15478";NA;"2023-09-30 20:47:00";-177142
"866811";"27:10:2";"Exp60_123_IS15478";"Exp60_123_IS15478";NA;"2023-09-30 21:01:00";-176956
"866812";"27:10:2";"Exp60_123_IS15478";"Exp60_123_IS15478";NA;"2023-09-30 21:32:00";-177080
"866813";"27:10:2";"Exp60_123_IS15478";"Exp60_123_IS15478";NA;"2023-09-30 21:46:00";-177008
"866814";"27:10:2";"Exp60_123_IS15478";"Exp60_123_IS15478";NA;"2023-09-30 22:02:00";-177078
"866815";"27:10:2";"Exp60_123_IS15478";"Exp60_123_IS15478";NA;"2023-09-30 22:16:00";-177151
"866816";"27:10:2";"Exp60_123_IS15478";"Exp60_123_IS15478";NA;"2023-09-30 22:32:00";-177058
"866817";"27:10:2";"Exp60_123_IS15478";"Exp60_123_IS15478";NA;"2023-09-30 22:46:00";-176888
"866818";"27:10:2";"Exp60_123_IS15478";"Exp60_123_IS15478";NA;"2023-09-30 23:02:00";-176869
"866819";"27:10:2";"Exp60_123_IS15478";"Exp60_123_IS15478";NA;"2023-09-30 23:16:00";-176736
"866820";"27:10:2";"Exp60_123_IS15478";"Exp60_123_IS15478";NA;"2023-09-30 23:32:00";-176586
"866821";"27:10:2";"Exp60_123_IS15478";"Exp60_123_IS15478";NA;"2023-09-30 23:46:00";-176722
"866822";"27:10:2";"Exp60_123_IS15478";"Exp60_123_IS15478";NA;"2023-10-01 00:02:00";-176659
"866823";"27:10:2";"Exp60_123_IS15478";"Exp60_123_IS15478";NA;"2023-10-01 00:16:00";-176798
"866824";"27:10:2";"Exp60_123_IS15478";"Exp60_123_IS15478";NA;"2023-10-01 00:32:00";-176664
"866825";"27:10:2";"Exp60_123_IS15478";"Exp60_123_IS15478";NA;"2023-10-01 01:16:00";-176239
"866826";"27:10:2";"Exp60_123_IS15478";"Exp60_123_IS15478";NA;"2023-10-01 01:32:00";-176561
"866827";"27:10:2";"Exp60_123_IS15478";"Exp60_123_IS15478";NA;"2023-10-01 01:46:00";-176271
"866828";"27:10:2";"Exp60_123_IS15478";"Exp60_123_IS15478";NA;"2023-10-01 02:02:00";-176374
"866829";"27:10:2";"Exp60_123_IS15478";"Exp60_123_IS15478";NA;"2023-10-01 02:16:00";-176243
"866830";"27:10:2";"Exp60_123_IS15478";"Exp60_123_IS15478";NA;"2023-10-01 02:32:00";-176173
"866831";"27:10:2";"Exp60_123_IS15478";"Exp60_123_IS15478";NA;"2023-10-01 02:46:00";-176423
"866832";"27:10:2";"Exp60_123_IS15478";"Exp60_123_IS15478";NA;"2023-10-01 09:31:00";-180633
"866833";"27:10:2";"Exp60_123_IS15478";"Exp60_123_IS15478";NA;"2023-10-01 09:47:00";-181148
"866834";"27:10:2";"Exp60_123_IS15478";"Exp60_123_IS15478";NA;"2023-10-01 10:01:00";-181801
"866835";"27:10:2";"Exp60_123_IS15478";"Exp60_123_IS15478";NA;"2023-10-01 10:17:00";-182504
"866836";"27:10:2";"Exp60_123_IS15478";"Exp60_123_IS15478";NA;"2023-10-01 10:31:00";-183307
"866837";"27:10:2";"Exp60_123_IS15478";"Exp60_123_IS15478";NA;"2023-10-01 10:47:00";-183704
"866838";"27:10:2";"Exp60_123_IS15478";"Exp60_123_IS15478";NA;"2023-10-01 11:01:00";-183661
"866839";"27:10:2";"Exp60_123_IS15478";"Exp60_123_IS15478";NA;"2023-10-01 17:46:00";-180088
"866840";"27:10:2";"Exp60_123_IS15478";"Exp60_123_IS15478";NA;"2023-10-01 18:02:00";-179731
"866841";"27:10:2";"Exp60_123_IS15478";"Exp60_123_IS15478";NA;"2023-10-01 18:16:00";-179617
"866842";"27:10:2";"Exp60_123_IS15478";"Exp60_123_IS15478";NA;"2023-10-01 18:32:00";-179302
"866843";"27:10:2";"Exp60_123_IS15478";"Exp60_123_IS15478";NA;"2023-10-01 18:46:00";-179249
"866844";"27:10:2";"Exp60_123_IS15478";"Exp60_123_IS15478";NA;"2023-10-01 19:02:00";-178941
"866845";"27:10:2";"Exp60_123_IS15478";"Exp60_123_IS15478";NA;"2023-10-01 19:16:00";-178885
"866846";"27:10:2";"Exp60_123_IS15478";"Exp60_123_IS15478";NA;"2023-10-01 19:32:00";-178827
"866847";"27:10:2";"Exp60_123_IS15478";"Exp60_123_IS15478";NA;"2023-10-01 19:46:00";-178519
"866848";"27:10:2";"Exp60_123_IS15478";"Exp60_123_IS15478";NA;"2023-10-01 20:02:00";-178347
"866849";"27:10:2";"Exp60_123_IS15478";"Exp60_123_IS15478";NA;"2023-10-01 20:16:00";-178210
"866850";"27:10:2";"Exp60_123_IS15478";"Exp60_123_IS15478";NA;"2023-10-01 20:32:00";-178219
"866851";"27:10:2";"Exp60_123_IS15478";"Exp60_123_IS15478";NA;"2023-10-01 20:46:00";-178071
"866852";"27:10:2";"Exp60_123_IS15478";"Exp60_123_IS15478";NA;"2023-10-01 21:02:00";-177953
"866853";"27:10:2";"Exp60_123_IS15478";"Exp60_123_IS15478";NA;"2023-10-01 21:16:00";-177759
"866854";"27:10:2";"Exp60_123_IS15478";"Exp60_123_IS15478";NA;"2023-10-01 21:32:00";-177903
"866855";"27:10:2";"Exp60_123_IS15478";"Exp60_123_IS15478";NA;"2023-10-01 21:46:00";-177690
"866856";"27:10:2";"Exp60_123_IS15478";"Exp60_123_IS15478";NA;"2023-10-01 22:02:00";-177686
"866857";"27:10:2";"Exp60_123_IS15478";"Exp60_123_IS15478";NA;"2023-10-01 22:16:00";-177552
"866858";"27:10:2";"Exp60_123_IS15478";"Exp60_123_IS15478";NA;"2023-10-01 22:32:00";-177277
"866859";"27:10:2";"Exp60_123_IS15478";"Exp60_123_IS15478";NA;"2023-10-01 22:46:00";-177348
"866860";"27:10:2";"Exp60_123_IS15478";"Exp60_123_IS15478";NA;"2023-10-01 23:17:00";-177430
"866861";"27:10:2";"Exp60_123_IS15478";"Exp60_123_IS15478";NA;"2023-10-01 23:31:00";-177367
"866862";"27:10:2";"Exp60_123_IS15478";"Exp60_123_IS15478";NA;"2023-10-02 07:01:00";-176377
"866863";"27:10:2";"Exp60_123_IS15478";"Exp60_123_IS15478";NA;"2023-10-02 07:17:00";-176786
"866864";"27:10:2";"Exp60_123_IS15478";"Exp60_123_IS15478";NA;"2023-10-02 07:31:00";-177246
"866865";"27:10:2";"Exp60_123_IS15478";"Exp60_123_IS15478";NA;"2023-10-02 07:47:00";-177550
"866866";"27:10:2";"Exp60_123_IS15478";"Exp60_123_IS15478";NA;"2023-10-02 08:01:00";-177767
"866867";"27:10:2";"Exp60_123_IS15478";"Exp60_123_IS15478";NA;"2023-10-02 08:17:00";-178120
"866868";"27:10:2";"Exp60_123_IS15478";"Exp60_123_IS15478";NA;"2023-10-02 08:31:00";-178597
"866869";"27:10:2";"Exp60_123_IS15478";"Exp60_123_IS15478";NA;"2023-10-02 08:47:00";-178817
"866870";"27:10:2";"Exp60_123_IS15478";"Exp60_123_IS15478";NA;"2023-10-02 09:01:00";-179209
"866871";"27:10:2";"Exp60_123_IS15478";"Exp60_123_IS15478";NA;"2023-10-02 09:17:00";-179832
"866872";"27:10:2";"Exp60_123_IS15478";"Exp60_123_IS15478";NA;"2023-10-02 09:31:00";-180007
"866873";"27:10:2";"Exp60_123_IS15478";"Exp60_123_IS15478";NA;"2023-10-02 09:47:00";-179860
"866874";"27:10:2";"Exp60_123_IS15478";"Exp60_123_IS15478";NA;"2023-10-02 10:01:00";-179801
"866875";"27:10:2";"Exp60_123_IS15478";"Exp60_123_IS15478";NA;"2023-10-02 10:32:00";-180080
"866876";"27:10:2";"Exp60_123_IS15478";"Exp60_123_IS15478";NA;"2023-10-02 10:46:00";-180288
"866877";"27:10:2";"Exp60_123_IS15478";"Exp60_123_IS15478";NA;"2023-10-02 11:17:00";-181096
"866878";"27:10:2";"Exp60_123_IS15478";"Exp60_123_IS15478";NA;"2023-10-02 11:31:00";-181599
"866879";"27:10:2";"Exp60_123_IS15478";"Exp60_123_IS15478";NA;"2023-10-02 11:47:00";-182193
"866880";"27:10:2";"Exp60_123_IS15478";"Exp60_123_IS15478";NA;"2023-10-02 12:01:00";-182708
"866881";"27:10:2";"Exp60_123_IS15478";"Exp60_123_IS15478";NA;"2023-10-02 12:17:00";-183160
"866882";"27:10:2";"Exp60_123_IS15478";"Exp60_123_IS15478";NA;"2023-10-02 12:31:00";-183601
"866883";"27:10:2";"Exp60_123_IS15478";"Exp60_123_IS15478";NA;"2023-10-02 12:47:00";-184002
"866884";"27:10:2";"Exp60_123_IS15478";"Exp60_123_IS15478";NA;"2023-10-02 13:01:00";-184508
"866885";"27:10:2";"Exp60_123_IS15478";"Exp60_123_IS15478";NA;"2023-10-02 13:17:00";-184915
"866886";"27:10:2";"Exp60_123_IS15478";"Exp60_123_IS15478";NA;"2023-10-02 13:31:00";-201619
"866887";"27:10:2";"Exp60_123_IS15478";"Exp60_123_IS15478";NA;"2023-10-02 13:47:00";-203914
"866888";"27:10:2";"Exp60_123_IS15478";"Exp60_123_IS15478";NA;"2023-10-02 14:01:00";-205892
"866889";"27:10:2";"Exp60_123_IS15478";"Exp60_123_IS15478";NA;"2023-10-02 14:17:00";-208807
"866890";"27:10:2";"Exp60_123_IS15478";"Exp60_123_IS15478";NA;"2023-10-02 14:31:00";-206368
"866891";"27:10:2";"Exp60_123_IS15478";"Exp60_123_IS15478";NA;"2023-10-02 14:47:00";-207585
"866892";"27:10:2";"Exp60_123_IS15478";"Exp60_123_IS15478";NA;"2023-10-02 15:01:00";-206434
"866893";"27:10:2";"Exp60_123_IS15478";"Exp60_123_IS15478";NA;"2023-10-02 15:32:00";-198920
"866894";"27:10:2";"Exp60_123_IS15478";"Exp60_123_IS15478";NA;"2023-10-02 15:46:00";-196918
"866895";"27:10:2";"Exp60_123_IS15478";"Exp60_123_IS15478";NA;"2023-10-02 16:02:00";-195376
"866896";"27:10:2";"Exp60_123_IS15478";"Exp60_123_IS15478";NA;"2023-10-02 16:16:00";-194269
"866897";"27:10:2";"Exp60_123_IS15478";"Exp60_123_IS15478";NA;"2023-10-02 23:01:00";-178107
"866898";"27:10:2";"Exp60_123_IS15478";"Exp60_123_IS15478";NA;"2023-10-02 23:17:00";-177933
"866899";"27:10:2";"Exp60_123_IS15478";"Exp60_123_IS15478";NA;"2023-10-02 23:31:00";-177840
"866900";"27:10:2";"Exp60_123_IS15478";"Exp60_123_IS15478";NA;"2023-10-02 23:47:00";-177970
"866901";"27:10:2";"Exp60_123_IS15478";"Exp60_123_IS15478";NA;"2023-10-03 00:01:00";-177672
"866902";"27:10:2";"Exp60_123_IS15478";"Exp60_123_IS15478";NA;"2023-10-03 00:17:00";-177719
"866903";"27:10:2";"Exp60_123_IS15478";"Exp60_123_IS15478";NA;"2023-10-03 00:31:00";-177624
"866904";"27:10:2";"Exp60_123_IS15478";"Exp60_123_IS15478";NA;"2023-10-03 00:47:00";-177760
"866905";"27:10:2";"Exp60_123_IS15478";"Exp60_123_IS15478";NA;"2023-10-03 01:01:00";-177848
"866906";"27:10:2";"Exp60_123_IS15478";"Exp60_123_IS15478";NA;"2023-10-03 01:17:00";-177585
"866907";"27:10:2";"Exp60_123_IS15478";"Exp60_123_IS15478";NA;"2023-10-03 01:31:00";-177617
"866908";"27:10:2";"Exp60_123_IS15478";"Exp60_123_IS15478";NA;"2023-10-03 01:47:00";-177582
"866909";"27:10:2";"Exp60_123_IS15478";"Exp60_123_IS15478";NA;"2023-10-03 02:01:00";-177524
"866910";"27:10:2";"Exp60_123_IS15478";"Exp60_123_IS15478";NA;"2023-10-03 02:17:00";-177384
"866911";"27:10:2";"Exp60_123_IS15478";"Exp60_123_IS15478";NA;"2023-10-03 02:31:00";-177349
"866912";"27:10:2";"Exp60_123_IS15478";"Exp60_123_IS15478";NA;"2023-10-03 03:47:00";-177297
"866913";"27:10:2";"Exp60_123_IS15478";"Exp60_123_IS15478";NA;"2023-10-03 04:01:00";-177510
"866914";"27:10:2";"Exp60_123_IS15478";"Exp60_123_IS15478";NA;"2023-10-03 04:17:00";-177290
"866915";"27:10:2";"Exp60_123_IS15478";"Exp60_123_IS15478";NA;"2023-10-03 04:31:00";-177206
"866916";"27:10:2";"Exp60_123_IS15478";"Exp60_123_IS15478";NA;"2023-10-03 04:47:00";-177064
"866917";"27:10:2";"Exp60_123_IS15478";"Exp60_123_IS15478";NA;"2023-10-03 05:01:00";-177335
"866918";"27:10:2";"Exp60_123_IS15478";"Exp60_123_IS15478";NA;"2023-10-03 05:17:00";-177129
"866919";"27:10:2";"Exp60_123_IS15478";"Exp60_123_IS15478";NA;"2023-10-03 06:01:00";-176975
"866920";"27:10:2";"Exp60_123_IS15478";"Exp60_123_IS15478";NA;"2023-10-03 06:17:00";-176790
"866921";"27:10:2";"Exp60_123_IS15478";"Exp60_123_IS15478";NA;"2023-10-03 06:31:00";-176757
"866922";"27:10:2";"Exp60_123_IS15478";"Exp60_123_IS15478";NA;"2023-10-03 06:47:00";-176688
"866923";"27:10:2";"Exp60_123_IS15478";"Exp60_123_IS15478";NA;"2023-10-03 07:01:00";-176913
"866924";"27:10:2";"Exp60_123_IS15478";"Exp60_123_IS15478";NA;"2023-10-03 07:17:00";-176976
"866925";"27:10:2";"Exp60_123_IS15478";"Exp60_123_IS15478";NA;"2023-10-03 07:31:00";-177392
"866926";"27:10:2";"Exp60_123_IS15478";"Exp60_123_IS15478";NA;"2023-10-03 08:02:00";-177895
"866927";"27:10:2";"Exp60_123_IS15478";"Exp60_123_IS15478";NA;"2023-10-03 08:16:00";-178322
"866928";"27:10:2";"Exp60_123_IS15478";"Exp60_123_IS15478";NA;"2023-10-03 08:32:00";-178821
"866929";"27:10:2";"Exp60_123_IS15478";"Exp60_123_IS15478";NA;"2023-10-03 08:46:00";-179386
"866930";"27:10:2";"Exp60_123_IS15478";"Exp60_123_IS15478";NA;"2023-10-03 15:16:00";-303662
"866931";"27:10:2";"Exp60_123_IS15478";"Exp60_123_IS15478";NA;"2023-10-03 21:16:00";-303662
"866932";"27:10:2";"Exp60_123_IS15478";"Exp60_123_IS15478";NA;"2023-10-03 22:02:00";-303662
"866933";"27:10:2";"Exp60_123_IS15478";"Exp60_123_IS15478";NA;"2023-10-03 22:16:00";-303662
"866934";"27:10:2";"Exp60_123_IS15478";"Exp60_123_IS15478";NA;"2023-10-03 22:32:00";-303662
"866935";"27:10:2";"Exp60_123_IS15478";"Exp60_123_IS15478";NA;"2023-10-03 22:46:00";-303662
"866936";"27:10:2";"Exp60_123_IS15478";"Exp60_123_IS15478";NA;"2023-10-03 23:17:00";-303662
"866937";"27:10:2";"Exp60_123_IS15478";"Exp60_123_IS15478";NA;"2023-10-03 23:31:00";-303662
"866938";"27:10:2";"Exp60_123_IS15478";"Exp60_123_IS15478";NA;"2023-10-03 23:47:00";-303662
"866939";"27:10:2";"Exp60_123_IS15478";"Exp60_123_IS15478";NA;"2023-10-04 00:16:00";-303662
"866940";"27:10:2";"Exp60_123_IS15478";"Exp60_123_IS15478";NA;"2023-10-04 00:32:00";-303662
"866941";"27:10:2";"Exp60_123_IS15478";"Exp60_123_IS15478";NA;"2023-10-04 00:46:00";-303662
"866942";"27:10:2";"Exp60_123_IS15478";"Exp60_123_IS15478";NA;"2023-10-04 01:02:00";-303662
"866943";"27:10:2";"Exp60_123_IS15478";"Exp60_123_IS15478";NA;"2023-10-04 01:16:00";-303662
"866944";"27:10:2";"Exp60_123_IS15478";"Exp60_123_IS15478";NA;"2023-10-04 01:32:00";-303662
"866945";"27:10:2";"Exp60_123_IS15478";"Exp60_123_IS15478";NA;"2023-10-04 01:46:00";-303662
"866946";"27:10:2";"Exp60_123_IS15478";"Exp60_123_IS15478";NA;"2023-10-04 02:02:00";-303662
"866947";"27:10:2";"Exp60_123_IS15478";"Exp60_123_IS15478";NA;"2023-10-04 02:16:00";-303662
"866948";"27:10:2";"Exp60_123_IS15478";"Exp60_123_IS15478";NA;"2023-10-04 02:32:00";-303662
"866949";"27:10:2";"Exp60_123_IS15478";"Exp60_123_IS15478";NA;"2023-10-04 02:46:00";-303662
"866950";"27:10:2";"Exp60_123_IS15478";"Exp60_123_IS15478";NA;"2023-10-04 03:17:00";-303662
"866951";"27:10:2";"Exp60_123_IS15478";"Exp60_123_IS15478";NA;"2023-10-04 03:31:00";-303662
"866952";"27:10:2";"Exp60_123_IS15478";"Exp60_123_IS15478";NA;"2023-10-04 03:47:00";-303662
"866953";"27:10:2";"Exp60_123_IS15478";"Exp60_123_IS15478";NA;"2023-10-04 04:01:00";-303662
"866954";"27:10:2";"Exp60_123_IS15478";"Exp60_123_IS15478";NA;"2023-10-04 04:32:00";-303662
"866955";"27:10:2";"Exp60_123_IS15478";"Exp60_123_IS15478";NA;"2023-10-04 04:46:00";-303662
"866956";"27:10:2";"Exp60_123_IS15478";"Exp60_123_IS15478";NA;"2023-10-04 05:02:00";-303662
"866957";"27:10:2";"Exp60_123_IS15478";"Exp60_123_IS15478";NA;"2023-10-04 05:16:00";-303662
"866958";"27:10:2";"Exp60_123_IS15478";"Exp60_123_IS15478";NA;"2023-10-04 05:32:00";-303662
"866959";"27:10:2";"Exp60_123_IS15478";"Exp60_123_IS15478";NA;"2023-10-04 05:46:00";-303662
"866960";"27:10:2";"Exp60_123_IS15478";"Exp60_123_IS15478";NA;"2023-10-04 06:32:00";-303662
"866961";"27:10:2";"Exp60_123_IS15478";"Exp60_123_IS15478";NA;"2023-10-04 06:46:00";-303662
"866962";"27:10:2";"Exp60_123_IS15478";"Exp60_123_IS15478";NA;"2023-10-04 07:17:00";-303662
"866963";"27:10:2";"Exp60_123_IS15478";"Exp60_123_IS15478";NA;"2023-10-04 07:31:00";-303662
"866964";"27:10:2";"Exp60_123_IS15478";"Exp60_123_IS15478";NA;"2023-10-04 07:47:00";-303662
"866965";"27:10:2";"Exp60_123_IS15478";"Exp60_123_IS15478";NA;"2023-10-04 08:01:00";-303662
"866966";"27:10:2";"Exp60_123_IS15478";"Exp60_123_IS15478";NA;"2023-10-04 08:17:00";-303662
"866967";"27:10:2";"Exp60_123_IS15478";"Exp60_123_IS15478";NA;"2023-10-04 08:31:00";-303662
"866968";"27:10:2";"Exp60_123_IS15478";"Exp60_123_IS15478";NA;"2023-10-04 08:47:00";-303662
"866969";"27:10:2";"Exp60_123_IS15478";"Exp60_123_IS15478";NA;"2023-10-04 09:01:00";-303662
"866970";"27:10:2";"Exp60_123_IS15478";"Exp60_123_IS15478";NA;"2023-10-04 09:17:00";-303662
"866971";"27:10:2";"Exp60_123_IS15478";"Exp60_123_IS15478";NA;"2023-10-04 09:31:00";-303662
"866972";"27:10:2";"Exp60_123_IS15478";"Exp60_123_IS15478";NA;"2023-10-04 09:47:00";-303662
"866973";"27:10:2";"Exp60_123_IS15478";"Exp60_123_IS15478";NA;"2023-10-04 10:01:00";-303662
"866974";"27:10:2";"Exp60_123_IS15478";"Exp60_123_IS15478";NA;"2023-10-04 10:17:00";-303662
"866975";"27:10:2";"Exp60_123_IS15478";"Exp60_123_IS15478";NA;"2023-10-04 10:31:00";-303662
"866976";"27:10:2";"Exp60_123_IS15478";"Exp60_123_IS15478";NA;"2023-10-04 10:47:00";-303662
"866977";"27:10:2";"Exp60_123_IS15478";"Exp60_123_IS15478";NA;"2023-10-04 11:01:00";-303662
"866978";"27:10:2";"Exp60_123_IS15478";"Exp60_123_IS15478";NA;"2023-10-04 11:17:00";-303662
"866979";"27:10:2";"Exp60_123_IS15478";"Exp60_123_IS15478";NA;"2023-10-04 11:31:00";-303662
"866980";"27:10:2";"Exp60_123_IS15478";"Exp60_123_IS15478";NA;"2023-10-04 11:47:00";-303662
"866981";"27:10:2";"Exp60_123_IS15478";"Exp60_123_IS15478";NA;"2023-10-04 12:01:00";-303662
"866982";"27:10:2";"Exp60_123_IS15478";"Exp60_123_IS15478";NA;"2023-10-04 12:32:00";-303662
"866983";"27:10:2";"Exp60_123_IS15478";"Exp60_123_IS15478";NA;"2023-10-04 12:46:00";-303662
"866984";"27:10:2";"Exp60_123_IS15478";"Exp60_123_IS15478";NA;"2023-10-04 13:02:00";-303662
"866985";"27:10:2";"Exp60_123_IS15478";"Exp60_123_IS15478";NA;"2023-10-04 13:16:00";-303662
"866986";"27:10:2";"Exp60_123_IS15478";"Exp60_123_IS15478";NA;"2023-10-04 13:32:00";-303662
"866987";"27:10:2";"Exp60_123_IS15478";"Exp60_123_IS15478";NA;"2023-10-04 13:46:00";-303662
"866988";"27:10:2";"Exp60_123_IS15478";"Exp60_123_IS15478";NA;"2023-10-04 21:01:00";-303662
"866989";"27:10:2";"Exp60_123_IS15478";"Exp60_123_IS15478";NA;"2023-10-05 03:31:00";-303662
"866990";"27:10:2";"Exp60_123_IS15478";"Exp60_123_IS15478";NA;"2023-10-05 03:47:00";-303662
"866991";"27:10:2";"Exp60_123_IS15478";"Exp60_123_IS15478";NA;"2023-10-05 04:01:00";-303662
"866992";"27:10:2";"Exp60_123_IS15478";"Exp60_123_IS15478";NA;"2023-10-05 04:17:00";-303662
"866993";"27:10:2";"Exp60_123_IS15478";"Exp60_123_IS15478";NA;"2023-10-05 04:31:00";-303662
"866994";"27:10:2";"Exp60_123_IS15478";"Exp60_123_IS15478";NA;"2023-10-05 04:47:00";-303662
"866995";"27:10:2";"Exp60_123_IS15478";"Exp60_123_IS15478";NA;"2023-10-05 05:01:00";-303662
"866996";"27:10:2";"Exp60_123_IS15478";"Exp60_123_IS15478";NA;"2023-10-05 05:17:00";-303662
"866997";"27:10:2";"Exp60_123_IS15478";"Exp60_123_IS15478";NA;"2023-10-05 05:31:00";-303662
"866998";"27:10:2";"Exp60_123_IS15478";"Exp60_123_IS15478";NA;"2023-10-05 05:47:00";-303662
"866999";"27:10:2";"Exp60_123_IS15478";"Exp60_123_IS15478";NA;"2023-10-05 06:01:00";-303662
"867000";"27:10:2";"Exp60_123_IS15478";"Exp60_123_IS15478";NA;"2023-10-05 06:17:00";-303662
"867001";"27:10:2";"Exp60_123_IS15478";"Exp60_123_IS15478";NA;"2023-10-05 06:31:00";-303662
"867002";"27:10:2";"Exp60_123_IS15478";"Exp60_123_IS15478";NA;"2023-10-05 06:47:00";-303662
"867003";"27:10:2";"Exp60_123_IS15478";"Exp60_123_IS15478";NA;"2023-10-05 07:01:00";-303662
"867004";"27:10:2";"Exp60_123_IS15478";"Exp60_123_IS15478";NA;"2023-10-05 07:17:00";-303662
"867005";"27:10:2";"Exp60_123_IS15478";"Exp60_123_IS15478";NA;"2023-10-05 07:31:00";-303662
"867006";"27:10:2";"Exp60_123_IS15478";"Exp60_123_IS15478";NA;"2023-10-05 07:47:00";-303662
"867007";"27:10:2";"Exp60_123_IS15478";"Exp60_123_IS15478";NA;"2023-10-05 08:01:00";-303662
"867008";"27:10:2";"Exp60_123_IS15478";"Exp60_123_IS15478";NA;"2023-10-05 08:17:00";-303662
"867009";"27:10:2";"Exp60_123_IS15478";"Exp60_123_IS15478";NA;"2023-10-05 08:31:00";-303662
"867010";"27:10:2";"Exp60_123_IS15478";"Exp60_123_IS15478";NA;"2023-10-05 08:47:00";-303662
"867011";"27:10:2";"Exp60_123_IS15478";"Exp60_123_IS15478";NA;"2023-10-05 09:01:00";-303662
"867012";"27:10:2";"Exp60_123_IS15478";"Exp60_123_IS15478";NA;"2023-10-05 09:17:00";-303662
"867013";"27:10:2";"Exp60_123_IS15478";"Exp60_123_IS15478";NA;"2023-10-05 09:31:00";-303662
"867014";"27:10:2";"Exp60_123_IS15478";"Exp60_123_IS15478";NA;"2023-10-05 09:47:00";-303662
"867015";"27:10:2";"Exp60_123_IS15478";"Exp60_123_IS15478";NA;"2023-10-05 10:01:00";-303662
"867016";"27:10:2";"Exp60_123_IS15478";"Exp60_123_IS15478";NA;"2023-10-05 10:17:00";-303662
"867017";"27:10:2";"Exp60_123_IS15478";"Exp60_123_IS15478";NA;"2023-10-05 10:31:00";-303662
"867018";"27:10:2";"Exp60_123_IS15478";"Exp60_123_IS15478";NA;"2023-10-05 10:47:00";-303662
"867019";"27:10:2";"Exp60_123_IS15478";"Exp60_123_IS15478";NA;"2023-10-05 11:01:00";-303662
"867020";"27:10:2";"Exp60_123_IS15478";"Exp60_123_IS15478";NA;"2023-10-05 11:17:00";-303662
"867021";"27:10:2";"Exp60_123_IS15478";"Exp60_123_IS15478";NA;"2023-10-05 11:31:00";-303662
"867022";"27:10:2";"Exp60_123_IS15478";"Exp60_123_IS15478";NA;"2023-10-05 11:47:00";-303662
"867023";"27:10:2";"Exp60_123_IS15478";"Exp60_123_IS15478";NA;"2023-10-05 12:01:00";-303662
"867024";"27:10:2";"Exp60_123_IS15478";"Exp60_123_IS15478";NA;"2023-10-05 18:01:00";-303662
"867025";"27:10:2";"Exp60_123_IS15478";"Exp60_123_IS15478";NA;"2023-10-05 18:17:00";-303662
"867026";"27:10:2";"Exp60_123_IS15478";"Exp60_123_IS15478";NA;"2023-10-05 18:31:00";-303662
"867027";"27:10:2";"Exp60_123_IS15478";"Exp60_123_IS15478";NA;"2023-10-06 00:31:00";-303662
"867028";"27:10:2";"Exp60_123_IS15478";"Exp60_123_IS15478";NA;"2023-10-06 00:47:00";-303662
"867029";"27:10:2";"Exp60_123_IS15478";"Exp60_123_IS15478";NA;"2023-10-06 01:01:00";-303662
"867030";"27:10:2";"Exp60_123_IS15478";"Exp60_123_IS15478";NA;"2023-10-06 01:17:00";-303662
"867031";"27:10:2";"Exp60_123_IS15478";"Exp60_123_IS15478";NA;"2023-10-06 01:31:00";-303662
"867032";"27:10:2";"Exp60_123_IS15478";"Exp60_123_IS15478";NA;"2023-10-06 01:47:00";-303662
"867033";"27:10:2";"Exp60_123_IS15478";"Exp60_123_IS15478";NA;"2023-10-06 02:01:00";-303662
"867034";"27:10:2";"Exp60_123_IS15478";"Exp60_123_IS15478";NA;"2023-10-06 02:17:00";-303662
"867035";"27:10:2";"Exp60_123_IS15478";"Exp60_123_IS15478";NA;"2023-10-06 02:31:00";-303662
"867036";"27:10:2";"Exp60_123_IS15478";"Exp60_123_IS15478";NA;"2023-10-06 02:47:00";-303662
"867037";"27:10:2";"Exp60_123_IS15478";"Exp60_123_IS15478";NA;"2023-10-06 03:16:00";-303662
"867038";"27:10:2";"Exp60_123_IS15478";"Exp60_123_IS15478";NA;"2023-10-06 03:32:00";-303662
"867039";"27:10:2";"Exp60_123_IS15478";"Exp60_123_IS15478";NA;"2023-10-06 03:46:00";-303662
"867040";"27:10:2";"Exp60_123_IS15478";"Exp60_123_IS15478";NA;"2023-10-06 10:46:00";-303662
"867041";"27:10:2";"Exp60_123_IS15478";"Exp60_123_IS15478";NA;"2023-10-06 11:02:00";-303662
"867042";"27:10:2";"Exp60_123_IS15478";"Exp60_123_IS15478";NA;"2023-10-06 11:16:00";-303662
"867043";"27:10:2";"Exp60_123_IS15478";"Exp60_123_IS15478";NA;"2023-10-06 11:47:00";-303662
"867044";"27:10:2";"Exp60_123_IS15478";"Exp60_123_IS15478";NA;"2023-10-06 12:01:00";-303662
"867045";"27:10:2";"Exp60_123_IS15478";"Exp60_123_IS15478";NA;"2023-10-06 20:01:00";-303662
"867046";"27:10:2";"Exp60_123_IS15478";"Exp60_123_IS15478";NA;"2023-10-06 20:17:00";-303662
"867047";"27:10:2";"Exp60_123_IS15478";"Exp60_123_IS15478";NA;"2023-10-06 20:31:00";-303662
"867048";"27:10:2";"Exp60_123_IS15478";"Exp60_123_IS15478";NA;"2023-10-07 03:01:00";-303662
"867049";"27:10:2";"Exp60_123_IS15478";"Exp60_123_IS15478";NA;"2023-10-07 03:17:00";-303662
"867050";"27:10:2";"Exp60_123_IS15478";"Exp60_123_IS15478";NA;"2023-10-07 03:31:00";-303662
"867051";"27:10:2";"Exp60_123_IS15478";"Exp60_123_IS15478";NA;"2023-10-07 03:47:00";-303662
"867052";"27:10:2";"Exp60_123_IS15478";"Exp60_123_IS15478";NA;"2023-10-07 04:01:00";-303662
"867053";"27:10:2";"Exp60_123_IS15478";"Exp60_123_IS15478";NA;"2023-10-07 11:01:00";-303662
"867054";"27:10:2";"Exp60_123_IS15478";"Exp60_123_IS15478";NA;"2023-10-07 11:17:00";-303662
"867055";"27:10:2";"Exp60_123_IS15478";"Exp60_123_IS15478";NA;"2023-10-07 11:31:00";-303662
"867056";"27:10:2";"Exp60_123_IS15478";"Exp60_123_IS15478";NA;"2023-10-07 11:47:00";-303662
"867057";"27:10:2";"Exp60_123_IS15478";"Exp60_123_IS15478";NA;"2023-10-07 12:01:00";-303662
"867058";"27:10:2";"Exp60_123_IS15478";"Exp60_123_IS15478";NA;"2023-10-07 12:47:00";-303662
"867059";"27:10:2";"Exp60_123_IS15478";"Exp60_123_IS15478";NA;"2023-10-07 13:01:00";-303662
"867060";"27:10:2";"Exp60_123_IS15478";"Exp60_123_IS15478";NA;"2023-10-07 13:17:00";-303662
"867061";"27:10:2";"Exp60_123_IS15478";"Exp60_123_IS15478";NA;"2023-10-07 13:31:00";-303662
"867062";"27:10:2";"Exp60_123_IS15478";"Exp60_123_IS15478";NA;"2023-10-07 13:47:00";-303662
"867063";"27:10:2";"Exp60_123_IS15478";"Exp60_123_IS15478";NA;"2023-10-07 14:01:00";-303662
"867064";"27:10:2";"Exp60_123_IS15478";"Exp60_123_IS15478";NA;"2023-10-07 14:17:00";-303662
"867065";"27:10:2";"Exp60_123_IS15478";"Exp60_123_IS15478";NA;"2023-10-07 14:31:00";-303662
"867066";"27:10:2";"Exp60_123_IS15478";"Exp60_123_IS15478";NA;"2023-10-07 20:46:00";-303662
"867067";"27:10:2";"Exp60_123_IS15478";"Exp60_123_IS15478";NA;"2023-10-07 21:02:00";-303662
"867068";"27:10:2";"Exp60_123_IS15478";"Exp60_123_IS15478";NA;"2023-10-07 21:16:00";-303662
"867069";"27:10:2";"Exp60_123_IS15478";"Exp60_123_IS15478";NA;"2023-10-07 21:32:00";-303662
"867070";"27:10:2";"Exp60_123_IS15478";"Exp60_123_IS15478";NA;"2023-10-07 21:46:00";-303662
"867071";"27:10:2";"Exp60_123_IS15478";"Exp60_123_IS15478";NA;"2023-10-07 22:02:00";-303662
"867072";"27:10:2";"Exp60_123_IS15478";"Exp60_123_IS15478";NA;"2023-10-07 22:16:00";-303662
"867073";"27:10:2";"Exp60_123_IS15478";"Exp60_123_IS15478";NA;"2023-10-07 22:32:00";-303662
"867074";"27:10:2";"Exp60_123_IS15478";"Exp60_123_IS15478";NA;"2023-10-07 22:46:00";-303662
"867075";"27:10:2";"Exp60_123_IS15478";"Exp60_123_IS15478";NA;"2023-10-07 23:02:00";-303662
"867076";"27:10:2";"Exp60_123_IS15478";"Exp60_123_IS15478";NA;"2023-10-07 23:16:00";-303662
"867077";"27:10:2";"Exp60_123_IS15478";"Exp60_123_IS15478";NA;"2023-10-07 23:32:00";-303662
"867078";"27:10:2";"Exp60_123_IS15478";"Exp60_123_IS15478";NA;"2023-10-07 23:46:00";-303662
"867079";"27:10:2";"Exp60_123_IS15478";"Exp60_123_IS15478";NA;"2023-10-08 00:02:00";-303662
"867080";"27:10:2";"Exp60_123_IS15478";"Exp60_123_IS15478";NA;"2023-10-08 00:16:00";-303662
"867081";"27:10:2";"Exp60_123_IS15478";"Exp60_123_IS15478";NA;"2023-10-08 00:32:00";-303662
"867082";"27:10:2";"Exp60_123_IS15478";"Exp60_123_IS15478";NA;"2023-10-08 00:46:00";-303662
"867083";"27:10:2";"Exp60_123_IS15478";"Exp60_123_IS15478";NA;"2023-10-08 01:02:00";-303662
"867084";"27:10:2";"Exp60_123_IS15478";"Exp60_123_IS15478";NA;"2023-10-08 01:16:00";-303662
"867085";"27:10:2";"Exp60_123_IS15478";"Exp60_123_IS15478";NA;"2023-10-08 01:32:00";-303662
"867086";"27:10:2";"Exp60_123_IS15478";"Exp60_123_IS15478";NA;"2023-10-08 01:46:00";-303662
"867087";"27:10:2";"Exp60_123_IS15478";"Exp60_123_IS15478";NA;"2023-10-08 02:02:00";-303662
"867088";"27:10:2";"Exp60_123_IS15478";"Exp60_123_IS15478";NA;"2023-10-08 02:16:00";-303662
"867089";"27:10:2";"Exp60_123_IS15478";"Exp60_123_IS15478";NA;"2023-10-08 02:32:00";-303662
"867090";"27:10:2";"Exp60_123_IS15478";"Exp60_123_IS15478";NA;"2023-10-08 02:46:00";-303662
"867091";"27:10:2";"Exp60_123_IS15478";"Exp60_123_IS15478";NA;"2023-10-08 03:02:00";-303662
"867092";"27:10:2";"Exp60_123_IS15478";"Exp60_123_IS15478";NA;"2023-10-08 03:16:00";-303662
"867093";"27:10:2";"Exp60_123_IS15478";"Exp60_123_IS15478";NA;"2023-10-08 03:32:00";-303662
"867094";"27:10:2";"Exp60_123_IS15478";"Exp60_123_IS15478";NA;"2023-10-08 03:46:00";-303662
"867095";"27:10:2";"Exp60_123_IS15478";"Exp60_123_IS15478";NA;"2023-10-08 04:02:00";-303662
"867096";"27:10:2";"Exp60_123_IS15478";"Exp60_123_IS15478";NA;"2023-10-08 04:16:00";-303662
"867097";"27:10:2";"Exp60_123_IS15478";"Exp60_123_IS15478";NA;"2023-10-08 04:32:00";-303662
"867098";"27:10:2";"Exp60_123_IS15478";"Exp60_123_IS15478";NA;"2023-10-08 04:46:00";-303662
"867099";"27:10:2";"Exp60_123_IS15478";"Exp60_123_IS15478";NA;"2023-10-08 05:02:00";-303662
"867100";"27:10:2";"Exp60_123_IS15478";"Exp60_123_IS15478";NA;"2023-10-08 05:16:00";-303662
"867101";"27:10:2";"Exp60_123_IS15478";"Exp60_123_IS15478";NA;"2023-10-08 05:32:00";-303662
"867102";"27:10:2";"Exp60_123_IS15478";"Exp60_123_IS15478";NA;"2023-10-08 05:46:00";-303662
"867103";"27:10:2";"Exp60_123_IS15478";"Exp60_123_IS15478";NA;"2023-10-08 06:02:00";-303662
"867104";"27:10:2";"Exp60_123_IS15478";"Exp60_123_IS15478";NA;"2023-10-08 06:16:00";-303662
"867105";"27:10:2";"Exp60_123_IS15478";"Exp60_123_IS15478";NA;"2023-10-08 06:32:00";-303662
"867106";"27:10:2";"Exp60_123_IS15478";"Exp60_123_IS15478";NA;"2023-10-08 06:46:00";-303662
"867107";"27:10:2";"Exp60_123_IS15478";"Exp60_123_IS15478";NA;"2023-10-08 07:02:00";-303662
"867108";"27:10:2";"Exp60_123_IS15478";"Exp60_123_IS15478";NA;"2023-10-08 07:16:00";-303662
"867109";"27:10:2";"Exp60_123_IS15478";"Exp60_123_IS15478";NA;"2023-10-08 07:32:00";-303662
"867110";"27:10:2";"Exp60_123_IS15478";"Exp60_123_IS15478";NA;"2023-10-08 07:46:00";-303662
"867111";"27:10:2";"Exp60_123_IS15478";"Exp60_123_IS15478";NA;"2023-10-08 08:02:00";-303662
"867112";"27:10:2";"Exp60_123_IS15478";"Exp60_123_IS15478";NA;"2023-10-08 08:16:00";-303662
"867113";"27:10:2";"Exp60_123_IS15478";"Exp60_123_IS15478";NA;"2023-10-08 08:32:00";-303662
"867114";"27:10:2";"Exp60_123_IS15478";"Exp60_123_IS15478";NA;"2023-10-08 08:46:00";-303662
"867115";"27:10:2";"Exp60_123_IS15478";"Exp60_123_IS15478";NA;"2023-10-08 09:02:00";-303662
"867116";"27:10:2";"Exp60_123_IS15478";"Exp60_123_IS15478";NA;"2023-10-08 09:16:00";-303662
"867117";"27:10:2";"Exp60_123_IS15478";"Exp60_123_IS15478";NA;"2023-10-08 09:32:00";-303662
"867118";"27:10:2";"Exp60_123_IS15478";"Exp60_123_IS15478";NA;"2023-10-08 09:46:00";-303662
"867119";"27:10:2";"Exp60_123_IS15478";"Exp60_123_IS15478";NA;"2023-10-08 10:32:00";-303662
"867120";"27:10:2";"Exp60_123_IS15478";"Exp60_123_IS15478";NA;"2023-10-08 10:46:00";-303662
"867121";"27:10:2";"Exp60_123_IS15478";"Exp60_123_IS15478";NA;"2023-10-08 11:17:00";-303662
"867122";"27:10:2";"Exp60_123_IS15478";"Exp60_123_IS15478";NA;"2023-10-08 11:31:00";-303662
"867123";"27:10:2";"Exp60_123_IS15478";"Exp60_123_IS15478";NA;"2023-10-08 12:02:00";-303662
"867124";"27:10:2";"Exp60_123_IS15478";"Exp60_123_IS15478";NA;"2023-10-08 12:16:00";-303662
"867125";"27:10:2";"Exp60_123_IS15478";"Exp60_123_IS15478";NA;"2023-10-08 12:32:00";-303662
"867126";"27:10:2";"Exp60_123_IS15478";"Exp60_123_IS15478";NA;"2023-10-08 12:46:00";-303662
"867127";"27:10:2";"Exp60_123_IS15478";"Exp60_123_IS15478";NA;"2023-10-08 13:02:00";-303662
"867128";"27:10:2";"Exp60_123_IS15478";"Exp60_123_IS15478";NA;"2023-10-08 13:16:00";-303662
"867129";"27:10:2";"Exp60_123_IS15478";"Exp60_123_IS15478";NA;"2023-10-08 13:47:00";-303662
"867130";"27:10:2";"Exp60_123_IS15478";"Exp60_123_IS15478";NA;"2023-10-08 14:01:00";-303662
"867131";"27:10:2";"Exp60_123_IS15478";"Exp60_123_IS15478";NA;"2023-10-08 14:17:00";-303662
"867132";"27:10:2";"Exp60_123_IS15478";"Exp60_123_IS15478";NA;"2023-10-08 14:31:00";-303662
"867133";"27:10:2";"Exp60_123_IS15478";"Exp60_123_IS15478";NA;"2023-10-08 14:47:00";-303662
"867134";"27:10:2";"Exp60_123_IS15478";"Exp60_123_IS15478";NA;"2023-10-08 15:01:00";-303662
"867135";"27:10:2";"Exp60_123_IS15478";"Exp60_123_IS15478";NA;"2023-10-08 22:46:00";-303662
"867136";"27:10:2";"Exp60_123_IS15478";"Exp60_123_IS15478";NA;"2023-10-08 23:02:00";-303662
"867137";"27:10:2";"Exp60_123_IS15478";"Exp60_123_IS15478";NA;"2023-10-08 23:16:00";-303662
"867138";"27:10:2";"Exp60_123_IS15478";"Exp60_123_IS15478";NA;"2023-10-08 23:32:00";-303662
"867139";"27:10:2";"Exp60_123_IS15478";"Exp60_123_IS15478";NA;"2023-10-08 23:46:00";-303662
"867140";"27:10:2";"Exp60_123_IS15478";"Exp60_123_IS15478";NA;"2023-10-09 00:02:00";-303662
"867141";"27:10:2";"Exp60_123_IS15478";"Exp60_123_IS15478";NA;"2023-10-09 00:16:00";-303662
"867142";"27:10:2";"Exp60_123_IS15478";"Exp60_123_IS15478";NA;"2023-10-09 00:32:00";-303662
"867143";"27:10:2";"Exp60_123_IS15478";"Exp60_123_IS15478";NA;"2023-10-09 00:46:00";-303662
"867144";"27:10:2";"Exp60_123_IS15478";"Exp60_123_IS15478";NA;"2023-10-09 01:02:00";-303662
"867145";"27:10:2";"Exp60_123_IS15478";"Exp60_123_IS15478";NA;"2023-10-09 01:16:00";-303662
"867146";"27:10:2";"Exp60_123_IS15478";"Exp60_123_IS15478";NA;"2023-10-09 01:32:00";-303662
"867147";"27:10:2";"Exp60_123_IS15478";"Exp60_123_IS15478";NA;"2023-10-09 01:46:00";-303662
"867148";"27:10:2";"Exp60_123_IS15478";"Exp60_123_IS15478";NA;"2023-10-09 02:02:00";-303662
"867149";"27:10:2";"Exp60_123_IS15478";"Exp60_123_IS15478";NA;"2023-10-09 02:16:00";-303662
"867150";"27:10:2";"Exp60_123_IS15478";"Exp60_123_IS15478";NA;"2023-10-09 02:32:00";-303662
"867151";"27:10:2";"Exp60_123_IS15478";"Exp60_123_IS15478";NA;"2023-10-09 02:46:00";-303662
"867152";"27:10:2";"Exp60_123_IS15478";"Exp60_123_IS15478";NA;"2023-10-09 03:02:00";-303662
"867153";"27:10:2";"Exp60_123_IS15478";"Exp60_123_IS15478";NA;"2023-10-09 03:16:00";-303662
"867154";"27:10:2";"Exp60_123_IS15478";"Exp60_123_IS15478";NA;"2023-10-09 03:32:00";-303662
"867155";"27:10:2";"Exp60_123_IS15478";"Exp60_123_IS15478";NA;"2023-10-09 03:46:00";-303662
"867156";"27:10:2";"Exp60_123_IS15478";"Exp60_123_IS15478";NA;"2023-10-09 04:17:00";-303662
"867157";"27:10:2";"Exp60_123_IS15478";"Exp60_123_IS15478";NA;"2023-10-09 04:31:00";-303662
"867158";"27:10:2";"Exp60_123_IS15478";"Exp60_123_IS15478";NA;"2023-10-09 04:47:00";-303662
"867159";"27:10:2";"Exp60_123_IS15478";"Exp60_123_IS15478";NA;"2023-10-09 05:01:00";-303662
"867160";"27:10:2";"Exp60_123_IS15478";"Exp60_123_IS15478";NA;"2023-10-09 05:17:00";-303662
"867161";"27:10:2";"Exp60_123_IS15478";"Exp60_123_IS15478";NA;"2023-10-09 05:31:00";-303662
"867162";"27:10:2";"Exp60_123_IS15478";"Exp60_123_IS15478";NA;"2023-10-09 05:47:00";-303662
"867163";"27:10:2";"Exp60_123_IS15478";"Exp60_123_IS15478";NA;"2023-10-09 06:01:00";-303662
"867164";"27:10:2";"Exp60_123_IS15478";"Exp60_123_IS15478";NA;"2023-10-09 06:17:00";-303662
"867165";"27:10:2";"Exp60_123_IS15478";"Exp60_123_IS15478";NA;"2023-10-09 06:31:00";-303662
"867166";"27:10:2";"Exp60_123_IS15478";"Exp60_123_IS15478";NA;"2023-10-09 06:47:00";-303662
"867167";"27:10:2";"Exp60_123_IS15478";"Exp60_123_IS15478";NA;"2023-10-09 07:01:00";-303662
"867168";"27:10:2";"Exp60_123_IS15478";"Exp60_123_IS15478";NA;"2023-10-09 07:17:00";-303662
"867169";"27:10:2";"Exp60_123_IS15478";"Exp60_123_IS15478";NA;"2023-10-09 07:31:00";-303662
"867170";"27:10:2";"Exp60_123_IS15478";"Exp60_123_IS15478";NA;"2023-10-09 07:47:00";-303662
"867171";"27:10:2";"Exp60_123_IS15478";"Exp60_123_IS15478";NA;"2023-10-09 08:01:00";-303662
"867172";"27:10:2";"Exp60_123_IS15478";"Exp60_123_IS15478";NA;"2023-10-09 08:17:00";-303662
"867173";"27:10:2";"Exp60_123_IS15478";"Exp60_123_IS15478";NA;"2023-10-09 08:31:00";-303662
"867174";"27:10:2";"Exp60_123_IS15478";"Exp60_123_IS15478";NA;"2023-10-09 08:47:00";-303662
"867175";"27:10:2";"Exp60_123_IS15478";"Exp60_123_IS15478";NA;"2023-10-09 09:01:00";-303662
"867176";"27:10:2";"Exp60_123_IS15478";"Exp60_123_IS15478";NA;"2023-10-09 09:17:00";-303662
"867177";"27:10:2";"Exp60_123_IS15478";"Exp60_123_IS15478";NA;"2023-10-09 09:31:00";-303662
"867178";"27:10:2";"Exp60_123_IS15478";"Exp60_123_IS15478";NA;"2023-10-09 10:32:00";-303662
"867179";"27:10:2";"Exp60_123_IS15478";"Exp60_123_IS15478";NA;"2023-10-09 10:46:00";-303662
"867180";"27:10:2";"Exp60_123_IS15478";"Exp60_123_IS15478";NA;"2023-10-09 11:02:00";-303662
"867181";"27:10:2";"Exp60_123_IS15478";"Exp60_123_IS15478";NA;"2023-10-09 11:16:00";-303662
"867182";"27:10:2";"Exp60_123_IS15478";"Exp60_123_IS15478";NA;"2023-10-09 11:47:00";-303662
"867183";"27:10:2";"Exp60_123_IS15478";"Exp60_123_IS15478";NA;"2023-10-09 12:01:00";-303662
"867184";"27:10:2";"Exp60_123_IS15478";"Exp60_123_IS15478";NA;"2023-10-09 12:17:00";-303662
"867185";"27:10:2";"Exp60_123_IS15478";"Exp60_123_IS15478";NA;"2023-10-09 12:31:00";-303662
"867186";"27:10:2";"Exp60_123_IS15478";"Exp60_123_IS15478";NA;"2023-10-09 12:47:00";-303662
"867187";"27:10:2";"Exp60_123_IS15478";"Exp60_123_IS15478";NA;"2023-10-09 13:01:00";-303662
"867188";"27:10:2";"Exp60_123_IS15478";"Exp60_123_IS15478";NA;"2023-10-09 13:32:00";-303662
"867189";"27:10:2";"Exp60_123_IS15478";"Exp60_123_IS15478";NA;"2023-10-09 13:46:00";-303662
"867190";"27:10:2";"Exp60_123_IS15478";"Exp60_123_IS15478";NA;"2023-10-09 14:02:00";-303662
"867191";"27:10:2";"Exp60_123_IS15478";"Exp60_123_IS15478";NA;"2023-10-09 14:16:00";-303662
"867192";"27:10:2";"Exp60_123_IS15478";"Exp60_123_IS15478";NA;"2023-10-09 20:16:00";-303662
"867193";"27:10:2";"Exp60_123_IS15478";"Exp60_123_IS15478";NA;"2023-10-09 20:32:00";-303662
"867194";"27:10:2";"Exp60_123_IS15478";"Exp60_123_IS15478";NA;"2023-10-09 20:46:00";-303662
"867195";"27:10:2";"Exp60_123_IS15478";"Exp60_123_IS15478";NA;"2023-10-09 21:02:00";-303662
"867196";"27:10:2";"Exp60_123_IS15478";"Exp60_123_IS15478";NA;"2023-10-09 21:16:00";-303662
"867197";"27:10:2";"Exp60_123_IS15478";"Exp60_123_IS15478";NA;"2023-10-09 21:32:00";-303662
"867198";"27:10:2";"Exp60_123_IS15478";"Exp60_123_IS15478";NA;"2023-10-09 21:46:00";-303662
"867199";"27:10:2";"Exp60_123_IS15478";"Exp60_123_IS15478";NA;"2023-10-09 22:32:00";-303662
"867200";"27:10:2";"Exp60_123_IS15478";"Exp60_123_IS15478";NA;"2023-10-09 22:46:00";-303662
"867201";"27:10:2";"Exp60_123_IS15478";"Exp60_123_IS15478";NA;"2023-10-09 23:17:00";-303662
"867202";"27:10:2";"Exp60_123_IS15478";"Exp60_123_IS15478";NA;"2023-10-09 23:31:00";-303662
"867203";"27:10:2";"Exp60_123_IS15478";"Exp60_123_IS15478";NA;"2023-10-09 23:47:00";-303662
"867204";"27:10:2";"Exp60_123_IS15478";"Exp60_123_IS15478";NA;"2023-10-10 00:16:00";-303662
"867205";"27:10:2";"Exp60_123_IS15478";"Exp60_123_IS15478";NA;"2023-10-10 00:47:00";-303662
"867206";"27:10:2";"Exp60_123_IS15478";"Exp60_123_IS15478";NA;"2023-10-10 01:01:00";-303662
"867207";"27:10:2";"Exp60_123_IS15478";"Exp60_123_IS15478";NA;"2023-10-10 01:17:00";-303662
"867208";"27:10:2";"Exp60_123_IS15478";"Exp60_123_IS15478";NA;"2023-10-10 01:31:00";-303662
"867209";"27:10:2";"Exp60_123_IS15478";"Exp60_123_IS15478";NA;"2023-10-10 01:47:00";-303662
"867210";"27:10:2";"Exp60_123_IS15478";"Exp60_123_IS15478";NA;"2023-10-10 02:01:00";-303662
"867211";"27:10:2";"Exp60_123_IS15478";"Exp60_123_IS15478";NA;"2023-10-10 02:17:00";-303662
"867212";"27:10:2";"Exp60_123_IS15478";"Exp60_123_IS15478";NA;"2023-10-10 02:31:00";-303662
"867213";"27:10:2";"Exp60_123_IS15478";"Exp60_123_IS15478";NA;"2023-10-10 02:47:00";-303662
"867214";"27:10:2";"Exp60_123_IS15478";"Exp60_123_IS15478";NA;"2023-10-10 03:01:00";-303662
"867215";"27:10:2";"Exp60_123_IS15478";"Exp60_123_IS15478";NA;"2023-10-10 03:17:00";-303662
"867216";"27:10:2";"Exp60_123_IS15478";"Exp60_123_IS15478";NA;"2023-10-10 03:31:00";-303662
"867217";"27:10:2";"Exp60_123_IS15478";"Exp60_123_IS15478";NA;"2023-10-10 03:47:00";-303662
"867218";"27:10:2";"Exp60_123_IS15478";"Exp60_123_IS15478";NA;"2023-10-10 04:01:00";-303662
"867219";"27:10:2";"Exp60_123_IS15478";"Exp60_123_IS15478";NA;"2023-10-10 04:17:00";-303662
"867220";"27:10:2";"Exp60_123_IS15478";"Exp60_123_IS15478";NA;"2023-10-10 04:31:00";-303662
"867221";"27:10:2";"Exp60_123_IS15478";"Exp60_123_IS15478";NA;"2023-10-10 04:47:00";-303662
"867222";"27:10:2";"Exp60_123_IS15478";"Exp60_123_IS15478";NA;"2023-10-10 05:01:00";-303662
"867223";"27:10:2";"Exp60_123_IS15478";"Exp60_123_IS15478";NA;"2023-10-10 05:17:00";-303662
"867224";"27:10:2";"Exp60_123_IS15478";"Exp60_123_IS15478";NA;"2023-10-10 05:31:00";-303662
"867225";"27:10:2";"Exp60_123_IS15478";"Exp60_123_IS15478";NA;"2023-10-10 05:47:00";-303662
"867226";"27:10:2";"Exp60_123_IS15478";"Exp60_123_IS15478";NA;"2023-10-10 06:01:00";-303662
"867227";"27:10:2";"Exp60_123_IS15478";"Exp60_123_IS15478";NA;"2023-10-10 06:17:00";-303662
"867228";"27:10:2";"Exp60_123_IS15478";"Exp60_123_IS15478";NA;"2023-10-10 06:46:00";-303662
"867229";"27:10:2";"Exp60_123_IS15478";"Exp60_123_IS15478";NA;"2023-10-10 07:17:00";-303662
"867230";"27:10:2";"Exp60_123_IS15478";"Exp60_123_IS15478";NA;"2023-10-10 07:31:00";-303662
"867231";"27:10:2";"Exp60_123_IS15478";"Exp60_123_IS15478";NA;"2023-10-10 08:02:00";-303662
"867232";"27:10:2";"Exp60_123_IS15478";"Exp60_123_IS15478";NA;"2023-10-10 08:16:00";-303662
"867233";"27:10:2";"Exp60_123_IS15478";"Exp60_123_IS15478";NA;"2023-10-10 08:32:00";-303662
"867234";"27:10:2";"Exp60_123_IS15478";"Exp60_123_IS15478";NA;"2023-10-10 08:46:00";-303662
"867235";"27:10:2";"Exp60_123_IS15478";"Exp60_123_IS15478";NA;"2023-10-10 09:02:00";-303662
"867236";"27:10:2";"Exp60_123_IS15478";"Exp60_123_IS15478";NA;"2023-10-10 09:16:00";-303662
"867237";"27:10:2";"Exp60_123_IS15478";"Exp60_123_IS15478";NA;"2023-10-10 09:32:00";-303662
"867238";"27:10:2";"Exp60_123_IS15478";"Exp60_123_IS15478";NA;"2023-10-10 09:46:00";-303662
"867239";"27:10:2";"Exp60_123_IS15478";"Exp60_123_IS15478";NA;"2023-10-10 10:02:00";-303662
"867240";"27:10:2";"Exp60_123_IS15478";"Exp60_123_IS15478";NA;"2023-10-10 10:16:00";-303662
"867241";"27:10:2";"Exp60_123_IS15478";"Exp60_123_IS15478";NA;"2023-10-10 10:32:00";-303662
"867242";"27:10:2";"Exp60_123_IS15478";"Exp60_123_IS15478";NA;"2023-10-10 10:46:00";-303662
"867243";"27:10:2";"Exp60_123_IS15478";"Exp60_123_IS15478";NA;"2023-10-10 11:02:00";-303662
"867244";"27:10:2";"Exp60_123_IS15478";"Exp60_123_IS15478";NA;"2023-10-10 11:16:00";-303662
"867245";"27:10:2";"Exp60_123_IS15478";"Exp60_123_IS15478";NA;"2023-10-10 15:46:00";-303662
"867246";"27:10:2";"Exp60_123_IS15478";"Exp60_123_IS15478";NA;"2023-10-10 18:01:00";-303662
"867247";"27:10:2";"Exp60_123_IS15478";"Exp60_123_IS15478";NA;"2023-10-10 18:17:00";-303662
"867248";"27:10:2";"Exp60_123_IS15478";"Exp60_123_IS15478";NA;"2023-10-10 18:31:00";-303662
"867249";"27:10:2";"Exp60_123_IS15478";"Exp60_123_IS15478";NA;"2023-10-10 18:47:00";-303662
"867250";"27:10:2";"Exp60_123_IS15478";"Exp60_123_IS15478";NA;"2023-10-10 19:01:00";-303662
"867251";"27:10:2";"Exp60_123_IS15478";"Exp60_123_IS15478";NA;"2023-10-10 19:17:00";-303662
"867252";"27:10:2";"Exp60_123_IS15478";"Exp60_123_IS15478";NA;"2023-10-10 19:31:00";-303662
"867253";"27:10:2";"Exp60_123_IS15478";"Exp60_123_IS15478";NA;"2023-10-10 19:47:00";-303662
"867254";"27:10:2";"Exp60_123_IS15478";"Exp60_123_IS15478";NA;"2023-10-10 20:01:00";-303662
"867255";"27:10:2";"Exp60_123_IS15478";"Exp60_123_IS15478";NA;"2023-10-10 20:17:00";-303662
"867256";"27:10:2";"Exp60_123_IS15478";"Exp60_123_IS15478";NA;"2023-10-10 20:31:00";-303662
"867257";"27:10:2";"Exp60_123_IS15478";"Exp60_123_IS15478";NA;"2023-10-10 20:47:00";-303662
"867258";"27:10:2";"Exp60_123_IS15478";"Exp60_123_IS15478";NA;"2023-10-10 21:01:00";-303662
"867259";"27:10:2";"Exp60_123_IS15478";"Exp60_123_IS15478";NA;"2023-10-10 21:17:00";-303662
"867260";"27:10:2";"Exp60_123_IS15478";"Exp60_123_IS15478";NA;"2023-10-10 21:31:00";-303662
"867261";"27:10:2";"Exp60_123_IS15478";"Exp60_123_IS15478";NA;"2023-10-10 21:47:00";-303662
"867262";"27:10:2";"Exp60_123_IS15478";"Exp60_123_IS15478";NA;"2023-10-10 22:01:00";-303662
"867263";"27:10:2";"Exp60_123_IS15478";"Exp60_123_IS15478";NA;"2023-10-10 22:32:00";-303662
"867264";"27:10:2";"Exp60_123_IS15478";"Exp60_123_IS15478";NA;"2023-10-10 22:46:00";-303662
"867265";"27:10:2";"Exp60_123_IS15478";"Exp60_123_IS15478";NA;"2023-10-10 23:02:00";-303662
"867266";"27:10:2";"Exp60_123_IS15478";"Exp60_123_IS15478";NA;"2023-10-10 23:16:00";-303662
"867267";"27:10:2";"Exp60_123_IS15478";"Exp60_123_IS15478";NA;"2023-10-10 23:32:00";-303662
"867268";"27:10:2";"Exp60_123_IS15478";"Exp60_123_IS15478";NA;"2023-10-10 23:46:00";-303662
"867269";"27:10:2";"Exp60_123_IS15478";"Exp60_123_IS15478";NA;"2023-10-11 00:02:00";-303662
"867270";"27:10:2";"Exp60_123_IS15478";"Exp60_123_IS15478";NA;"2023-10-11 00:16:00";-303662
"867271";"27:10:2";"Exp60_123_IS15478";"Exp60_123_IS15478";NA;"2023-10-11 00:32:00";-303662
"867272";"27:10:2";"Exp60_123_IS15478";"Exp60_123_IS15478";NA;"2023-10-11 00:46:00";-303662
"867273";"27:10:2";"Exp60_123_IS15478";"Exp60_123_IS15478";NA;"2023-10-11 06:31:00";-303662
"867274";"27:10:2";"Exp60_123_IS15478";"Exp60_123_IS15478";NA;"2023-10-11 07:17:00";-303662
"867275";"27:10:2";"Exp60_123_IS15478";"Exp60_123_IS15478";NA;"2023-10-11 07:31:00";-303662
"867276";"27:10:2";"Exp60_123_IS15478";"Exp60_123_IS15478";NA;"2023-10-11 07:47:00";-303662
"867277";"27:10:2";"Exp60_123_IS15478";"Exp60_123_IS15478";NA;"2023-10-11 08:01:00";-303662
"867278";"27:10:2";"Exp60_123_IS15478";"Exp60_123_IS15478";NA;"2023-10-11 08:17:00";-303662
"867279";"27:10:2";"Exp60_123_IS15478";"Exp60_123_IS15478";NA;"2023-10-11 08:31:00";-303662
"867280";"27:10:2";"Exp60_123_IS15478";"Exp60_123_IS15478";NA;"2023-10-11 08:47:00";-303662
"867281";"27:10:2";"Exp60_123_IS15478";"Exp60_123_IS15478";NA;"2023-10-11 09:01:00";-303662
"867282";"27:10:2";"Exp60_123_IS15478";"Exp60_123_IS15478";NA;"2023-10-11 16:16:00";-303662
"867283";"27:10:2";"Exp60_123_IS15478";"Exp60_123_IS15478";NA;"2023-10-11 16:32:00";-303662
"867284";"27:10:2";"Exp60_123_IS15478";"Exp60_123_IS15478";NA;"2023-10-11 16:46:00";-303662
"867285";"27:10:2";"Exp60_123_IS15478";"Exp60_123_IS15478";NA;"2023-10-11 17:02:00";-303662
"867286";"27:10:2";"Exp60_123_IS15478";"Exp60_123_IS15478";NA;"2023-10-11 17:16:00";-303662
"867287";"27:10:2";"Exp60_123_IS15478";"Exp60_123_IS15478";NA;"2023-10-11 17:32:00";-303662
"867288";"27:10:2";"Exp60_123_IS15478";"Exp60_123_IS15478";NA;"2023-10-11 17:46:00";-303662
"867289";"27:10:2";"Exp60_123_IS15478";"Exp60_123_IS15478";NA;"2023-10-11 18:02:00";-303662
"867290";"27:10:2";"Exp60_123_IS15478";"Exp60_123_IS15478";NA;"2023-10-11 18:16:00";-303662
"867291";"27:10:2";"Exp60_123_IS15478";"Exp60_123_IS15478";NA;"2023-10-11 18:32:00";-303662
"867292";"27:10:2";"Exp60_123_IS15478";"Exp60_123_IS15478";NA;"2023-10-11 18:46:00";-303662
"867293";"27:10:2";"Exp60_123_IS15478";"Exp60_123_IS15478";NA;"2023-10-11 19:02:00";-303662
"867294";"27:10:2";"Exp60_123_IS15478";"Exp60_123_IS15478";NA;"2023-10-11 19:16:00";-303662
"867295";"27:10:2";"Exp60_123_IS15478";"Exp60_123_IS15478";NA;"2023-10-11 19:32:00";-303662
"867296";"27:10:2";"Exp60_123_IS15478";"Exp60_123_IS15478";NA;"2023-10-11 19:46:00";-303662
"867297";"27:10:2";"Exp60_123_IS15478";"Exp60_123_IS15478";NA;"2023-10-11 20:02:00";-303662
"867298";"27:10:2";"Exp60_123_IS15478";"Exp60_123_IS15478";NA;"2023-10-11 20:46:00";-303662
"867299";"27:10:2";"Exp60_123_IS15478";"Exp60_123_IS15478";NA;"2023-10-11 21:02:00";-303662
"867300";"27:10:2";"Exp60_123_IS15478";"Exp60_123_IS15478";NA;"2023-10-11 21:16:00";-303662
"867301";"27:10:2";"Exp60_123_IS15478";"Exp60_123_IS15478";NA;"2023-10-11 21:32:00";-303662
"867302";"27:10:2";"Exp60_123_IS15478";"Exp60_123_IS15478";NA;"2023-10-11 21:46:00";-303662
"867303";"27:10:2";"Exp60_123_IS15478";"Exp60_123_IS15478";NA;"2023-10-11 22:17:00";-303662
"867304";"27:10:2";"Exp60_123_IS15478";"Exp60_123_IS15478";NA;"2023-10-11 22:31:00";-303662
"867305";"27:10:2";"Exp60_123_IS15478";"Exp60_123_IS15478";NA;"2023-10-11 22:47:00";-303662
"867306";"27:10:2";"Exp60_123_IS15478";"Exp60_123_IS15478";NA;"2023-10-11 23:01:00";-303662
"867307";"27:10:2";"Exp60_123_IS15478";"Exp60_123_IS15478";NA;"2023-10-11 23:17:00";-303662
"867308";"27:10:2";"Exp60_123_IS15478";"Exp60_123_IS15478";NA;"2023-10-11 23:31:00";-303662
"867309";"27:10:2";"Exp60_123_IS15478";"Exp60_123_IS15478";NA;"2023-10-11 23:47:00";-303662
"867310";"27:10:2";"Exp60_123_IS15478";"Exp60_123_IS15478";NA;"2023-10-12 00:01:00";-303662
"867311";"27:10:2";"Exp60_123_IS15478";"Exp60_123_IS15478";NA;"2023-10-12 00:17:00";-303662
"867312";"27:10:2";"Exp60_123_IS15478";"Exp60_123_IS15478";NA;"2023-10-12 00:31:00";-303662
"867313";"27:10:2";"Exp60_123_IS15478";"Exp60_123_IS15478";NA;"2023-10-12 00:47:00";-303662
"867314";"27:10:2";"Exp60_123_IS15478";"Exp60_123_IS15478";NA;"2023-10-12 01:01:00";-303662
"867315";"27:10:2";"Exp60_123_IS15478";"Exp60_123_IS15478";NA;"2023-10-12 01:17:00";-303662
"867316";"27:10:2";"Exp60_123_IS15478";"Exp60_123_IS15478";NA;"2023-10-12 01:31:00";-303662
"867317";"27:10:2";"Exp60_123_IS15478";"Exp60_123_IS15478";NA;"2023-10-12 01:47:00";-303662
"867318";"27:10:2";"Exp60_123_IS15478";"Exp60_123_IS15478";NA;"2023-10-12 02:01:00";-303662
"867319";"27:10:2";"Exp60_123_IS15478";"Exp60_123_IS15478";NA;"2023-10-12 02:17:00";-303662
"867320";"27:10:2";"Exp60_123_IS15478";"Exp60_123_IS15478";NA;"2023-10-12 02:31:00";-303662
"867321";"27:10:2";"Exp60_123_IS15478";"Exp60_123_IS15478";NA;"2023-10-12 02:47:00";-303662
"867322";"27:10:2";"Exp60_123_IS15478";"Exp60_123_IS15478";NA;"2023-10-12 03:01:00";-303662
"867323";"27:10:2";"Exp60_123_IS15478";"Exp60_123_IS15478";NA;"2023-10-12 03:17:00";-303662
"867324";"27:10:2";"Exp60_123_IS15478";"Exp60_123_IS15478";NA;"2023-10-12 03:31:00";-303662
"867325";"27:10:2";"Exp60_123_IS15478";"Exp60_123_IS15478";NA;"2023-10-12 03:47:00";-303662
"867326";"27:10:2";"Exp60_123_IS15478";"Exp60_123_IS15478";NA;"2023-10-12 04:01:00";-303662
"867327";"27:10:2";"Exp60_123_IS15478";"Exp60_123_IS15478";NA;"2023-10-12 04:17:00";-303662
"867328";"27:10:2";"Exp60_123_IS15478";"Exp60_123_IS15478";NA;"2023-10-12 04:31:00";-303662
"867329";"27:10:2";"Exp60_123_IS15478";"Exp60_123_IS15478";NA;"2023-10-12 04:47:00";-303662
"867330";"27:10:2";"Exp60_123_IS15478";"Exp60_123_IS15478";NA;"2023-10-12 05:01:00";-303662
"867331";"27:10:2";"Exp60_123_IS15478";"Exp60_123_IS15478";NA;"2023-10-12 05:32:00";-303662
"867332";"27:10:2";"Exp60_123_IS15478";"Exp60_123_IS15478";NA;"2023-10-12 05:46:00";-303662
"867333";"27:10:2";"Exp60_123_IS15478";"Exp60_123_IS15478";NA;"2023-10-12 06:02:00";-303662
"867334";"27:10:2";"Exp60_123_IS15478";"Exp60_123_IS15478";NA;"2023-10-12 06:16:00";-303662
"867335";"27:10:2";"Exp60_123_IS15478";"Exp60_123_IS15478";NA;"2023-10-12 06:47:00";-303662
"867336";"27:10:2";"Exp60_123_IS15478";"Exp60_123_IS15478";NA;"2023-10-12 07:01:00";-303662
"867337";"27:10:2";"Exp60_123_IS15478";"Exp60_123_IS15478";NA;"2023-10-12 07:17:00";-303662
"867338";"27:10:2";"Exp60_123_IS15478";"Exp60_123_IS15478";NA;"2023-10-12 07:31:00";-303662
"867339";"27:10:2";"Exp60_123_IS15478";"Exp60_123_IS15478";NA;"2023-10-12 07:47:00";-303662
"867340";"27:10:2";"Exp60_123_IS15478";"Exp60_123_IS15478";NA;"2023-10-12 08:01:00";-303662
"867341";"27:10:2";"Exp60_123_IS15478";"Exp60_123_IS15478";NA;"2023-10-12 08:17:00";-303662
"867342";"27:10:2";"Exp60_123_IS15478";"Exp60_123_IS15478";NA;"2023-10-12 08:31:00";-303662
"867343";"27:10:2";"Exp60_123_IS15478";"Exp60_123_IS15478";NA;"2023-10-12 08:47:00";-303662
"867344";"27:10:2";"Exp60_123_IS15478";"Exp60_123_IS15478";NA;"2023-10-12 09:01:00";-303662
"867345";"27:10:2";"Exp60_123_IS15478";"Exp60_123_IS15478";NA;"2023-10-12 09:17:00";-303662
"867346";"27:10:2";"Exp60_123_IS15478";"Exp60_123_IS15478";NA;"2023-10-12 09:31:00";-303662
"867347";"27:10:2";"Exp60_123_IS15478";"Exp60_123_IS15478";NA;"2023-10-12 09:47:00";-303662
"867348";"27:10:2";"Exp60_123_IS15478";"Exp60_123_IS15478";NA;"2023-10-12 10:01:00";-303662
"867349";"27:10:2";"Exp60_123_IS15478";"Exp60_123_IS15478";NA;"2023-10-12 15:01:00";-303662
"867350";"27:10:2";"Exp60_123_IS15478";"Exp60_123_IS15478";NA;"2023-10-12 15:17:00";-303662
"867351";"27:10:2";"Exp60_123_IS15478";"Exp60_123_IS15478";NA;"2023-10-12 15:31:00";-303662
"867352";"27:10:2";"Exp60_123_IS15478";"Exp60_123_IS15478";NA;"2023-10-12 15:47:00";-303662
"867353";"27:10:2";"Exp60_123_IS15478";"Exp60_123_IS15478";NA;"2023-10-12 16:01:00";-303662
"867354";"27:10:2";"Exp60_123_IS15478";"Exp60_123_IS15478";NA;"2023-10-12 16:17:00";-303662
"867355";"27:10:2";"Exp60_123_IS15478";"Exp60_123_IS15478";NA;"2023-10-12 16:31:00";-303662
"867356";"27:10:2";"Exp60_123_IS15478";"Exp60_123_IS15478";NA;"2023-10-12 16:47:00";-303662
"867357";"27:10:2";"Exp60_123_IS15478";"Exp60_123_IS15478";NA;"2023-10-12 17:01:00";-303662
"867358";"27:10:2";"Exp60_123_IS15478";"Exp60_123_IS15478";NA;"2023-10-12 17:17:00";-303662
"867359";"27:10:2";"Exp60_123_IS15478";"Exp60_123_IS15478";NA;"2023-10-12 17:31:00";-303662
"867360";"27:10:2";"Exp60_123_IS15478";"Exp60_123_IS15478";NA;"2023-10-12 17:47:00";-303662
"867361";"27:10:2";"Exp60_123_IS15478";"Exp60_123_IS15478";NA;"2023-10-12 18:01:00";-303662
"867362";"27:10:2";"Exp60_123_IS15478";"Exp60_123_IS15478";NA;"2023-10-12 18:17:00";-303662
"867363";"27:10:2";"Exp60_123_IS15478";"Exp60_123_IS15478";NA;"2023-10-12 18:31:00";-303662
"867364";"27:10:2";"Exp60_123_IS15478";"Exp60_123_IS15478";NA;"2023-10-12 18:47:00";-303662
"867365";"27:10:2";"Exp60_123_IS15478";"Exp60_123_IS15478";NA;"2023-10-12 19:01:00";-303662
"867366";"27:10:2";"Exp60_123_IS15478";"Exp60_123_IS15478";NA;"2023-10-12 19:17:00";-303662
"867367";"27:10:2";"Exp60_123_IS15478";"Exp60_123_IS15478";NA;"2023-10-12 19:31:00";-303662
"867368";"27:10:2";"Exp60_123_IS15478";"Exp60_123_IS15478";NA;"2023-10-12 20:02:00";-303662
"867369";"27:10:2";"Exp60_123_IS15478";"Exp60_123_IS15478";NA;"2023-10-12 20:16:00";-303662
"867370";"27:10:2";"Exp60_123_IS15478";"Exp60_123_IS15478";NA;"2023-10-13 03:16:00";-303662
"867371";"27:10:2";"Exp60_123_IS15478";"Exp60_123_IS15478";NA;"2023-10-13 03:32:00";-303662
"867372";"27:10:2";"Exp60_123_IS15478";"Exp60_123_IS15478";NA;"2023-10-13 03:46:00";-303662
"867373";"27:10:2";"Exp60_123_IS15478";"Exp60_123_IS15478";NA;"2023-10-13 04:02:00";-303662
"867374";"27:10:2";"Exp60_123_IS15478";"Exp60_123_IS15478";NA;"2023-10-13 04:16:00";-303662
"867375";"27:10:2";"Exp60_123_IS15478";"Exp60_123_IS15478";NA;"2023-10-13 04:32:00";-303662
"867376";"27:10:2";"Exp60_123_IS15478";"Exp60_123_IS15478";NA;"2023-10-13 04:46:00";-303662
"867377";"27:10:2";"Exp60_123_IS15478";"Exp60_123_IS15478";NA;"2023-10-13 05:02:00";-303662
"867378";"27:10:2";"Exp60_123_IS15478";"Exp60_123_IS15478";NA;"2023-10-13 05:16:00";-303662
"867379";"27:10:2";"Exp60_123_IS15478";"Exp60_123_IS15478";NA;"2023-10-13 05:32:00";-303662
"867380";"27:10:2";"Exp60_123_IS15478";"Exp60_123_IS15478";NA;"2023-10-13 05:46:00";-303662
"867381";"27:10:2";"Exp60_123_IS15478";"Exp60_123_IS15478";NA;"2023-10-13 06:02:00";-303662
"867382";"27:10:2";"Exp60_123_IS15478";"Exp60_123_IS15478";NA;"2023-10-13 06:16:00";-303662
"867383";"27:10:2";"Exp60_123_IS15478";"Exp60_123_IS15478";NA;"2023-10-13 06:32:00";-303662
"867384";"27:10:2";"Exp60_123_IS15478";"Exp60_123_IS15478";NA;"2023-10-13 06:46:00";-303662
"867385";"27:10:2";"Exp60_123_IS15478";"Exp60_123_IS15478";NA;"2023-10-13 12:46:00";-303662
"867386";"27:10:2";"Exp60_123_IS15478";"Exp60_123_IS15478";NA;"2023-10-13 13:02:00";-303662
"867387";"27:10:2";"Exp60_123_IS15478";"Exp60_123_IS15478";NA;"2023-10-13 13:16:00";-303662
"867388";"27:10:2";"Exp60_123_IS15478";"Exp60_123_IS15478";NA;"2023-10-13 13:32:00";-303662
"867389";"27:10:2";"Exp60_123_IS15478";"Exp60_123_IS15478";NA;"2023-10-13 13:46:00";-303662
"867390";"27:10:2";"Exp60_123_IS15478";"Exp60_123_IS15478";NA;"2023-10-13 19:46:00";-303662
"867391";"27:10:2";"Exp60_123_IS15478";"Exp60_123_IS15478";NA;"2023-10-13 20:02:00";-303662
"867392";"27:10:2";"Exp60_123_IS15478";"Exp60_123_IS15478";NA;"2023-10-13 20:16:00";-303662
"867393";"27:10:2";"Exp60_123_IS15478";"Exp60_123_IS15478";NA;"2023-10-13 20:32:00";-303662
"867394";"27:10:2";"Exp60_123_IS15478";"Exp60_123_IS15478";NA;"2023-10-13 20:46:00";-303662
"867395";"27:10:2";"Exp60_123_IS15478";"Exp60_123_IS15478";NA;"2023-10-13 21:02:00";-303662
"867396";"27:10:2";"Exp60_123_IS15478";"Exp60_123_IS15478";NA;"2023-10-13 21:16:00";-303662
"867397";"27:10:2";"Exp60_123_IS15478";"Exp60_123_IS15478";NA;"2023-10-13 21:32:00";-303662
"867398";"27:10:2";"Exp60_123_IS15478";"Exp60_123_IS15478";NA;"2023-10-13 21:46:00";-303662
"867399";"27:10:2";"Exp60_123_IS15478";"Exp60_123_IS15478";NA;"2023-10-13 22:02:00";-303662
"867400";"27:10:2";"Exp60_123_IS15478";"Exp60_123_IS15478";NA;"2023-10-13 22:16:00";-303662
"867401";"27:10:2";"Exp60_123_IS15478";"Exp60_123_IS15478";NA;"2023-10-13 22:32:00";-303662
"867402";"27:10:2";"Exp60_123_IS15478";"Exp60_123_IS15478";NA;"2023-10-13 22:46:00";-303662
"867403";"27:10:2";"Exp60_123_IS15478";"Exp60_123_IS15478";NA;"2023-10-13 23:02:00";-303662
"867404";"27:10:2";"Exp60_123_IS15478";"Exp60_123_IS15478";NA;"2023-10-13 23:16:00";-303662
"867405";"27:10:2";"Exp60_123_IS15478";"Exp60_123_IS15478";NA;"2023-10-13 23:47:00";-303662
"867406";"27:10:2";"Exp60_123_IS15478";"Exp60_123_IS15478";NA;"2023-10-14 00:01:00";-303662
"867407";"27:10:2";"Exp60_123_IS15478";"Exp60_123_IS15478";NA;"2023-10-14 00:17:00";-303662
"867408";"27:10:2";"Exp60_123_IS15478";"Exp60_123_IS15478";NA;"2023-10-14 00:31:00";-303662
"867409";"27:10:2";"Exp60_123_IS15478";"Exp60_123_IS15478";NA;"2023-10-14 00:47:00";-303662
"867410";"27:10:2";"Exp60_123_IS15478";"Exp60_123_IS15478";NA;"2023-10-14 01:01:00";-303662
"867411";"27:10:2";"Exp60_123_IS15478";"Exp60_123_IS15478";NA;"2023-10-14 01:17:00";-303662
"867412";"27:10:2";"Exp60_123_IS15478";"Exp60_123_IS15478";NA;"2023-10-14 01:31:00";-303662
"867413";"27:10:2";"Exp60_123_IS15478";"Exp60_123_IS15478";NA;"2023-10-14 01:47:00";-303662
"867414";"27:10:2";"Exp60_123_IS15478";"Exp60_123_IS15478";NA;"2023-10-14 02:01:00";-303662
"867415";"27:10:2";"Exp60_123_IS15478";"Exp60_123_IS15478";NA;"2023-10-14 02:17:00";-303662
"867416";"27:10:2";"Exp60_123_IS15478";"Exp60_123_IS15478";NA;"2023-10-14 02:31:00";-303662
"867417";"27:10:2";"Exp60_123_IS15478";"Exp60_123_IS15478";NA;"2023-10-14 02:47:00";-303662
"867418";"27:10:2";"Exp60_123_IS15478";"Exp60_123_IS15478";NA;"2023-10-14 03:01:00";-303662
"867419";"27:10:2";"Exp60_123_IS15478";"Exp60_123_IS15478";NA;"2023-10-14 03:17:00";-303662
"867420";"27:10:2";"Exp60_123_IS15478";"Exp60_123_IS15478";NA;"2023-10-14 03:31:00";-303662
"867421";"27:10:2";"Exp60_123_IS15478";"Exp60_123_IS15478";NA;"2023-10-14 04:17:00";-303662
"867422";"27:10:2";"Exp60_123_IS15478";"Exp60_123_IS15478";NA;"2023-10-14 04:31:00";-303662
"867423";"27:10:2";"Exp60_123_IS15478";"Exp60_123_IS15478";NA;"2023-10-14 04:47:00";-303662
"867424";"27:10:2";"Exp60_123_IS15478";"Exp60_123_IS15478";NA;"2023-10-14 05:01:00";-303662
"867425";"27:10:2";"Exp60_123_IS15478";"Exp60_123_IS15478";NA;"2023-10-14 05:17:00";-303662
"867426";"27:10:2";"Exp60_123_IS15478";"Exp60_123_IS15478";NA;"2023-10-14 05:31:00";-303662
"867427";"27:10:2";"Exp60_123_IS15478";"Exp60_123_IS15478";NA;"2023-10-14 05:47:00";-303662
"867428";"27:10:2";"Exp60_123_IS15478";"Exp60_123_IS15478";NA;"2023-10-14 06:01:00";-303662
"867429";"27:10:2";"Exp60_123_IS15478";"Exp60_123_IS15478";NA;"2023-10-14 06:17:00";-303662
"867430";"27:10:2";"Exp60_123_IS15478";"Exp60_123_IS15478";NA;"2023-10-14 06:31:00";-303662
"867431";"27:10:2";"Exp60_123_IS15478";"Exp60_123_IS15478";NA;"2023-10-14 07:02:00";-303662
"867432";"27:10:2";"Exp60_123_IS15478";"Exp60_123_IS15478";NA;"2023-10-14 07:16:00";-303662
"867433";"27:10:2";"Exp60_123_IS15478";"Exp60_123_IS15478";NA;"2023-10-14 07:32:00";-303662
"867434";"27:10:2";"Exp60_123_IS15478";"Exp60_123_IS15478";NA;"2023-10-14 08:16:00";-303662
"867435";"27:10:2";"Exp60_123_IS15478";"Exp60_123_IS15478";NA;"2023-10-14 08:32:00";-303662
"867436";"27:10:2";"Exp60_123_IS15478";"Exp60_123_IS15478";NA;"2023-10-14 08:46:00";-303662
"867437";"27:10:2";"Exp60_123_IS15478";"Exp60_123_IS15478";NA;"2023-10-14 09:02:00";-303662
"867438";"27:10:2";"Exp60_123_IS15478";"Exp60_123_IS15478";NA;"2023-10-14 09:16:00";-303662
"867439";"27:10:2";"Exp60_123_IS15478";"Exp60_123_IS15478";NA;"2023-10-14 09:32:00";-303662
"867440";"27:10:2";"Exp60_123_IS15478";"Exp60_123_IS15478";NA;"2023-10-14 09:46:00";-303662
"867441";"27:10:2";"Exp60_123_IS15478";"Exp60_123_IS15478";NA;"2023-10-14 10:02:00";-303662
"867442";"27:10:2";"Exp60_123_IS15478";"Exp60_123_IS15478";NA;"2023-10-14 10:16:00";-303662
"867443";"27:10:2";"Exp60_123_IS15478";"Exp60_123_IS15478";NA;"2023-10-14 10:32:00";-303662
"867444";"27:10:2";"Exp60_123_IS15478";"Exp60_123_IS15478";NA;"2023-10-14 10:46:00";-303662
"867445";"27:10:2";"Exp60_123_IS15478";"Exp60_123_IS15478";NA;"2023-10-14 11:02:00";-303662
"867446";"27:10:2";"Exp60_123_IS15478";"Exp60_123_IS15478";NA;"2023-10-14 11:16:00";-303662
"867447";"27:10:2";"Exp60_123_IS15478";"Exp60_123_IS15478";NA;"2023-10-14 11:32:00";-303662
"867448";"27:10:2";"Exp60_123_IS15478";"Exp60_123_IS15478";NA;"2023-10-14 11:46:00";-303662
"867449";"27:10:2";"Exp60_123_IS15478";"Exp60_123_IS15478";NA;"2023-10-14 12:02:00";-303662
"867450";"27:10:2";"Exp60_123_IS15478";"Exp60_123_IS15478";NA;"2023-10-14 12:16:00";-303662
"867451";"27:10:2";"Exp60_123_IS15478";"Exp60_123_IS15478";NA;"2023-10-14 12:32:00";-303662
"867452";"27:10:2";"Exp60_123_IS15478";"Exp60_123_IS15478";NA;"2023-10-14 12:46:00";-303662
"867453";"27:10:2";"Exp60_123_IS15478";"Exp60_123_IS15478";NA;"2023-10-14 13:02:00";-303662
"867454";"27:10:2";"Exp60_123_IS15478";"Exp60_123_IS15478";NA;"2023-10-14 13:16:00";-303662
"867455";"27:10:2";"Exp60_123_IS15478";"Exp60_123_IS15478";NA;"2023-10-14 13:32:00";-303662
"867456";"27:10:2";"Exp60_123_IS15478";"Exp60_123_IS15478";NA;"2023-10-14 13:46:00";-303662
"867457";"27:10:2";"Exp60_123_IS15478";"Exp60_123_IS15478";NA;"2023-10-14 19:31:00";-303662
"867458";"27:10:2";"Exp60_123_IS15478";"Exp60_123_IS15478";NA;"2023-10-15 02:01:00";-303662
"867459";"27:10:2";"Exp60_123_IS15478";"Exp60_123_IS15478";NA;"2023-10-15 02:17:00";-303662
"867460";"27:10:2";"Exp60_123_IS15478";"Exp60_123_IS15478";NA;"2023-10-15 02:31:00";-303662
"867461";"27:10:2";"Exp60_123_IS15478";"Exp60_123_IS15478";NA;"2023-10-15 02:47:00";-303662
"867462";"27:10:2";"Exp60_123_IS15478";"Exp60_123_IS15478";NA;"2023-10-15 03:01:00";-303662
"867463";"27:10:2";"Exp60_123_IS15478";"Exp60_123_IS15478";NA;"2023-10-15 03:17:00";-303662
"867464";"27:10:2";"Exp60_123_IS15478";"Exp60_123_IS15478";NA;"2023-10-15 03:31:00";-303662
"867465";"27:10:2";"Exp60_123_IS15478";"Exp60_123_IS15478";NA;"2023-10-15 03:47:00";-303662
"867466";"27:10:2";"Exp60_123_IS15478";"Exp60_123_IS15478";NA;"2023-10-15 04:01:00";-303662
"867467";"27:10:2";"Exp60_123_IS15478";"Exp60_123_IS15478";NA;"2023-10-15 04:32:00";-303662
"867468";"27:10:2";"Exp60_123_IS15478";"Exp60_123_IS15478";NA;"2023-10-15 04:46:00";-303662
"867469";"27:10:2";"Exp60_123_IS15478";"Exp60_123_IS15478";NA;"2023-10-15 05:32:00";-303662
"867470";"27:10:2";"Exp60_123_IS15478";"Exp60_123_IS15478";NA;"2023-10-15 05:46:00";-303662
"867471";"27:10:2";"Exp60_123_IS15478";"Exp60_123_IS15478";NA;"2023-10-15 06:17:00";-303662
"867472";"27:10:2";"Exp60_123_IS15478";"Exp60_123_IS15478";NA;"2023-10-15 06:31:00";-303662
"867473";"27:10:2";"Exp60_123_IS15478";"Exp60_123_IS15478";NA;"2023-10-15 07:02:00";-303662
"867474";"27:10:2";"Exp60_123_IS15478";"Exp60_123_IS15478";NA;"2023-10-15 07:16:00";-303662
"867475";"27:10:2";"Exp60_123_IS15478";"Exp60_123_IS15478";NA;"2023-10-15 07:32:00";-303662
"867476";"27:10:2";"Exp60_123_IS15478";"Exp60_123_IS15478";NA;"2023-10-15 07:46:00";-303662
"867477";"27:10:2";"Exp60_123_IS15478";"Exp60_123_IS15478";NA;"2023-10-15 08:17:00";-303662
"867478";"27:10:2";"Exp60_123_IS15478";"Exp60_123_IS15478";NA;"2023-10-15 08:31:00";-303662
"867479";"27:10:2";"Exp60_123_IS15478";"Exp60_123_IS15478";NA;"2023-10-15 08:47:00";-303662
"867480";"27:10:2";"Exp60_123_IS15478";"Exp60_123_IS15478";NA;"2023-10-15 09:01:00";-303662
"867481";"27:10:2";"Exp60_123_IS15478";"Exp60_123_IS15478";NA;"2023-10-15 09:17:00";-303662
"867482";"27:10:2";"Exp60_123_IS15478";"Exp60_123_IS15478";NA;"2023-10-15 09:31:00";-303662
"867483";"27:10:2";"Exp60_123_IS15478";"Exp60_123_IS15478";NA;"2023-10-15 09:47:00";-303662
"867484";"27:10:2";"Exp60_123_IS15478";"Exp60_123_IS15478";NA;"2023-10-15 10:01:00";-303662
"867485";"27:10:2";"Exp60_123_IS15478";"Exp60_123_IS15478";NA;"2023-10-15 10:17:00";-303662
"867486";"27:10:2";"Exp60_123_IS15478";"Exp60_123_IS15478";NA;"2023-10-15 10:31:00";-303662
"867487";"27:10:2";"Exp60_123_IS15478";"Exp60_123_IS15478";NA;"2023-10-15 10:47:00";-303662
"867488";"27:10:2";"Exp60_123_IS15478";"Exp60_123_IS15478";NA;"2023-10-15 11:01:00";-303662
"867489";"27:10:2";"Exp60_123_IS15478";"Exp60_123_IS15478";NA;"2023-10-15 18:01:00";-303662
"867490";"27:10:2";"Exp60_123_IS15478";"Exp60_123_IS15478";NA;"2023-10-15 18:17:00";-303662
"867491";"27:10:2";"Exp60_123_IS15478";"Exp60_123_IS15478";NA;"2023-10-15 18:31:00";-303662
"867492";"27:10:2";"Exp60_123_IS15478";"Exp60_123_IS15478";NA;"2023-10-15 18:47:00";-303662
"867493";"27:10:2";"Exp60_123_IS15478";"Exp60_123_IS15478";NA;"2023-10-15 19:01:00";-303662
"867494";"27:10:2";"Exp60_123_IS15478";"Exp60_123_IS15478";NA;"2023-10-15 19:17:00";-303662
"867495";"27:10:2";"Exp60_123_IS15478";"Exp60_123_IS15478";NA;"2023-10-15 19:31:00";-303662
"867496";"27:10:2";"Exp60_123_IS15478";"Exp60_123_IS15478";NA;"2023-10-16 03:46:00";-303662
"867497";"27:10:2";"Exp60_123_IS15478";"Exp60_123_IS15478";NA;"2023-10-16 04:02:00";-303662
"867498";"27:10:2";"Exp60_123_IS15478";"Exp60_123_IS15478";NA;"2023-10-16 04:16:00";-303662
"867499";"27:10:2";"Exp60_123_IS15478";"Exp60_123_IS15478";NA;"2023-10-16 04:32:00";-303662
"867500";"27:10:2";"Exp60_123_IS15478";"Exp60_123_IS15478";NA;"2023-10-16 04:46:00";-303662
"867501";"27:10:2";"Exp60_123_IS15478";"Exp60_123_IS15478";NA;"2023-10-16 05:02:00";-303662
"867502";"27:10:2";"Exp60_123_IS15478";"Exp60_123_IS15478";NA;"2023-10-16 05:16:00";-303662
"867503";"27:10:2";"Exp60_123_IS15478";"Exp60_123_IS15478";NA;"2023-10-16 05:32:00";-303662
"867504";"27:10:2";"Exp60_123_IS15478";"Exp60_123_IS15478";NA;"2023-10-16 05:46:00";-303662
"867505";"27:10:2";"Exp60_123_IS15478";"Exp60_123_IS15478";NA;"2023-10-16 06:02:00";-303662
"867506";"27:10:2";"Exp60_123_IS15478";"Exp60_123_IS15478";NA;"2023-10-16 06:16:00";-303662
"867507";"27:10:2";"Exp60_123_IS15478";"Exp60_123_IS15478";NA;"2023-10-16 06:32:00";-303662
"867508";"27:10:2";"Exp60_123_IS15478";"Exp60_123_IS15478";NA;"2023-10-16 06:46:00";-303662
"867509";"27:10:2";"Exp60_123_IS15478";"Exp60_123_IS15478";NA;"2023-10-16 07:02:00";-303662
"867510";"27:10:2";"Exp60_123_IS15478";"Exp60_123_IS15478";NA;"2023-10-16 07:16:00";-303662
"867511";"27:10:2";"Exp60_123_IS15478";"Exp60_123_IS15478";NA;"2023-10-16 07:47:00";-303662
"867512";"27:10:2";"Exp60_123_IS15478";"Exp60_123_IS15478";NA;"2023-10-16 08:01:00";-303662
"867513";"27:10:2";"Exp60_123_IS15478";"Exp60_123_IS15478";NA;"2023-10-16 08:17:00";-303662
"867514";"27:10:2";"Exp60_123_IS15478";"Exp60_123_IS15478";NA;"2023-10-16 08:31:00";-303662
"867515";"27:10:2";"Exp60_123_IS15478";"Exp60_123_IS15478";NA;"2023-10-16 08:47:00";-303662
"867516";"27:10:2";"Exp60_123_IS15478";"Exp60_123_IS15478";NA;"2023-10-16 09:01:00";-303662
"867517";"27:10:2";"Exp60_123_IS15478";"Exp60_123_IS15478";NA;"2023-10-16 09:17:00";-303662
"867518";"27:10:2";"Exp60_123_IS15478";"Exp60_123_IS15478";NA;"2023-10-16 09:31:00";-303662
"867519";"27:10:2";"Exp60_123_IS15478";"Exp60_123_IS15478";NA;"2023-10-16 09:47:00";-303662
"867520";"27:10:2";"Exp60_123_IS15478";"Exp60_123_IS15478";NA;"2023-10-16 10:01:00";-303662
"867521";"27:10:2";"Exp60_123_IS15478";"Exp60_123_IS15478";NA;"2023-10-16 10:17:00";-303662
"867522";"27:10:2";"Exp60_123_IS15478";"Exp60_123_IS15478";NA;"2023-10-16 10:31:00";-303662
"867523";"27:10:2";"Exp60_123_IS15478";"Exp60_123_IS15478";NA;"2023-10-16 10:47:00";-303662
"867524";"27:10:2";"Exp60_123_IS15478";"Exp60_123_IS15478";NA;"2023-10-16 11:01:00";-303662
"867525";"27:10:2";"Exp60_123_IS15478";"Exp60_123_IS15478";NA;"2023-10-16 11:32:00";-303662
"867526";"27:10:2";"Exp60_123_IS15478";"Exp60_123_IS15478";NA;"2023-10-16 11:46:00";-303662
"867527";"27:10:2";"Exp60_123_IS15478";"Exp60_123_IS15478";NA;"2023-10-16 12:17:00";-303662
"867528";"27:10:2";"Exp60_123_IS15478";"Exp60_123_IS15478";NA;"2023-10-16 12:31:00";-303662
"867529";"27:10:2";"Exp60_123_IS15478";"Exp60_123_IS15478";NA;"2023-10-16 13:02:00";-303662
"867530";"27:10:2";"Exp60_123_IS15478";"Exp60_123_IS15478";NA;"2023-10-16 13:16:00";-303662
"867531";"27:10:2";"Exp60_123_IS15478";"Exp60_123_IS15478";NA;"2023-10-16 13:32:00";-303662
"867532";"27:10:2";"Exp60_123_IS15478";"Exp60_123_IS15478";NA;"2023-10-16 13:46:00";-303662
"867533";"27:10:2";"Exp60_123_IS15478";"Exp60_123_IS15478";NA;"2023-10-16 14:02:00";-303662
"867534";"27:10:2";"Exp60_123_IS15478";"Exp60_123_IS15478";NA;"2023-10-16 14:16:00";-303662
"867535";"27:10:2";"Exp60_123_IS15478";"Exp60_123_IS15478";NA;"2023-10-16 14:32:00";-303662
"867536";"27:10:2";"Exp60_123_IS15478";"Exp60_123_IS15478";NA;"2023-10-16 14:46:00";-303662
"867537";"27:10:2";"Exp60_123_IS15478";"Exp60_123_IS15478";NA;"2023-10-16 22:16:00";-303662
"867538";"27:10:2";"Exp60_123_IS15478";"Exp60_123_IS15478";NA;"2023-10-16 22:32:00";-303662
"867539";"27:10:2";"Exp60_123_IS15478";"Exp60_123_IS15478";NA;"2023-10-16 22:46:00";-303662
"867540";"27:10:2";"Exp60_123_IS15478";"Exp60_123_IS15478";NA;"2023-10-17 05:46:00";-303662
"867541";"27:10:2";"Exp60_123_IS15478";"Exp60_123_IS15478";NA;"2023-10-17 06:02:00";-303662
"867542";"27:10:2";"Exp60_123_IS15478";"Exp60_123_IS15478";NA;"2023-10-17 06:16:00";-303662
"867543";"27:10:2";"Exp60_123_IS15478";"Exp60_123_IS15478";NA;"2023-10-17 06:32:00";-303662
"867544";"27:10:2";"Exp60_123_IS15478";"Exp60_123_IS15478";NA;"2023-10-17 06:46:00";-303662
"867545";"27:10:2";"Exp60_123_IS15478";"Exp60_123_IS15478";NA;"2023-10-17 12:46:00";-303662
"867546";"27:10:2";"Exp60_123_IS15478";"Exp60_123_IS15478";NA;"2023-10-17 13:02:00";-303662
"867547";"27:10:2";"Exp60_123_IS15478";"Exp60_123_IS15478";NA;"2023-10-17 13:16:00";-303662
"867548";"27:10:2";"Exp60_123_IS15478";"Exp60_123_IS15478";NA;"2023-10-17 13:32:00";-303662
"867549";"27:10:2";"Exp60_123_IS15478";"Exp60_123_IS15478";NA;"2023-10-17 13:46:00";-303662
"867550";"27:10:2";"Exp60_123_IS15478";"Exp60_123_IS15478";NA;"2023-10-17 14:02:00";-303662
"867551";"27:10:2";"Exp60_123_IS15478";"Exp60_123_IS15478";NA;"2023-10-17 14:16:00";-303662
"867552";"27:10:2";"Exp60_123_IS15478";"Exp60_123_IS15478";NA;"2023-10-17 14:32:00";-303662
"867553";"27:10:2";"Exp60_123_IS15478";"Exp60_123_IS15478";NA;"2023-10-17 14:46:00";-303662
"867554";"27:10:2";"Exp60_123_IS15478";"Exp60_123_IS15478";NA;"2023-10-17 15:17:00";-303662
"867555";"27:10:2";"Exp60_123_IS15478";"Exp60_123_IS15478";NA;"2023-10-17 15:31:00";-303662
"867556";"27:10:2";"Exp60_123_IS15478";"Exp60_123_IS15478";NA;"2023-10-17 16:17:00";-303662
"867557";"27:10:2";"Exp60_123_IS15478";"Exp60_123_IS15478";NA;"2023-10-17 16:31:00";-303662
"867558";"27:10:2";"Exp60_123_IS15478";"Exp60_123_IS15478";NA;"2023-10-17 16:47:00";-303662
"867559";"27:10:2";"Exp60_123_IS15478";"Exp60_123_IS15478";NA;"2023-10-17 17:01:00";-303662
"867560";"27:10:2";"Exp60_123_IS15478";"Exp60_123_IS15478";NA;"2023-10-17 18:32:00";-303662
"867561";"27:10:2";"Exp60_123_IS15478";"Exp60_123_IS15478";NA;"2023-10-17 18:46:00";-303662
"867562";"27:10:2";"Exp60_123_IS15478";"Exp60_123_IS15478";NA;"2023-10-17 19:02:00";-303662
"867563";"27:10:2";"Exp60_123_IS15478";"Exp60_123_IS15478";NA;"2023-10-17 19:16:00";-303662
"867564";"27:10:2";"Exp60_123_IS15478";"Exp60_123_IS15478";NA;"2023-10-17 19:32:00";-303662
"867565";"27:10:2";"Exp60_123_IS15478";"Exp60_123_IS15478";NA;"2023-10-17 19:46:00";-303662
"867566";"27:10:2";"Exp60_123_IS15478";"Exp60_123_IS15478";NA;"2023-10-18 01:31:00";-303662
"867567";"27:10:2";"Exp60_123_IS15478";"Exp60_123_IS15478";NA;"2023-10-18 02:02:00";-303662
"867568";"27:10:2";"Exp60_123_IS15478";"Exp60_123_IS15478";NA;"2023-10-18 02:16:00";-303662
"867569";"27:10:2";"Exp60_123_IS15478";"Exp60_123_IS15478";NA;"2023-10-18 02:32:00";-303662
"867570";"27:10:2";"Exp60_123_IS15478";"Exp60_123_IS15478";NA;"2023-10-18 02:46:00";-303662
"867571";"27:10:2";"Exp60_123_IS15478";"Exp60_123_IS15478";NA;"2023-10-18 03:02:00";-303662
"867572";"27:10:2";"Exp60_123_IS15478";"Exp60_123_IS15478";NA;"2023-10-18 03:16:00";-303662
"867573";"27:10:2";"Exp60_123_IS15478";"Exp60_123_IS15478";NA;"2023-10-18 03:32:00";-303662
"867574";"27:10:2";"Exp60_123_IS15478";"Exp60_123_IS15478";NA;"2023-10-18 04:01:00";-303662
"867575";"27:10:2";"Exp60_123_IS15478";"Exp60_123_IS15478";NA;"2023-10-18 04:17:00";-303662
"867576";"27:10:2";"Exp60_123_IS15478";"Exp60_123_IS15478";NA;"2023-10-18 04:31:00";-303662
"867577";"27:10:2";"Exp60_123_IS15478";"Exp60_123_IS15478";NA;"2023-10-18 04:47:00";-303662
"867578";"27:10:2";"Exp60_123_IS15478";"Exp60_123_IS15478";NA;"2023-10-18 05:01:00";-303662
"867579";"27:10:2";"Exp60_123_IS15478";"Exp60_123_IS15478";NA;"2023-10-18 05:17:00";-303662
"867580";"27:10:2";"Exp60_123_IS15478";"Exp60_123_IS15478";NA;"2023-10-18 05:31:00";-303662
"867581";"27:10:2";"Exp60_123_IS15478";"Exp60_123_IS15478";NA;"2023-10-18 05:47:00";-303662
"867582";"27:10:2";"Exp60_123_IS15478";"Exp60_123_IS15478";NA;"2023-10-18 06:01:00";-303662
"867583";"27:10:2";"Exp60_123_IS15478";"Exp60_123_IS15478";NA;"2023-10-18 06:17:00";-303662
"867584";"27:10:2";"Exp60_123_IS15478";"Exp60_123_IS15478";NA;"2023-10-18 06:31:00";-303662
"867585";"27:10:2";"Exp60_123_IS15478";"Exp60_123_IS15478";NA;"2023-10-18 07:32:00";-303662
"867586";"27:10:2";"Exp60_123_IS15478";"Exp60_123_IS15478";NA;"2023-10-18 07:46:00";-303662
"867587";"27:10:2";"Exp60_123_IS15478";"Exp60_123_IS15478";NA;"2023-10-18 08:02:00";-303662
"867588";"27:10:2";"Exp60_123_IS15478";"Exp60_123_IS15478";NA;"2023-10-18 08:16:00";-303662
"867589";"27:10:2";"Exp60_123_IS15478";"Exp60_123_IS15478";NA;"2023-10-18 08:47:00";-303662
"867590";"27:10:2";"Exp60_123_IS15478";"Exp60_123_IS15478";NA;"2023-10-18 09:01:00";-303662
"867591";"27:10:2";"Exp60_123_IS15478";"Exp60_123_IS15478";NA;"2023-10-18 09:17:00";-303662
"867592";"27:10:2";"Exp60_123_IS15478";"Exp60_123_IS15478";NA;"2023-10-18 09:31:00";-303662
"867593";"27:10:2";"Exp60_123_IS15478";"Exp60_123_IS15478";NA;"2023-10-18 15:31:00";-303662
"867594";"27:10:2";"Exp60_123_IS15478";"Exp60_123_IS15478";NA;"2023-10-18 16:32:00";-303662
"867595";"27:10:2";"Exp60_123_IS15478";"Exp60_123_IS15478";NA;"2023-10-18 16:46:00";-303662
"867596";"27:10:2";"Exp60_123_IS15478";"Exp60_123_IS15478";NA;"2023-10-18 17:02:00";-303662
"867597";"27:10:2";"Exp60_123_IS15478";"Exp60_123_IS15478";NA;"2023-10-18 17:16:00";-303662
"867598";"27:10:2";"Exp60_123_IS15478";"Exp60_123_IS15478";NA;"2023-10-18 17:32:00";-303662
"867599";"27:10:2";"Exp60_123_IS15478";"Exp60_123_IS15478";NA;"2023-10-18 17:46:00";-303662
"867600";"27:10:2";"Exp60_123_IS15478";"Exp60_123_IS15478";NA;"2023-10-18 18:02:00";-303662
"867601";"27:10:2";"Exp60_123_IS15478";"Exp60_123_IS15478";NA;"2023-10-18 18:16:00";-303662
"867602";"27:10:2";"Exp60_123_IS15478";"Exp60_123_IS15478";NA;"2023-10-18 18:32:00";-303662
"867603";"27:10:2";"Exp60_123_IS15478";"Exp60_123_IS15478";NA;"2023-10-18 18:46:00";-303662
"867604";"27:10:2";"Exp60_123_IS15478";"Exp60_123_IS15478";NA;"2023-10-19 01:16:00";-303662
"867605";"27:10:2";"Exp60_123_IS15478";"Exp60_123_IS15478";NA;"2023-10-19 01:32:00";-303662
"867606";"27:10:2";"Exp60_123_IS15478";"Exp60_123_IS15478";NA;"2023-10-19 01:46:00";-303662
"867607";"27:10:2";"Exp60_123_IS15478";"Exp60_123_IS15478";NA;"2023-10-19 02:02:00";-303662
"867608";"27:10:2";"Exp60_123_IS15478";"Exp60_123_IS15478";NA;"2023-10-19 02:16:00";-303662
"867609";"27:10:2";"Exp60_123_IS15478";"Exp60_123_IS15478";NA;"2023-10-19 02:32:00";-303662
"867610";"27:10:2";"Exp60_123_IS15478";"Exp60_123_IS15478";NA;"2023-10-19 02:46:00";-303662
"867611";"27:10:2";"Exp60_123_IS15478";"Exp60_123_IS15478";NA;"2023-10-19 03:17:00";-303662
"867612";"27:10:2";"Exp60_123_IS15478";"Exp60_123_IS15478";NA;"2023-10-19 03:31:00";-303662
"867613";"27:10:2";"Exp60_123_IS15478";"Exp60_123_IS15478";NA;"2023-10-19 03:47:00";-303662
"867614";"27:10:2";"Exp60_123_IS15478";"Exp60_123_IS15478";NA;"2023-10-19 04:01:00";-303662
"867615";"27:10:2";"Exp60_123_IS15478";"Exp60_123_IS15478";NA;"2023-10-19 04:17:00";-303662
"867616";"27:10:2";"Exp60_123_IS15478";"Exp60_123_IS15478";NA;"2023-10-19 04:31:00";-303662
"867617";"27:10:2";"Exp60_123_IS15478";"Exp60_123_IS15478";NA;"2023-10-19 04:47:00";-303662
"867618";"27:10:2";"Exp60_123_IS15478";"Exp60_123_IS15478";NA;"2023-10-19 05:01:00";-303662
"867619";"27:10:2";"Exp60_123_IS15478";"Exp60_123_IS15478";NA;"2023-10-19 05:17:00";-303662
"867620";"27:10:2";"Exp60_123_IS15478";"Exp60_123_IS15478";NA;"2023-10-19 05:31:00";-303662
"867621";"27:10:2";"Exp60_123_IS15478";"Exp60_123_IS15478";NA;"2023-10-19 05:47:00";-303662
"867622";"27:10:2";"Exp60_123_IS15478";"Exp60_123_IS15478";NA;"2023-10-19 06:01:00";-303662
"867623";"27:10:2";"Exp60_123_IS15478";"Exp60_123_IS15478";NA;"2023-10-19 06:17:00";-303662
"867624";"27:10:2";"Exp60_123_IS15478";"Exp60_123_IS15478";NA;"2023-10-19 06:31:00";-303662
"867625";"27:10:2";"Exp60_123_IS15478";"Exp60_123_IS15478";NA;"2023-10-19 06:47:00";-303662
"867626";"27:10:2";"Exp60_123_IS15478";"Exp60_123_IS15478";NA;"2023-10-19 07:01:00";-303662
"867627";"27:10:2";"Exp60_123_IS15478";"Exp60_123_IS15478";NA;"2023-10-19 13:46:00";-303662
"867628";"27:10:2";"Exp60_123_IS15478";"Exp60_123_IS15478";NA;"2023-10-19 14:02:00";-303662
"867629";"27:10:2";"Exp60_123_IS15478";"Exp60_123_IS15478";NA;"2023-10-19 14:16:00";-303662
"867630";"27:10:2";"Exp60_123_IS15478";"Exp60_123_IS15478";NA;"2023-10-19 14:32:00";-303662
"867631";"27:10:2";"Exp60_123_IS15478";"Exp60_123_IS15478";NA;"2023-10-19 14:46:00";-303662
"867632";"27:10:2";"Exp60_123_IS15478";"Exp60_123_IS15478";NA;"2023-10-19 15:02:00";-303662
"867633";"27:10:2";"Exp60_123_IS15478";"Exp60_123_IS15478";NA;"2023-10-19 15:16:00";-303662
"867634";"27:10:2";"Exp60_123_IS15478";"Exp60_123_IS15478";NA;"2023-10-19 15:32:00";-303662
"867635";"27:10:2";"Exp60_123_IS15478";"Exp60_123_IS15478";NA;"2023-10-19 15:46:00";-303662
"867636";"27:10:2";"Exp60_123_IS15478";"Exp60_123_IS15478";NA;"2023-10-19 16:02:00";-303662
"867637";"27:10:2";"Exp60_123_IS15478";"Exp60_123_IS15478";NA;"2023-10-19 16:16:00";-303662
"867638";"27:10:2";"Exp60_123_IS15478";"Exp60_123_IS15478";NA;"2023-10-19 16:47:00";-303662
"867639";"27:10:2";"Exp60_123_IS15478";"Exp60_123_IS15478";NA;"2023-10-19 17:01:00";-303662
"867640";"27:10:2";"Exp60_123_IS15478";"Exp60_123_IS15478";NA;"2023-10-19 17:17:00";-303662
"867641";"27:10:2";"Exp60_123_IS15478";"Exp60_123_IS15478";NA;"2023-10-19 17:31:00";-303662
"867642";"27:10:2";"Exp60_123_IS15478";"Exp60_123_IS15478";NA;"2023-10-19 17:47:00";-303662
"867643";"27:10:2";"Exp60_123_IS15478";"Exp60_123_IS15478";NA;"2023-10-19 18:01:00";-303662
"867644";"27:10:2";"Exp60_123_IS15478";"Exp60_123_IS15478";NA;"2023-10-20 01:31:00";-303662
"867645";"27:10:2";"Exp60_123_IS15478";"Exp60_123_IS15478";NA;"2023-10-20 01:47:00";-303662
"867646";"27:10:2";"Exp60_123_IS15478";"Exp60_123_IS15478";NA;"2023-10-20 02:01:00";-303662
"867647";"27:10:2";"Exp60_123_IS15478";"Exp60_123_IS15478";NA;"2023-10-20 02:17:00";-303662
"867648";"27:10:2";"Exp60_123_IS15478";"Exp60_123_IS15478";NA;"2023-10-20 02:31:00";-303662
"867649";"27:10:2";"Exp60_123_IS15478";"Exp60_123_IS15478";NA;"2023-10-20 02:47:00";-303662
"867650";"27:10:2";"Exp60_123_IS15478";"Exp60_123_IS15478";NA;"2023-10-20 03:01:00";-303662
"867651";"27:10:2";"Exp60_123_IS15478";"Exp60_123_IS15478";NA;"2023-10-20 03:47:00";-303662
"867652";"27:10:2";"Exp60_123_IS15478";"Exp60_123_IS15478";NA;"2023-10-20 04:01:00";-303662
"867653";"27:10:2";"Exp60_123_IS15478";"Exp60_123_IS15478";NA;"2023-10-20 04:32:00";-303662
"867654";"27:10:2";"Exp60_123_IS15478";"Exp60_123_IS15478";NA;"2023-10-20 04:46:00";-303662
"867655";"27:10:2";"Exp60_123_IS15478";"Exp60_123_IS15478";NA;"2023-10-20 05:02:00";-303662
"867656";"27:10:2";"Exp60_123_IS15478";"Exp60_123_IS15478";NA;"2023-10-20 05:16:00";-303662
"867657";"27:10:2";"Exp60_123_IS15478";"Exp60_123_IS15478";NA;"2023-10-20 05:32:00";-303662
"867658";"27:10:2";"Exp60_123_IS15478";"Exp60_123_IS15478";NA;"2023-10-20 05:46:00";-303662
"867659";"27:10:2";"Exp60_123_IS15478";"Exp60_123_IS15478";NA;"2023-10-20 06:02:00";-303662
"867660";"27:10:2";"Exp60_123_IS15478";"Exp60_123_IS15478";NA;"2023-10-20 06:16:00";-303662
"867661";"27:10:2";"Exp60_123_IS15478";"Exp60_123_IS15478";NA;"2023-10-20 06:32:00";-303662
"867662";"27:10:2";"Exp60_123_IS15478";"Exp60_123_IS15478";NA;"2023-10-20 06:46:00";-303662
"867663";"27:10:2";"Exp60_123_IS15478";"Exp60_123_IS15478";NA;"2023-10-20 07:02:00";-303662
"867664";"27:10:2";"Exp60_123_IS15478";"Exp60_123_IS15478";NA;"2023-10-20 07:16:00";-303662
"867665";"27:10:2";"Exp60_123_IS15478";"Exp60_123_IS15478";NA;"2023-10-20 07:47:00";-173939
"867666";"27:10:2";"Exp60_123_IS15478";"Exp60_123_IS15478";NA;"2023-10-20 08:01:00";-174001
"867667";"27:10:2";"Exp60_123_IS15478";"Exp60_123_IS15478";NA;"2023-10-20 08:17:00";-174384
"867668";"27:10:2";"Exp60_123_IS15478";"Exp60_123_IS15478";NA;"2023-10-20 08:31:00";-174663
"867669";"27:10:2";"Exp60_123_IS15478";"Exp60_123_IS15478";NA;"2023-10-20 08:47:00";-175309
"867670";"27:10:2";"Exp60_123_IS15478";"Exp60_123_IS15478";NA;"2023-10-20 09:01:00";-175838
"867671";"27:10:2";"Exp60_123_IS15478";"Exp60_123_IS15478";NA;"2023-10-20 13:46:00";-181234
"867672";"27:10:2";"Exp60_123_IS15478";"Exp60_123_IS15478";NA;"2023-10-20 15:31:00";-180458
"867673";"27:10:2";"Exp60_123_IS15478";"Exp60_123_IS15478";NA;"2023-10-20 15:47:00";-180296
"867674";"27:10:2";"Exp60_123_IS15478";"Exp60_123_IS15478";NA;"2023-10-20 16:01:00";-180038
"867675";"27:10:2";"Exp60_123_IS15478";"Exp60_123_IS15478";NA;"2023-10-20 16:17:00";-180045
"867676";"27:10:2";"Exp60_123_IS15478";"Exp60_123_IS15478";NA;"2023-10-20 16:31:00";-179560
"867677";"27:10:2";"Exp60_123_IS15478";"Exp60_123_IS15478";NA;"2023-10-20 16:47:00";-179338
"867678";"27:10:2";"Exp60_123_IS15478";"Exp60_123_IS15478";NA;"2023-10-20 17:01:00";-179065
"867679";"27:10:2";"Exp60_123_IS15478";"Exp60_123_IS15478";NA;"2023-10-20 23:31:00";-175651
"867680";"27:10:2";"Exp60_123_IS15478";"Exp60_123_IS15478";NA;"2023-10-20 23:47:00";-175649
"867681";"27:10:2";"Exp60_123_IS15478";"Exp60_123_IS15478";NA;"2023-10-21 00:01:00";-175524
"867682";"27:10:2";"Exp60_123_IS15478";"Exp60_123_IS15478";NA;"2023-10-21 00:17:00";-175869
"867683";"27:10:2";"Exp60_123_IS15478";"Exp60_123_IS15478";NA;"2023-10-21 00:31:00";-175632
"867684";"27:10:2";"Exp60_123_IS15478";"Exp60_123_IS15478";NA;"2023-10-21 01:17:00";-175443
"867685";"27:10:2";"Exp60_123_IS15478";"Exp60_123_IS15478";NA;"2023-10-21 01:31:00";-175425
"867686";"27:10:2";"Exp60_123_IS15478";"Exp60_123_IS15478";NA;"2023-10-21 01:47:00";-175323
"867687";"27:10:2";"Exp60_123_IS15478";"Exp60_123_IS15478";NA;"2023-10-21 02:01:00";-175161
"867688";"27:10:2";"Exp60_123_IS15478";"Exp60_123_IS15478";NA;"2023-10-21 08:31:00";-175383
"867689";"27:10:2";"Exp60_123_IS15478";"Exp60_123_IS15478";NA;"2023-10-21 08:47:00";-175777
"867690";"27:10:2";"Exp60_123_IS15478";"Exp60_123_IS15478";NA;"2023-10-21 09:01:00";-176353
"867691";"27:10:2";"Exp60_123_IS15478";"Exp60_123_IS15478";NA;"2023-10-21 09:17:00";-176677
"867692";"27:10:2";"Exp60_123_IS15478";"Exp60_123_IS15478";NA;"2023-10-21 09:31:00";-177218
"867693";"27:10:2";"Exp60_123_IS15478";"Exp60_123_IS15478";NA;"2023-10-21 09:47:00";-177690
"867694";"27:10:2";"Exp60_123_IS15478";"Exp60_123_IS15478";NA;"2023-10-21 10:01:00";-178124
"867695";"27:10:2";"Exp60_123_IS15478";"Exp60_123_IS15478";NA;"2023-10-21 10:32:00";-179388
"867696";"27:10:2";"Exp60_123_IS15478";"Exp60_123_IS15478";NA;"2023-10-21 10:46:00";-180113
"867697";"27:10:2";"Exp60_123_IS15478";"Exp60_123_IS15478";NA;"2023-10-21 17:01:00";-303662
"867698";"27:10:2";"Exp60_123_IS15478";"Exp60_123_IS15478";NA;"2023-10-21 17:32:00";-303662
"867699";"27:10:2";"Exp60_123_IS15478";"Exp60_123_IS15478";NA;"2023-10-21 17:46:00";-303662
"867700";"27:10:2";"Exp60_123_IS15478";"Exp60_123_IS15478";NA;"2023-10-21 18:02:00";-303662
"867701";"27:10:2";"Exp60_123_IS15478";"Exp60_123_IS15478";NA;"2023-10-21 18:16:00";-303662
"867702";"27:10:2";"Exp60_123_IS15478";"Exp60_123_IS15478";NA;"2023-10-21 18:32:00";-303662
"867703";"27:10:2";"Exp60_123_IS15478";"Exp60_123_IS15478";NA;"2023-10-21 18:46:00";-303662
"867704";"27:10:2";"Exp60_123_IS15478";"Exp60_123_IS15478";NA;"2023-10-21 19:02:00";-303662
"867705";"27:10:2";"Exp60_123_IS15478";"Exp60_123_IS15478";NA;"2023-10-21 19:16:00";-303662
"867706";"27:10:2";"Exp60_123_IS15478";"Exp60_123_IS15478";NA;"2023-10-21 19:32:00";-303662
"867707";"27:10:2";"Exp60_123_IS15478";"Exp60_123_IS15478";NA;"2023-10-21 19:46:00";-303662
"867708";"27:10:2";"Exp60_123_IS15478";"Exp60_123_IS15478";NA;"2023-10-21 20:02:00";-303662
"867709";"27:10:2";"Exp60_123_IS15478";"Exp60_123_IS15478";NA;"2023-10-21 20:16:00";-303662
"867710";"27:10:2";"Exp60_123_IS15478";"Exp60_123_IS15478";NA;"2023-10-21 20:32:00";-303662
"867711";"27:10:2";"Exp60_123_IS15478";"Exp60_123_IS15478";NA;"2023-10-21 20:46:00";-303662
"867712";"27:11:1";"Exp60_167_IS20724";"Exp60_167_IS20724";NA;"2023-09-22 10:17:00";79937,3
"867713";"27:11:1";"Exp60_167_IS20724";"Exp60_167_IS20724";NA;"2023-09-22 10:31:00";79919
"867714";"27:11:1";"Exp60_167_IS20724";"Exp60_167_IS20724";NA;"2023-09-22 10:47:00";79895,8
"867715";"27:11:1";"Exp60_167_IS20724";"Exp60_167_IS20724";NA;"2023-09-22 11:01:00";79887,2
"867716";"27:11:1";"Exp60_167_IS20724";"Exp60_167_IS20724";NA;"2023-09-22 11:32:00";79841,7
"867717";"27:11:1";"Exp60_167_IS20724";"Exp60_167_IS20724";NA;"2023-09-22 11:46:00";79819,7
"867718";"27:11:1";"Exp60_167_IS20724";"Exp60_167_IS20724";NA;"2023-09-22 12:02:00";79795,8
"867719";"27:11:1";"Exp60_167_IS20724";"Exp60_167_IS20724";NA;"2023-09-22 12:16:00";79775
"867720";"27:11:1";"Exp60_167_IS20724";"Exp60_167_IS20724";NA;"2023-09-22 12:32:00";79750,6
"867721";"27:11:1";"Exp60_167_IS20724";"Exp60_167_IS20724";NA;"2023-09-22 12:46:00";79730,2
"867722";"27:11:1";"Exp60_167_IS20724";"Exp60_167_IS20724";NA;"2023-09-22 13:02:00";79706,3
"867723";"27:11:1";"Exp60_167_IS20724";"Exp60_167_IS20724";NA;"2023-09-22 13:16:00";79685,8
"867724";"27:11:1";"Exp60_167_IS20724";"Exp60_167_IS20724";NA;"2023-09-22 13:32:00";79667,4
"867725";"27:11:1";"Exp60_167_IS20724";"Exp60_167_IS20724";NA;"2023-09-22 13:46:00";79653
"867726";"27:11:1";"Exp60_167_IS20724";"Exp60_167_IS20724";NA;"2023-09-22 20:31:00";79460,3
"867727";"27:11:1";"Exp60_167_IS20724";"Exp60_167_IS20724";NA;"2023-09-22 20:47:00";79457,4
"867728";"27:11:1";"Exp60_167_IS20724";"Exp60_167_IS20724";NA;"2023-09-22 21:01:00";79458,4
"867729";"27:11:1";"Exp60_167_IS20724";"Exp60_167_IS20724";NA;"2023-09-22 21:17:00";79460,1
"867730";"27:11:1";"Exp60_167_IS20724";"Exp60_167_IS20724";NA;"2023-09-22 21:31:00";79460,6
"867731";"27:11:1";"Exp60_167_IS20724";"Exp60_167_IS20724";NA;"2023-09-22 21:47:00";79458,4
"867732";"27:11:1";"Exp60_167_IS20724";"Exp60_167_IS20724";NA;"2023-09-22 22:01:00";79455,8
"867733";"27:11:1";"Exp60_167_IS20724";"Exp60_167_IS20724";NA;"2023-09-22 22:17:00";79460
"867734";"27:11:1";"Exp60_167_IS20724";"Exp60_167_IS20724";NA;"2023-09-22 22:31:00";79462,4
"867735";"27:11:1";"Exp60_167_IS20724";"Exp60_167_IS20724";NA;"2023-09-22 22:47:00";79463,4
"867736";"27:11:1";"Exp60_167_IS20724";"Exp60_167_IS20724";NA;"2023-09-22 23:01:00";79463,7
"867737";"27:11:1";"Exp60_167_IS20724";"Exp60_167_IS20724";NA;"2023-09-22 23:17:00";79464
"867738";"27:11:1";"Exp60_167_IS20724";"Exp60_167_IS20724";NA;"2023-09-22 23:31:00";79464,3
"867739";"27:11:1";"Exp60_167_IS20724";"Exp60_167_IS20724";NA;"2023-09-22 23:47:00";79464,4
"867740";"27:11:1";"Exp60_167_IS20724";"Exp60_167_IS20724";NA;"2023-09-23 00:01:00";79464,5
"867741";"27:11:1";"Exp60_167_IS20724";"Exp60_167_IS20724";NA;"2023-09-23 00:17:00";79464,1
"867742";"27:11:1";"Exp60_167_IS20724";"Exp60_167_IS20724";NA;"2023-09-23 01:01:00";79463,8
"867743";"27:11:1";"Exp60_167_IS20724";"Exp60_167_IS20724";NA;"2023-09-23 01:17:00";79463,2
"867744";"27:11:1";"Exp60_167_IS20724";"Exp60_167_IS20724";NA;"2023-09-23 01:31:00";79462
"867745";"27:11:1";"Exp60_167_IS20724";"Exp60_167_IS20724";NA;"2023-09-23 01:47:00";79460,3
"867746";"27:11:1";"Exp60_167_IS20724";"Exp60_167_IS20724";NA;"2023-09-23 02:01:00";79453,1
"867747";"27:11:1";"Exp60_167_IS20724";"Exp60_167_IS20724";NA;"2023-09-23 02:17:00";79448,9
"867748";"27:11:1";"Exp60_167_IS20724";"Exp60_167_IS20724";NA;"2023-09-23 02:31:00";79448,4
"867749";"27:11:1";"Exp60_167_IS20724";"Exp60_167_IS20724";NA;"2023-09-23 02:47:00";79447
"867750";"27:11:1";"Exp60_167_IS20724";"Exp60_167_IS20724";NA;"2023-09-23 03:01:00";79446,1
"867751";"27:11:1";"Exp60_167_IS20724";"Exp60_167_IS20724";NA;"2023-09-23 03:17:00";79444,1
"867752";"27:11:1";"Exp60_167_IS20724";"Exp60_167_IS20724";NA;"2023-09-23 03:31:00";79443,7
"867753";"27:11:1";"Exp60_167_IS20724";"Exp60_167_IS20724";NA;"2023-09-23 03:47:00";79444,8
"867754";"27:11:1";"Exp60_167_IS20724";"Exp60_167_IS20724";NA;"2023-09-23 04:16:00";79444,5
"867755";"27:11:1";"Exp60_167_IS20724";"Exp60_167_IS20724";NA;"2023-09-23 04:32:00";79443,2
"867756";"27:11:1";"Exp60_167_IS20724";"Exp60_167_IS20724";NA;"2023-09-23 04:46:00";79444
"867757";"27:11:1";"Exp60_167_IS20724";"Exp60_167_IS20724";NA;"2023-09-23 05:02:00";79444,5
"867758";"27:11:1";"Exp60_167_IS20724";"Exp60_167_IS20724";NA;"2023-09-23 05:16:00";79441,8
"867759";"27:11:1";"Exp60_167_IS20724";"Exp60_167_IS20724";NA;"2023-09-23 05:32:00";79440,1
"867760";"27:11:1";"Exp60_167_IS20724";"Exp60_167_IS20724";NA;"2023-09-23 05:46:00";79441,1
"867761";"27:11:1";"Exp60_167_IS20724";"Exp60_167_IS20724";NA;"2023-09-23 06:02:00";79442
"867762";"27:11:1";"Exp60_167_IS20724";"Exp60_167_IS20724";NA;"2023-09-23 06:16:00";79442,4
"867763";"27:11:1";"Exp60_167_IS20724";"Exp60_167_IS20724";NA;"2023-09-23 06:32:00";79442,6
"867764";"27:11:1";"Exp60_167_IS20724";"Exp60_167_IS20724";NA;"2023-09-23 06:46:00";79442,6
"867765";"27:11:1";"Exp60_167_IS20724";"Exp60_167_IS20724";NA;"2023-09-23 07:02:00";79441,4
"867766";"27:11:1";"Exp60_167_IS20724";"Exp60_167_IS20724";NA;"2023-09-23 07:16:00";79441,1
"867767";"27:11:1";"Exp60_167_IS20724";"Exp60_167_IS20724";NA;"2023-09-23 07:32:00";79436,3
"867768";"27:11:1";"Exp60_167_IS20724";"Exp60_167_IS20724";NA;"2023-09-23 07:46:00";79425,9
"867769";"27:11:1";"Exp60_167_IS20724";"Exp60_167_IS20724";NA;"2023-09-23 08:02:00";79415,5
"867770";"27:11:1";"Exp60_167_IS20724";"Exp60_167_IS20724";NA;"2023-09-23 08:16:00";79407,9
"867771";"27:11:1";"Exp60_167_IS20724";"Exp60_167_IS20724";NA;"2023-09-23 08:32:00";79396,2
"867772";"27:11:1";"Exp60_167_IS20724";"Exp60_167_IS20724";NA;"2023-09-23 08:46:00";79382,5
"867773";"27:11:1";"Exp60_167_IS20724";"Exp60_167_IS20724";NA;"2023-09-23 09:02:00";79370,9
"867774";"27:11:1";"Exp60_167_IS20724";"Exp60_167_IS20724";NA;"2023-09-23 09:16:00";79363,6
"867775";"27:11:1";"Exp60_167_IS20724";"Exp60_167_IS20724";NA;"2023-09-23 14:01:00";78970
"867776";"27:11:1";"Exp60_167_IS20724";"Exp60_167_IS20724";NA;"2023-09-23 14:17:00";78944,9
"867777";"27:11:1";"Exp60_167_IS20724";"Exp60_167_IS20724";NA;"2023-09-23 14:31:00";78926,9
"867778";"27:11:1";"Exp60_167_IS20724";"Exp60_167_IS20724";NA;"2023-09-23 14:47:00";78911,4
"867779";"27:11:1";"Exp60_167_IS20724";"Exp60_167_IS20724";NA;"2023-09-23 15:01:00";78902,9
"867780";"27:11:1";"Exp60_167_IS20724";"Exp60_167_IS20724";NA;"2023-09-23 15:32:00";78879,3
"867781";"27:11:1";"Exp60_167_IS20724";"Exp60_167_IS20724";NA;"2023-09-23 15:46:00";78868
"867782";"27:11:1";"Exp60_167_IS20724";"Exp60_167_IS20724";NA;"2023-09-23 16:17:00";78848,4
"867783";"27:11:1";"Exp60_167_IS20724";"Exp60_167_IS20724";NA;"2023-09-23 16:31:00";78836,3
"867784";"27:11:1";"Exp60_167_IS20724";"Exp60_167_IS20724";NA;"2023-09-23 16:47:00";78833,6
"867785";"27:11:1";"Exp60_167_IS20724";"Exp60_167_IS20724";NA;"2023-09-23 17:01:00";78831,9
"867786";"27:11:1";"Exp60_167_IS20724";"Exp60_167_IS20724";NA;"2023-09-23 17:17:00";78821
"867787";"27:11:1";"Exp60_167_IS20724";"Exp60_167_IS20724";NA;"2023-09-23 17:31:00";78817,4
"867788";"27:11:1";"Exp60_167_IS20724";"Exp60_167_IS20724";NA;"2023-09-23 17:47:00";78810,3
"867789";"27:11:1";"Exp60_167_IS20724";"Exp60_167_IS20724";NA;"2023-09-23 18:01:00";78813,7
"867790";"27:11:1";"Exp60_167_IS20724";"Exp60_167_IS20724";NA;"2023-09-23 18:17:00";78819,3
"867791";"27:11:1";"Exp60_167_IS20724";"Exp60_167_IS20724";NA;"2023-09-23 18:31:00";78818,9
"867792";"27:11:1";"Exp60_167_IS20724";"Exp60_167_IS20724";NA;"2023-09-23 18:47:00";78816,2
"867793";"27:11:1";"Exp60_167_IS20724";"Exp60_167_IS20724";NA;"2023-09-23 19:01:00";78819,1
"867794";"27:11:1";"Exp60_167_IS20724";"Exp60_167_IS20724";NA;"2023-09-23 19:17:00";78815,4
"867795";"27:11:1";"Exp60_167_IS20724";"Exp60_167_IS20724";NA;"2023-09-23 19:31:00";78821,4
"867796";"27:11:1";"Exp60_167_IS20724";"Exp60_167_IS20724";NA;"2023-09-23 20:02:00";78821,2
"867797";"27:11:1";"Exp60_167_IS20724";"Exp60_167_IS20724";NA;"2023-09-23 20:16:00";78826,6
"867798";"27:11:1";"Exp60_167_IS20724";"Exp60_167_IS20724";NA;"2023-09-23 20:32:00";78826,4
"867799";"27:11:1";"Exp60_167_IS20724";"Exp60_167_IS20724";NA;"2023-09-23 20:46:00";78823
"867800";"27:11:1";"Exp60_167_IS20724";"Exp60_167_IS20724";NA;"2023-09-23 21:02:00";78822
"867801";"27:11:1";"Exp60_167_IS20724";"Exp60_167_IS20724";NA;"2023-09-23 21:16:00";78825,4
"867802";"27:11:1";"Exp60_167_IS20724";"Exp60_167_IS20724";NA;"2023-09-23 21:32:00";78822,4
"867803";"27:11:1";"Exp60_167_IS20724";"Exp60_167_IS20724";NA;"2023-09-23 21:46:00";78822,1
"867804";"27:11:1";"Exp60_167_IS20724";"Exp60_167_IS20724";NA;"2023-09-23 22:02:00";78824,5
"867805";"27:11:1";"Exp60_167_IS20724";"Exp60_167_IS20724";NA;"2023-09-23 22:16:00";78826,9
"867806";"27:11:1";"Exp60_167_IS20724";"Exp60_167_IS20724";NA;"2023-09-23 23:17:00";78827,8
"867807";"27:11:1";"Exp60_167_IS20724";"Exp60_167_IS20724";NA;"2023-09-23 23:31:00";78828,6
"867808";"27:11:1";"Exp60_167_IS20724";"Exp60_167_IS20724";NA;"2023-09-23 23:47:00";78826,6
"867809";"27:11:1";"Exp60_167_IS20724";"Exp60_167_IS20724";NA;"2023-09-24 00:01:00";78825,4
"867810";"27:11:1";"Exp60_167_IS20724";"Exp60_167_IS20724";NA;"2023-09-24 00:17:00";78825,6
"867811";"27:11:1";"Exp60_167_IS20724";"Exp60_167_IS20724";NA;"2023-09-24 00:31:00";78822,4
"867812";"27:11:1";"Exp60_167_IS20724";"Exp60_167_IS20724";NA;"2023-09-24 00:47:00";78824,4
"867813";"27:11:1";"Exp60_167_IS20724";"Exp60_167_IS20724";NA;"2023-09-24 01:01:00";78825,4
"867814";"27:11:1";"Exp60_167_IS20724";"Exp60_167_IS20724";NA;"2023-09-24 01:17:00";78829,6
"867815";"27:11:1";"Exp60_167_IS20724";"Exp60_167_IS20724";NA;"2023-09-24 01:31:00";78829,7
"867816";"27:11:1";"Exp60_167_IS20724";"Exp60_167_IS20724";NA;"2023-09-24 01:47:00";78827,4
"867817";"27:11:1";"Exp60_167_IS20724";"Exp60_167_IS20724";NA;"2023-09-24 02:01:00";78828
"867818";"27:11:1";"Exp60_167_IS20724";"Exp60_167_IS20724";NA;"2023-09-24 02:17:00";78828
"867819";"27:11:1";"Exp60_167_IS20724";"Exp60_167_IS20724";NA;"2023-09-24 02:31:00";78830,3
"867820";"27:11:1";"Exp60_167_IS20724";"Exp60_167_IS20724";NA;"2023-09-24 02:47:00";78828,8
"867821";"27:11:1";"Exp60_167_IS20724";"Exp60_167_IS20724";NA;"2023-09-24 03:01:00";78830,7
"867822";"27:11:1";"Exp60_167_IS20724";"Exp60_167_IS20724";NA;"2023-09-24 10:01:00";78764,8
"867823";"27:11:1";"Exp60_167_IS20724";"Exp60_167_IS20724";NA;"2023-09-24 10:17:00";78753,6
"867824";"27:11:1";"Exp60_167_IS20724";"Exp60_167_IS20724";NA;"2023-09-24 10:31:00";78743,5
"867825";"27:11:1";"Exp60_167_IS20724";"Exp60_167_IS20724";NA;"2023-09-24 10:47:00";78732,6
"867826";"27:11:1";"Exp60_167_IS20724";"Exp60_167_IS20724";NA;"2023-09-24 11:01:00";78712,8
"867827";"27:11:1";"Exp60_167_IS20724";"Exp60_167_IS20724";NA;"2023-09-24 11:17:00";78698,4
"867828";"27:11:1";"Exp60_167_IS20724";"Exp60_167_IS20724";NA;"2023-09-24 11:31:00";78683,1
"867829";"27:11:1";"Exp60_167_IS20724";"Exp60_167_IS20724";NA;"2023-09-24 11:47:00";78669,6
"867830";"27:11:1";"Exp60_167_IS20724";"Exp60_167_IS20724";NA;"2023-09-24 12:01:00";78642,8
"867831";"27:11:1";"Exp60_167_IS20724";"Exp60_167_IS20724";NA;"2023-09-24 12:17:00";78626,9
"867832";"27:11:1";"Exp60_167_IS20724";"Exp60_167_IS20724";NA;"2023-09-24 12:31:00";78610,9
"867833";"27:11:1";"Exp60_167_IS20724";"Exp60_167_IS20724";NA;"2023-09-24 12:47:00";78591,5
"867834";"27:11:1";"Exp60_167_IS20724";"Exp60_167_IS20724";NA;"2023-09-24 13:01:00";78582,8
"867835";"27:11:1";"Exp60_167_IS20724";"Exp60_167_IS20724";NA;"2023-09-24 13:17:00";78576,8
"867836";"27:11:1";"Exp60_167_IS20724";"Exp60_167_IS20724";NA;"2023-09-24 13:31:00";78568,3
"867837";"27:11:1";"Exp60_167_IS20724";"Exp60_167_IS20724";NA;"2023-09-24 13:47:00";78546,5
"867838";"27:11:1";"Exp60_167_IS20724";"Exp60_167_IS20724";NA;"2023-09-24 14:01:00";78549,2
"867839";"27:11:1";"Exp60_167_IS20724";"Exp60_167_IS20724";NA;"2023-09-24 14:17:00";78546
"867840";"27:11:1";"Exp60_167_IS20724";"Exp60_167_IS20724";NA;"2023-09-24 14:31:00";78568,6
"867841";"27:11:1";"Exp60_167_IS20724";"Exp60_167_IS20724";NA;"2023-09-24 14:47:00";78666,2
"867842";"27:11:1";"Exp60_167_IS20724";"Exp60_167_IS20724";NA;"2023-09-24 15:01:00";78663,5
"867843";"27:11:1";"Exp60_167_IS20724";"Exp60_167_IS20724";NA;"2023-09-24 15:17:00";78662,2
"867844";"27:11:1";"Exp60_167_IS20724";"Exp60_167_IS20724";NA;"2023-09-24 15:31:00";78653,3
"867845";"27:11:1";"Exp60_167_IS20724";"Exp60_167_IS20724";NA;"2023-09-24 15:47:00";78652,8
"867846";"27:11:1";"Exp60_167_IS20724";"Exp60_167_IS20724";NA;"2023-09-24 16:01:00";78640,4
"867847";"27:11:1";"Exp60_167_IS20724";"Exp60_167_IS20724";NA;"2023-09-24 22:31:00";78754,4
"867848";"27:11:1";"Exp60_167_IS20724";"Exp60_167_IS20724";NA;"2023-09-24 22:47:00";78753,8
"867849";"27:11:1";"Exp60_167_IS20724";"Exp60_167_IS20724";NA;"2023-09-24 23:01:00";78751
"867850";"27:11:1";"Exp60_167_IS20724";"Exp60_167_IS20724";NA;"2023-09-24 23:17:00";78750,6
"867851";"27:11:1";"Exp60_167_IS20724";"Exp60_167_IS20724";NA;"2023-09-24 23:31:00";78751,6
"867852";"27:11:1";"Exp60_167_IS20724";"Exp60_167_IS20724";NA;"2023-09-24 23:47:00";78752,8
"867853";"27:11:1";"Exp60_167_IS20724";"Exp60_167_IS20724";NA;"2023-09-25 00:01:00";78755,9
"867854";"27:11:1";"Exp60_167_IS20724";"Exp60_167_IS20724";NA;"2023-09-25 00:17:00";78755,7
"867855";"27:11:1";"Exp60_167_IS20724";"Exp60_167_IS20724";NA;"2023-09-25 00:31:00";78753,2
"867856";"27:11:1";"Exp60_167_IS20724";"Exp60_167_IS20724";NA;"2023-09-25 00:47:00";78752,1
"867857";"27:11:1";"Exp60_167_IS20724";"Exp60_167_IS20724";NA;"2023-09-25 01:01:00";78754,2
"867858";"27:11:1";"Exp60_167_IS20724";"Exp60_167_IS20724";NA;"2023-09-25 01:17:00";78752,2
"867859";"27:11:1";"Exp60_167_IS20724";"Exp60_167_IS20724";NA;"2023-09-25 01:31:00";78752,6
"867860";"27:11:1";"Exp60_167_IS20724";"Exp60_167_IS20724";NA;"2023-09-25 01:47:00";78755,4
"867861";"27:11:1";"Exp60_167_IS20724";"Exp60_167_IS20724";NA;"2023-09-25 02:01:00";78751,6
"867862";"27:11:1";"Exp60_167_IS20724";"Exp60_167_IS20724";NA;"2023-09-25 03:02:00";78745,7
"867863";"27:11:1";"Exp60_167_IS20724";"Exp60_167_IS20724";NA;"2023-09-25 03:16:00";78748
"867864";"27:11:1";"Exp60_167_IS20724";"Exp60_167_IS20724";NA;"2023-09-25 04:32:00";78744,5
"867865";"27:11:1";"Exp60_167_IS20724";"Exp60_167_IS20724";NA;"2023-09-25 04:46:00";78745
"867866";"27:11:1";"Exp60_167_IS20724";"Exp60_167_IS20724";NA;"2023-09-25 05:17:00";78745
"867867";"27:11:1";"Exp60_167_IS20724";"Exp60_167_IS20724";NA;"2023-09-25 05:31:00";78744,9
"867868";"27:11:1";"Exp60_167_IS20724";"Exp60_167_IS20724";NA;"2023-09-25 05:47:00";78743,5
"867869";"27:11:1";"Exp60_167_IS20724";"Exp60_167_IS20724";NA;"2023-09-25 06:01:00";78743,4
"867870";"27:11:1";"Exp60_167_IS20724";"Exp60_167_IS20724";NA;"2023-09-25 06:17:00";78744,2
"867871";"27:11:1";"Exp60_167_IS20724";"Exp60_167_IS20724";NA;"2023-09-25 06:31:00";78743,5
"867872";"27:11:1";"Exp60_167_IS20724";"Exp60_167_IS20724";NA;"2023-09-25 06:47:00";78742,7
"867873";"27:11:1";"Exp60_167_IS20724";"Exp60_167_IS20724";NA;"2023-09-25 07:01:00";78741,8
"867874";"27:11:1";"Exp60_167_IS20724";"Exp60_167_IS20724";NA;"2023-09-25 07:17:00";78741,9
"867875";"27:11:1";"Exp60_167_IS20724";"Exp60_167_IS20724";NA;"2023-09-25 07:31:00";78739,3
"867876";"27:11:1";"Exp60_167_IS20724";"Exp60_167_IS20724";NA;"2023-09-25 07:47:00";78737,1
"867877";"27:11:1";"Exp60_167_IS20724";"Exp60_167_IS20724";NA;"2023-09-25 08:01:00";78728,8
"867878";"27:11:1";"Exp60_167_IS20724";"Exp60_167_IS20724";NA;"2023-09-25 14:46:00";78364,7
"867879";"27:11:1";"Exp60_167_IS20724";"Exp60_167_IS20724";NA;"2023-09-25 15:02:00";78360,5
"867880";"27:11:1";"Exp60_167_IS20724";"Exp60_167_IS20724";NA;"2023-09-25 15:16:00";78371
"867881";"27:11:1";"Exp60_167_IS20724";"Exp60_167_IS20724";NA;"2023-09-25 15:32:00";78354
"867882";"27:11:1";"Exp60_167_IS20724";"Exp60_167_IS20724";NA;"2023-09-25 15:46:00";78326,1
"867883";"27:11:1";"Exp60_167_IS20724";"Exp60_167_IS20724";NA;"2023-09-25 16:02:00";78321,4
"867884";"27:11:1";"Exp60_167_IS20724";"Exp60_167_IS20724";NA;"2023-09-25 17:16:00";78307,4
"867885";"27:11:1";"Exp60_167_IS20724";"Exp60_167_IS20724";NA;"2023-09-25 17:32:00";78308,6
"867886";"27:11:1";"Exp60_167_IS20724";"Exp60_167_IS20724";NA;"2023-09-25 17:46:00";78309,1
"867887";"27:11:1";"Exp60_167_IS20724";"Exp60_167_IS20724";NA;"2023-09-25 18:02:00";78311,1
"867888";"27:11:1";"Exp60_167_IS20724";"Exp60_167_IS20724";NA;"2023-09-25 19:01:00";78316
"867889";"27:11:1";"Exp60_167_IS20724";"Exp60_167_IS20724";NA;"2023-09-25 19:17:00";78319,3
"867890";"27:11:1";"Exp60_167_IS20724";"Exp60_167_IS20724";NA;"2023-09-25 19:31:00";78320,2
"867891";"27:11:1";"Exp60_167_IS20724";"Exp60_167_IS20724";NA;"2023-09-25 19:47:00";78322,3
"867892";"27:11:1";"Exp60_167_IS20724";"Exp60_167_IS20724";NA;"2023-09-25 20:01:00";78323,2
"867893";"27:11:1";"Exp60_167_IS20724";"Exp60_167_IS20724";NA;"2023-09-25 20:17:00";78321,2
"867894";"27:11:1";"Exp60_167_IS20724";"Exp60_167_IS20724";NA;"2023-09-25 20:31:00";78321,7
"867895";"27:11:1";"Exp60_167_IS20724";"Exp60_167_IS20724";NA;"2023-09-25 20:47:00";78320,8
"867896";"27:11:1";"Exp60_167_IS20724";"Exp60_167_IS20724";NA;"2023-09-25 21:16:00";78321,8
"867897";"27:11:1";"Exp60_167_IS20724";"Exp60_167_IS20724";NA;"2023-09-25 21:32:00";78322,9
"867898";"27:11:1";"Exp60_167_IS20724";"Exp60_167_IS20724";NA;"2023-09-25 21:46:00";78323,7
"867899";"27:11:1";"Exp60_167_IS20724";"Exp60_167_IS20724";NA;"2023-09-25 22:02:00";78325,1
"867900";"27:11:1";"Exp60_167_IS20724";"Exp60_167_IS20724";NA;"2023-09-25 22:16:00";78324,3
"867901";"27:11:1";"Exp60_167_IS20724";"Exp60_167_IS20724";NA;"2023-09-25 22:32:00";78324
"867902";"27:11:1";"Exp60_167_IS20724";"Exp60_167_IS20724";NA;"2023-09-25 22:46:00";78322,8
"867903";"27:11:1";"Exp60_167_IS20724";"Exp60_167_IS20724";NA;"2023-09-25 23:02:00";78322,5
"867904";"27:11:1";"Exp60_167_IS20724";"Exp60_167_IS20724";NA;"2023-09-25 23:16:00";78320,5
"867905";"27:11:1";"Exp60_167_IS20724";"Exp60_167_IS20724";NA;"2023-09-25 23:32:00";78321,6
"867906";"27:11:1";"Exp60_167_IS20724";"Exp60_167_IS20724";NA;"2023-09-25 23:46:00";78323,2
"867907";"27:11:1";"Exp60_167_IS20724";"Exp60_167_IS20724";NA;"2023-09-26 00:02:00";78325,2
"867908";"27:11:1";"Exp60_167_IS20724";"Exp60_167_IS20724";NA;"2023-09-26 00:16:00";78326,4
"867909";"27:11:1";"Exp60_167_IS20724";"Exp60_167_IS20724";NA;"2023-09-26 00:32:00";78325,7
"867910";"27:11:1";"Exp60_167_IS20724";"Exp60_167_IS20724";NA;"2023-09-26 00:46:00";78321,8
"867911";"27:11:1";"Exp60_167_IS20724";"Exp60_167_IS20724";NA;"2023-09-26 01:02:00";78315,6
"867912";"27:11:1";"Exp60_167_IS20724";"Exp60_167_IS20724";NA;"2023-09-26 01:16:00";78313,2
"867913";"27:11:1";"Exp60_167_IS20724";"Exp60_167_IS20724";NA;"2023-09-26 01:32:00";78309,6
"867914";"27:11:1";"Exp60_167_IS20724";"Exp60_167_IS20724";NA;"2023-09-26 01:46:00";78308,4
"867915";"27:11:1";"Exp60_167_IS20724";"Exp60_167_IS20724";NA;"2023-09-26 02:02:00";78307,9
"867916";"27:11:1";"Exp60_167_IS20724";"Exp60_167_IS20724";NA;"2023-09-26 02:16:00";78308,9
"867917";"27:11:1";"Exp60_167_IS20724";"Exp60_167_IS20724";NA;"2023-09-26 02:32:00";78307,2
"867918";"27:11:1";"Exp60_167_IS20724";"Exp60_167_IS20724";NA;"2023-09-26 02:46:00";78302,5
"867919";"27:11:1";"Exp60_167_IS20724";"Exp60_167_IS20724";NA;"2023-09-26 03:02:00";78302,2
"867920";"27:11:1";"Exp60_167_IS20724";"Exp60_167_IS20724";NA;"2023-09-26 03:16:00";78303,6
"867921";"27:11:1";"Exp60_167_IS20724";"Exp60_167_IS20724";NA;"2023-09-26 03:32:00";78302,2
"867922";"27:11:1";"Exp60_167_IS20724";"Exp60_167_IS20724";NA;"2023-09-26 03:46:00";78301,4
"867923";"27:11:1";"Exp60_167_IS20724";"Exp60_167_IS20724";NA;"2023-09-26 04:02:00";78298,5
"867924";"27:11:1";"Exp60_167_IS20724";"Exp60_167_IS20724";NA;"2023-09-26 04:16:00";78298,3
"867925";"27:11:1";"Exp60_167_IS20724";"Exp60_167_IS20724";NA;"2023-09-26 04:32:00";78295,9
"867926";"27:11:1";"Exp60_167_IS20724";"Exp60_167_IS20724";NA;"2023-09-26 04:46:00";78295,2
"867927";"27:11:1";"Exp60_167_IS20724";"Exp60_167_IS20724";NA;"2023-09-26 05:02:00";78294,7
"867928";"27:11:1";"Exp60_167_IS20724";"Exp60_167_IS20724";NA;"2023-09-26 05:16:00";78292,3
"867929";"27:11:1";"Exp60_167_IS20724";"Exp60_167_IS20724";NA;"2023-09-26 05:32:00";78290,9
"867930";"27:11:1";"Exp60_167_IS20724";"Exp60_167_IS20724";NA;"2023-09-26 05:46:00";78288,5
"867931";"27:11:1";"Exp60_167_IS20724";"Exp60_167_IS20724";NA;"2023-09-26 06:02:00";78291,1
"867932";"27:11:1";"Exp60_167_IS20724";"Exp60_167_IS20724";NA;"2023-09-26 06:16:00";78290
"867933";"27:11:1";"Exp60_167_IS20724";"Exp60_167_IS20724";NA;"2023-09-26 06:32:00";78288,7
"867934";"27:11:1";"Exp60_167_IS20724";"Exp60_167_IS20724";NA;"2023-09-26 06:46:00";78288,8
"867935";"27:11:1";"Exp60_167_IS20724";"Exp60_167_IS20724";NA;"2023-09-26 07:02:00";78287,3
"867936";"27:11:1";"Exp60_167_IS20724";"Exp60_167_IS20724";NA;"2023-09-26 07:16:00";78285,8
"867937";"27:11:1";"Exp60_167_IS20724";"Exp60_167_IS20724";NA;"2023-09-26 07:47:00";78283,4
"867938";"27:11:1";"Exp60_167_IS20724";"Exp60_167_IS20724";NA;"2023-09-26 08:01:00";78283,4
"867939";"27:11:1";"Exp60_167_IS20724";"Exp60_167_IS20724";NA;"2023-09-26 08:17:00";78278,8
"867940";"27:11:1";"Exp60_167_IS20724";"Exp60_167_IS20724";NA;"2023-09-26 08:31:00";78274,3
"867941";"27:11:1";"Exp60_167_IS20724";"Exp60_167_IS20724";NA;"2023-09-26 09:02:00";78262,9
"867942";"27:11:1";"Exp60_167_IS20724";"Exp60_167_IS20724";NA;"2023-09-26 09:16:00";78257,6
"867943";"27:11:1";"Exp60_167_IS20724";"Exp60_167_IS20724";NA;"2023-09-26 09:32:00";78249,2
"867944";"27:11:1";"Exp60_167_IS20724";"Exp60_167_IS20724";NA;"2023-09-26 09:46:00";78241
"867945";"27:11:1";"Exp60_167_IS20724";"Exp60_167_IS20724";NA;"2023-09-26 10:02:00";78198,1
"867946";"27:11:1";"Exp60_167_IS20724";"Exp60_167_IS20724";NA;"2023-09-26 10:16:00";78177,1
"867947";"27:11:1";"Exp60_167_IS20724";"Exp60_167_IS20724";NA;"2023-09-26 10:32:00";78159,3
"867948";"27:11:1";"Exp60_167_IS20724";"Exp60_167_IS20724";NA;"2023-09-26 10:46:00";78142,4
"867949";"27:11:1";"Exp60_167_IS20724";"Exp60_167_IS20724";NA;"2023-09-26 11:02:00";78127,6
"867950";"27:11:1";"Exp60_167_IS20724";"Exp60_167_IS20724";NA;"2023-09-26 11:16:00";78109,2
"867951";"27:11:1";"Exp60_167_IS20724";"Exp60_167_IS20724";NA;"2023-09-26 11:47:00";78067,2
"867952";"27:11:1";"Exp60_167_IS20724";"Exp60_167_IS20724";NA;"2023-09-26 12:01:00";78050,5
"867953";"27:11:1";"Exp60_167_IS20724";"Exp60_167_IS20724";NA;"2023-09-26 12:17:00";78039,7
"867954";"27:11:1";"Exp60_167_IS20724";"Exp60_167_IS20724";NA;"2023-09-26 12:31:00";78028,4
"867955";"27:11:1";"Exp60_167_IS20724";"Exp60_167_IS20724";NA;"2023-09-26 12:47:00";78005,4
"867956";"27:11:1";"Exp60_167_IS20724";"Exp60_167_IS20724";NA;"2023-09-26 13:01:00";77990
"867957";"27:11:1";"Exp60_167_IS20724";"Exp60_167_IS20724";NA;"2023-09-26 13:32:00";77959
"867958";"27:11:1";"Exp60_167_IS20724";"Exp60_167_IS20724";NA;"2023-09-26 13:46:00";77954,7
"867959";"27:11:1";"Exp60_167_IS20724";"Exp60_167_IS20724";NA;"2023-09-26 14:02:00";77934,8
"867960";"27:11:1";"Exp60_167_IS20724";"Exp60_167_IS20724";NA;"2023-09-26 14:16:00";77928,2
"867961";"27:11:1";"Exp60_167_IS20724";"Exp60_167_IS20724";NA;"2023-09-26 14:32:00";77915,8
"867962";"27:11:1";"Exp60_167_IS20724";"Exp60_167_IS20724";NA;"2023-09-26 14:46:00";77902,7
"867963";"27:11:1";"Exp60_167_IS20724";"Exp60_167_IS20724";NA;"2023-09-26 15:02:00";77886,2
"867964";"27:11:1";"Exp60_167_IS20724";"Exp60_167_IS20724";NA;"2023-09-26 15:16:00";77877,3
"867965";"27:11:1";"Exp60_167_IS20724";"Exp60_167_IS20724";NA;"2023-09-26 15:32:00";77867,3
"867966";"27:11:1";"Exp60_167_IS20724";"Exp60_167_IS20724";NA;"2023-09-26 15:46:00";77860,5
"867967";"27:11:1";"Exp60_167_IS20724";"Exp60_167_IS20724";NA;"2023-09-26 16:02:00";78290,1
"867968";"27:11:1";"Exp60_167_IS20724";"Exp60_167_IS20724";NA;"2023-09-26 16:16:00";78594,4
"867969";"27:11:1";"Exp60_167_IS20724";"Exp60_167_IS20724";NA;"2023-09-26 22:01:00";78588
"867970";"27:11:1";"Exp60_167_IS20724";"Exp60_167_IS20724";NA;"2023-09-26 22:17:00";78588,7
"867971";"27:11:1";"Exp60_167_IS20724";"Exp60_167_IS20724";NA;"2023-09-26 22:31:00";78589,5
"867972";"27:11:1";"Exp60_167_IS20724";"Exp60_167_IS20724";NA;"2023-09-26 22:47:00";78588,6
"867973";"27:11:1";"Exp60_167_IS20724";"Exp60_167_IS20724";NA;"2023-09-26 23:01:00";78591
"867974";"27:11:1";"Exp60_167_IS20724";"Exp60_167_IS20724";NA;"2023-09-26 23:17:00";78590,7
"867975";"27:11:1";"Exp60_167_IS20724";"Exp60_167_IS20724";NA;"2023-09-26 23:31:00";78591,3
"867976";"27:11:1";"Exp60_167_IS20724";"Exp60_167_IS20724";NA;"2023-09-26 23:47:00";78591,9
"867977";"27:11:1";"Exp60_167_IS20724";"Exp60_167_IS20724";NA;"2023-09-27 00:31:00";78590,9
"867978";"27:11:1";"Exp60_167_IS20724";"Exp60_167_IS20724";NA;"2023-09-27 00:47:00";78590,5
"867979";"27:11:1";"Exp60_167_IS20724";"Exp60_167_IS20724";NA;"2023-09-27 01:01:00";78593,8
"867980";"27:11:1";"Exp60_167_IS20724";"Exp60_167_IS20724";NA;"2023-09-27 01:17:00";78592,8
"867981";"27:11:1";"Exp60_167_IS20724";"Exp60_167_IS20724";NA;"2023-09-27 01:31:00";78593,4
"867982";"27:11:1";"Exp60_167_IS20724";"Exp60_167_IS20724";NA;"2023-09-27 01:47:00";78591,7
"867983";"27:11:1";"Exp60_167_IS20724";"Exp60_167_IS20724";NA;"2023-09-27 02:01:00";78589,3
"867984";"27:11:1";"Exp60_167_IS20724";"Exp60_167_IS20724";NA;"2023-09-27 02:17:00";78591
"867985";"27:11:1";"Exp60_167_IS20724";"Exp60_167_IS20724";NA;"2023-09-27 02:31:00";78590,6
"867986";"27:11:1";"Exp60_167_IS20724";"Exp60_167_IS20724";NA;"2023-09-27 02:47:00";78591,1
"867987";"27:11:1";"Exp60_167_IS20724";"Exp60_167_IS20724";NA;"2023-09-27 03:01:00";78590,1
"867988";"27:11:1";"Exp60_167_IS20724";"Exp60_167_IS20724";NA;"2023-09-27 03:17:00";78591,2
"867989";"27:11:1";"Exp60_167_IS20724";"Exp60_167_IS20724";NA;"2023-09-27 03:31:00";78593,2
"867990";"27:11:1";"Exp60_167_IS20724";"Exp60_167_IS20724";NA;"2023-09-27 03:47:00";78593,3
"867991";"27:11:1";"Exp60_167_IS20724";"Exp60_167_IS20724";NA;"2023-09-27 04:01:00";78595,4
"867992";"27:11:1";"Exp60_167_IS20724";"Exp60_167_IS20724";NA;"2023-09-27 04:17:00";78594,7
"867993";"27:11:1";"Exp60_167_IS20724";"Exp60_167_IS20724";NA;"2023-09-27 04:31:00";78594,7
"867994";"27:11:1";"Exp60_167_IS20724";"Exp60_167_IS20724";NA;"2023-09-27 04:47:00";78593,4
"867995";"27:11:1";"Exp60_167_IS20724";"Exp60_167_IS20724";NA;"2023-09-27 05:01:00";78594,5
"867996";"27:11:1";"Exp60_167_IS20724";"Exp60_167_IS20724";NA;"2023-09-27 05:17:00";78595,1
"867997";"27:11:1";"Exp60_167_IS20724";"Exp60_167_IS20724";NA;"2023-09-27 05:31:00";78594,5
"867998";"27:11:1";"Exp60_167_IS20724";"Exp60_167_IS20724";NA;"2023-09-27 05:47:00";78597,2
"867999";"27:11:1";"Exp60_167_IS20724";"Exp60_167_IS20724";NA;"2023-09-27 06:01:00";78597
"868000";"27:11:1";"Exp60_167_IS20724";"Exp60_167_IS20724";NA;"2023-09-27 06:17:00";78597,2
"868001";"27:11:1";"Exp60_167_IS20724";"Exp60_167_IS20724";NA;"2023-09-27 06:31:00";78597,8
"868002";"27:11:1";"Exp60_167_IS20724";"Exp60_167_IS20724";NA;"2023-09-27 06:47:00";78598,3
"868003";"27:11:1";"Exp60_167_IS20724";"Exp60_167_IS20724";NA;"2023-09-27 07:01:00";78599,6
"868004";"27:11:1";"Exp60_167_IS20724";"Exp60_167_IS20724";NA;"2023-09-27 07:32:00";78596,6
"868005";"27:11:1";"Exp60_167_IS20724";"Exp60_167_IS20724";NA;"2023-09-27 07:46:00";78591,6
"868006";"27:11:1";"Exp60_167_IS20724";"Exp60_167_IS20724";NA;"2023-09-27 08:02:00";78583,8
"868007";"27:11:1";"Exp60_167_IS20724";"Exp60_167_IS20724";NA;"2023-09-27 08:16:00";78574
"868008";"27:11:1";"Exp60_167_IS20724";"Exp60_167_IS20724";NA;"2023-09-27 08:32:00";78562,4
"868009";"27:11:1";"Exp60_167_IS20724";"Exp60_167_IS20724";NA;"2023-09-27 08:46:00";78555,9
"868010";"27:11:1";"Exp60_167_IS20724";"Exp60_167_IS20724";NA;"2023-09-27 09:02:00";78545,1
"868011";"27:11:1";"Exp60_167_IS20724";"Exp60_167_IS20724";NA;"2023-09-27 09:16:00";78526,7
"868012";"27:11:1";"Exp60_167_IS20724";"Exp60_167_IS20724";NA;"2023-09-27 15:46:00";78481,1
"868013";"27:11:1";"Exp60_167_IS20724";"Exp60_167_IS20724";NA;"2023-09-27 16:02:00";78958,4
"868014";"27:11:1";"Exp60_167_IS20724";"Exp60_167_IS20724";NA;"2023-09-27 16:16:00";79198,5
"868015";"27:11:1";"Exp60_167_IS20724";"Exp60_167_IS20724";NA;"2023-09-27 16:32:00";79172,9
"868016";"27:11:1";"Exp60_167_IS20724";"Exp60_167_IS20724";NA;"2023-09-27 16:46:00";79153,7
"868017";"27:11:1";"Exp60_167_IS20724";"Exp60_167_IS20724";NA;"2023-09-27 17:17:00";79117,3
"868018";"27:11:1";"Exp60_167_IS20724";"Exp60_167_IS20724";NA;"2023-09-27 17:31:00";79099,8
"868019";"27:11:1";"Exp60_167_IS20724";"Exp60_167_IS20724";NA;"2023-09-27 17:47:00";79088,2
"868020";"27:11:1";"Exp60_167_IS20724";"Exp60_167_IS20724";NA;"2023-09-27 18:01:00";79076,5
"868021";"27:11:1";"Exp60_167_IS20724";"Exp60_167_IS20724";NA;"2023-09-27 18:17:00";79068,6
"868022";"27:11:1";"Exp60_167_IS20724";"Exp60_167_IS20724";NA;"2023-09-27 18:31:00";79065,4
"868023";"27:11:1";"Exp60_167_IS20724";"Exp60_167_IS20724";NA;"2023-09-27 18:47:00";79048,8
"868024";"27:11:1";"Exp60_167_IS20724";"Exp60_167_IS20724";NA;"2023-09-27 19:01:00";79050,2
"868025";"27:11:1";"Exp60_167_IS20724";"Exp60_167_IS20724";NA;"2023-09-27 19:17:00";79045,5
"868026";"27:11:1";"Exp60_167_IS20724";"Exp60_167_IS20724";NA;"2023-09-27 19:31:00";79062,7
"868027";"27:11:1";"Exp60_167_IS20724";"Exp60_167_IS20724";NA;"2023-09-27 19:47:00";79089,7
"868028";"27:11:1";"Exp60_167_IS20724";"Exp60_167_IS20724";NA;"2023-09-27 20:01:00";79094,6
"868029";"27:11:1";"Exp60_167_IS20724";"Exp60_167_IS20724";NA;"2023-09-27 20:17:00";79108,2
"868030";"27:11:1";"Exp60_167_IS20724";"Exp60_167_IS20724";NA;"2023-09-27 20:31:00";79102,2
"868031";"27:11:1";"Exp60_167_IS20724";"Exp60_167_IS20724";NA;"2023-09-27 20:47:00";79098,4
"868032";"27:11:1";"Exp60_167_IS20724";"Exp60_167_IS20724";NA;"2023-09-27 21:01:00";79105,6
"868033";"27:11:1";"Exp60_167_IS20724";"Exp60_167_IS20724";NA;"2023-09-28 01:31:00";79063,9
"868034";"27:11:1";"Exp60_167_IS20724";"Exp60_167_IS20724";NA;"2023-09-28 01:47:00";79062,2
"868035";"27:11:1";"Exp60_167_IS20724";"Exp60_167_IS20724";NA;"2023-09-28 02:01:00";79061,9
"868036";"27:11:1";"Exp60_167_IS20724";"Exp60_167_IS20724";NA;"2023-09-28 02:17:00";79062,4
"868037";"27:11:1";"Exp60_167_IS20724";"Exp60_167_IS20724";NA;"2023-09-28 02:31:00";79063,3
"868038";"27:11:1";"Exp60_167_IS20724";"Exp60_167_IS20724";NA;"2023-09-28 03:17:00";79063,2
"868039";"27:11:1";"Exp60_167_IS20724";"Exp60_167_IS20724";NA;"2023-09-28 03:31:00";79060,1
"868040";"27:11:1";"Exp60_167_IS20724";"Exp60_167_IS20724";NA;"2023-09-28 03:47:00";79051,4
"868041";"27:11:1";"Exp60_167_IS20724";"Exp60_167_IS20724";NA;"2023-09-28 04:01:00";79051,5
"868042";"27:11:1";"Exp60_167_IS20724";"Exp60_167_IS20724";NA;"2023-09-28 04:17:00";79051,1
"868043";"27:11:1";"Exp60_167_IS20724";"Exp60_167_IS20724";NA;"2023-09-28 04:31:00";79051,9
"868044";"27:11:1";"Exp60_167_IS20724";"Exp60_167_IS20724";NA;"2023-09-28 04:47:00";79050,2
"868045";"27:11:1";"Exp60_167_IS20724";"Exp60_167_IS20724";NA;"2023-09-28 05:01:00";79051,1
"868046";"27:11:1";"Exp60_167_IS20724";"Exp60_167_IS20724";NA;"2023-09-28 05:17:00";79052,4
"868047";"27:11:1";"Exp60_167_IS20724";"Exp60_167_IS20724";NA;"2023-09-28 05:31:00";79049,9
"868048";"27:11:1";"Exp60_167_IS20724";"Exp60_167_IS20724";NA;"2023-09-28 05:47:00";79052
"868049";"27:11:1";"Exp60_167_IS20724";"Exp60_167_IS20724";NA;"2023-09-28 06:01:00";79053,5
"868050";"27:11:1";"Exp60_167_IS20724";"Exp60_167_IS20724";NA;"2023-09-28 06:17:00";79050
"868051";"27:11:1";"Exp60_167_IS20724";"Exp60_167_IS20724";NA;"2023-09-28 07:16:00";79051,7
"868052";"27:11:1";"Exp60_167_IS20724";"Exp60_167_IS20724";NA;"2023-09-28 07:32:00";79046,9
"868053";"27:11:1";"Exp60_167_IS20724";"Exp60_167_IS20724";NA;"2023-09-28 08:16:00";79023,7
"868054";"27:11:1";"Exp60_167_IS20724";"Exp60_167_IS20724";NA;"2023-09-28 08:47:00";78982,7
"868055";"27:11:1";"Exp60_167_IS20724";"Exp60_167_IS20724";NA;"2023-09-28 09:01:00";78958,5
"868056";"27:11:1";"Exp60_167_IS20724";"Exp60_167_IS20724";NA;"2023-09-28 16:16:00";78400,9
"868057";"27:11:1";"Exp60_167_IS20724";"Exp60_167_IS20724";NA;"2023-09-28 16:47:00";78395,4
"868058";"27:11:1";"Exp60_167_IS20724";"Exp60_167_IS20724";NA;"2023-09-28 17:01:00";78385,9
"868059";"27:11:1";"Exp60_167_IS20724";"Exp60_167_IS20724";NA;"2023-09-28 17:17:00";78385,5
"868060";"27:11:1";"Exp60_167_IS20724";"Exp60_167_IS20724";NA;"2023-09-28 17:31:00";78381,1
"868061";"27:11:1";"Exp60_167_IS20724";"Exp60_167_IS20724";NA;"2023-09-28 18:02:00";78377,1
"868062";"27:11:1";"Exp60_167_IS20724";"Exp60_167_IS20724";NA;"2023-09-28 18:16:00";78449
"868063";"27:11:1";"Exp60_167_IS20724";"Exp60_167_IS20724";NA;"2023-09-28 18:32:00";78558,5
"868064";"27:11:1";"Exp60_167_IS20724";"Exp60_167_IS20724";NA;"2023-09-28 18:46:00";78582,6
"868065";"27:11:1";"Exp60_167_IS20724";"Exp60_167_IS20724";NA;"2023-09-28 19:02:00";78588,1
"868066";"27:11:1";"Exp60_167_IS20724";"Exp60_167_IS20724";NA;"2023-09-28 19:16:00";78582,8
"868067";"27:11:1";"Exp60_167_IS20724";"Exp60_167_IS20724";NA;"2023-09-28 19:32:00";78570,7
"868068";"27:11:1";"Exp60_167_IS20724";"Exp60_167_IS20724";NA;"2023-09-28 19:46:00";78562
"868069";"27:11:1";"Exp60_167_IS20724";"Exp60_167_IS20724";NA;"2023-09-28 20:02:00";78558,9
"868070";"27:11:1";"Exp60_167_IS20724";"Exp60_167_IS20724";NA;"2023-09-28 20:16:00";78557,6
"868071";"27:11:1";"Exp60_167_IS20724";"Exp60_167_IS20724";NA;"2023-09-28 20:32:00";78553,9
"868072";"27:11:1";"Exp60_167_IS20724";"Exp60_167_IS20724";NA;"2023-09-28 20:46:00";78553,9
"868073";"27:11:1";"Exp60_167_IS20724";"Exp60_167_IS20724";NA;"2023-09-28 21:02:00";78557,5
"868074";"27:11:1";"Exp60_167_IS20724";"Exp60_167_IS20724";NA;"2023-09-28 21:16:00";78554,5
"868075";"27:11:1";"Exp60_167_IS20724";"Exp60_167_IS20724";NA;"2023-09-28 21:32:00";78551,6
"868076";"27:11:1";"Exp60_167_IS20724";"Exp60_167_IS20724";NA;"2023-09-28 21:46:00";78548,3
"868077";"27:11:1";"Exp60_167_IS20724";"Exp60_167_IS20724";NA;"2023-09-28 22:17:00";78543,8
"868078";"27:11:1";"Exp60_167_IS20724";"Exp60_167_IS20724";NA;"2023-09-28 22:31:00";78541
"868079";"27:11:1";"Exp60_167_IS20724";"Exp60_167_IS20724";NA;"2023-09-28 22:47:00";78538
"868080";"27:11:1";"Exp60_167_IS20724";"Exp60_167_IS20724";NA;"2023-09-28 23:01:00";78539,1
"868081";"27:11:1";"Exp60_167_IS20724";"Exp60_167_IS20724";NA;"2023-09-28 23:17:00";78536,9
"868082";"27:11:1";"Exp60_167_IS20724";"Exp60_167_IS20724";NA;"2023-09-28 23:31:00";78538,5
"868083";"27:11:1";"Exp60_167_IS20724";"Exp60_167_IS20724";NA;"2023-09-29 00:17:00";78532,1
"868084";"27:11:1";"Exp60_167_IS20724";"Exp60_167_IS20724";NA;"2023-09-29 00:31:00";78534,7
"868085";"27:11:1";"Exp60_167_IS20724";"Exp60_167_IS20724";NA;"2023-09-29 00:47:00";78529,5
"868086";"27:11:1";"Exp60_167_IS20724";"Exp60_167_IS20724";NA;"2023-09-29 01:01:00";78528,2
"868087";"27:11:1";"Exp60_167_IS20724";"Exp60_167_IS20724";NA;"2023-09-29 01:17:00";78528,6
"868088";"27:11:1";"Exp60_167_IS20724";"Exp60_167_IS20724";NA;"2023-09-29 01:31:00";78528,5
"868089";"27:11:1";"Exp60_167_IS20724";"Exp60_167_IS20724";NA;"2023-09-29 01:47:00";78528,5
"868090";"27:11:1";"Exp60_167_IS20724";"Exp60_167_IS20724";NA;"2023-09-29 02:01:00";78529,1
"868091";"27:11:1";"Exp60_167_IS20724";"Exp60_167_IS20724";NA;"2023-09-29 02:17:00";78529,8
"868092";"27:11:1";"Exp60_167_IS20724";"Exp60_167_IS20724";NA;"2023-09-29 02:31:00";78527,5
"868093";"27:11:1";"Exp60_167_IS20724";"Exp60_167_IS20724";NA;"2023-09-29 02:47:00";78529,9
"868094";"27:11:1";"Exp60_167_IS20724";"Exp60_167_IS20724";NA;"2023-09-29 03:01:00";78529,9
"868095";"27:11:1";"Exp60_167_IS20724";"Exp60_167_IS20724";NA;"2023-09-29 03:47:00";78524
"868096";"27:11:1";"Exp60_167_IS20724";"Exp60_167_IS20724";NA;"2023-09-29 04:01:00";78525,3
"868097";"27:11:1";"Exp60_167_IS20724";"Exp60_167_IS20724";NA;"2023-09-29 04:17:00";78526,5
"868098";"27:11:1";"Exp60_167_IS20724";"Exp60_167_IS20724";NA;"2023-09-29 04:31:00";78527,5
"868099";"27:11:1";"Exp60_167_IS20724";"Exp60_167_IS20724";NA;"2023-09-29 12:31:00";78213,6
"868100";"27:11:1";"Exp60_167_IS20724";"Exp60_167_IS20724";NA;"2023-09-29 18:46:00";78024,2
"868101";"27:11:1";"Exp60_167_IS20724";"Exp60_167_IS20724";NA;"2023-09-29 19:17:00";78024,2
"868102";"27:11:1";"Exp60_167_IS20724";"Exp60_167_IS20724";NA;"2023-09-29 19:31:00";78031,2
"868103";"27:11:1";"Exp60_167_IS20724";"Exp60_167_IS20724";NA;"2023-09-29 19:47:00";78021,6
"868104";"27:11:1";"Exp60_167_IS20724";"Exp60_167_IS20724";NA;"2023-09-29 20:01:00";78034,6
"868105";"27:11:1";"Exp60_167_IS20724";"Exp60_167_IS20724";NA;"2023-09-29 20:17:00";78033,3
"868106";"27:11:1";"Exp60_167_IS20724";"Exp60_167_IS20724";NA;"2023-09-29 20:31:00";78033,4
"868107";"27:11:1";"Exp60_167_IS20724";"Exp60_167_IS20724";NA;"2023-09-29 21:02:00";78032,5
"868108";"27:11:1";"Exp60_167_IS20724";"Exp60_167_IS20724";NA;"2023-09-29 21:16:00";78033
"868109";"27:11:1";"Exp60_167_IS20724";"Exp60_167_IS20724";NA;"2023-09-29 21:32:00";78033,2
"868110";"27:11:1";"Exp60_167_IS20724";"Exp60_167_IS20724";NA;"2023-09-29 21:46:00";78031,5
"868111";"27:11:1";"Exp60_167_IS20724";"Exp60_167_IS20724";NA;"2023-09-29 22:02:00";78028,1
"868112";"27:11:1";"Exp60_167_IS20724";"Exp60_167_IS20724";NA;"2023-09-29 22:16:00";78026
"868113";"27:11:1";"Exp60_167_IS20724";"Exp60_167_IS20724";NA;"2023-09-29 22:32:00";78023,6
"868114";"27:11:1";"Exp60_167_IS20724";"Exp60_167_IS20724";NA;"2023-09-29 22:46:00";78024,1
"868115";"27:11:1";"Exp60_167_IS20724";"Exp60_167_IS20724";NA;"2023-09-29 23:02:00";78020
"868116";"27:11:1";"Exp60_167_IS20724";"Exp60_167_IS20724";NA;"2023-09-29 23:16:00";78014,8
"868117";"27:11:1";"Exp60_167_IS20724";"Exp60_167_IS20724";NA;"2023-09-29 23:32:00";78015,7
"868118";"27:11:1";"Exp60_167_IS20724";"Exp60_167_IS20724";NA;"2023-09-29 23:46:00";78018,2
"868119";"27:11:1";"Exp60_167_IS20724";"Exp60_167_IS20724";NA;"2023-09-30 00:02:00";78021,6
"868120";"27:11:1";"Exp60_167_IS20724";"Exp60_167_IS20724";NA;"2023-09-30 00:16:00";78022,4
"868121";"27:11:1";"Exp60_167_IS20724";"Exp60_167_IS20724";NA;"2023-09-30 00:32:00";78023
"868122";"27:11:1";"Exp60_167_IS20724";"Exp60_167_IS20724";NA;"2023-09-30 00:46:00";78022,4
"868123";"27:11:1";"Exp60_167_IS20724";"Exp60_167_IS20724";NA;"2023-09-30 01:02:00";78017,6
"868124";"27:11:1";"Exp60_167_IS20724";"Exp60_167_IS20724";NA;"2023-09-30 01:16:00";78019,5
"868125";"27:11:1";"Exp60_167_IS20724";"Exp60_167_IS20724";NA;"2023-09-30 01:32:00";78017,7
"868126";"27:11:1";"Exp60_167_IS20724";"Exp60_167_IS20724";NA;"2023-09-30 01:46:00";78140,2
"868127";"27:11:1";"Exp60_167_IS20724";"Exp60_167_IS20724";NA;"2023-09-30 08:46:00";78175,6
"868128";"27:11:1";"Exp60_167_IS20724";"Exp60_167_IS20724";NA;"2023-09-30 09:02:00";78141,5
"868129";"27:11:1";"Exp60_167_IS20724";"Exp60_167_IS20724";NA;"2023-09-30 09:16:00";78120,6
"868130";"27:11:1";"Exp60_167_IS20724";"Exp60_167_IS20724";NA;"2023-09-30 09:32:00";78094,3
"868131";"27:11:1";"Exp60_167_IS20724";"Exp60_167_IS20724";NA;"2023-09-30 09:46:00";78071,3
"868132";"27:11:1";"Exp60_167_IS20724";"Exp60_167_IS20724";NA;"2023-09-30 10:02:00";78033,1
"868133";"27:11:1";"Exp60_167_IS20724";"Exp60_167_IS20724";NA;"2023-09-30 10:16:00";78016,7
"868134";"27:11:1";"Exp60_167_IS20724";"Exp60_167_IS20724";NA;"2023-09-30 10:32:00";77989,6
"868135";"27:11:1";"Exp60_167_IS20724";"Exp60_167_IS20724";NA;"2023-09-30 10:46:00";77974,5
"868136";"27:11:1";"Exp60_167_IS20724";"Exp60_167_IS20724";NA;"2023-09-30 11:02:00";77941
"868137";"27:11:1";"Exp60_167_IS20724";"Exp60_167_IS20724";NA;"2023-09-30 11:16:00";77929,7
"868138";"27:11:1";"Exp60_167_IS20724";"Exp60_167_IS20724";NA;"2023-09-30 11:32:00";77913,1
"868139";"27:11:1";"Exp60_167_IS20724";"Exp60_167_IS20724";NA;"2023-09-30 11:46:00";77889,7
"868140";"27:11:1";"Exp60_167_IS20724";"Exp60_167_IS20724";NA;"2023-09-30 19:01:00";79061,9
"868141";"27:11:1";"Exp60_167_IS20724";"Exp60_167_IS20724";NA;"2023-09-30 19:17:00";79056,1
"868142";"27:11:1";"Exp60_167_IS20724";"Exp60_167_IS20724";NA;"2023-09-30 19:31:00";79051
"868143";"27:11:1";"Exp60_167_IS20724";"Exp60_167_IS20724";NA;"2023-09-30 19:47:00";79044,6
"868144";"27:11:1";"Exp60_167_IS20724";"Exp60_167_IS20724";NA;"2023-09-30 20:01:00";79040,7
"868145";"27:11:1";"Exp60_167_IS20724";"Exp60_167_IS20724";NA;"2023-09-30 20:17:00";79036
"868146";"27:11:1";"Exp60_167_IS20724";"Exp60_167_IS20724";NA;"2023-09-30 20:31:00";79034,4
"868147";"27:11:1";"Exp60_167_IS20724";"Exp60_167_IS20724";NA;"2023-09-30 20:47:00";79027,5
"868148";"27:11:1";"Exp60_167_IS20724";"Exp60_167_IS20724";NA;"2023-09-30 21:01:00";79017,4
"868149";"27:11:1";"Exp60_167_IS20724";"Exp60_167_IS20724";NA;"2023-09-30 21:32:00";79018,8
"868150";"27:11:1";"Exp60_167_IS20724";"Exp60_167_IS20724";NA;"2023-09-30 21:46:00";79016,7
"868151";"27:11:1";"Exp60_167_IS20724";"Exp60_167_IS20724";NA;"2023-09-30 22:02:00";79011,9
"868152";"27:11:1";"Exp60_167_IS20724";"Exp60_167_IS20724";NA;"2023-09-30 22:16:00";79006,2
"868153";"27:11:1";"Exp60_167_IS20724";"Exp60_167_IS20724";NA;"2023-09-30 22:32:00";78998,6
"868154";"27:11:1";"Exp60_167_IS20724";"Exp60_167_IS20724";NA;"2023-09-30 22:46:00";78992,2
"868155";"27:11:1";"Exp60_167_IS20724";"Exp60_167_IS20724";NA;"2023-09-30 23:02:00";78988,8
"868156";"27:11:1";"Exp60_167_IS20724";"Exp60_167_IS20724";NA;"2023-09-30 23:16:00";78986,8
"868157";"27:11:1";"Exp60_167_IS20724";"Exp60_167_IS20724";NA;"2023-09-30 23:32:00";78982,7
"868158";"27:11:1";"Exp60_167_IS20724";"Exp60_167_IS20724";NA;"2023-09-30 23:46:00";78989,8
"868159";"27:11:1";"Exp60_167_IS20724";"Exp60_167_IS20724";NA;"2023-10-01 00:02:00";78982,7
"868160";"27:11:1";"Exp60_167_IS20724";"Exp60_167_IS20724";NA;"2023-10-01 00:16:00";78975,7
"868161";"27:11:1";"Exp60_167_IS20724";"Exp60_167_IS20724";NA;"2023-10-01 00:32:00";78974,8
"868162";"27:11:1";"Exp60_167_IS20724";"Exp60_167_IS20724";NA;"2023-10-01 01:16:00";78968,4
"868163";"27:11:1";"Exp60_167_IS20724";"Exp60_167_IS20724";NA;"2023-10-01 01:32:00";78966,1
"868164";"27:11:1";"Exp60_167_IS20724";"Exp60_167_IS20724";NA;"2023-10-01 01:46:00";78963,5
"868165";"27:11:1";"Exp60_167_IS20724";"Exp60_167_IS20724";NA;"2023-10-01 02:02:00";78965,5
"868166";"27:11:1";"Exp60_167_IS20724";"Exp60_167_IS20724";NA;"2023-10-01 02:16:00";78968,1
"868167";"27:11:1";"Exp60_167_IS20724";"Exp60_167_IS20724";NA;"2023-10-01 02:32:00";78966,9
"868168";"27:11:1";"Exp60_167_IS20724";"Exp60_167_IS20724";NA;"2023-10-01 02:46:00";78965,6
"868169";"27:11:1";"Exp60_167_IS20724";"Exp60_167_IS20724";NA;"2023-10-01 09:31:00";78862,3
"868170";"27:11:1";"Exp60_167_IS20724";"Exp60_167_IS20724";NA;"2023-10-01 09:47:00";78841
"868171";"27:11:1";"Exp60_167_IS20724";"Exp60_167_IS20724";NA;"2023-10-01 10:01:00";78828,6
"868172";"27:11:1";"Exp60_167_IS20724";"Exp60_167_IS20724";NA;"2023-10-01 10:17:00";78793,3
"868173";"27:11:1";"Exp60_167_IS20724";"Exp60_167_IS20724";NA;"2023-10-01 10:31:00";78780
"868174";"27:11:1";"Exp60_167_IS20724";"Exp60_167_IS20724";NA;"2023-10-01 10:47:00";78743,9
"868175";"27:11:1";"Exp60_167_IS20724";"Exp60_167_IS20724";NA;"2023-10-01 11:01:00";78732,3
"868176";"27:11:1";"Exp60_167_IS20724";"Exp60_167_IS20724";NA;"2023-10-01 17:46:00";78377,1
"868177";"27:11:1";"Exp60_167_IS20724";"Exp60_167_IS20724";NA;"2023-10-01 18:02:00";78367,8
"868178";"27:11:1";"Exp60_167_IS20724";"Exp60_167_IS20724";NA;"2023-10-01 18:16:00";78377,9
"868179";"27:11:1";"Exp60_167_IS20724";"Exp60_167_IS20724";NA;"2023-10-01 18:32:00";78380,3
"868180";"27:11:1";"Exp60_167_IS20724";"Exp60_167_IS20724";NA;"2023-10-01 18:46:00";78380,3
"868181";"27:11:1";"Exp60_167_IS20724";"Exp60_167_IS20724";NA;"2023-10-01 19:02:00";78377,3
"868182";"27:11:1";"Exp60_167_IS20724";"Exp60_167_IS20724";NA;"2023-10-01 19:16:00";78377,4
"868183";"27:11:1";"Exp60_167_IS20724";"Exp60_167_IS20724";NA;"2023-10-01 19:32:00";78373,7
"868184";"27:11:1";"Exp60_167_IS20724";"Exp60_167_IS20724";NA;"2023-10-01 19:46:00";78374
"868185";"27:11:1";"Exp60_167_IS20724";"Exp60_167_IS20724";NA;"2023-10-01 20:02:00";78368,8
"868186";"27:11:1";"Exp60_167_IS20724";"Exp60_167_IS20724";NA;"2023-10-01 20:16:00";78371,2
"868187";"27:11:1";"Exp60_167_IS20724";"Exp60_167_IS20724";NA;"2023-10-01 20:32:00";78362,9
"868188";"27:11:1";"Exp60_167_IS20724";"Exp60_167_IS20724";NA;"2023-10-01 20:46:00";78369,2
"868189";"27:11:1";"Exp60_167_IS20724";"Exp60_167_IS20724";NA;"2023-10-01 21:02:00";78366,1
"868190";"27:11:1";"Exp60_167_IS20724";"Exp60_167_IS20724";NA;"2023-10-01 21:16:00";78363,5
"868191";"27:11:1";"Exp60_167_IS20724";"Exp60_167_IS20724";NA;"2023-10-01 21:32:00";78363,7
"868192";"27:11:1";"Exp60_167_IS20724";"Exp60_167_IS20724";NA;"2023-10-01 21:46:00";78362
"868193";"27:11:1";"Exp60_167_IS20724";"Exp60_167_IS20724";NA;"2023-10-01 22:02:00";78360,8
"868194";"27:11:1";"Exp60_167_IS20724";"Exp60_167_IS20724";NA;"2023-10-01 22:16:00";78359,7
"868195";"27:11:1";"Exp60_167_IS20724";"Exp60_167_IS20724";NA;"2023-10-01 22:32:00";78358
"868196";"27:11:1";"Exp60_167_IS20724";"Exp60_167_IS20724";NA;"2023-10-01 22:46:00";78357,1
"868197";"27:11:1";"Exp60_167_IS20724";"Exp60_167_IS20724";NA;"2023-10-01 23:17:00";78358,8
"868198";"27:11:1";"Exp60_167_IS20724";"Exp60_167_IS20724";NA;"2023-10-01 23:31:00";78356,7
"868199";"27:11:1";"Exp60_167_IS20724";"Exp60_167_IS20724";NA;"2023-10-02 07:01:00";78336,4
"868200";"27:11:1";"Exp60_167_IS20724";"Exp60_167_IS20724";NA;"2023-10-02 07:17:00";78333
"868201";"27:11:1";"Exp60_167_IS20724";"Exp60_167_IS20724";NA;"2023-10-02 07:31:00";78324,4
"868202";"27:11:1";"Exp60_167_IS20724";"Exp60_167_IS20724";NA;"2023-10-02 07:47:00";78315,8
"868203";"27:11:1";"Exp60_167_IS20724";"Exp60_167_IS20724";NA;"2023-10-02 08:01:00";78304,4
"868204";"27:11:1";"Exp60_167_IS20724";"Exp60_167_IS20724";NA;"2023-10-02 08:17:00";78291,6
"868205";"27:11:1";"Exp60_167_IS20724";"Exp60_167_IS20724";NA;"2023-10-02 08:31:00";78284
"868206";"27:11:1";"Exp60_167_IS20724";"Exp60_167_IS20724";NA;"2023-10-02 08:47:00";78272
"868207";"27:11:1";"Exp60_167_IS20724";"Exp60_167_IS20724";NA;"2023-10-02 09:01:00";78268
"868208";"27:11:1";"Exp60_167_IS20724";"Exp60_167_IS20724";NA;"2023-10-02 09:17:00";78252,3
"868209";"27:11:1";"Exp60_167_IS20724";"Exp60_167_IS20724";NA;"2023-10-02 09:31:00";78248,3
"868210";"27:11:1";"Exp60_167_IS20724";"Exp60_167_IS20724";NA;"2023-10-02 09:47:00";78244,8
"868211";"27:11:1";"Exp60_167_IS20724";"Exp60_167_IS20724";NA;"2023-10-02 10:01:00";78235,6
"868212";"27:11:1";"Exp60_167_IS20724";"Exp60_167_IS20724";NA;"2023-10-02 10:32:00";78224,4
"868213";"27:11:1";"Exp60_167_IS20724";"Exp60_167_IS20724";NA;"2023-10-02 10:46:00";78212
"868214";"27:11:1";"Exp60_167_IS20724";"Exp60_167_IS20724";NA;"2023-10-02 11:17:00";78190,9
"868215";"27:11:1";"Exp60_167_IS20724";"Exp60_167_IS20724";NA;"2023-10-02 11:31:00";78175,1
"868216";"27:11:1";"Exp60_167_IS20724";"Exp60_167_IS20724";NA;"2023-10-02 11:47:00";78166,3
"868217";"27:11:1";"Exp60_167_IS20724";"Exp60_167_IS20724";NA;"2023-10-02 12:01:00";78153,4
"868218";"27:11:1";"Exp60_167_IS20724";"Exp60_167_IS20724";NA;"2023-10-02 12:17:00";78137
"868219";"27:11:1";"Exp60_167_IS20724";"Exp60_167_IS20724";NA;"2023-10-02 12:31:00";78121,1
"868220";"27:11:1";"Exp60_167_IS20724";"Exp60_167_IS20724";NA;"2023-10-02 12:47:00";78112,7
"868221";"27:11:1";"Exp60_167_IS20724";"Exp60_167_IS20724";NA;"2023-10-02 13:01:00";78092,4
"868222";"27:11:1";"Exp60_167_IS20724";"Exp60_167_IS20724";NA;"2023-10-02 13:17:00";78076,4
"868223";"27:11:1";"Exp60_167_IS20724";"Exp60_167_IS20724";NA;"2023-10-02 13:31:00";78061
"868224";"27:11:1";"Exp60_167_IS20724";"Exp60_167_IS20724";NA;"2023-10-02 13:47:00";78044,2
"868225";"27:11:1";"Exp60_167_IS20724";"Exp60_167_IS20724";NA;"2023-10-02 14:01:00";78029,7
"868226";"27:11:1";"Exp60_167_IS20724";"Exp60_167_IS20724";NA;"2023-10-02 14:17:00";78018,7
"868227";"27:11:1";"Exp60_167_IS20724";"Exp60_167_IS20724";NA;"2023-10-02 14:31:00";78010,2
"868228";"27:11:1";"Exp60_167_IS20724";"Exp60_167_IS20724";NA;"2023-10-02 14:47:00";77998,3
"868229";"27:11:1";"Exp60_167_IS20724";"Exp60_167_IS20724";NA;"2023-10-02 15:01:00";77979,2
"868230";"27:11:1";"Exp60_167_IS20724";"Exp60_167_IS20724";NA;"2023-10-02 15:32:00";77954,8
"868231";"27:11:1";"Exp60_167_IS20724";"Exp60_167_IS20724";NA;"2023-10-02 15:46:00";77953,2
"868232";"27:11:1";"Exp60_167_IS20724";"Exp60_167_IS20724";NA;"2023-10-02 16:02:00";77946,3
"868233";"27:11:1";"Exp60_167_IS20724";"Exp60_167_IS20724";NA;"2023-10-02 16:16:00";77943,6
"868234";"27:11:1";"Exp60_167_IS20724";"Exp60_167_IS20724";NA;"2023-10-02 23:01:00";77966,5
"868235";"27:11:1";"Exp60_167_IS20724";"Exp60_167_IS20724";NA;"2023-10-02 23:17:00";77964,8
"868236";"27:11:1";"Exp60_167_IS20724";"Exp60_167_IS20724";NA;"2023-10-02 23:31:00";77963,2
"868237";"27:11:1";"Exp60_167_IS20724";"Exp60_167_IS20724";NA;"2023-10-02 23:47:00";77962,9
"868238";"27:11:1";"Exp60_167_IS20724";"Exp60_167_IS20724";NA;"2023-10-03 00:01:00";77961,2
"868239";"27:11:1";"Exp60_167_IS20724";"Exp60_167_IS20724";NA;"2023-10-03 00:17:00";77961,2
"868240";"27:11:1";"Exp60_167_IS20724";"Exp60_167_IS20724";NA;"2023-10-03 00:31:00";77958,4
"868241";"27:11:1";"Exp60_167_IS20724";"Exp60_167_IS20724";NA;"2023-10-03 00:47:00";77956,4
"868242";"27:11:1";"Exp60_167_IS20724";"Exp60_167_IS20724";NA;"2023-10-03 01:01:00";77954,6
"868243";"27:11:1";"Exp60_167_IS20724";"Exp60_167_IS20724";NA;"2023-10-03 01:17:00";77952,2
"868244";"27:11:1";"Exp60_167_IS20724";"Exp60_167_IS20724";NA;"2023-10-03 01:31:00";77952,7
"868245";"27:11:1";"Exp60_167_IS20724";"Exp60_167_IS20724";NA;"2023-10-03 01:47:00";77957,8
"868246";"27:11:1";"Exp60_167_IS20724";"Exp60_167_IS20724";NA;"2023-10-03 02:01:00";77949,5
"868247";"27:11:1";"Exp60_167_IS20724";"Exp60_167_IS20724";NA;"2023-10-03 02:17:00";77950,1
"868248";"27:11:1";"Exp60_167_IS20724";"Exp60_167_IS20724";NA;"2023-10-03 02:31:00";77953,1
"868249";"27:11:1";"Exp60_167_IS20724";"Exp60_167_IS20724";NA;"2023-10-03 03:47:00";77947,5
"868250";"27:11:1";"Exp60_167_IS20724";"Exp60_167_IS20724";NA;"2023-10-03 04:01:00";77944,2
"868251";"27:11:1";"Exp60_167_IS20724";"Exp60_167_IS20724";NA;"2023-10-03 04:17:00";77943,4
"868252";"27:11:1";"Exp60_167_IS20724";"Exp60_167_IS20724";NA;"2023-10-03 04:31:00";77941,2
"868253";"27:11:1";"Exp60_167_IS20724";"Exp60_167_IS20724";NA;"2023-10-03 04:47:00";77941,7
"868254";"27:11:1";"Exp60_167_IS20724";"Exp60_167_IS20724";NA;"2023-10-03 05:01:00";77938,8
"868255";"27:11:1";"Exp60_167_IS20724";"Exp60_167_IS20724";NA;"2023-10-03 05:17:00";77937,5
"868256";"27:11:1";"Exp60_167_IS20724";"Exp60_167_IS20724";NA;"2023-10-03 06:01:00";77934,7
"868257";"27:11:1";"Exp60_167_IS20724";"Exp60_167_IS20724";NA;"2023-10-03 06:17:00";77933,7
"868258";"27:11:1";"Exp60_167_IS20724";"Exp60_167_IS20724";NA;"2023-10-03 06:31:00";77932,2
"868259";"27:11:1";"Exp60_167_IS20724";"Exp60_167_IS20724";NA;"2023-10-03 06:47:00";77933,3
"868260";"27:11:1";"Exp60_167_IS20724";"Exp60_167_IS20724";NA;"2023-10-03 07:01:00";77930,6
"868261";"27:11:1";"Exp60_167_IS20724";"Exp60_167_IS20724";NA;"2023-10-03 07:17:00";77927,6
"868262";"27:11:1";"Exp60_167_IS20724";"Exp60_167_IS20724";NA;"2023-10-03 07:31:00";77920,5
"868263";"27:11:1";"Exp60_167_IS20724";"Exp60_167_IS20724";NA;"2023-10-03 08:02:00";77902,1
"868264";"27:11:1";"Exp60_167_IS20724";"Exp60_167_IS20724";NA;"2023-10-03 08:16:00";77889,4
"868265";"27:11:1";"Exp60_167_IS20724";"Exp60_167_IS20724";NA;"2023-10-03 08:32:00";77874,1
"868266";"27:11:1";"Exp60_167_IS20724";"Exp60_167_IS20724";NA;"2023-10-03 08:46:00";77858,9
"868267";"27:11:1";"Exp60_167_IS20724";"Exp60_167_IS20724";NA;"2023-10-03 15:16:00";77420,1
"868268";"27:11:1";"Exp60_167_IS20724";"Exp60_167_IS20724";NA;"2023-10-03 21:16:00";78047,4
"868269";"27:11:1";"Exp60_167_IS20724";"Exp60_167_IS20724";NA;"2023-10-03 22:02:00";78047,9
"868270";"27:11:1";"Exp60_167_IS20724";"Exp60_167_IS20724";NA;"2023-10-03 22:16:00";78049,4
"868271";"27:11:1";"Exp60_167_IS20724";"Exp60_167_IS20724";NA;"2023-10-03 22:32:00";78054,4
"868272";"27:11:1";"Exp60_167_IS20724";"Exp60_167_IS20724";NA;"2023-10-03 22:46:00";78049,8
"868273";"27:11:1";"Exp60_167_IS20724";"Exp60_167_IS20724";NA;"2023-10-03 23:17:00";78051,1
"868274";"27:11:1";"Exp60_167_IS20724";"Exp60_167_IS20724";NA;"2023-10-03 23:31:00";78050,2
"868275";"27:11:1";"Exp60_167_IS20724";"Exp60_167_IS20724";NA;"2023-10-03 23:47:00";78049,2
"868276";"27:11:1";"Exp60_167_IS20724";"Exp60_167_IS20724";NA;"2023-10-04 00:16:00";78056,8
"868277";"27:11:1";"Exp60_167_IS20724";"Exp60_167_IS20724";NA;"2023-10-04 00:32:00";78045,7
"868278";"27:11:1";"Exp60_167_IS20724";"Exp60_167_IS20724";NA;"2023-10-04 00:46:00";78043,8
"868279";"27:11:1";"Exp60_167_IS20724";"Exp60_167_IS20724";NA;"2023-10-04 01:02:00";78042,9
"868280";"27:11:1";"Exp60_167_IS20724";"Exp60_167_IS20724";NA;"2023-10-04 01:16:00";78042,2
"868281";"27:11:1";"Exp60_167_IS20724";"Exp60_167_IS20724";NA;"2023-10-04 01:32:00";78040,5
"868282";"27:11:1";"Exp60_167_IS20724";"Exp60_167_IS20724";NA;"2023-10-04 01:46:00";78040,2
"868283";"27:11:1";"Exp60_167_IS20724";"Exp60_167_IS20724";NA;"2023-10-04 02:02:00";78039,9
"868284";"27:11:1";"Exp60_167_IS20724";"Exp60_167_IS20724";NA;"2023-10-04 02:16:00";78038,8
"868285";"27:11:1";"Exp60_167_IS20724";"Exp60_167_IS20724";NA;"2023-10-04 02:32:00";78039
"868286";"27:11:1";"Exp60_167_IS20724";"Exp60_167_IS20724";NA;"2023-10-04 02:46:00";78038,4
"868287";"27:11:1";"Exp60_167_IS20724";"Exp60_167_IS20724";NA;"2023-10-04 03:17:00";78037,1
"868288";"27:11:1";"Exp60_167_IS20724";"Exp60_167_IS20724";NA;"2023-10-04 03:31:00";78032,9
"868289";"27:11:1";"Exp60_167_IS20724";"Exp60_167_IS20724";NA;"2023-10-04 03:47:00";78029
"868290";"27:11:1";"Exp60_167_IS20724";"Exp60_167_IS20724";NA;"2023-10-04 04:01:00";78027,7
"868291";"27:11:1";"Exp60_167_IS20724";"Exp60_167_IS20724";NA;"2023-10-04 04:32:00";78026
"868292";"27:11:1";"Exp60_167_IS20724";"Exp60_167_IS20724";NA;"2023-10-04 04:46:00";78025,4
"868293";"27:11:1";"Exp60_167_IS20724";"Exp60_167_IS20724";NA;"2023-10-04 05:02:00";78023,4
"868294";"27:11:1";"Exp60_167_IS20724";"Exp60_167_IS20724";NA;"2023-10-04 05:16:00";78025,8
"868295";"27:11:1";"Exp60_167_IS20724";"Exp60_167_IS20724";NA;"2023-10-04 05:32:00";78027,5
"868296";"27:11:1";"Exp60_167_IS20724";"Exp60_167_IS20724";NA;"2023-10-04 05:46:00";78026,9
"868297";"27:11:1";"Exp60_167_IS20724";"Exp60_167_IS20724";NA;"2023-10-04 06:32:00";78020,6
"868298";"27:11:1";"Exp60_167_IS20724";"Exp60_167_IS20724";NA;"2023-10-04 06:46:00";78021,6
"868299";"27:11:1";"Exp60_167_IS20724";"Exp60_167_IS20724";NA;"2023-10-04 07:17:00";78011,2
"868300";"27:11:1";"Exp60_167_IS20724";"Exp60_167_IS20724";NA;"2023-10-04 07:31:00";78007
"868301";"27:11:1";"Exp60_167_IS20724";"Exp60_167_IS20724";NA;"2023-10-04 07:47:00";77995,2
"868302";"27:11:1";"Exp60_167_IS20724";"Exp60_167_IS20724";NA;"2023-10-04 08:01:00";77982,7
"868303";"27:11:1";"Exp60_167_IS20724";"Exp60_167_IS20724";NA;"2023-10-04 08:17:00";77965,2
"868304";"27:11:1";"Exp60_167_IS20724";"Exp60_167_IS20724";NA;"2023-10-04 08:31:00";77951,9
"868305";"27:11:1";"Exp60_167_IS20724";"Exp60_167_IS20724";NA;"2023-10-04 08:47:00";77938
"868306";"27:11:1";"Exp60_167_IS20724";"Exp60_167_IS20724";NA;"2023-10-04 09:01:00";77937,4
"868307";"27:11:1";"Exp60_167_IS20724";"Exp60_167_IS20724";NA;"2023-10-04 09:17:00";77902,7
"868308";"27:11:1";"Exp60_167_IS20724";"Exp60_167_IS20724";NA;"2023-10-04 09:31:00";77885,8
"868309";"27:11:1";"Exp60_167_IS20724";"Exp60_167_IS20724";NA;"2023-10-04 09:47:00";77861,5
"868310";"27:11:1";"Exp60_167_IS20724";"Exp60_167_IS20724";NA;"2023-10-04 10:01:00";77831,8
"868311";"27:11:1";"Exp60_167_IS20724";"Exp60_167_IS20724";NA;"2023-10-04 10:17:00";77803,5
"868312";"27:11:1";"Exp60_167_IS20724";"Exp60_167_IS20724";NA;"2023-10-04 10:31:00";77783,9
"868313";"27:11:1";"Exp60_167_IS20724";"Exp60_167_IS20724";NA;"2023-10-04 10:47:00";77749,1
"868314";"27:11:1";"Exp60_167_IS20724";"Exp60_167_IS20724";NA;"2023-10-04 11:01:00";77728,5
"868315";"27:11:1";"Exp60_167_IS20724";"Exp60_167_IS20724";NA;"2023-10-04 11:17:00";77690
"868316";"27:11:1";"Exp60_167_IS20724";"Exp60_167_IS20724";NA;"2023-10-04 11:31:00";77676,3
"868317";"27:11:1";"Exp60_167_IS20724";"Exp60_167_IS20724";NA;"2023-10-04 11:47:00";77654,4
"868318";"27:11:1";"Exp60_167_IS20724";"Exp60_167_IS20724";NA;"2023-10-04 12:01:00";77632,8
"868319";"27:11:1";"Exp60_167_IS20724";"Exp60_167_IS20724";NA;"2023-10-04 12:32:00";77585,1
"868320";"27:11:1";"Exp60_167_IS20724";"Exp60_167_IS20724";NA;"2023-10-04 12:46:00";77562,9
"868321";"27:11:1";"Exp60_167_IS20724";"Exp60_167_IS20724";NA;"2023-10-04 13:02:00";77533,1
"868322";"27:11:1";"Exp60_167_IS20724";"Exp60_167_IS20724";NA;"2023-10-04 13:16:00";77507,8
"868323";"27:11:1";"Exp60_167_IS20724";"Exp60_167_IS20724";NA;"2023-10-04 13:32:00";77487,1
"868324";"27:11:1";"Exp60_167_IS20724";"Exp60_167_IS20724";NA;"2023-10-04 13:46:00";77460
"868325";"27:11:1";"Exp60_167_IS20724";"Exp60_167_IS20724";NA;"2023-10-04 21:01:00";77311,2
"868326";"27:11:1";"Exp60_167_IS20724";"Exp60_167_IS20724";NA;"2023-10-05 03:31:00";77315,8
"868327";"27:11:1";"Exp60_167_IS20724";"Exp60_167_IS20724";NA;"2023-10-05 03:47:00";77315,2
"868328";"27:11:1";"Exp60_167_IS20724";"Exp60_167_IS20724";NA;"2023-10-05 04:01:00";77314,9
"868329";"27:11:1";"Exp60_167_IS20724";"Exp60_167_IS20724";NA;"2023-10-05 04:17:00";77318,2
"868330";"27:11:1";"Exp60_167_IS20724";"Exp60_167_IS20724";NA;"2023-10-05 04:31:00";77315,1
"868331";"27:11:1";"Exp60_167_IS20724";"Exp60_167_IS20724";NA;"2023-10-05 04:47:00";77318,1
"868332";"27:11:1";"Exp60_167_IS20724";"Exp60_167_IS20724";NA;"2023-10-05 05:01:00";77319,9
"868333";"27:11:1";"Exp60_167_IS20724";"Exp60_167_IS20724";NA;"2023-10-05 05:17:00";77321,7
"868334";"27:11:1";"Exp60_167_IS20724";"Exp60_167_IS20724";NA;"2023-10-05 05:31:00";77323,3
"868335";"27:11:1";"Exp60_167_IS20724";"Exp60_167_IS20724";NA;"2023-10-05 05:47:00";77323,5
"868336";"27:11:1";"Exp60_167_IS20724";"Exp60_167_IS20724";NA;"2023-10-05 06:01:00";77322,9
"868337";"27:11:1";"Exp60_167_IS20724";"Exp60_167_IS20724";NA;"2023-10-05 06:17:00";77323,2
"868338";"27:11:1";"Exp60_167_IS20724";"Exp60_167_IS20724";NA;"2023-10-05 06:31:00";77323,5
"868339";"27:11:1";"Exp60_167_IS20724";"Exp60_167_IS20724";NA;"2023-10-05 06:47:00";77319,5
"868340";"27:11:1";"Exp60_167_IS20724";"Exp60_167_IS20724";NA;"2023-10-05 07:01:00";77316
"868341";"27:11:1";"Exp60_167_IS20724";"Exp60_167_IS20724";NA;"2023-10-05 07:17:00";77311,3
"868342";"27:11:1";"Exp60_167_IS20724";"Exp60_167_IS20724";NA;"2023-10-05 07:31:00";77302,1
"868343";"27:11:1";"Exp60_167_IS20724";"Exp60_167_IS20724";NA;"2023-10-05 07:47:00";77293,8
"868344";"27:11:1";"Exp60_167_IS20724";"Exp60_167_IS20724";NA;"2023-10-05 08:01:00";77278,8
"868345";"27:11:1";"Exp60_167_IS20724";"Exp60_167_IS20724";NA;"2023-10-05 08:17:00";77257,2
"868346";"27:11:1";"Exp60_167_IS20724";"Exp60_167_IS20724";NA;"2023-10-05 08:31:00";77232,2
"868347";"27:11:1";"Exp60_167_IS20724";"Exp60_167_IS20724";NA;"2023-10-05 08:47:00";77210,3
"868348";"27:11:1";"Exp60_167_IS20724";"Exp60_167_IS20724";NA;"2023-10-05 09:01:00";77188,1
"868349";"27:11:1";"Exp60_167_IS20724";"Exp60_167_IS20724";NA;"2023-10-05 09:17:00";77165,8
"868350";"27:11:1";"Exp60_167_IS20724";"Exp60_167_IS20724";NA;"2023-10-05 09:31:00";77144,6
"868351";"27:11:1";"Exp60_167_IS20724";"Exp60_167_IS20724";NA;"2023-10-05 09:47:00";77122,1
"868352";"27:11:1";"Exp60_167_IS20724";"Exp60_167_IS20724";NA;"2023-10-05 10:01:00";77102,8
"868353";"27:11:1";"Exp60_167_IS20724";"Exp60_167_IS20724";NA;"2023-10-05 10:17:00";77075,2
"868354";"27:11:1";"Exp60_167_IS20724";"Exp60_167_IS20724";NA;"2023-10-05 10:31:00";77048,2
"868355";"27:11:1";"Exp60_167_IS20724";"Exp60_167_IS20724";NA;"2023-10-05 10:47:00";77026
"868356";"27:11:1";"Exp60_167_IS20724";"Exp60_167_IS20724";NA;"2023-10-05 11:01:00";76998,1
"868357";"27:11:1";"Exp60_167_IS20724";"Exp60_167_IS20724";NA;"2023-10-05 11:17:00";76988,2
"868358";"27:11:1";"Exp60_167_IS20724";"Exp60_167_IS20724";NA;"2023-10-05 11:31:00";76957
"868359";"27:11:1";"Exp60_167_IS20724";"Exp60_167_IS20724";NA;"2023-10-05 11:47:00";76919
"868360";"27:11:1";"Exp60_167_IS20724";"Exp60_167_IS20724";NA;"2023-10-05 12:01:00";76891,4
"868361";"27:11:1";"Exp60_167_IS20724";"Exp60_167_IS20724";NA;"2023-10-05 18:01:00";76452,8
"868362";"27:11:1";"Exp60_167_IS20724";"Exp60_167_IS20724";NA;"2023-10-05 18:17:00";76460,4
"868363";"27:11:1";"Exp60_167_IS20724";"Exp60_167_IS20724";NA;"2023-10-05 18:31:00";76467,7
"868364";"27:11:1";"Exp60_167_IS20724";"Exp60_167_IS20724";NA;"2023-10-06 00:31:00";76503,8
"868365";"27:11:1";"Exp60_167_IS20724";"Exp60_167_IS20724";NA;"2023-10-06 00:47:00";76504,1
"868366";"27:11:1";"Exp60_167_IS20724";"Exp60_167_IS20724";NA;"2023-10-06 01:01:00";76504,8
"868367";"27:11:1";"Exp60_167_IS20724";"Exp60_167_IS20724";NA;"2023-10-06 01:17:00";76504,5
"868368";"27:11:1";"Exp60_167_IS20724";"Exp60_167_IS20724";NA;"2023-10-06 01:31:00";76503
"868369";"27:11:1";"Exp60_167_IS20724";"Exp60_167_IS20724";NA;"2023-10-06 01:47:00";76509,3
"868370";"27:11:1";"Exp60_167_IS20724";"Exp60_167_IS20724";NA;"2023-10-06 02:01:00";76505,8
"868371";"27:11:1";"Exp60_167_IS20724";"Exp60_167_IS20724";NA;"2023-10-06 02:17:00";76506
"868372";"27:11:1";"Exp60_167_IS20724";"Exp60_167_IS20724";NA;"2023-10-06 02:31:00";76505,7
"868373";"27:11:1";"Exp60_167_IS20724";"Exp60_167_IS20724";NA;"2023-10-06 02:47:00";76503,8
"868374";"27:11:1";"Exp60_167_IS20724";"Exp60_167_IS20724";NA;"2023-10-06 03:16:00";76501,9
"868375";"27:11:1";"Exp60_167_IS20724";"Exp60_167_IS20724";NA;"2023-10-06 03:32:00";76499,5
"868376";"27:11:1";"Exp60_167_IS20724";"Exp60_167_IS20724";NA;"2023-10-06 03:46:00";76497,7
"868377";"27:11:1";"Exp60_167_IS20724";"Exp60_167_IS20724";NA;"2023-10-06 10:46:00";76233,6
"868378";"27:11:1";"Exp60_167_IS20724";"Exp60_167_IS20724";NA;"2023-10-06 11:02:00";76208,5
"868379";"27:11:1";"Exp60_167_IS20724";"Exp60_167_IS20724";NA;"2023-10-06 11:16:00";76175,4
"868380";"27:11:1";"Exp60_167_IS20724";"Exp60_167_IS20724";NA;"2023-10-06 11:47:00";76114,3
"868381";"27:11:1";"Exp60_167_IS20724";"Exp60_167_IS20724";NA;"2023-10-06 12:01:00";76096,8
"868382";"27:11:1";"Exp60_167_IS20724";"Exp60_167_IS20724";NA;"2023-10-06 20:01:00";76987,2
"868383";"27:11:1";"Exp60_167_IS20724";"Exp60_167_IS20724";NA;"2023-10-06 20:17:00";76992,1
"868384";"27:11:1";"Exp60_167_IS20724";"Exp60_167_IS20724";NA;"2023-10-06 20:31:00";76995,7
"868385";"27:11:1";"Exp60_167_IS20724";"Exp60_167_IS20724";NA;"2023-10-07 03:01:00";76972,3
"868386";"27:11:1";"Exp60_167_IS20724";"Exp60_167_IS20724";NA;"2023-10-07 03:17:00";76973,9
"868387";"27:11:1";"Exp60_167_IS20724";"Exp60_167_IS20724";NA;"2023-10-07 03:31:00";76976,6
"868388";"27:11:1";"Exp60_167_IS20724";"Exp60_167_IS20724";NA;"2023-10-07 03:47:00";76979,9
"868389";"27:11:1";"Exp60_167_IS20724";"Exp60_167_IS20724";NA;"2023-10-07 04:01:00";76975,5
"868390";"27:11:1";"Exp60_167_IS20724";"Exp60_167_IS20724";NA;"2023-10-07 11:01:00";76613,6
"868391";"27:11:1";"Exp60_167_IS20724";"Exp60_167_IS20724";NA;"2023-10-07 11:17:00";76575,8
"868392";"27:11:1";"Exp60_167_IS20724";"Exp60_167_IS20724";NA;"2023-10-07 11:31:00";76546,1
"868393";"27:11:1";"Exp60_167_IS20724";"Exp60_167_IS20724";NA;"2023-10-07 11:47:00";76511,7
"868394";"27:11:1";"Exp60_167_IS20724";"Exp60_167_IS20724";NA;"2023-10-07 12:01:00";76483,9
"868395";"27:11:1";"Exp60_167_IS20724";"Exp60_167_IS20724";NA;"2023-10-07 12:47:00";76380,7
"868396";"27:11:1";"Exp60_167_IS20724";"Exp60_167_IS20724";NA;"2023-10-07 13:01:00";76339,8
"868397";"27:11:1";"Exp60_167_IS20724";"Exp60_167_IS20724";NA;"2023-10-07 13:17:00";76297,5
"868398";"27:11:1";"Exp60_167_IS20724";"Exp60_167_IS20724";NA;"2023-10-07 13:31:00";76266,6
"868399";"27:11:1";"Exp60_167_IS20724";"Exp60_167_IS20724";NA;"2023-10-07 13:47:00";76215,1
"868400";"27:11:1";"Exp60_167_IS20724";"Exp60_167_IS20724";NA;"2023-10-07 14:01:00";76191,1
"868401";"27:11:1";"Exp60_167_IS20724";"Exp60_167_IS20724";NA;"2023-10-07 14:17:00";76161
"868402";"27:11:1";"Exp60_167_IS20724";"Exp60_167_IS20724";NA;"2023-10-07 14:31:00";76148
"868403";"27:11:1";"Exp60_167_IS20724";"Exp60_167_IS20724";NA;"2023-10-07 20:46:00";76018,5
"868404";"27:11:1";"Exp60_167_IS20724";"Exp60_167_IS20724";NA;"2023-10-07 21:02:00";76023,8
"868405";"27:11:1";"Exp60_167_IS20724";"Exp60_167_IS20724";NA;"2023-10-07 21:16:00";76025,6
"868406";"27:11:1";"Exp60_167_IS20724";"Exp60_167_IS20724";NA;"2023-10-07 21:32:00";76023,4
"868407";"27:11:1";"Exp60_167_IS20724";"Exp60_167_IS20724";NA;"2023-10-07 21:46:00";76020,5
"868408";"27:11:1";"Exp60_167_IS20724";"Exp60_167_IS20724";NA;"2023-10-07 22:02:00";76021,9
"868409";"27:11:1";"Exp60_167_IS20724";"Exp60_167_IS20724";NA;"2023-10-07 22:16:00";76021,8
"868410";"27:11:1";"Exp60_167_IS20724";"Exp60_167_IS20724";NA;"2023-10-07 22:32:00";76021,9
"868411";"27:11:1";"Exp60_167_IS20724";"Exp60_167_IS20724";NA;"2023-10-07 22:46:00";76020,8
"868412";"27:11:1";"Exp60_167_IS20724";"Exp60_167_IS20724";NA;"2023-10-07 23:02:00";76019,5
"868413";"27:11:1";"Exp60_167_IS20724";"Exp60_167_IS20724";NA;"2023-10-07 23:16:00";76019,2
"868414";"27:11:1";"Exp60_167_IS20724";"Exp60_167_IS20724";NA;"2023-10-07 23:32:00";76020,7
"868415";"27:11:1";"Exp60_167_IS20724";"Exp60_167_IS20724";NA;"2023-10-07 23:46:00";76021,9
"868416";"27:11:1";"Exp60_167_IS20724";"Exp60_167_IS20724";NA;"2023-10-08 00:02:00";76021,8
"868417";"27:11:1";"Exp60_167_IS20724";"Exp60_167_IS20724";NA;"2023-10-08 00:16:00";76022,2
"868418";"27:11:1";"Exp60_167_IS20724";"Exp60_167_IS20724";NA;"2023-10-08 00:32:00";76022,8
"868419";"27:11:1";"Exp60_167_IS20724";"Exp60_167_IS20724";NA;"2023-10-08 00:46:00";76025,3
"868420";"27:11:1";"Exp60_167_IS20724";"Exp60_167_IS20724";NA;"2023-10-08 01:02:00";76024
"868421";"27:11:1";"Exp60_167_IS20724";"Exp60_167_IS20724";NA;"2023-10-08 01:16:00";76023,8
"868422";"27:11:1";"Exp60_167_IS20724";"Exp60_167_IS20724";NA;"2023-10-08 01:32:00";76025,1
"868423";"27:11:1";"Exp60_167_IS20724";"Exp60_167_IS20724";NA;"2023-10-08 01:46:00";76023,5
"868424";"27:11:1";"Exp60_167_IS20724";"Exp60_167_IS20724";NA;"2023-10-08 02:02:00";76030,1
"868425";"27:11:1";"Exp60_167_IS20724";"Exp60_167_IS20724";NA;"2023-10-08 02:16:00";76032,1
"868426";"27:11:1";"Exp60_167_IS20724";"Exp60_167_IS20724";NA;"2023-10-08 02:32:00";76030,5
"868427";"27:11:1";"Exp60_167_IS20724";"Exp60_167_IS20724";NA;"2023-10-08 02:46:00";76030,3
"868428";"27:11:1";"Exp60_167_IS20724";"Exp60_167_IS20724";NA;"2023-10-08 03:02:00";76031,4
"868429";"27:11:1";"Exp60_167_IS20724";"Exp60_167_IS20724";NA;"2023-10-08 03:16:00";76029,6
"868430";"27:11:1";"Exp60_167_IS20724";"Exp60_167_IS20724";NA;"2023-10-08 03:32:00";76028,4
"868431";"27:11:1";"Exp60_167_IS20724";"Exp60_167_IS20724";NA;"2023-10-08 03:46:00";76028
"868432";"27:11:1";"Exp60_167_IS20724";"Exp60_167_IS20724";NA;"2023-10-08 04:02:00";76025
"868433";"27:11:1";"Exp60_167_IS20724";"Exp60_167_IS20724";NA;"2023-10-08 04:16:00";76026,1
"868434";"27:11:1";"Exp60_167_IS20724";"Exp60_167_IS20724";NA;"2023-10-08 04:32:00";76026,6
"868435";"27:11:1";"Exp60_167_IS20724";"Exp60_167_IS20724";NA;"2023-10-08 04:46:00";76026,8
"868436";"27:11:1";"Exp60_167_IS20724";"Exp60_167_IS20724";NA;"2023-10-08 05:02:00";76023,7
"868437";"27:11:1";"Exp60_167_IS20724";"Exp60_167_IS20724";NA;"2023-10-08 05:16:00";76020,3
"868438";"27:11:1";"Exp60_167_IS20724";"Exp60_167_IS20724";NA;"2023-10-08 05:32:00";76019,1
"868439";"27:11:1";"Exp60_167_IS20724";"Exp60_167_IS20724";NA;"2023-10-08 05:46:00";76020
"868440";"27:11:1";"Exp60_167_IS20724";"Exp60_167_IS20724";NA;"2023-10-08 06:02:00";76020,9
"868441";"27:11:1";"Exp60_167_IS20724";"Exp60_167_IS20724";NA;"2023-10-08 06:16:00";76021,1
"868442";"27:11:1";"Exp60_167_IS20724";"Exp60_167_IS20724";NA;"2023-10-08 06:32:00";76020,1
"868443";"27:11:1";"Exp60_167_IS20724";"Exp60_167_IS20724";NA;"2023-10-08 06:46:00";76026,3
"868444";"27:11:1";"Exp60_167_IS20724";"Exp60_167_IS20724";NA;"2023-10-08 07:02:00";76026,2
"868445";"27:11:1";"Exp60_167_IS20724";"Exp60_167_IS20724";NA;"2023-10-08 07:16:00";76022,7
"868446";"27:11:1";"Exp60_167_IS20724";"Exp60_167_IS20724";NA;"2023-10-08 07:32:00";76015,1
"868447";"27:11:1";"Exp60_167_IS20724";"Exp60_167_IS20724";NA;"2023-10-08 07:46:00";76005,8
"868448";"27:11:1";"Exp60_167_IS20724";"Exp60_167_IS20724";NA;"2023-10-08 08:02:00";75990,8
"868449";"27:11:1";"Exp60_167_IS20724";"Exp60_167_IS20724";NA;"2023-10-08 08:16:00";75978,6
"868450";"27:11:1";"Exp60_167_IS20724";"Exp60_167_IS20724";NA;"2023-10-08 08:32:00";75958,5
"868451";"27:11:1";"Exp60_167_IS20724";"Exp60_167_IS20724";NA;"2023-10-08 08:46:00";75935,2
"868452";"27:11:1";"Exp60_167_IS20724";"Exp60_167_IS20724";NA;"2023-10-08 09:02:00";75902
"868453";"27:11:1";"Exp60_167_IS20724";"Exp60_167_IS20724";NA;"2023-10-08 09:16:00";75869,9
"868454";"27:11:1";"Exp60_167_IS20724";"Exp60_167_IS20724";NA;"2023-10-08 09:32:00";75837,6
"868455";"27:11:1";"Exp60_167_IS20724";"Exp60_167_IS20724";NA;"2023-10-08 09:46:00";75806,4
"868456";"27:11:1";"Exp60_167_IS20724";"Exp60_167_IS20724";NA;"2023-10-08 10:32:00";75683,5
"868457";"27:11:1";"Exp60_167_IS20724";"Exp60_167_IS20724";NA;"2023-10-08 10:46:00";75650,2
"868458";"27:11:1";"Exp60_167_IS20724";"Exp60_167_IS20724";NA;"2023-10-08 11:17:00";75552,2
"868459";"27:11:1";"Exp60_167_IS20724";"Exp60_167_IS20724";NA;"2023-10-08 11:31:00";75521,1
"868460";"27:11:1";"Exp60_167_IS20724";"Exp60_167_IS20724";NA;"2023-10-08 12:02:00";75424,8
"868461";"27:11:1";"Exp60_167_IS20724";"Exp60_167_IS20724";NA;"2023-10-08 12:16:00";75412,1
"868462";"27:11:1";"Exp60_167_IS20724";"Exp60_167_IS20724";NA;"2023-10-08 12:32:00";75351,8
"868463";"27:11:1";"Exp60_167_IS20724";"Exp60_167_IS20724";NA;"2023-10-08 12:46:00";75321,9
"868464";"27:11:1";"Exp60_167_IS20724";"Exp60_167_IS20724";NA;"2023-10-08 13:02:00";75285,8
"868465";"27:11:1";"Exp60_167_IS20724";"Exp60_167_IS20724";NA;"2023-10-08 13:16:00";75253
"868466";"27:11:1";"Exp60_167_IS20724";"Exp60_167_IS20724";NA;"2023-10-08 13:47:00";75180,8
"868467";"27:11:1";"Exp60_167_IS20724";"Exp60_167_IS20724";NA;"2023-10-08 14:01:00";75157,5
"868468";"27:11:1";"Exp60_167_IS20724";"Exp60_167_IS20724";NA;"2023-10-08 14:17:00";75120,1
"868469";"27:11:1";"Exp60_167_IS20724";"Exp60_167_IS20724";NA;"2023-10-08 14:31:00";75101,4
"868470";"27:11:1";"Exp60_167_IS20724";"Exp60_167_IS20724";NA;"2023-10-08 14:47:00";75075,6
"868471";"27:11:1";"Exp60_167_IS20724";"Exp60_167_IS20724";NA;"2023-10-08 15:01:00";75048,9
"868472";"27:11:1";"Exp60_167_IS20724";"Exp60_167_IS20724";NA;"2023-10-08 22:46:00";74979,4
"868473";"27:11:1";"Exp60_167_IS20724";"Exp60_167_IS20724";NA;"2023-10-08 23:02:00";74979
"868474";"27:11:1";"Exp60_167_IS20724";"Exp60_167_IS20724";NA;"2023-10-08 23:16:00";74979,9
"868475";"27:11:1";"Exp60_167_IS20724";"Exp60_167_IS20724";NA;"2023-10-08 23:32:00";74979,2
"868476";"27:11:1";"Exp60_167_IS20724";"Exp60_167_IS20724";NA;"2023-10-08 23:46:00";74978
"868477";"27:11:1";"Exp60_167_IS20724";"Exp60_167_IS20724";NA;"2023-10-09 00:02:00";74976,6
"868478";"27:11:1";"Exp60_167_IS20724";"Exp60_167_IS20724";NA;"2023-10-09 00:16:00";74974,9
"868479";"27:11:1";"Exp60_167_IS20724";"Exp60_167_IS20724";NA;"2023-10-09 00:32:00";74981,5
"868480";"27:11:1";"Exp60_167_IS20724";"Exp60_167_IS20724";NA;"2023-10-09 00:46:00";74985,8
"868481";"27:11:1";"Exp60_167_IS20724";"Exp60_167_IS20724";NA;"2023-10-09 01:02:00";74986
"868482";"27:11:1";"Exp60_167_IS20724";"Exp60_167_IS20724";NA;"2023-10-09 01:16:00";74984,8
"868483";"27:11:1";"Exp60_167_IS20724";"Exp60_167_IS20724";NA;"2023-10-09 01:32:00";74986,2
"868484";"27:11:1";"Exp60_167_IS20724";"Exp60_167_IS20724";NA;"2023-10-09 01:46:00";74984,5
"868485";"27:11:1";"Exp60_167_IS20724";"Exp60_167_IS20724";NA;"2023-10-09 02:02:00";74981,1
"868486";"27:11:1";"Exp60_167_IS20724";"Exp60_167_IS20724";NA;"2023-10-09 02:16:00";74976,6
"868487";"27:11:1";"Exp60_167_IS20724";"Exp60_167_IS20724";NA;"2023-10-09 02:32:00";74975,4
"868488";"27:11:1";"Exp60_167_IS20724";"Exp60_167_IS20724";NA;"2023-10-09 02:46:00";74974,9
"868489";"27:11:1";"Exp60_167_IS20724";"Exp60_167_IS20724";NA;"2023-10-09 03:02:00";74973,1
"868490";"27:11:1";"Exp60_167_IS20724";"Exp60_167_IS20724";NA;"2023-10-09 03:16:00";74977,1
"868491";"27:11:1";"Exp60_167_IS20724";"Exp60_167_IS20724";NA;"2023-10-09 03:32:00";74979,6
"868492";"27:11:1";"Exp60_167_IS20724";"Exp60_167_IS20724";NA;"2023-10-09 03:46:00";74977,8
"868493";"27:11:1";"Exp60_167_IS20724";"Exp60_167_IS20724";NA;"2023-10-09 04:17:00";74976,8
"868494";"27:11:1";"Exp60_167_IS20724";"Exp60_167_IS20724";NA;"2023-10-09 04:31:00";74977,2
"868495";"27:11:1";"Exp60_167_IS20724";"Exp60_167_IS20724";NA;"2023-10-09 04:47:00";74976,6
"868496";"27:11:1";"Exp60_167_IS20724";"Exp60_167_IS20724";NA;"2023-10-09 05:01:00";74977,1
"868497";"27:11:1";"Exp60_167_IS20724";"Exp60_167_IS20724";NA;"2023-10-09 05:17:00";74977,7
"868498";"27:11:1";"Exp60_167_IS20724";"Exp60_167_IS20724";NA;"2023-10-09 05:31:00";74979,1
"868499";"27:11:1";"Exp60_167_IS20724";"Exp60_167_IS20724";NA;"2023-10-09 05:47:00";74974,8
"868500";"27:11:1";"Exp60_167_IS20724";"Exp60_167_IS20724";NA;"2023-10-09 06:01:00";74974,5
"868501";"27:11:1";"Exp60_167_IS20724";"Exp60_167_IS20724";NA;"2023-10-09 06:17:00";74973,8
"868502";"27:11:1";"Exp60_167_IS20724";"Exp60_167_IS20724";NA;"2023-10-09 06:31:00";74974,3
"868503";"27:11:1";"Exp60_167_IS20724";"Exp60_167_IS20724";NA;"2023-10-09 06:47:00";74971,9
"868504";"27:11:1";"Exp60_167_IS20724";"Exp60_167_IS20724";NA;"2023-10-09 07:01:00";74968,8
"868505";"27:11:1";"Exp60_167_IS20724";"Exp60_167_IS20724";NA;"2023-10-09 07:17:00";74964,4
"868506";"27:11:1";"Exp60_167_IS20724";"Exp60_167_IS20724";NA;"2023-10-09 07:31:00";74964,2
"868507";"27:11:1";"Exp60_167_IS20724";"Exp60_167_IS20724";NA;"2023-10-09 07:47:00";74952,9
"868508";"27:11:1";"Exp60_167_IS20724";"Exp60_167_IS20724";NA;"2023-10-09 08:01:00";74938,5
"868509";"27:11:1";"Exp60_167_IS20724";"Exp60_167_IS20724";NA;"2023-10-09 08:17:00";74917,1
"868510";"27:11:1";"Exp60_167_IS20724";"Exp60_167_IS20724";NA;"2023-10-09 08:31:00";74903,2
"868511";"27:11:1";"Exp60_167_IS20724";"Exp60_167_IS20724";NA;"2023-10-09 08:47:00";74878,8
"868512";"27:11:1";"Exp60_167_IS20724";"Exp60_167_IS20724";NA;"2023-10-09 09:01:00";74859,3
"868513";"27:11:1";"Exp60_167_IS20724";"Exp60_167_IS20724";NA;"2023-10-09 09:17:00";74798,5
"868514";"27:11:1";"Exp60_167_IS20724";"Exp60_167_IS20724";NA;"2023-10-09 09:31:00";74791,8
"868515";"27:11:1";"Exp60_167_IS20724";"Exp60_167_IS20724";NA;"2023-10-09 10:32:00";74640,3
"868516";"27:11:1";"Exp60_167_IS20724";"Exp60_167_IS20724";NA;"2023-10-09 10:46:00";74615,5
"868517";"27:11:1";"Exp60_167_IS20724";"Exp60_167_IS20724";NA;"2023-10-09 11:02:00";74563,1
"868518";"27:11:1";"Exp60_167_IS20724";"Exp60_167_IS20724";NA;"2023-10-09 11:16:00";74534,3
"868519";"27:11:1";"Exp60_167_IS20724";"Exp60_167_IS20724";NA;"2023-10-09 11:47:00";74446,9
"868520";"27:11:1";"Exp60_167_IS20724";"Exp60_167_IS20724";NA;"2023-10-09 12:01:00";74402,5
"868521";"27:11:1";"Exp60_167_IS20724";"Exp60_167_IS20724";NA;"2023-10-09 12:17:00";74372,5
"868522";"27:11:1";"Exp60_167_IS20724";"Exp60_167_IS20724";NA;"2023-10-09 12:31:00";74329,1
"868523";"27:11:1";"Exp60_167_IS20724";"Exp60_167_IS20724";NA;"2023-10-09 12:47:00";74275,6
"868524";"27:11:1";"Exp60_167_IS20724";"Exp60_167_IS20724";NA;"2023-10-09 13:01:00";74257,6
"868525";"27:11:1";"Exp60_167_IS20724";"Exp60_167_IS20724";NA;"2023-10-09 13:32:00";74181
"868526";"27:11:1";"Exp60_167_IS20724";"Exp60_167_IS20724";NA;"2023-10-09 13:46:00";74160,6
"868527";"27:11:1";"Exp60_167_IS20724";"Exp60_167_IS20724";NA;"2023-10-09 14:02:00";74130,1
"868528";"27:11:1";"Exp60_167_IS20724";"Exp60_167_IS20724";NA;"2023-10-09 14:16:00";74125,8
"868529";"27:11:1";"Exp60_167_IS20724";"Exp60_167_IS20724";NA;"2023-10-09 20:16:00";73974,2
"868530";"27:11:1";"Exp60_167_IS20724";"Exp60_167_IS20724";NA;"2023-10-09 20:32:00";73981,5
"868531";"27:11:1";"Exp60_167_IS20724";"Exp60_167_IS20724";NA;"2023-10-09 20:46:00";73986,8
"868532";"27:11:1";"Exp60_167_IS20724";"Exp60_167_IS20724";NA;"2023-10-09 21:02:00";73988,4
"868533";"27:11:1";"Exp60_167_IS20724";"Exp60_167_IS20724";NA;"2023-10-09 21:16:00";73988,8
"868534";"27:11:1";"Exp60_167_IS20724";"Exp60_167_IS20724";NA;"2023-10-09 21:32:00";73986,3
"868535";"27:11:1";"Exp60_167_IS20724";"Exp60_167_IS20724";NA;"2023-10-09 21:46:00";73986,1
"868536";"27:11:1";"Exp60_167_IS20724";"Exp60_167_IS20724";NA;"2023-10-09 22:32:00";73986,8
"868537";"27:11:1";"Exp60_167_IS20724";"Exp60_167_IS20724";NA;"2023-10-09 22:46:00";73988,8
"868538";"27:11:1";"Exp60_167_IS20724";"Exp60_167_IS20724";NA;"2023-10-09 23:17:00";73993,6
"868539";"27:11:1";"Exp60_167_IS20724";"Exp60_167_IS20724";NA;"2023-10-09 23:31:00";73997,4
"868540";"27:11:1";"Exp60_167_IS20724";"Exp60_167_IS20724";NA;"2023-10-09 23:47:00";74000
"868541";"27:11:1";"Exp60_167_IS20724";"Exp60_167_IS20724";NA;"2023-10-10 00:16:00";74003,3
"868542";"27:11:1";"Exp60_167_IS20724";"Exp60_167_IS20724";NA;"2023-10-10 00:47:00";73993,9
"868543";"27:11:1";"Exp60_167_IS20724";"Exp60_167_IS20724";NA;"2023-10-10 01:01:00";73991,6
"868544";"27:11:1";"Exp60_167_IS20724";"Exp60_167_IS20724";NA;"2023-10-10 01:17:00";73995,2
"868545";"27:11:1";"Exp60_167_IS20724";"Exp60_167_IS20724";NA;"2023-10-10 01:31:00";73995,8
"868546";"27:11:1";"Exp60_167_IS20724";"Exp60_167_IS20724";NA;"2023-10-10 01:47:00";73997,1
"868547";"27:11:1";"Exp60_167_IS20724";"Exp60_167_IS20724";NA;"2023-10-10 02:01:00";73998
"868548";"27:11:1";"Exp60_167_IS20724";"Exp60_167_IS20724";NA;"2023-10-10 02:17:00";73996,7
"868549";"27:11:1";"Exp60_167_IS20724";"Exp60_167_IS20724";NA;"2023-10-10 02:31:00";73994,4
"868550";"27:11:1";"Exp60_167_IS20724";"Exp60_167_IS20724";NA;"2023-10-10 02:47:00";73993,3
"868551";"27:11:1";"Exp60_167_IS20724";"Exp60_167_IS20724";NA;"2023-10-10 03:01:00";73991,8
"868552";"27:11:1";"Exp60_167_IS20724";"Exp60_167_IS20724";NA;"2023-10-10 03:17:00";73992,7
"868553";"27:11:1";"Exp60_167_IS20724";"Exp60_167_IS20724";NA;"2023-10-10 03:31:00";73995,5
"868554";"27:11:1";"Exp60_167_IS20724";"Exp60_167_IS20724";NA;"2023-10-10 03:47:00";73995,9
"868555";"27:11:1";"Exp60_167_IS20724";"Exp60_167_IS20724";NA;"2023-10-10 04:01:00";73993,5
"868556";"27:11:1";"Exp60_167_IS20724";"Exp60_167_IS20724";NA;"2023-10-10 04:17:00";73995
"868557";"27:11:1";"Exp60_167_IS20724";"Exp60_167_IS20724";NA;"2023-10-10 04:31:00";73994,8
"868558";"27:11:1";"Exp60_167_IS20724";"Exp60_167_IS20724";NA;"2023-10-10 04:47:00";73994,4
"868559";"27:11:1";"Exp60_167_IS20724";"Exp60_167_IS20724";NA;"2023-10-10 05:01:00";73992,9
"868560";"27:11:1";"Exp60_167_IS20724";"Exp60_167_IS20724";NA;"2023-10-10 05:17:00";73996,9
"868561";"27:11:1";"Exp60_167_IS20724";"Exp60_167_IS20724";NA;"2023-10-10 05:31:00";73997,3
"868562";"27:11:1";"Exp60_167_IS20724";"Exp60_167_IS20724";NA;"2023-10-10 05:47:00";73995,5
"868563";"27:11:1";"Exp60_167_IS20724";"Exp60_167_IS20724";NA;"2023-10-10 06:01:00";73997
"868564";"27:11:1";"Exp60_167_IS20724";"Exp60_167_IS20724";NA;"2023-10-10 06:17:00";73997,5
"868565";"27:11:1";"Exp60_167_IS20724";"Exp60_167_IS20724";NA;"2023-10-10 06:46:00";73996,5
"868566";"27:11:1";"Exp60_167_IS20724";"Exp60_167_IS20724";NA;"2023-10-10 07:17:00";73995
"868567";"27:11:1";"Exp60_167_IS20724";"Exp60_167_IS20724";NA;"2023-10-10 07:31:00";73989,4
"868568";"27:11:1";"Exp60_167_IS20724";"Exp60_167_IS20724";NA;"2023-10-10 08:02:00";73963,2
"868569";"27:11:1";"Exp60_167_IS20724";"Exp60_167_IS20724";NA;"2023-10-10 08:16:00";73950,6
"868570";"27:11:1";"Exp60_167_IS20724";"Exp60_167_IS20724";NA;"2023-10-10 08:32:00";73931,5
"868571";"27:11:1";"Exp60_167_IS20724";"Exp60_167_IS20724";NA;"2023-10-10 08:46:00";73913,2
"868572";"27:11:1";"Exp60_167_IS20724";"Exp60_167_IS20724";NA;"2023-10-10 09:02:00";73882,1
"868573";"27:11:1";"Exp60_167_IS20724";"Exp60_167_IS20724";NA;"2023-10-10 09:16:00";73855,2
"868574";"27:11:1";"Exp60_167_IS20724";"Exp60_167_IS20724";NA;"2023-10-10 09:32:00";73823,7
"868575";"27:11:1";"Exp60_167_IS20724";"Exp60_167_IS20724";NA;"2023-10-10 09:46:00";73768
"868576";"27:11:1";"Exp60_167_IS20724";"Exp60_167_IS20724";NA;"2023-10-10 10:02:00";73710,8
"868577";"27:11:1";"Exp60_167_IS20724";"Exp60_167_IS20724";NA;"2023-10-10 10:16:00";73704
"868578";"27:11:1";"Exp60_167_IS20724";"Exp60_167_IS20724";NA;"2023-10-10 10:32:00";73653
"868579";"27:11:1";"Exp60_167_IS20724";"Exp60_167_IS20724";NA;"2023-10-10 10:46:00";73618
"868580";"27:11:1";"Exp60_167_IS20724";"Exp60_167_IS20724";NA;"2023-10-10 11:02:00";73579,8
"868581";"27:11:1";"Exp60_167_IS20724";"Exp60_167_IS20724";NA;"2023-10-10 11:16:00";73542,7
"868582";"27:11:1";"Exp60_167_IS20724";"Exp60_167_IS20724";NA;"2023-10-10 15:46:00";73109
"868583";"27:11:1";"Exp60_167_IS20724";"Exp60_167_IS20724";NA;"2023-10-10 18:01:00";74178,1
"868584";"27:11:1";"Exp60_167_IS20724";"Exp60_167_IS20724";NA;"2023-10-10 18:17:00";74181,2
"868585";"27:11:1";"Exp60_167_IS20724";"Exp60_167_IS20724";NA;"2023-10-10 18:31:00";74183,7
"868586";"27:11:1";"Exp60_167_IS20724";"Exp60_167_IS20724";NA;"2023-10-10 18:47:00";74184,6
"868587";"27:11:1";"Exp60_167_IS20724";"Exp60_167_IS20724";NA;"2023-10-10 19:01:00";74184,4
"868588";"27:11:1";"Exp60_167_IS20724";"Exp60_167_IS20724";NA;"2023-10-10 19:17:00";74183,5
"868589";"27:11:1";"Exp60_167_IS20724";"Exp60_167_IS20724";NA;"2023-10-10 19:31:00";74183,7
"868590";"27:11:1";"Exp60_167_IS20724";"Exp60_167_IS20724";NA;"2023-10-10 19:47:00";74180,8
"868591";"27:11:1";"Exp60_167_IS20724";"Exp60_167_IS20724";NA;"2023-10-10 20:01:00";74181,9
"868592";"27:11:1";"Exp60_167_IS20724";"Exp60_167_IS20724";NA;"2023-10-10 20:17:00";74185,4
"868593";"27:11:1";"Exp60_167_IS20724";"Exp60_167_IS20724";NA;"2023-10-10 20:31:00";74185,2
"868594";"27:11:1";"Exp60_167_IS20724";"Exp60_167_IS20724";NA;"2023-10-10 20:47:00";74186,5
"868595";"27:11:1";"Exp60_167_IS20724";"Exp60_167_IS20724";NA;"2023-10-10 21:01:00";74187,1
"868596";"27:11:1";"Exp60_167_IS20724";"Exp60_167_IS20724";NA;"2023-10-10 21:17:00";74181,6
"868597";"27:11:1";"Exp60_167_IS20724";"Exp60_167_IS20724";NA;"2023-10-10 21:31:00";74183,6
"868598";"27:11:1";"Exp60_167_IS20724";"Exp60_167_IS20724";NA;"2023-10-10 21:47:00";74177,6
"868599";"27:11:1";"Exp60_167_IS20724";"Exp60_167_IS20724";NA;"2023-10-10 22:01:00";74178,4
"868600";"27:11:1";"Exp60_167_IS20724";"Exp60_167_IS20724";NA;"2023-10-10 22:32:00";74181,7
"868601";"27:11:1";"Exp60_167_IS20724";"Exp60_167_IS20724";NA;"2023-10-10 22:46:00";74184,4
"868602";"27:11:1";"Exp60_167_IS20724";"Exp60_167_IS20724";NA;"2023-10-10 23:02:00";74184,3
"868603";"27:11:1";"Exp60_167_IS20724";"Exp60_167_IS20724";NA;"2023-10-10 23:16:00";74181,4
"868604";"27:11:1";"Exp60_167_IS20724";"Exp60_167_IS20724";NA;"2023-10-10 23:32:00";74183,5
"868605";"27:11:1";"Exp60_167_IS20724";"Exp60_167_IS20724";NA;"2023-10-10 23:46:00";74185,9
"868606";"27:11:1";"Exp60_167_IS20724";"Exp60_167_IS20724";NA;"2023-10-11 00:02:00";74184,1
"868607";"27:11:1";"Exp60_167_IS20724";"Exp60_167_IS20724";NA;"2023-10-11 00:16:00";74182,9
"868608";"27:11:1";"Exp60_167_IS20724";"Exp60_167_IS20724";NA;"2023-10-11 00:32:00";74181,1
"868609";"27:11:1";"Exp60_167_IS20724";"Exp60_167_IS20724";NA;"2023-10-11 00:46:00";74180,8
"868610";"27:11:1";"Exp60_167_IS20724";"Exp60_167_IS20724";NA;"2023-10-11 06:31:00";74181,6
"868611";"27:11:1";"Exp60_167_IS20724";"Exp60_167_IS20724";NA;"2023-10-11 07:17:00";74175,8
"868612";"27:11:1";"Exp60_167_IS20724";"Exp60_167_IS20724";NA;"2023-10-11 07:31:00";74173,4
"868613";"27:11:1";"Exp60_167_IS20724";"Exp60_167_IS20724";NA;"2023-10-11 07:47:00";74166,2
"868614";"27:11:1";"Exp60_167_IS20724";"Exp60_167_IS20724";NA;"2023-10-11 08:01:00";74156,2
"868615";"27:11:1";"Exp60_167_IS20724";"Exp60_167_IS20724";NA;"2023-10-11 08:17:00";74133,1
"868616";"27:11:1";"Exp60_167_IS20724";"Exp60_167_IS20724";NA;"2023-10-11 08:31:00";74106
"868617";"27:11:1";"Exp60_167_IS20724";"Exp60_167_IS20724";NA;"2023-10-11 08:47:00";74077,4
"868618";"27:11:1";"Exp60_167_IS20724";"Exp60_167_IS20724";NA;"2023-10-11 09:01:00";74047,2
"868619";"27:11:1";"Exp60_167_IS20724";"Exp60_167_IS20724";NA;"2023-10-11 16:16:00";73116,2
"868620";"27:11:1";"Exp60_167_IS20724";"Exp60_167_IS20724";NA;"2023-10-11 16:32:00";73119,2
"868621";"27:11:1";"Exp60_167_IS20724";"Exp60_167_IS20724";NA;"2023-10-11 16:46:00";73110,8
"868622";"27:11:1";"Exp60_167_IS20724";"Exp60_167_IS20724";NA;"2023-10-11 17:02:00";73094,5
"868623";"27:11:1";"Exp60_167_IS20724";"Exp60_167_IS20724";NA;"2023-10-11 17:16:00";73107
"868624";"27:11:1";"Exp60_167_IS20724";"Exp60_167_IS20724";NA;"2023-10-11 17:32:00";73102
"868625";"27:11:1";"Exp60_167_IS20724";"Exp60_167_IS20724";NA;"2023-10-11 17:46:00";73104,1
"868626";"27:11:1";"Exp60_167_IS20724";"Exp60_167_IS20724";NA;"2023-10-11 18:02:00";73106,8
"868627";"27:11:1";"Exp60_167_IS20724";"Exp60_167_IS20724";NA;"2023-10-11 18:16:00";73117,4
"868628";"27:11:1";"Exp60_167_IS20724";"Exp60_167_IS20724";NA;"2023-10-11 18:32:00";73116,9
"868629";"27:11:1";"Exp60_167_IS20724";"Exp60_167_IS20724";NA;"2023-10-11 18:46:00";73122,3
"868630";"27:11:1";"Exp60_167_IS20724";"Exp60_167_IS20724";NA;"2023-10-11 19:02:00";73127,1
"868631";"27:11:1";"Exp60_167_IS20724";"Exp60_167_IS20724";NA;"2023-10-11 19:16:00";73130,4
"868632";"27:11:1";"Exp60_167_IS20724";"Exp60_167_IS20724";NA;"2023-10-11 19:32:00";73130
"868633";"27:11:1";"Exp60_167_IS20724";"Exp60_167_IS20724";NA;"2023-10-11 19:46:00";73135,8
"868634";"27:11:1";"Exp60_167_IS20724";"Exp60_167_IS20724";NA;"2023-10-11 20:02:00";73136,1
"868635";"27:11:1";"Exp60_167_IS20724";"Exp60_167_IS20724";NA;"2023-10-11 20:46:00";73139,4
"868636";"27:11:1";"Exp60_167_IS20724";"Exp60_167_IS20724";NA;"2023-10-11 21:02:00";73140,5
"868637";"27:11:1";"Exp60_167_IS20724";"Exp60_167_IS20724";NA;"2023-10-11 21:16:00";73140
"868638";"27:11:1";"Exp60_167_IS20724";"Exp60_167_IS20724";NA;"2023-10-11 21:32:00";73138
"868639";"27:11:1";"Exp60_167_IS20724";"Exp60_167_IS20724";NA;"2023-10-11 21:46:00";73139,1
"868640";"27:11:1";"Exp60_167_IS20724";"Exp60_167_IS20724";NA;"2023-10-11 22:17:00";73135,4
"868641";"27:11:1";"Exp60_167_IS20724";"Exp60_167_IS20724";NA;"2023-10-11 22:31:00";73131,5
"868642";"27:11:1";"Exp60_167_IS20724";"Exp60_167_IS20724";NA;"2023-10-11 22:47:00";73129,3
"868643";"27:11:1";"Exp60_167_IS20724";"Exp60_167_IS20724";NA;"2023-10-11 23:01:00";73129,8
"868644";"27:11:1";"Exp60_167_IS20724";"Exp60_167_IS20724";NA;"2023-10-11 23:17:00";73131,2
"868645";"27:11:1";"Exp60_167_IS20724";"Exp60_167_IS20724";NA;"2023-10-11 23:31:00";73132,1
"868646";"27:11:1";"Exp60_167_IS20724";"Exp60_167_IS20724";NA;"2023-10-11 23:47:00";73133,4
"868647";"27:11:1";"Exp60_167_IS20724";"Exp60_167_IS20724";NA;"2023-10-12 00:01:00";73135,2
"868648";"27:11:1";"Exp60_167_IS20724";"Exp60_167_IS20724";NA;"2023-10-12 00:17:00";73135,6
"868649";"27:11:1";"Exp60_167_IS20724";"Exp60_167_IS20724";NA;"2023-10-12 00:31:00";73137,4
"868650";"27:11:1";"Exp60_167_IS20724";"Exp60_167_IS20724";NA;"2023-10-12 00:47:00";73136,4
"868651";"27:11:1";"Exp60_167_IS20724";"Exp60_167_IS20724";NA;"2023-10-12 01:01:00";73137
"868652";"27:11:1";"Exp60_167_IS20724";"Exp60_167_IS20724";NA;"2023-10-12 01:17:00";73137,7
"868653";"27:11:1";"Exp60_167_IS20724";"Exp60_167_IS20724";NA;"2023-10-12 01:31:00";73137,1
"868654";"27:11:1";"Exp60_167_IS20724";"Exp60_167_IS20724";NA;"2023-10-12 01:47:00";73136,4
"868655";"27:11:1";"Exp60_167_IS20724";"Exp60_167_IS20724";NA;"2023-10-12 02:01:00";73136,4
"868656";"27:11:1";"Exp60_167_IS20724";"Exp60_167_IS20724";NA;"2023-10-12 02:17:00";73139,2
"868657";"27:11:1";"Exp60_167_IS20724";"Exp60_167_IS20724";NA;"2023-10-12 02:31:00";73145,9
"868658";"27:11:1";"Exp60_167_IS20724";"Exp60_167_IS20724";NA;"2023-10-12 02:47:00";73149,7
"868659";"27:11:1";"Exp60_167_IS20724";"Exp60_167_IS20724";NA;"2023-10-12 03:01:00";73150,3
"868660";"27:11:1";"Exp60_167_IS20724";"Exp60_167_IS20724";NA;"2023-10-12 03:17:00";73147,1
"868661";"27:11:1";"Exp60_167_IS20724";"Exp60_167_IS20724";NA;"2023-10-12 03:31:00";73149,8
"868662";"27:11:1";"Exp60_167_IS20724";"Exp60_167_IS20724";NA;"2023-10-12 03:47:00";73147,1
"868663";"27:11:1";"Exp60_167_IS20724";"Exp60_167_IS20724";NA;"2023-10-12 04:01:00";73146,9
"868664";"27:11:1";"Exp60_167_IS20724";"Exp60_167_IS20724";NA;"2023-10-12 04:17:00";73145,1
"868665";"27:11:1";"Exp60_167_IS20724";"Exp60_167_IS20724";NA;"2023-10-12 04:31:00";73142,4
"868666";"27:11:1";"Exp60_167_IS20724";"Exp60_167_IS20724";NA;"2023-10-12 04:47:00";73138,5
"868667";"27:11:1";"Exp60_167_IS20724";"Exp60_167_IS20724";NA;"2023-10-12 05:01:00";73136,5
"868668";"27:11:1";"Exp60_167_IS20724";"Exp60_167_IS20724";NA;"2023-10-12 05:32:00";73133,1
"868669";"27:11:1";"Exp60_167_IS20724";"Exp60_167_IS20724";NA;"2023-10-12 05:46:00";73136,2
"868670";"27:11:1";"Exp60_167_IS20724";"Exp60_167_IS20724";NA;"2023-10-12 06:02:00";73142,1
"868671";"27:11:1";"Exp60_167_IS20724";"Exp60_167_IS20724";NA;"2023-10-12 06:16:00";73142,8
"868672";"27:11:1";"Exp60_167_IS20724";"Exp60_167_IS20724";NA;"2023-10-12 06:47:00";73138,8
"868673";"27:11:1";"Exp60_167_IS20724";"Exp60_167_IS20724";NA;"2023-10-12 07:01:00";73141,7
"868674";"27:11:1";"Exp60_167_IS20724";"Exp60_167_IS20724";NA;"2023-10-12 07:17:00";73142,3
"868675";"27:11:1";"Exp60_167_IS20724";"Exp60_167_IS20724";NA;"2023-10-12 07:31:00";73137,7
"868676";"27:11:1";"Exp60_167_IS20724";"Exp60_167_IS20724";NA;"2023-10-12 07:47:00";73127,3
"868677";"27:11:1";"Exp60_167_IS20724";"Exp60_167_IS20724";NA;"2023-10-12 08:01:00";73114
"868678";"27:11:1";"Exp60_167_IS20724";"Exp60_167_IS20724";NA;"2023-10-12 08:17:00";73098,2
"868679";"27:11:1";"Exp60_167_IS20724";"Exp60_167_IS20724";NA;"2023-10-12 08:31:00";73066,1
"868680";"27:11:1";"Exp60_167_IS20724";"Exp60_167_IS20724";NA;"2023-10-12 08:47:00";73046
"868681";"27:11:1";"Exp60_167_IS20724";"Exp60_167_IS20724";NA;"2023-10-12 09:01:00";73008,1
"868682";"27:11:1";"Exp60_167_IS20724";"Exp60_167_IS20724";NA;"2023-10-12 09:17:00";72974,7
"868683";"27:11:1";"Exp60_167_IS20724";"Exp60_167_IS20724";NA;"2023-10-12 09:31:00";72935,5
"868684";"27:11:1";"Exp60_167_IS20724";"Exp60_167_IS20724";NA;"2023-10-12 09:47:00";72889,6
"868685";"27:11:1";"Exp60_167_IS20724";"Exp60_167_IS20724";NA;"2023-10-12 10:01:00";72861,5
"868686";"27:11:1";"Exp60_167_IS20724";"Exp60_167_IS20724";NA;"2023-10-12 15:01:00";72134,6
"868687";"27:11:1";"Exp60_167_IS20724";"Exp60_167_IS20724";NA;"2023-10-12 15:17:00";72113,9
"868688";"27:11:1";"Exp60_167_IS20724";"Exp60_167_IS20724";NA;"2023-10-12 15:31:00";72096,4
"868689";"27:11:1";"Exp60_167_IS20724";"Exp60_167_IS20724";NA;"2023-10-12 15:47:00";72084,3
"868690";"27:11:1";"Exp60_167_IS20724";"Exp60_167_IS20724";NA;"2023-10-12 16:01:00";72055,5
"868691";"27:11:1";"Exp60_167_IS20724";"Exp60_167_IS20724";NA;"2023-10-12 16:17:00";72051,4
"868692";"27:11:1";"Exp60_167_IS20724";"Exp60_167_IS20724";NA;"2023-10-12 16:31:00";72041,6
"868693";"27:11:1";"Exp60_167_IS20724";"Exp60_167_IS20724";NA;"2023-10-12 16:47:00";72016,3
"868694";"27:11:1";"Exp60_167_IS20724";"Exp60_167_IS20724";NA;"2023-10-12 17:01:00";72009,1
"868695";"27:11:1";"Exp60_167_IS20724";"Exp60_167_IS20724";NA;"2023-10-12 17:17:00";72053,1
"868696";"27:11:1";"Exp60_167_IS20724";"Exp60_167_IS20724";NA;"2023-10-12 17:31:00";72012
"868697";"27:11:1";"Exp60_167_IS20724";"Exp60_167_IS20724";NA;"2023-10-12 17:47:00";72013,6
"868698";"27:11:1";"Exp60_167_IS20724";"Exp60_167_IS20724";NA;"2023-10-12 18:01:00";72014,6
"868699";"27:11:1";"Exp60_167_IS20724";"Exp60_167_IS20724";NA;"2023-10-12 18:17:00";72021,2
"868700";"27:11:1";"Exp60_167_IS20724";"Exp60_167_IS20724";NA;"2023-10-12 18:31:00";72020,3
"868701";"27:11:1";"Exp60_167_IS20724";"Exp60_167_IS20724";NA;"2023-10-12 18:47:00";72028,4
"868702";"27:11:1";"Exp60_167_IS20724";"Exp60_167_IS20724";NA;"2023-10-12 19:01:00";72029,7
"868703";"27:11:1";"Exp60_167_IS20724";"Exp60_167_IS20724";NA;"2023-10-12 19:17:00";72033,3
"868704";"27:11:1";"Exp60_167_IS20724";"Exp60_167_IS20724";NA;"2023-10-12 19:31:00";72039,5
"868705";"27:11:1";"Exp60_167_IS20724";"Exp60_167_IS20724";NA;"2023-10-12 20:02:00";72040,4
"868706";"27:11:1";"Exp60_167_IS20724";"Exp60_167_IS20724";NA;"2023-10-12 20:16:00";72014,4
"868707";"27:11:1";"Exp60_167_IS20724";"Exp60_167_IS20724";NA;"2023-10-13 03:16:00";72084,8
"868708";"27:11:1";"Exp60_167_IS20724";"Exp60_167_IS20724";NA;"2023-10-13 03:32:00";72084,5
"868709";"27:11:1";"Exp60_167_IS20724";"Exp60_167_IS20724";NA;"2023-10-13 03:46:00";72083,4
"868710";"27:11:1";"Exp60_167_IS20724";"Exp60_167_IS20724";NA;"2023-10-13 04:02:00";72085,8
"868711";"27:11:1";"Exp60_167_IS20724";"Exp60_167_IS20724";NA;"2023-10-13 04:16:00";72087,3
"868712";"27:11:1";"Exp60_167_IS20724";"Exp60_167_IS20724";NA;"2023-10-13 04:32:00";72085,6
"868713";"27:11:1";"Exp60_167_IS20724";"Exp60_167_IS20724";NA;"2023-10-13 04:46:00";72086,5
"868714";"27:11:1";"Exp60_167_IS20724";"Exp60_167_IS20724";NA;"2023-10-13 05:02:00";72085,8
"868715";"27:11:1";"Exp60_167_IS20724";"Exp60_167_IS20724";NA;"2023-10-13 05:16:00";72087,8
"868716";"27:11:1";"Exp60_167_IS20724";"Exp60_167_IS20724";NA;"2023-10-13 05:32:00";72088,9
"868717";"27:11:1";"Exp60_167_IS20724";"Exp60_167_IS20724";NA;"2023-10-13 05:46:00";72088,1
"868718";"27:11:1";"Exp60_167_IS20724";"Exp60_167_IS20724";NA;"2023-10-13 06:02:00";72090,3
"868719";"27:11:1";"Exp60_167_IS20724";"Exp60_167_IS20724";NA;"2023-10-13 06:16:00";72088,5
"868720";"27:11:1";"Exp60_167_IS20724";"Exp60_167_IS20724";NA;"2023-10-13 06:32:00";72089,2
"868721";"27:11:1";"Exp60_167_IS20724";"Exp60_167_IS20724";NA;"2023-10-13 06:46:00";72087,7
"868722";"27:11:1";"Exp60_167_IS20724";"Exp60_167_IS20724";NA;"2023-10-13 12:46:00";71448,6
"868723";"27:11:1";"Exp60_167_IS20724";"Exp60_167_IS20724";NA;"2023-10-13 13:02:00";71400,3
"868724";"27:11:1";"Exp60_167_IS20724";"Exp60_167_IS20724";NA;"2023-10-13 13:16:00";71371,2
"868725";"27:11:1";"Exp60_167_IS20724";"Exp60_167_IS20724";NA;"2023-10-13 13:32:00";71340,4
"868726";"27:11:1";"Exp60_167_IS20724";"Exp60_167_IS20724";NA;"2023-10-13 13:46:00";71319,8
"868727";"27:11:1";"Exp60_167_IS20724";"Exp60_167_IS20724";NA;"2023-10-13 19:46:00";73665,2
"868728";"27:11:1";"Exp60_167_IS20724";"Exp60_167_IS20724";NA;"2023-10-13 20:02:00";73660,9
"868729";"27:11:1";"Exp60_167_IS20724";"Exp60_167_IS20724";NA;"2023-10-13 20:16:00";73660,8
"868730";"27:11:1";"Exp60_167_IS20724";"Exp60_167_IS20724";NA;"2023-10-13 20:32:00";73661,3
"868731";"27:11:1";"Exp60_167_IS20724";"Exp60_167_IS20724";NA;"2023-10-13 20:46:00";73656,4
"868732";"27:11:1";"Exp60_167_IS20724";"Exp60_167_IS20724";NA;"2023-10-13 21:02:00";73656,7
"868733";"27:11:1";"Exp60_167_IS20724";"Exp60_167_IS20724";NA;"2023-10-13 21:16:00";73655,3
"868734";"27:11:1";"Exp60_167_IS20724";"Exp60_167_IS20724";NA;"2023-10-13 21:32:00";73653,8
"868735";"27:11:1";"Exp60_167_IS20724";"Exp60_167_IS20724";NA;"2023-10-13 21:46:00";73654,2
"868736";"27:11:1";"Exp60_167_IS20724";"Exp60_167_IS20724";NA;"2023-10-13 22:02:00";73651,8
"868737";"27:11:1";"Exp60_167_IS20724";"Exp60_167_IS20724";NA;"2023-10-13 22:16:00";73647,1
"868738";"27:11:1";"Exp60_167_IS20724";"Exp60_167_IS20724";NA;"2023-10-13 22:32:00";73639,5
"868739";"27:11:1";"Exp60_167_IS20724";"Exp60_167_IS20724";NA;"2023-10-13 22:46:00";73638,3
"868740";"27:11:1";"Exp60_167_IS20724";"Exp60_167_IS20724";NA;"2023-10-13 23:02:00";73633,1
"868741";"27:11:1";"Exp60_167_IS20724";"Exp60_167_IS20724";NA;"2023-10-13 23:16:00";73633,7
"868742";"27:11:1";"Exp60_167_IS20724";"Exp60_167_IS20724";NA;"2023-10-13 23:47:00";73636,2
"868743";"27:11:1";"Exp60_167_IS20724";"Exp60_167_IS20724";NA;"2023-10-14 00:01:00";73633,9
"868744";"27:11:1";"Exp60_167_IS20724";"Exp60_167_IS20724";NA;"2023-10-14 00:17:00";73636,1
"868745";"27:11:1";"Exp60_167_IS20724";"Exp60_167_IS20724";NA;"2023-10-14 00:31:00";73638,6
"868746";"27:11:1";"Exp60_167_IS20724";"Exp60_167_IS20724";NA;"2023-10-14 00:47:00";73636,5
"868747";"27:11:1";"Exp60_167_IS20724";"Exp60_167_IS20724";NA;"2023-10-14 01:01:00";73633
"868748";"27:11:1";"Exp60_167_IS20724";"Exp60_167_IS20724";NA;"2023-10-14 01:17:00";73637,3
"868749";"27:11:1";"Exp60_167_IS20724";"Exp60_167_IS20724";NA;"2023-10-14 01:31:00";73636,9
"868750";"27:11:1";"Exp60_167_IS20724";"Exp60_167_IS20724";NA;"2023-10-14 01:47:00";73638
"868751";"27:11:1";"Exp60_167_IS20724";"Exp60_167_IS20724";NA;"2023-10-14 02:01:00";73632,4
"868752";"27:11:1";"Exp60_167_IS20724";"Exp60_167_IS20724";NA;"2023-10-14 02:17:00";73635,9
"868753";"27:11:1";"Exp60_167_IS20724";"Exp60_167_IS20724";NA;"2023-10-14 02:31:00";73632,1
"868754";"27:11:1";"Exp60_167_IS20724";"Exp60_167_IS20724";NA;"2023-10-14 02:47:00";73637,1
"868755";"27:11:1";"Exp60_167_IS20724";"Exp60_167_IS20724";NA;"2023-10-14 03:01:00";73631,6
"868756";"27:11:1";"Exp60_167_IS20724";"Exp60_167_IS20724";NA;"2023-10-14 03:17:00";73630,3
"868757";"27:11:1";"Exp60_167_IS20724";"Exp60_167_IS20724";NA;"2023-10-14 03:31:00";73629
"868758";"27:11:1";"Exp60_167_IS20724";"Exp60_167_IS20724";NA;"2023-10-14 04:17:00";73625,8
"868759";"27:11:1";"Exp60_167_IS20724";"Exp60_167_IS20724";NA;"2023-10-14 04:31:00";73631,6
"868760";"27:11:1";"Exp60_167_IS20724";"Exp60_167_IS20724";NA;"2023-10-14 04:47:00";73629,4
"868761";"27:11:1";"Exp60_167_IS20724";"Exp60_167_IS20724";NA;"2023-10-14 05:01:00";73627,6
"868762";"27:11:1";"Exp60_167_IS20724";"Exp60_167_IS20724";NA;"2023-10-14 05:17:00";73623,8
"868763";"27:11:1";"Exp60_167_IS20724";"Exp60_167_IS20724";NA;"2023-10-14 05:31:00";73624,1
"868764";"27:11:1";"Exp60_167_IS20724";"Exp60_167_IS20724";NA;"2023-10-14 05:47:00";73623,5
"868765";"27:11:1";"Exp60_167_IS20724";"Exp60_167_IS20724";NA;"2023-10-14 06:01:00";73625,9
"868766";"27:11:1";"Exp60_167_IS20724";"Exp60_167_IS20724";NA;"2023-10-14 06:17:00";73625,1
"868767";"27:11:1";"Exp60_167_IS20724";"Exp60_167_IS20724";NA;"2023-10-14 06:31:00";73628,7
"868768";"27:11:1";"Exp60_167_IS20724";"Exp60_167_IS20724";NA;"2023-10-14 07:02:00";73623,9
"868769";"27:11:1";"Exp60_167_IS20724";"Exp60_167_IS20724";NA;"2023-10-14 07:16:00";73625,2
"868770";"27:11:1";"Exp60_167_IS20724";"Exp60_167_IS20724";NA;"2023-10-14 07:32:00";73621,1
"868771";"27:11:1";"Exp60_167_IS20724";"Exp60_167_IS20724";NA;"2023-10-14 08:16:00";73598
"868772";"27:11:1";"Exp60_167_IS20724";"Exp60_167_IS20724";NA;"2023-10-14 08:32:00";73578,7
"868773";"27:11:1";"Exp60_167_IS20724";"Exp60_167_IS20724";NA;"2023-10-14 08:46:00";73553,2
"868774";"27:11:1";"Exp60_167_IS20724";"Exp60_167_IS20724";NA;"2023-10-14 09:02:00";73521,9
"868775";"27:11:1";"Exp60_167_IS20724";"Exp60_167_IS20724";NA;"2023-10-14 09:16:00";73502,3
"868776";"27:11:1";"Exp60_167_IS20724";"Exp60_167_IS20724";NA;"2023-10-14 09:32:00";73453,2
"868777";"27:11:1";"Exp60_167_IS20724";"Exp60_167_IS20724";NA;"2023-10-14 09:46:00";73411,6
"868778";"27:11:1";"Exp60_167_IS20724";"Exp60_167_IS20724";NA;"2023-10-14 10:02:00";73361,3
"868779";"27:11:1";"Exp60_167_IS20724";"Exp60_167_IS20724";NA;"2023-10-14 10:16:00";73331,2
"868780";"27:11:1";"Exp60_167_IS20724";"Exp60_167_IS20724";NA;"2023-10-14 10:32:00";73304,1
"868781";"27:11:1";"Exp60_167_IS20724";"Exp60_167_IS20724";NA;"2023-10-14 10:46:00";73247,7
"868782";"27:11:1";"Exp60_167_IS20724";"Exp60_167_IS20724";NA;"2023-10-14 11:02:00";73215,1
"868783";"27:11:1";"Exp60_167_IS20724";"Exp60_167_IS20724";NA;"2023-10-14 11:16:00";73162,2
"868784";"27:11:1";"Exp60_167_IS20724";"Exp60_167_IS20724";NA;"2023-10-14 11:32:00";73135,7
"868785";"27:11:1";"Exp60_167_IS20724";"Exp60_167_IS20724";NA;"2023-10-14 11:46:00";73071,5
"868786";"27:11:1";"Exp60_167_IS20724";"Exp60_167_IS20724";NA;"2023-10-14 12:02:00";73033,6
"868787";"27:11:1";"Exp60_167_IS20724";"Exp60_167_IS20724";NA;"2023-10-14 12:16:00";73009,4
"868788";"27:11:1";"Exp60_167_IS20724";"Exp60_167_IS20724";NA;"2023-10-14 12:32:00";72961,6
"868789";"27:11:1";"Exp60_167_IS20724";"Exp60_167_IS20724";NA;"2023-10-14 12:46:00";72910,6
"868790";"27:11:1";"Exp60_167_IS20724";"Exp60_167_IS20724";NA;"2023-10-14 13:02:00";72884
"868791";"27:11:1";"Exp60_167_IS20724";"Exp60_167_IS20724";NA;"2023-10-14 13:16:00";72869,6
"868792";"27:11:1";"Exp60_167_IS20724";"Exp60_167_IS20724";NA;"2023-10-14 13:32:00";72829,4
"868793";"27:11:1";"Exp60_167_IS20724";"Exp60_167_IS20724";NA;"2023-10-14 13:46:00";72797,7
"868794";"27:11:1";"Exp60_167_IS20724";"Exp60_167_IS20724";NA;"2023-10-14 19:31:00";72521
"868795";"27:11:1";"Exp60_167_IS20724";"Exp60_167_IS20724";NA;"2023-10-15 02:01:00";72539
"868796";"27:11:1";"Exp60_167_IS20724";"Exp60_167_IS20724";NA;"2023-10-15 02:17:00";72536,6
"868797";"27:11:1";"Exp60_167_IS20724";"Exp60_167_IS20724";NA;"2023-10-15 02:31:00";72535,2
"868798";"27:11:1";"Exp60_167_IS20724";"Exp60_167_IS20724";NA;"2023-10-15 02:47:00";72531,8
"868799";"27:11:1";"Exp60_167_IS20724";"Exp60_167_IS20724";NA;"2023-10-15 03:01:00";72533,1
"868800";"27:11:1";"Exp60_167_IS20724";"Exp60_167_IS20724";NA;"2023-10-15 03:17:00";72535,8
"868801";"27:11:1";"Exp60_167_IS20724";"Exp60_167_IS20724";NA;"2023-10-15 03:31:00";72535,9
"868802";"27:11:1";"Exp60_167_IS20724";"Exp60_167_IS20724";NA;"2023-10-15 03:47:00";72535
"868803";"27:11:1";"Exp60_167_IS20724";"Exp60_167_IS20724";NA;"2023-10-15 04:01:00";72534,6
"868804";"27:11:1";"Exp60_167_IS20724";"Exp60_167_IS20724";NA;"2023-10-15 04:32:00";72533,1
"868805";"27:11:1";"Exp60_167_IS20724";"Exp60_167_IS20724";NA;"2023-10-15 04:46:00";72528,7
"868806";"27:11:1";"Exp60_167_IS20724";"Exp60_167_IS20724";NA;"2023-10-15 05:32:00";72527,8
"868807";"27:11:1";"Exp60_167_IS20724";"Exp60_167_IS20724";NA;"2023-10-15 05:46:00";72528,3
"868808";"27:11:1";"Exp60_167_IS20724";"Exp60_167_IS20724";NA;"2023-10-15 06:17:00";72526
"868809";"27:11:1";"Exp60_167_IS20724";"Exp60_167_IS20724";NA;"2023-10-15 06:31:00";72526,9
"868810";"27:11:1";"Exp60_167_IS20724";"Exp60_167_IS20724";NA;"2023-10-15 07:02:00";72527,8
"868811";"27:11:1";"Exp60_167_IS20724";"Exp60_167_IS20724";NA;"2023-10-15 07:16:00";72530,5
"868812";"27:11:1";"Exp60_167_IS20724";"Exp60_167_IS20724";NA;"2023-10-15 07:32:00";72526,3
"868813";"27:11:1";"Exp60_167_IS20724";"Exp60_167_IS20724";NA;"2023-10-15 07:46:00";72523,3
"868814";"27:11:1";"Exp60_167_IS20724";"Exp60_167_IS20724";NA;"2023-10-15 08:17:00";72500,3
"868815";"27:11:1";"Exp60_167_IS20724";"Exp60_167_IS20724";NA;"2023-10-15 08:31:00";72477,8
"868816";"27:11:1";"Exp60_167_IS20724";"Exp60_167_IS20724";NA;"2023-10-15 08:47:00";72456,8
"868817";"27:11:1";"Exp60_167_IS20724";"Exp60_167_IS20724";NA;"2023-10-15 09:01:00";72439,4
"868818";"27:11:1";"Exp60_167_IS20724";"Exp60_167_IS20724";NA;"2023-10-15 09:17:00";72414,6
"868819";"27:11:1";"Exp60_167_IS20724";"Exp60_167_IS20724";NA;"2023-10-15 09:31:00";72391,1
"868820";"27:11:1";"Exp60_167_IS20724";"Exp60_167_IS20724";NA;"2023-10-15 09:47:00";72359,6
"868821";"27:11:1";"Exp60_167_IS20724";"Exp60_167_IS20724";NA;"2023-10-15 10:01:00";72321,6
"868822";"27:11:1";"Exp60_167_IS20724";"Exp60_167_IS20724";NA;"2023-10-15 10:17:00";72281
"868823";"27:11:1";"Exp60_167_IS20724";"Exp60_167_IS20724";NA;"2023-10-15 10:31:00";72242,9
"868824";"27:11:1";"Exp60_167_IS20724";"Exp60_167_IS20724";NA;"2023-10-15 10:47:00";72216,7
"868825";"27:11:1";"Exp60_167_IS20724";"Exp60_167_IS20724";NA;"2023-10-15 11:01:00";72167,8
"868826";"27:11:1";"Exp60_167_IS20724";"Exp60_167_IS20724";NA;"2023-10-15 18:01:00";71536,8
"868827";"27:11:1";"Exp60_167_IS20724";"Exp60_167_IS20724";NA;"2023-10-15 18:17:00";71538,3
"868828";"27:11:1";"Exp60_167_IS20724";"Exp60_167_IS20724";NA;"2023-10-15 18:31:00";71539,1
"868829";"27:11:1";"Exp60_167_IS20724";"Exp60_167_IS20724";NA;"2023-10-15 18:47:00";71549
"868830";"27:11:1";"Exp60_167_IS20724";"Exp60_167_IS20724";NA;"2023-10-15 19:01:00";71545,3
"868831";"27:11:1";"Exp60_167_IS20724";"Exp60_167_IS20724";NA;"2023-10-15 19:17:00";71547,3
"868832";"27:11:1";"Exp60_167_IS20724";"Exp60_167_IS20724";NA;"2023-10-15 19:31:00";71551,4
"868833";"27:11:1";"Exp60_167_IS20724";"Exp60_167_IS20724";NA;"2023-10-16 03:46:00";71599,4
"868834";"27:11:1";"Exp60_167_IS20724";"Exp60_167_IS20724";NA;"2023-10-16 04:02:00";71600,4
"868835";"27:11:1";"Exp60_167_IS20724";"Exp60_167_IS20724";NA;"2023-10-16 04:16:00";71603,1
"868836";"27:11:1";"Exp60_167_IS20724";"Exp60_167_IS20724";NA;"2023-10-16 04:32:00";71601,7
"868837";"27:11:1";"Exp60_167_IS20724";"Exp60_167_IS20724";NA;"2023-10-16 04:46:00";71599,9
"868838";"27:11:1";"Exp60_167_IS20724";"Exp60_167_IS20724";NA;"2023-10-16 05:02:00";71597,6
"868839";"27:11:1";"Exp60_167_IS20724";"Exp60_167_IS20724";NA;"2023-10-16 05:16:00";71595,1
"868840";"27:11:1";"Exp60_167_IS20724";"Exp60_167_IS20724";NA;"2023-10-16 05:32:00";71596,6
"868841";"27:11:1";"Exp60_167_IS20724";"Exp60_167_IS20724";NA;"2023-10-16 05:46:00";71596
"868842";"27:11:1";"Exp60_167_IS20724";"Exp60_167_IS20724";NA;"2023-10-16 06:02:00";71598
"868843";"27:11:1";"Exp60_167_IS20724";"Exp60_167_IS20724";NA;"2023-10-16 06:16:00";71596,9
"868844";"27:11:1";"Exp60_167_IS20724";"Exp60_167_IS20724";NA;"2023-10-16 06:32:00";71596,6
"868845";"27:11:1";"Exp60_167_IS20724";"Exp60_167_IS20724";NA;"2023-10-16 06:46:00";71596,1
"868846";"27:11:1";"Exp60_167_IS20724";"Exp60_167_IS20724";NA;"2023-10-16 07:02:00";71595,9
"868847";"27:11:1";"Exp60_167_IS20724";"Exp60_167_IS20724";NA;"2023-10-16 07:16:00";71597,4
"868848";"27:11:1";"Exp60_167_IS20724";"Exp60_167_IS20724";NA;"2023-10-16 07:47:00";71584,1
"868849";"27:11:1";"Exp60_167_IS20724";"Exp60_167_IS20724";NA;"2023-10-16 08:01:00";71577,5
"868850";"27:11:1";"Exp60_167_IS20724";"Exp60_167_IS20724";NA;"2023-10-16 08:17:00";71566
"868851";"27:11:1";"Exp60_167_IS20724";"Exp60_167_IS20724";NA;"2023-10-16 08:31:00";71551,7
"868852";"27:11:1";"Exp60_167_IS20724";"Exp60_167_IS20724";NA;"2023-10-16 08:47:00";71534,5
"868853";"27:11:1";"Exp60_167_IS20724";"Exp60_167_IS20724";NA;"2023-10-16 09:01:00";71515,4
"868854";"27:11:1";"Exp60_167_IS20724";"Exp60_167_IS20724";NA;"2023-10-16 09:17:00";71489,4
"868855";"27:11:1";"Exp60_167_IS20724";"Exp60_167_IS20724";NA;"2023-10-16 09:31:00";71456,8
"868856";"27:11:1";"Exp60_167_IS20724";"Exp60_167_IS20724";NA;"2023-10-16 09:47:00";71424,8
"868857";"27:11:1";"Exp60_167_IS20724";"Exp60_167_IS20724";NA;"2023-10-16 10:01:00";71390,4
"868858";"27:11:1";"Exp60_167_IS20724";"Exp60_167_IS20724";NA;"2023-10-16 10:17:00";71364,3
"868859";"27:11:1";"Exp60_167_IS20724";"Exp60_167_IS20724";NA;"2023-10-16 10:31:00";71299,9
"868860";"27:11:1";"Exp60_167_IS20724";"Exp60_167_IS20724";NA;"2023-10-16 10:47:00";71281,5
"868861";"27:11:1";"Exp60_167_IS20724";"Exp60_167_IS20724";NA;"2023-10-16 11:01:00";71246,6
"868862";"27:11:1";"Exp60_167_IS20724";"Exp60_167_IS20724";NA;"2023-10-16 11:32:00";71186,5
"868863";"27:11:1";"Exp60_167_IS20724";"Exp60_167_IS20724";NA;"2023-10-16 11:46:00";71152,1
"868864";"27:11:1";"Exp60_167_IS20724";"Exp60_167_IS20724";NA;"2023-10-16 12:17:00";71089,2
"868865";"27:11:1";"Exp60_167_IS20724";"Exp60_167_IS20724";NA;"2023-10-16 12:31:00";71064,1
"868866";"27:11:1";"Exp60_167_IS20724";"Exp60_167_IS20724";NA;"2023-10-16 13:02:00";70983,7
"868867";"27:11:1";"Exp60_167_IS20724";"Exp60_167_IS20724";NA;"2023-10-16 13:16:00";70975,1
"868868";"27:11:1";"Exp60_167_IS20724";"Exp60_167_IS20724";NA;"2023-10-16 13:32:00";70929,1
"868869";"27:11:1";"Exp60_167_IS20724";"Exp60_167_IS20724";NA;"2023-10-16 13:46:00";70901,8
"868870";"27:11:1";"Exp60_167_IS20724";"Exp60_167_IS20724";NA;"2023-10-16 14:02:00";70876,6
"868871";"27:11:1";"Exp60_167_IS20724";"Exp60_167_IS20724";NA;"2023-10-16 14:16:00";70873,2
"868872";"27:11:1";"Exp60_167_IS20724";"Exp60_167_IS20724";NA;"2023-10-16 14:32:00";70860,1
"868873";"27:11:1";"Exp60_167_IS20724";"Exp60_167_IS20724";NA;"2023-10-16 14:46:00";70837,8
"868874";"27:11:1";"Exp60_167_IS20724";"Exp60_167_IS20724";NA;"2023-10-16 22:16:00";70786
"868875";"27:11:1";"Exp60_167_IS20724";"Exp60_167_IS20724";NA;"2023-10-16 22:32:00";70779,5
"868876";"27:11:1";"Exp60_167_IS20724";"Exp60_167_IS20724";NA;"2023-10-16 22:46:00";70784
"868877";"27:11:1";"Exp60_167_IS20724";"Exp60_167_IS20724";NA;"2023-10-17 05:46:00";70791
"868878";"27:11:1";"Exp60_167_IS20724";"Exp60_167_IS20724";NA;"2023-10-17 06:02:00";70792,9
"868879";"27:11:1";"Exp60_167_IS20724";"Exp60_167_IS20724";NA;"2023-10-17 06:16:00";70793,4
"868880";"27:11:1";"Exp60_167_IS20724";"Exp60_167_IS20724";NA;"2023-10-17 06:32:00";70794
"868881";"27:11:1";"Exp60_167_IS20724";"Exp60_167_IS20724";NA;"2023-10-17 06:46:00";70797,8
"868882";"27:11:1";"Exp60_167_IS20724";"Exp60_167_IS20724";NA;"2023-10-17 12:46:00";70172,9
"868883";"27:11:1";"Exp60_167_IS20724";"Exp60_167_IS20724";NA;"2023-10-17 13:02:00";70152
"868884";"27:11:1";"Exp60_167_IS20724";"Exp60_167_IS20724";NA;"2023-10-17 13:16:00";70135,7
"868885";"27:11:1";"Exp60_167_IS20724";"Exp60_167_IS20724";NA;"2023-10-17 13:32:00";70109,8
"868886";"27:11:1";"Exp60_167_IS20724";"Exp60_167_IS20724";NA;"2023-10-17 13:46:00";70096,8
"868887";"27:11:1";"Exp60_167_IS20724";"Exp60_167_IS20724";NA;"2023-10-17 14:02:00";70086,7
"868888";"27:11:1";"Exp60_167_IS20724";"Exp60_167_IS20724";NA;"2023-10-17 14:16:00";70076,2
"868889";"27:11:1";"Exp60_167_IS20724";"Exp60_167_IS20724";NA;"2023-10-17 14:32:00";70052,4
"868890";"27:11:1";"Exp60_167_IS20724";"Exp60_167_IS20724";NA;"2023-10-17 14:46:00";70053,6
"868891";"27:11:1";"Exp60_167_IS20724";"Exp60_167_IS20724";NA;"2023-10-17 15:17:00";70014,6
"868892";"27:11:1";"Exp60_167_IS20724";"Exp60_167_IS20724";NA;"2023-10-17 15:31:00";70015,9
"868893";"27:11:1";"Exp60_167_IS20724";"Exp60_167_IS20724";NA;"2023-10-17 16:17:00";69994,5
"868894";"27:11:1";"Exp60_167_IS20724";"Exp60_167_IS20724";NA;"2023-10-17 16:31:00";69979,9
"868895";"27:11:1";"Exp60_167_IS20724";"Exp60_167_IS20724";NA;"2023-10-17 16:47:00";69979,8
"868896";"27:11:1";"Exp60_167_IS20724";"Exp60_167_IS20724";NA;"2023-10-17 17:01:00";69977,9
"868897";"27:11:1";"Exp60_167_IS20724";"Exp60_167_IS20724";NA;"2023-10-17 18:32:00";70008,3
"868898";"27:11:1";"Exp60_167_IS20724";"Exp60_167_IS20724";NA;"2023-10-17 18:46:00";70012,4
"868899";"27:11:1";"Exp60_167_IS20724";"Exp60_167_IS20724";NA;"2023-10-17 19:02:00";70026,1
"868900";"27:11:1";"Exp60_167_IS20724";"Exp60_167_IS20724";NA;"2023-10-17 19:16:00";70025,5
"868901";"27:11:1";"Exp60_167_IS20724";"Exp60_167_IS20724";NA;"2023-10-17 19:32:00";70032
"868902";"27:11:1";"Exp60_167_IS20724";"Exp60_167_IS20724";NA;"2023-10-17 19:46:00";70036,1
"868903";"27:11:1";"Exp60_167_IS20724";"Exp60_167_IS20724";NA;"2023-10-18 01:31:00";70092,6
"868904";"27:11:1";"Exp60_167_IS20724";"Exp60_167_IS20724";NA;"2023-10-18 02:02:00";70093,2
"868905";"27:11:1";"Exp60_167_IS20724";"Exp60_167_IS20724";NA;"2023-10-18 02:16:00";70094,1
"868906";"27:11:1";"Exp60_167_IS20724";"Exp60_167_IS20724";NA;"2023-10-18 02:32:00";70094,2
"868907";"27:11:1";"Exp60_167_IS20724";"Exp60_167_IS20724";NA;"2023-10-18 02:46:00";70095
"868908";"27:11:1";"Exp60_167_IS20724";"Exp60_167_IS20724";NA;"2023-10-18 03:02:00";70097,1
"868909";"27:11:1";"Exp60_167_IS20724";"Exp60_167_IS20724";NA;"2023-10-18 03:16:00";70103
"868910";"27:11:1";"Exp60_167_IS20724";"Exp60_167_IS20724";NA;"2023-10-18 03:32:00";70103,5
"868911";"27:11:1";"Exp60_167_IS20724";"Exp60_167_IS20724";NA;"2023-10-18 04:01:00";70102,1
"868912";"27:11:1";"Exp60_167_IS20724";"Exp60_167_IS20724";NA;"2023-10-18 04:17:00";70100,4
"868913";"27:11:1";"Exp60_167_IS20724";"Exp60_167_IS20724";NA;"2023-10-18 04:31:00";70097,2
"868914";"27:11:1";"Exp60_167_IS20724";"Exp60_167_IS20724";NA;"2023-10-18 04:47:00";70103,9
"868915";"27:11:1";"Exp60_167_IS20724";"Exp60_167_IS20724";NA;"2023-10-18 05:01:00";70104,3
"868916";"27:11:1";"Exp60_167_IS20724";"Exp60_167_IS20724";NA;"2023-10-18 05:17:00";70103,1
"868917";"27:11:1";"Exp60_167_IS20724";"Exp60_167_IS20724";NA;"2023-10-18 05:31:00";70104,6
"868918";"27:11:1";"Exp60_167_IS20724";"Exp60_167_IS20724";NA;"2023-10-18 05:47:00";70103,9
"868919";"27:11:1";"Exp60_167_IS20724";"Exp60_167_IS20724";NA;"2023-10-18 06:01:00";70108,5
"868920";"27:11:1";"Exp60_167_IS20724";"Exp60_167_IS20724";NA;"2023-10-18 06:17:00";70108,6
"868921";"27:11:1";"Exp60_167_IS20724";"Exp60_167_IS20724";NA;"2023-10-18 06:31:00";70108,9
"868922";"27:11:1";"Exp60_167_IS20724";"Exp60_167_IS20724";NA;"2023-10-18 07:32:00";70099,8
"868923";"27:11:1";"Exp60_167_IS20724";"Exp60_167_IS20724";NA;"2023-10-18 07:46:00";70099,5
"868924";"27:11:1";"Exp60_167_IS20724";"Exp60_167_IS20724";NA;"2023-10-18 08:02:00";70094,4
"868925";"27:11:1";"Exp60_167_IS20724";"Exp60_167_IS20724";NA;"2023-10-18 08:16:00";70084,1
"868926";"27:11:1";"Exp60_167_IS20724";"Exp60_167_IS20724";NA;"2023-10-18 08:47:00";70055,8
"868927";"27:11:1";"Exp60_167_IS20724";"Exp60_167_IS20724";NA;"2023-10-18 09:01:00";70033,7
"868928";"27:11:1";"Exp60_167_IS20724";"Exp60_167_IS20724";NA;"2023-10-18 09:17:00";70006,7
"868929";"27:11:1";"Exp60_167_IS20724";"Exp60_167_IS20724";NA;"2023-10-18 09:31:00";69987
"868930";"27:11:1";"Exp60_167_IS20724";"Exp60_167_IS20724";NA;"2023-10-18 15:31:00";69580,1
"868931";"27:11:1";"Exp60_167_IS20724";"Exp60_167_IS20724";NA;"2023-10-18 16:32:00";69555,7
"868932";"27:11:1";"Exp60_167_IS20724";"Exp60_167_IS20724";NA;"2023-10-18 16:46:00";69563,8
"868933";"27:11:1";"Exp60_167_IS20724";"Exp60_167_IS20724";NA;"2023-10-18 17:02:00";69556,1
"868934";"27:11:1";"Exp60_167_IS20724";"Exp60_167_IS20724";NA;"2023-10-18 17:16:00";69565,1
"868935";"27:11:1";"Exp60_167_IS20724";"Exp60_167_IS20724";NA;"2023-10-18 17:32:00";69570,9
"868936";"27:11:1";"Exp60_167_IS20724";"Exp60_167_IS20724";NA;"2023-10-18 17:46:00";69585,7
"868937";"27:11:1";"Exp60_167_IS20724";"Exp60_167_IS20724";NA;"2023-10-18 18:02:00";69586,1
"868938";"27:11:1";"Exp60_167_IS20724";"Exp60_167_IS20724";NA;"2023-10-18 18:16:00";69593
"868939";"27:11:1";"Exp60_167_IS20724";"Exp60_167_IS20724";NA;"2023-10-18 18:32:00";69601,1
"868940";"27:11:1";"Exp60_167_IS20724";"Exp60_167_IS20724";NA;"2023-10-18 18:46:00";69606,8
"868941";"27:11:1";"Exp60_167_IS20724";"Exp60_167_IS20724";NA;"2023-10-19 01:16:00";69675,2
"868942";"27:11:1";"Exp60_167_IS20724";"Exp60_167_IS20724";NA;"2023-10-19 01:32:00";69677,1
"868943";"27:11:1";"Exp60_167_IS20724";"Exp60_167_IS20724";NA;"2023-10-19 01:46:00";69678,4
"868944";"27:11:1";"Exp60_167_IS20724";"Exp60_167_IS20724";NA;"2023-10-19 02:02:00";69684,2
"868945";"27:11:1";"Exp60_167_IS20724";"Exp60_167_IS20724";NA;"2023-10-19 02:16:00";69685,8
"868946";"27:11:1";"Exp60_167_IS20724";"Exp60_167_IS20724";NA;"2023-10-19 02:32:00";69688,3
"868947";"27:11:1";"Exp60_167_IS20724";"Exp60_167_IS20724";NA;"2023-10-19 02:46:00";69687,4
"868948";"27:11:1";"Exp60_167_IS20724";"Exp60_167_IS20724";NA;"2023-10-19 03:17:00";69692,1
"868949";"27:11:1";"Exp60_167_IS20724";"Exp60_167_IS20724";NA;"2023-10-19 03:31:00";69693,8
"868950";"27:11:1";"Exp60_167_IS20724";"Exp60_167_IS20724";NA;"2023-10-19 03:47:00";69693,3
"868951";"27:11:1";"Exp60_167_IS20724";"Exp60_167_IS20724";NA;"2023-10-19 04:01:00";69693,2
"868952";"27:11:1";"Exp60_167_IS20724";"Exp60_167_IS20724";NA;"2023-10-19 04:17:00";69694,4
"868953";"27:11:1";"Exp60_167_IS20724";"Exp60_167_IS20724";NA;"2023-10-19 04:31:00";69695,6
"868954";"27:11:1";"Exp60_167_IS20724";"Exp60_167_IS20724";NA;"2023-10-19 04:47:00";69698,4
"868955";"27:11:1";"Exp60_167_IS20724";"Exp60_167_IS20724";NA;"2023-10-19 05:01:00";69700,8
"868956";"27:11:1";"Exp60_167_IS20724";"Exp60_167_IS20724";NA;"2023-10-19 05:17:00";69699,8
"868957";"27:11:1";"Exp60_167_IS20724";"Exp60_167_IS20724";NA;"2023-10-19 05:31:00";69700,7
"868958";"27:11:1";"Exp60_167_IS20724";"Exp60_167_IS20724";NA;"2023-10-19 05:47:00";69699,4
"868959";"27:11:1";"Exp60_167_IS20724";"Exp60_167_IS20724";NA;"2023-10-19 06:01:00";69704,8
"868960";"27:11:1";"Exp60_167_IS20724";"Exp60_167_IS20724";NA;"2023-10-19 06:17:00";69708,9
"868961";"27:11:1";"Exp60_167_IS20724";"Exp60_167_IS20724";NA;"2023-10-19 06:31:00";69709,7
"868962";"27:11:1";"Exp60_167_IS20724";"Exp60_167_IS20724";NA;"2023-10-19 06:47:00";69711,3
"868963";"27:11:1";"Exp60_167_IS20724";"Exp60_167_IS20724";NA;"2023-10-19 07:01:00";69710,3
"868964";"27:11:1";"Exp60_167_IS20724";"Exp60_167_IS20724";NA;"2023-10-19 13:46:00";69289,8
"868965";"27:11:1";"Exp60_167_IS20724";"Exp60_167_IS20724";NA;"2023-10-19 14:02:00";69280,5
"868966";"27:11:1";"Exp60_167_IS20724";"Exp60_167_IS20724";NA;"2023-10-19 14:16:00";69267,8
"868967";"27:11:1";"Exp60_167_IS20724";"Exp60_167_IS20724";NA;"2023-10-19 14:32:00";69267,3
"868968";"27:11:1";"Exp60_167_IS20724";"Exp60_167_IS20724";NA;"2023-10-19 14:46:00";69252
"868969";"27:11:1";"Exp60_167_IS20724";"Exp60_167_IS20724";NA;"2023-10-19 15:02:00";69237,6
"868970";"27:11:1";"Exp60_167_IS20724";"Exp60_167_IS20724";NA;"2023-10-19 15:16:00";69233,7
"868971";"27:11:1";"Exp60_167_IS20724";"Exp60_167_IS20724";NA;"2023-10-19 15:32:00";69301,2
"868972";"27:11:1";"Exp60_167_IS20724";"Exp60_167_IS20724";NA;"2023-10-19 15:46:00";69959,6
"868973";"27:11:1";"Exp60_167_IS20724";"Exp60_167_IS20724";NA;"2023-10-19 16:02:00";70605,3
"868974";"27:11:1";"Exp60_167_IS20724";"Exp60_167_IS20724";NA;"2023-10-19 16:16:00";71106,2
"868975";"27:11:1";"Exp60_167_IS20724";"Exp60_167_IS20724";NA;"2023-10-19 16:47:00";71562,2
"868976";"27:11:1";"Exp60_167_IS20724";"Exp60_167_IS20724";NA;"2023-10-19 17:01:00";71564,6
"868977";"27:11:1";"Exp60_167_IS20724";"Exp60_167_IS20724";NA;"2023-10-19 17:17:00";71567,6
"868978";"27:11:1";"Exp60_167_IS20724";"Exp60_167_IS20724";NA;"2023-10-19 17:31:00";71563,2
"868979";"27:11:1";"Exp60_167_IS20724";"Exp60_167_IS20724";NA;"2023-10-19 17:47:00";71573
"868980";"27:11:1";"Exp60_167_IS20724";"Exp60_167_IS20724";NA;"2023-10-19 18:01:00";71580,3
"868981";"27:11:1";"Exp60_167_IS20724";"Exp60_167_IS20724";NA;"2023-10-20 01:31:00";71588
"868982";"27:11:1";"Exp60_167_IS20724";"Exp60_167_IS20724";NA;"2023-10-20 01:47:00";71595,7
"868983";"27:11:1";"Exp60_167_IS20724";"Exp60_167_IS20724";NA;"2023-10-20 02:01:00";71590
"868984";"27:11:1";"Exp60_167_IS20724";"Exp60_167_IS20724";NA;"2023-10-20 02:17:00";71591,6
"868985";"27:11:1";"Exp60_167_IS20724";"Exp60_167_IS20724";NA;"2023-10-20 02:31:00";71596
"868986";"27:11:1";"Exp60_167_IS20724";"Exp60_167_IS20724";NA;"2023-10-20 02:47:00";71593,3
"868987";"27:11:1";"Exp60_167_IS20724";"Exp60_167_IS20724";NA;"2023-10-20 03:01:00";71596,2
"868988";"27:11:1";"Exp60_167_IS20724";"Exp60_167_IS20724";NA;"2023-10-20 03:47:00";71595,8
"868989";"27:11:1";"Exp60_167_IS20724";"Exp60_167_IS20724";NA;"2023-10-20 04:01:00";71596
"868990";"27:11:1";"Exp60_167_IS20724";"Exp60_167_IS20724";NA;"2023-10-20 04:32:00";71597,6
"868991";"27:11:1";"Exp60_167_IS20724";"Exp60_167_IS20724";NA;"2023-10-20 04:46:00";71602,5
"868992";"27:11:1";"Exp60_167_IS20724";"Exp60_167_IS20724";NA;"2023-10-20 05:02:00";71598,7
"868993";"27:11:1";"Exp60_167_IS20724";"Exp60_167_IS20724";NA;"2023-10-20 05:16:00";71598,2
"868994";"27:11:1";"Exp60_167_IS20724";"Exp60_167_IS20724";NA;"2023-10-20 05:32:00";71596,9
"868995";"27:11:1";"Exp60_167_IS20724";"Exp60_167_IS20724";NA;"2023-10-20 05:46:00";71597,3
"868996";"27:11:1";"Exp60_167_IS20724";"Exp60_167_IS20724";NA;"2023-10-20 06:02:00";71598,5
"868997";"27:11:1";"Exp60_167_IS20724";"Exp60_167_IS20724";NA;"2023-10-20 06:16:00";71600,9
"868998";"27:11:1";"Exp60_167_IS20724";"Exp60_167_IS20724";NA;"2023-10-20 06:32:00";71599,1
"868999";"27:11:1";"Exp60_167_IS20724";"Exp60_167_IS20724";NA;"2023-10-20 06:46:00";71596,7
"869000";"27:11:1";"Exp60_167_IS20724";"Exp60_167_IS20724";NA;"2023-10-20 07:02:00";71596,9
"869001";"27:11:1";"Exp60_167_IS20724";"Exp60_167_IS20724";NA;"2023-10-20 07:16:00";71602,8
"869002";"27:11:1";"Exp60_167_IS20724";"Exp60_167_IS20724";NA;"2023-10-20 07:47:00";71593,3
"869003";"27:11:1";"Exp60_167_IS20724";"Exp60_167_IS20724";NA;"2023-10-20 08:01:00";71595,8
"869004";"27:11:1";"Exp60_167_IS20724";"Exp60_167_IS20724";NA;"2023-10-20 08:17:00";71586,4
"869005";"27:11:1";"Exp60_167_IS20724";"Exp60_167_IS20724";NA;"2023-10-20 08:31:00";71577,4
"869006";"27:11:1";"Exp60_167_IS20724";"Exp60_167_IS20724";NA;"2023-10-20 08:47:00";71544,2
"869007";"27:11:1";"Exp60_167_IS20724";"Exp60_167_IS20724";NA;"2023-10-20 09:01:00";71526,1
"869008";"27:11:1";"Exp60_167_IS20724";"Exp60_167_IS20724";NA;"2023-10-20 13:46:00";71067,1
"869009";"27:11:1";"Exp60_167_IS20724";"Exp60_167_IS20724";NA;"2023-10-20 15:31:00";70929,8
"869010";"27:11:1";"Exp60_167_IS20724";"Exp60_167_IS20724";NA;"2023-10-20 15:47:00";70915,1
"869011";"27:11:1";"Exp60_167_IS20724";"Exp60_167_IS20724";NA;"2023-10-20 16:01:00";70905,6
"869012";"27:11:1";"Exp60_167_IS20724";"Exp60_167_IS20724";NA;"2023-10-20 16:17:00";70894,1
"869013";"27:11:1";"Exp60_167_IS20724";"Exp60_167_IS20724";NA;"2023-10-20 16:31:00";70888
"869014";"27:11:1";"Exp60_167_IS20724";"Exp60_167_IS20724";NA;"2023-10-20 16:47:00";70894,4
"869015";"27:11:1";"Exp60_167_IS20724";"Exp60_167_IS20724";NA;"2023-10-20 17:01:00";70883,5
"869016";"27:11:1";"Exp60_167_IS20724";"Exp60_167_IS20724";NA;"2023-10-20 23:31:00";70943,9
"869017";"27:11:1";"Exp60_167_IS20724";"Exp60_167_IS20724";NA;"2023-10-20 23:47:00";70947,4
"869018";"27:11:1";"Exp60_167_IS20724";"Exp60_167_IS20724";NA;"2023-10-21 00:01:00";70947,8
"869019";"27:11:1";"Exp60_167_IS20724";"Exp60_167_IS20724";NA;"2023-10-21 00:17:00";70946,9
"869020";"27:11:1";"Exp60_167_IS20724";"Exp60_167_IS20724";NA;"2023-10-21 00:31:00";70948,9
"869021";"27:11:1";"Exp60_167_IS20724";"Exp60_167_IS20724";NA;"2023-10-21 01:17:00";70945,8
"869022";"27:11:1";"Exp60_167_IS20724";"Exp60_167_IS20724";NA;"2023-10-21 01:31:00";70942,6
"869023";"27:11:1";"Exp60_167_IS20724";"Exp60_167_IS20724";NA;"2023-10-21 01:47:00";70944,3
"869024";"27:11:1";"Exp60_167_IS20724";"Exp60_167_IS20724";NA;"2023-10-21 02:01:00";70946,9
"869025";"27:11:1";"Exp60_167_IS20724";"Exp60_167_IS20724";NA;"2023-10-21 08:31:00";70935,6
"869026";"27:11:1";"Exp60_167_IS20724";"Exp60_167_IS20724";NA;"2023-10-21 08:47:00";70916
"869027";"27:11:1";"Exp60_167_IS20724";"Exp60_167_IS20724";NA;"2023-10-21 09:01:00";70902,8
"869028";"27:11:1";"Exp60_167_IS20724";"Exp60_167_IS20724";NA;"2023-10-21 09:17:00";70882,2
"869029";"27:11:1";"Exp60_167_IS20724";"Exp60_167_IS20724";NA;"2023-10-21 09:31:00";70885,7
"869030";"27:11:1";"Exp60_167_IS20724";"Exp60_167_IS20724";NA;"2023-10-21 09:47:00";70859,8
"869031";"27:11:1";"Exp60_167_IS20724";"Exp60_167_IS20724";NA;"2023-10-21 10:01:00";70827,5
"869032";"27:11:1";"Exp60_167_IS20724";"Exp60_167_IS20724";NA;"2023-10-21 10:32:00";70780,6
"869033";"27:11:1";"Exp60_167_IS20724";"Exp60_167_IS20724";NA;"2023-10-21 10:46:00";70761,8
"869034";"27:11:1";"Exp60_167_IS20724";"Exp60_167_IS20724";NA;"2023-10-21 17:01:00";71551,2
"869035";"27:11:1";"Exp60_167_IS20724";"Exp60_167_IS20724";NA;"2023-10-21 17:32:00";71556,4
"869036";"27:11:1";"Exp60_167_IS20724";"Exp60_167_IS20724";NA;"2023-10-21 17:46:00";71560,8
"869037";"27:11:1";"Exp60_167_IS20724";"Exp60_167_IS20724";NA;"2023-10-21 18:02:00";71565,3
"869038";"27:11:1";"Exp60_167_IS20724";"Exp60_167_IS20724";NA;"2023-10-21 18:16:00";71568,4
"869039";"27:11:1";"Exp60_167_IS20724";"Exp60_167_IS20724";NA;"2023-10-21 18:32:00";71564,3
"869040";"27:11:1";"Exp60_167_IS20724";"Exp60_167_IS20724";NA;"2023-10-21 18:46:00";71563
"869041";"27:11:1";"Exp60_167_IS20724";"Exp60_167_IS20724";NA;"2023-10-21 19:02:00";71575,2
"869042";"27:11:1";"Exp60_167_IS20724";"Exp60_167_IS20724";NA;"2023-10-21 19:16:00";71573,2
"869043";"27:11:1";"Exp60_167_IS20724";"Exp60_167_IS20724";NA;"2023-10-21 19:32:00";71579,7
"869044";"27:11:1";"Exp60_167_IS20724";"Exp60_167_IS20724";NA;"2023-10-21 19:46:00";71577,8
"869045";"27:11:1";"Exp60_167_IS20724";"Exp60_167_IS20724";NA;"2023-10-21 20:02:00";71575,6
"869046";"27:11:1";"Exp60_167_IS20724";"Exp60_167_IS20724";NA;"2023-10-21 20:16:00";71576,8
"869047";"27:11:1";"Exp60_167_IS20724";"Exp60_167_IS20724";NA;"2023-10-21 20:32:00";71573,6
"869048";"27:11:1";"Exp60_167_IS20724";"Exp60_167_IS20724";NA;"2023-10-21 20:46:00";71576,2
"869049";"27:11:2";"Exp60_191_IS22294";"Exp60_191_IS22294";NA;"2023-09-22 10:17:00";76779,9
"869050";"27:11:2";"Exp60_191_IS22294";"Exp60_191_IS22294";NA;"2023-09-22 10:31:00";76762,7
"869051";"27:11:2";"Exp60_191_IS22294";"Exp60_191_IS22294";NA;"2023-09-22 10:47:00";76741,3
"869052";"27:11:2";"Exp60_191_IS22294";"Exp60_191_IS22294";NA;"2023-09-22 11:01:00";76718,8
"869053";"27:11:2";"Exp60_191_IS22294";"Exp60_191_IS22294";NA;"2023-09-22 11:32:00";76678
"869054";"27:11:2";"Exp60_191_IS22294";"Exp60_191_IS22294";NA;"2023-09-22 11:46:00";76655,7
"869055";"27:11:2";"Exp60_191_IS22294";"Exp60_191_IS22294";NA;"2023-09-22 12:02:00";76627,8
"869056";"27:11:2";"Exp60_191_IS22294";"Exp60_191_IS22294";NA;"2023-09-22 12:16:00";76616,5
"869057";"27:11:2";"Exp60_191_IS22294";"Exp60_191_IS22294";NA;"2023-09-22 12:32:00";76583,5
"869058";"27:11:2";"Exp60_191_IS22294";"Exp60_191_IS22294";NA;"2023-09-22 12:46:00";76566,5
"869059";"27:11:2";"Exp60_191_IS22294";"Exp60_191_IS22294";NA;"2023-09-22 13:02:00";76551,5
"869060";"27:11:2";"Exp60_191_IS22294";"Exp60_191_IS22294";NA;"2023-09-22 13:16:00";76529,7
"869061";"27:11:2";"Exp60_191_IS22294";"Exp60_191_IS22294";NA;"2023-09-22 13:32:00";76514,8
"869062";"27:11:2";"Exp60_191_IS22294";"Exp60_191_IS22294";NA;"2023-09-22 13:46:00";76496,4
"869063";"27:11:2";"Exp60_191_IS22294";"Exp60_191_IS22294";NA;"2023-09-22 20:31:00";76331,7
"869064";"27:11:2";"Exp60_191_IS22294";"Exp60_191_IS22294";NA;"2023-09-22 20:47:00";76332,8
"869065";"27:11:2";"Exp60_191_IS22294";"Exp60_191_IS22294";NA;"2023-09-22 21:01:00";76330,7
"869066";"27:11:2";"Exp60_191_IS22294";"Exp60_191_IS22294";NA;"2023-09-22 21:17:00";76331,7
"869067";"27:11:2";"Exp60_191_IS22294";"Exp60_191_IS22294";NA;"2023-09-22 21:31:00";76329,7
"869068";"27:11:2";"Exp60_191_IS22294";"Exp60_191_IS22294";NA;"2023-09-22 21:47:00";76329,7
"869069";"27:11:2";"Exp60_191_IS22294";"Exp60_191_IS22294";NA;"2023-09-22 22:01:00";76331,4
"869070";"27:11:2";"Exp60_191_IS22294";"Exp60_191_IS22294";NA;"2023-09-22 22:17:00";76330,8
"869071";"27:11:2";"Exp60_191_IS22294";"Exp60_191_IS22294";NA;"2023-09-22 22:31:00";76330,4
"869072";"27:11:2";"Exp60_191_IS22294";"Exp60_191_IS22294";NA;"2023-09-22 22:47:00";76331,3
"869073";"27:11:2";"Exp60_191_IS22294";"Exp60_191_IS22294";NA;"2023-09-22 23:01:00";76329,7
"869074";"27:11:2";"Exp60_191_IS22294";"Exp60_191_IS22294";NA;"2023-09-22 23:17:00";76330,2
"869075";"27:11:2";"Exp60_191_IS22294";"Exp60_191_IS22294";NA;"2023-09-22 23:31:00";76329,6
"869076";"27:11:2";"Exp60_191_IS22294";"Exp60_191_IS22294";NA;"2023-09-22 23:47:00";76328,7
"869077";"27:11:2";"Exp60_191_IS22294";"Exp60_191_IS22294";NA;"2023-09-23 00:01:00";76329
"869078";"27:11:2";"Exp60_191_IS22294";"Exp60_191_IS22294";NA;"2023-09-23 00:17:00";76328,1
"869079";"27:11:2";"Exp60_191_IS22294";"Exp60_191_IS22294";NA;"2023-09-23 01:01:00";76329,9
"869080";"27:11:2";"Exp60_191_IS22294";"Exp60_191_IS22294";NA;"2023-09-23 01:17:00";76327,3
"869081";"27:11:2";"Exp60_191_IS22294";"Exp60_191_IS22294";NA;"2023-09-23 01:31:00";76328,1
"869082";"27:11:2";"Exp60_191_IS22294";"Exp60_191_IS22294";NA;"2023-09-23 01:47:00";76323,9
"869083";"27:11:2";"Exp60_191_IS22294";"Exp60_191_IS22294";NA;"2023-09-23 02:01:00";76324,7
"869084";"27:11:2";"Exp60_191_IS22294";"Exp60_191_IS22294";NA;"2023-09-23 02:17:00";76323
"869085";"27:11:2";"Exp60_191_IS22294";"Exp60_191_IS22294";NA;"2023-09-23 02:31:00";76319,9
"869086";"27:11:2";"Exp60_191_IS22294";"Exp60_191_IS22294";NA;"2023-09-23 02:47:00";76318,5
"869087";"27:11:2";"Exp60_191_IS22294";"Exp60_191_IS22294";NA;"2023-09-23 03:01:00";76316,5
"869088";"27:11:2";"Exp60_191_IS22294";"Exp60_191_IS22294";NA;"2023-09-23 03:17:00";76316,9
"869089";"27:11:2";"Exp60_191_IS22294";"Exp60_191_IS22294";NA;"2023-09-23 03:31:00";76316,4
"869090";"27:11:2";"Exp60_191_IS22294";"Exp60_191_IS22294";NA;"2023-09-23 03:47:00";76319,1
"869091";"27:11:2";"Exp60_191_IS22294";"Exp60_191_IS22294";NA;"2023-09-23 04:16:00";76313,9
"869092";"27:11:2";"Exp60_191_IS22294";"Exp60_191_IS22294";NA;"2023-09-23 04:32:00";76312,5
"869093";"27:11:2";"Exp60_191_IS22294";"Exp60_191_IS22294";NA;"2023-09-23 04:46:00";76313,9
"869094";"27:11:2";"Exp60_191_IS22294";"Exp60_191_IS22294";NA;"2023-09-23 05:02:00";76311,4
"869095";"27:11:2";"Exp60_191_IS22294";"Exp60_191_IS22294";NA;"2023-09-23 05:16:00";76313,8
"869096";"27:11:2";"Exp60_191_IS22294";"Exp60_191_IS22294";NA;"2023-09-23 05:32:00";76307,4
"869097";"27:11:2";"Exp60_191_IS22294";"Exp60_191_IS22294";NA;"2023-09-23 05:46:00";76309,9
"869098";"27:11:2";"Exp60_191_IS22294";"Exp60_191_IS22294";NA;"2023-09-23 06:02:00";76307,8
"869099";"27:11:2";"Exp60_191_IS22294";"Exp60_191_IS22294";NA;"2023-09-23 06:16:00";76307,3
"869100";"27:11:2";"Exp60_191_IS22294";"Exp60_191_IS22294";NA;"2023-09-23 06:32:00";76308
"869101";"27:11:2";"Exp60_191_IS22294";"Exp60_191_IS22294";NA;"2023-09-23 06:46:00";76304,1
"869102";"27:11:2";"Exp60_191_IS22294";"Exp60_191_IS22294";NA;"2023-09-23 07:02:00";76297
"869103";"27:11:2";"Exp60_191_IS22294";"Exp60_191_IS22294";NA;"2023-09-23 07:16:00";76289,4
"869104";"27:11:2";"Exp60_191_IS22294";"Exp60_191_IS22294";NA;"2023-09-23 07:32:00";76283,9
"869105";"27:11:2";"Exp60_191_IS22294";"Exp60_191_IS22294";NA;"2023-09-23 07:46:00";76276,8
"869106";"27:11:2";"Exp60_191_IS22294";"Exp60_191_IS22294";NA;"2023-09-23 08:02:00";76263,2
"869107";"27:11:2";"Exp60_191_IS22294";"Exp60_191_IS22294";NA;"2023-09-23 08:16:00";76253,7
"869108";"27:11:2";"Exp60_191_IS22294";"Exp60_191_IS22294";NA;"2023-09-23 08:32:00";76237,7
"869109";"27:11:2";"Exp60_191_IS22294";"Exp60_191_IS22294";NA;"2023-09-23 08:46:00";76232,7
"869110";"27:11:2";"Exp60_191_IS22294";"Exp60_191_IS22294";NA;"2023-09-23 09:02:00";76225
"869111";"27:11:2";"Exp60_191_IS22294";"Exp60_191_IS22294";NA;"2023-09-23 09:16:00";76214,2
"869112";"27:11:2";"Exp60_191_IS22294";"Exp60_191_IS22294";NA;"2023-09-23 14:01:00";75871,1
"869113";"27:11:2";"Exp60_191_IS22294";"Exp60_191_IS22294";NA;"2023-09-23 14:17:00";75846
"869114";"27:11:2";"Exp60_191_IS22294";"Exp60_191_IS22294";NA;"2023-09-23 14:31:00";75845,9
"869115";"27:11:2";"Exp60_191_IS22294";"Exp60_191_IS22294";NA;"2023-09-23 14:47:00";75827,3
"869116";"27:11:2";"Exp60_191_IS22294";"Exp60_191_IS22294";NA;"2023-09-23 15:01:00";75816,9
"869117";"27:11:2";"Exp60_191_IS22294";"Exp60_191_IS22294";NA;"2023-09-23 15:32:00";75779
"869118";"27:11:2";"Exp60_191_IS22294";"Exp60_191_IS22294";NA;"2023-09-23 15:46:00";75774,1
"869119";"27:11:2";"Exp60_191_IS22294";"Exp60_191_IS22294";NA;"2023-09-23 16:17:00";75764,4
"869120";"27:11:2";"Exp60_191_IS22294";"Exp60_191_IS22294";NA;"2023-09-23 16:31:00";75758,8
"869121";"27:11:2";"Exp60_191_IS22294";"Exp60_191_IS22294";NA;"2023-09-23 16:47:00";75750,2
"869122";"27:11:2";"Exp60_191_IS22294";"Exp60_191_IS22294";NA;"2023-09-23 17:01:00";75746,6
"869123";"27:11:2";"Exp60_191_IS22294";"Exp60_191_IS22294";NA;"2023-09-23 17:17:00";75736,4
"869124";"27:11:2";"Exp60_191_IS22294";"Exp60_191_IS22294";NA;"2023-09-23 17:31:00";75734,9
"869125";"27:11:2";"Exp60_191_IS22294";"Exp60_191_IS22294";NA;"2023-09-23 17:47:00";75731,5
"869126";"27:11:2";"Exp60_191_IS22294";"Exp60_191_IS22294";NA;"2023-09-23 18:01:00";75728,7
"869127";"27:11:2";"Exp60_191_IS22294";"Exp60_191_IS22294";NA;"2023-09-23 18:17:00";75726,3
"869128";"27:11:2";"Exp60_191_IS22294";"Exp60_191_IS22294";NA;"2023-09-23 18:31:00";75724,4
"869129";"27:11:2";"Exp60_191_IS22294";"Exp60_191_IS22294";NA;"2023-09-23 18:47:00";75725,1
"869130";"27:11:2";"Exp60_191_IS22294";"Exp60_191_IS22294";NA;"2023-09-23 19:01:00";75722,6
"869131";"27:11:2";"Exp60_191_IS22294";"Exp60_191_IS22294";NA;"2023-09-23 19:17:00";75721,9
"869132";"27:11:2";"Exp60_191_IS22294";"Exp60_191_IS22294";NA;"2023-09-23 19:31:00";75719,6
"869133";"27:11:2";"Exp60_191_IS22294";"Exp60_191_IS22294";NA;"2023-09-23 20:02:00";75717,8
"869134";"27:11:2";"Exp60_191_IS22294";"Exp60_191_IS22294";NA;"2023-09-23 20:16:00";75716,7
"869135";"27:11:2";"Exp60_191_IS22294";"Exp60_191_IS22294";NA;"2023-09-23 20:32:00";75716,8
"869136";"27:11:2";"Exp60_191_IS22294";"Exp60_191_IS22294";NA;"2023-09-23 20:46:00";75715,2
"869137";"27:11:2";"Exp60_191_IS22294";"Exp60_191_IS22294";NA;"2023-09-23 21:02:00";75713,4
"869138";"27:11:2";"Exp60_191_IS22294";"Exp60_191_IS22294";NA;"2023-09-23 21:16:00";75714
"869139";"27:11:2";"Exp60_191_IS22294";"Exp60_191_IS22294";NA;"2023-09-23 21:32:00";75712,7
"869140";"27:11:2";"Exp60_191_IS22294";"Exp60_191_IS22294";NA;"2023-09-23 21:46:00";75712,8
"869141";"27:11:2";"Exp60_191_IS22294";"Exp60_191_IS22294";NA;"2023-09-23 22:02:00";75711,9
"869142";"27:11:2";"Exp60_191_IS22294";"Exp60_191_IS22294";NA;"2023-09-23 22:16:00";75712,1
"869143";"27:11:2";"Exp60_191_IS22294";"Exp60_191_IS22294";NA;"2023-09-23 23:17:00";75708,6
"869144";"27:11:2";"Exp60_191_IS22294";"Exp60_191_IS22294";NA;"2023-09-23 23:31:00";75710,7
"869145";"27:11:2";"Exp60_191_IS22294";"Exp60_191_IS22294";NA;"2023-09-23 23:47:00";75710
"869146";"27:11:2";"Exp60_191_IS22294";"Exp60_191_IS22294";NA;"2023-09-24 00:01:00";75710,2
"869147";"27:11:2";"Exp60_191_IS22294";"Exp60_191_IS22294";NA;"2023-09-24 00:17:00";75709,6
"869148";"27:11:2";"Exp60_191_IS22294";"Exp60_191_IS22294";NA;"2023-09-24 00:31:00";75708
"869149";"27:11:2";"Exp60_191_IS22294";"Exp60_191_IS22294";NA;"2023-09-24 00:47:00";75706,5
"869150";"27:11:2";"Exp60_191_IS22294";"Exp60_191_IS22294";NA;"2023-09-24 01:01:00";75707,4
"869151";"27:11:2";"Exp60_191_IS22294";"Exp60_191_IS22294";NA;"2023-09-24 01:17:00";75702,9
"869152";"27:11:2";"Exp60_191_IS22294";"Exp60_191_IS22294";NA;"2023-09-24 01:31:00";75704,6
"869153";"27:11:2";"Exp60_191_IS22294";"Exp60_191_IS22294";NA;"2023-09-24 01:47:00";75706,8
"869154";"27:11:2";"Exp60_191_IS22294";"Exp60_191_IS22294";NA;"2023-09-24 02:01:00";75705,2
"869155";"27:11:2";"Exp60_191_IS22294";"Exp60_191_IS22294";NA;"2023-09-24 02:17:00";75704,5
"869156";"27:11:2";"Exp60_191_IS22294";"Exp60_191_IS22294";NA;"2023-09-24 02:31:00";75704,4
"869157";"27:11:2";"Exp60_191_IS22294";"Exp60_191_IS22294";NA;"2023-09-24 02:47:00";75702,5
"869158";"27:11:2";"Exp60_191_IS22294";"Exp60_191_IS22294";NA;"2023-09-24 03:01:00";75706,8
"869159";"27:11:2";"Exp60_191_IS22294";"Exp60_191_IS22294";NA;"2023-09-24 10:01:00";75641,9
"869160";"27:11:2";"Exp60_191_IS22294";"Exp60_191_IS22294";NA;"2023-09-24 10:17:00";75639,1
"869161";"27:11:2";"Exp60_191_IS22294";"Exp60_191_IS22294";NA;"2023-09-24 10:31:00";75623,4
"869162";"27:11:2";"Exp60_191_IS22294";"Exp60_191_IS22294";NA;"2023-09-24 10:47:00";75597,7
"869163";"27:11:2";"Exp60_191_IS22294";"Exp60_191_IS22294";NA;"2023-09-24 11:01:00";75596,2
"869164";"27:11:2";"Exp60_191_IS22294";"Exp60_191_IS22294";NA;"2023-09-24 11:17:00";75583
"869165";"27:11:2";"Exp60_191_IS22294";"Exp60_191_IS22294";NA;"2023-09-24 11:31:00";75572,8
"869166";"27:11:2";"Exp60_191_IS22294";"Exp60_191_IS22294";NA;"2023-09-24 11:47:00";75557,8
"869167";"27:11:2";"Exp60_191_IS22294";"Exp60_191_IS22294";NA;"2023-09-24 12:01:00";75540
"869168";"27:11:2";"Exp60_191_IS22294";"Exp60_191_IS22294";NA;"2023-09-24 12:17:00";75528,5
"869169";"27:11:2";"Exp60_191_IS22294";"Exp60_191_IS22294";NA;"2023-09-24 12:31:00";75511,9
"869170";"27:11:2";"Exp60_191_IS22294";"Exp60_191_IS22294";NA;"2023-09-24 12:47:00";75494,9
"869171";"27:11:2";"Exp60_191_IS22294";"Exp60_191_IS22294";NA;"2023-09-24 13:01:00";75492,6
"869172";"27:11:2";"Exp60_191_IS22294";"Exp60_191_IS22294";NA;"2023-09-24 13:17:00";75477,8
"869173";"27:11:2";"Exp60_191_IS22294";"Exp60_191_IS22294";NA;"2023-09-24 13:31:00";75471,6
"869174";"27:11:2";"Exp60_191_IS22294";"Exp60_191_IS22294";NA;"2023-09-24 13:47:00";75463,6
"869175";"27:11:2";"Exp60_191_IS22294";"Exp60_191_IS22294";NA;"2023-09-24 14:01:00";75456,1
"869176";"27:11:2";"Exp60_191_IS22294";"Exp60_191_IS22294";NA;"2023-09-24 14:17:00";75456,7
"869177";"27:11:2";"Exp60_191_IS22294";"Exp60_191_IS22294";NA;"2023-09-24 14:31:00";75514,2
"869178";"27:11:2";"Exp60_191_IS22294";"Exp60_191_IS22294";NA;"2023-09-24 14:47:00";75551,2
"869179";"27:11:2";"Exp60_191_IS22294";"Exp60_191_IS22294";NA;"2023-09-24 15:01:00";75543,2
"869180";"27:11:2";"Exp60_191_IS22294";"Exp60_191_IS22294";NA;"2023-09-24 15:17:00";75536,5
"869181";"27:11:2";"Exp60_191_IS22294";"Exp60_191_IS22294";NA;"2023-09-24 15:31:00";75527,5
"869182";"27:11:2";"Exp60_191_IS22294";"Exp60_191_IS22294";NA;"2023-09-24 15:47:00";75514,7
"869183";"27:11:2";"Exp60_191_IS22294";"Exp60_191_IS22294";NA;"2023-09-24 16:01:00";75502
"869184";"27:11:2";"Exp60_191_IS22294";"Exp60_191_IS22294";NA;"2023-09-24 22:31:00";75628,6
"869185";"27:11:2";"Exp60_191_IS22294";"Exp60_191_IS22294";NA;"2023-09-24 22:47:00";75627,7
"869186";"27:11:2";"Exp60_191_IS22294";"Exp60_191_IS22294";NA;"2023-09-24 23:01:00";75627,7
"869187";"27:11:2";"Exp60_191_IS22294";"Exp60_191_IS22294";NA;"2023-09-24 23:17:00";75628,3
"869188";"27:11:2";"Exp60_191_IS22294";"Exp60_191_IS22294";NA;"2023-09-24 23:31:00";75625,4
"869189";"27:11:2";"Exp60_191_IS22294";"Exp60_191_IS22294";NA;"2023-09-24 23:47:00";75627,7
"869190";"27:11:2";"Exp60_191_IS22294";"Exp60_191_IS22294";NA;"2023-09-25 00:01:00";75627,4
"869191";"27:11:2";"Exp60_191_IS22294";"Exp60_191_IS22294";NA;"2023-09-25 00:17:00";75626,5
"869192";"27:11:2";"Exp60_191_IS22294";"Exp60_191_IS22294";NA;"2023-09-25 00:31:00";75627,4
"869193";"27:11:2";"Exp60_191_IS22294";"Exp60_191_IS22294";NA;"2023-09-25 00:47:00";75627,8
"869194";"27:11:2";"Exp60_191_IS22294";"Exp60_191_IS22294";NA;"2023-09-25 01:01:00";75626,7
"869195";"27:11:2";"Exp60_191_IS22294";"Exp60_191_IS22294";NA;"2023-09-25 01:17:00";75624
"869196";"27:11:2";"Exp60_191_IS22294";"Exp60_191_IS22294";NA;"2023-09-25 01:31:00";75623,7
"869197";"27:11:2";"Exp60_191_IS22294";"Exp60_191_IS22294";NA;"2023-09-25 01:47:00";75623,2
"869198";"27:11:2";"Exp60_191_IS22294";"Exp60_191_IS22294";NA;"2023-09-25 02:01:00";75623,2
"869199";"27:11:2";"Exp60_191_IS22294";"Exp60_191_IS22294";NA;"2023-09-25 03:02:00";75623,8
"869200";"27:11:2";"Exp60_191_IS22294";"Exp60_191_IS22294";NA;"2023-09-25 03:16:00";75621,6
"869201";"27:11:2";"Exp60_191_IS22294";"Exp60_191_IS22294";NA;"2023-09-25 04:32:00";75615,1
"869202";"27:11:2";"Exp60_191_IS22294";"Exp60_191_IS22294";NA;"2023-09-25 04:46:00";75617
"869203";"27:11:2";"Exp60_191_IS22294";"Exp60_191_IS22294";NA;"2023-09-25 05:17:00";75615,6
"869204";"27:11:2";"Exp60_191_IS22294";"Exp60_191_IS22294";NA;"2023-09-25 05:31:00";75615,9
"869205";"27:11:2";"Exp60_191_IS22294";"Exp60_191_IS22294";NA;"2023-09-25 05:47:00";75615,9
"869206";"27:11:2";"Exp60_191_IS22294";"Exp60_191_IS22294";NA;"2023-09-25 06:01:00";75618
"869207";"27:11:2";"Exp60_191_IS22294";"Exp60_191_IS22294";NA;"2023-09-25 06:17:00";75618
"869208";"27:11:2";"Exp60_191_IS22294";"Exp60_191_IS22294";NA;"2023-09-25 06:31:00";75614
"869209";"27:11:2";"Exp60_191_IS22294";"Exp60_191_IS22294";NA;"2023-09-25 06:47:00";75609,7
"869210";"27:11:2";"Exp60_191_IS22294";"Exp60_191_IS22294";NA;"2023-09-25 07:01:00";75604,3
"869211";"27:11:2";"Exp60_191_IS22294";"Exp60_191_IS22294";NA;"2023-09-25 07:17:00";75601,7
"869212";"27:11:2";"Exp60_191_IS22294";"Exp60_191_IS22294";NA;"2023-09-25 07:31:00";75598,6
"869213";"27:11:2";"Exp60_191_IS22294";"Exp60_191_IS22294";NA;"2023-09-25 07:47:00";75592,3
"869214";"27:11:2";"Exp60_191_IS22294";"Exp60_191_IS22294";NA;"2023-09-25 08:01:00";75586
"869215";"27:11:2";"Exp60_191_IS22294";"Exp60_191_IS22294";NA;"2023-09-25 14:46:00";75278,1
"869216";"27:11:2";"Exp60_191_IS22294";"Exp60_191_IS22294";NA;"2023-09-25 15:02:00";75278,8
"869217";"27:11:2";"Exp60_191_IS22294";"Exp60_191_IS22294";NA;"2023-09-25 15:16:00";75263,1
"869218";"27:11:2";"Exp60_191_IS22294";"Exp60_191_IS22294";NA;"2023-09-25 15:32:00";75265,5
"869219";"27:11:2";"Exp60_191_IS22294";"Exp60_191_IS22294";NA;"2023-09-25 15:46:00";75258,9
"869220";"27:11:2";"Exp60_191_IS22294";"Exp60_191_IS22294";NA;"2023-09-25 16:02:00";75235,8
"869221";"27:11:2";"Exp60_191_IS22294";"Exp60_191_IS22294";NA;"2023-09-25 17:16:00";75222
"869222";"27:11:2";"Exp60_191_IS22294";"Exp60_191_IS22294";NA;"2023-09-25 17:32:00";75220,1
"869223";"27:11:2";"Exp60_191_IS22294";"Exp60_191_IS22294";NA;"2023-09-25 17:46:00";75220,3
"869224";"27:11:2";"Exp60_191_IS22294";"Exp60_191_IS22294";NA;"2023-09-25 18:02:00";75219,3
"869225";"27:11:2";"Exp60_191_IS22294";"Exp60_191_IS22294";NA;"2023-09-25 19:01:00";75214,9
"869226";"27:11:2";"Exp60_191_IS22294";"Exp60_191_IS22294";NA;"2023-09-25 19:17:00";75214,1
"869227";"27:11:2";"Exp60_191_IS22294";"Exp60_191_IS22294";NA;"2023-09-25 19:31:00";75213
"869228";"27:11:2";"Exp60_191_IS22294";"Exp60_191_IS22294";NA;"2023-09-25 19:47:00";75213,5
"869229";"27:11:2";"Exp60_191_IS22294";"Exp60_191_IS22294";NA;"2023-09-25 20:01:00";75213
"869230";"27:11:2";"Exp60_191_IS22294";"Exp60_191_IS22294";NA;"2023-09-25 20:17:00";75213,7
"869231";"27:11:2";"Exp60_191_IS22294";"Exp60_191_IS22294";NA;"2023-09-25 20:31:00";75211,8
"869232";"27:11:2";"Exp60_191_IS22294";"Exp60_191_IS22294";NA;"2023-09-25 20:47:00";75211,5
"869233";"27:11:2";"Exp60_191_IS22294";"Exp60_191_IS22294";NA;"2023-09-25 21:16:00";75210,5
"869234";"27:11:2";"Exp60_191_IS22294";"Exp60_191_IS22294";NA;"2023-09-25 21:32:00";75211,2
"869235";"27:11:2";"Exp60_191_IS22294";"Exp60_191_IS22294";NA;"2023-09-25 21:46:00";75210,4
"869236";"27:11:2";"Exp60_191_IS22294";"Exp60_191_IS22294";NA;"2023-09-25 22:02:00";75210,5
"869237";"27:11:2";"Exp60_191_IS22294";"Exp60_191_IS22294";NA;"2023-09-25 22:16:00";75209
"869238";"27:11:2";"Exp60_191_IS22294";"Exp60_191_IS22294";NA;"2023-09-25 22:32:00";75208,5
"869239";"27:11:2";"Exp60_191_IS22294";"Exp60_191_IS22294";NA;"2023-09-25 22:46:00";75208,8
"869240";"27:11:2";"Exp60_191_IS22294";"Exp60_191_IS22294";NA;"2023-09-25 23:02:00";75208,1
"869241";"27:11:2";"Exp60_191_IS22294";"Exp60_191_IS22294";NA;"2023-09-25 23:16:00";75207,1
"869242";"27:11:2";"Exp60_191_IS22294";"Exp60_191_IS22294";NA;"2023-09-25 23:32:00";75206,3
"869243";"27:11:2";"Exp60_191_IS22294";"Exp60_191_IS22294";NA;"2023-09-25 23:46:00";75206,8
"869244";"27:11:2";"Exp60_191_IS22294";"Exp60_191_IS22294";NA;"2023-09-26 00:02:00";75203,2
"869245";"27:11:2";"Exp60_191_IS22294";"Exp60_191_IS22294";NA;"2023-09-26 00:16:00";75204,1
"869246";"27:11:2";"Exp60_191_IS22294";"Exp60_191_IS22294";NA;"2023-09-26 00:32:00";75204
"869247";"27:11:2";"Exp60_191_IS22294";"Exp60_191_IS22294";NA;"2023-09-26 00:46:00";75204,1
"869248";"27:11:2";"Exp60_191_IS22294";"Exp60_191_IS22294";NA;"2023-09-26 01:02:00";75201,6
"869249";"27:11:2";"Exp60_191_IS22294";"Exp60_191_IS22294";NA;"2023-09-26 01:16:00";75200,1
"869250";"27:11:2";"Exp60_191_IS22294";"Exp60_191_IS22294";NA;"2023-09-26 01:32:00";75197,9
"869251";"27:11:2";"Exp60_191_IS22294";"Exp60_191_IS22294";NA;"2023-09-26 01:46:00";75197,2
"869252";"27:11:2";"Exp60_191_IS22294";"Exp60_191_IS22294";NA;"2023-09-26 02:02:00";75194,9
"869253";"27:11:2";"Exp60_191_IS22294";"Exp60_191_IS22294";NA;"2023-09-26 02:16:00";75192,8
"869254";"27:11:2";"Exp60_191_IS22294";"Exp60_191_IS22294";NA;"2023-09-26 02:32:00";75190,9
"869255";"27:11:2";"Exp60_191_IS22294";"Exp60_191_IS22294";NA;"2023-09-26 02:46:00";75191,2
"869256";"27:11:2";"Exp60_191_IS22294";"Exp60_191_IS22294";NA;"2023-09-26 03:02:00";75189,7
"869257";"27:11:2";"Exp60_191_IS22294";"Exp60_191_IS22294";NA;"2023-09-26 03:16:00";75189,3
"869258";"27:11:2";"Exp60_191_IS22294";"Exp60_191_IS22294";NA;"2023-09-26 03:32:00";75188,5
"869259";"27:11:2";"Exp60_191_IS22294";"Exp60_191_IS22294";NA;"2023-09-26 03:46:00";75187,3
"869260";"27:11:2";"Exp60_191_IS22294";"Exp60_191_IS22294";NA;"2023-09-26 04:02:00";75186
"869261";"27:11:2";"Exp60_191_IS22294";"Exp60_191_IS22294";NA;"2023-09-26 04:16:00";75184,1
"869262";"27:11:2";"Exp60_191_IS22294";"Exp60_191_IS22294";NA;"2023-09-26 04:32:00";75183
"869263";"27:11:2";"Exp60_191_IS22294";"Exp60_191_IS22294";NA;"2023-09-26 04:46:00";75181,5
"869264";"27:11:2";"Exp60_191_IS22294";"Exp60_191_IS22294";NA;"2023-09-26 05:02:00";75180,7
"869265";"27:11:2";"Exp60_191_IS22294";"Exp60_191_IS22294";NA;"2023-09-26 05:16:00";75179,2
"869266";"27:11:2";"Exp60_191_IS22294";"Exp60_191_IS22294";NA;"2023-09-26 05:32:00";75178,9
"869267";"27:11:2";"Exp60_191_IS22294";"Exp60_191_IS22294";NA;"2023-09-26 05:46:00";75176,8
"869268";"27:11:2";"Exp60_191_IS22294";"Exp60_191_IS22294";NA;"2023-09-26 06:02:00";75175,7
"869269";"27:11:2";"Exp60_191_IS22294";"Exp60_191_IS22294";NA;"2023-09-26 06:16:00";75174
"869270";"27:11:2";"Exp60_191_IS22294";"Exp60_191_IS22294";NA;"2023-09-26 06:32:00";75172,2
"869271";"27:11:2";"Exp60_191_IS22294";"Exp60_191_IS22294";NA;"2023-09-26 06:46:00";75168,2
"869272";"27:11:2";"Exp60_191_IS22294";"Exp60_191_IS22294";NA;"2023-09-26 07:02:00";75166,3
"869273";"27:11:2";"Exp60_191_IS22294";"Exp60_191_IS22294";NA;"2023-09-26 07:16:00";75165,4
"869274";"27:11:2";"Exp60_191_IS22294";"Exp60_191_IS22294";NA;"2023-09-26 07:47:00";75160,3
"869275";"27:11:2";"Exp60_191_IS22294";"Exp60_191_IS22294";NA;"2023-09-26 08:01:00";75156,5
"869276";"27:11:2";"Exp60_191_IS22294";"Exp60_191_IS22294";NA;"2023-09-26 08:17:00";75155,9
"869277";"27:11:2";"Exp60_191_IS22294";"Exp60_191_IS22294";NA;"2023-09-26 08:31:00";75150,9
"869278";"27:11:2";"Exp60_191_IS22294";"Exp60_191_IS22294";NA;"2023-09-26 09:02:00";75142,6
"869279";"27:11:2";"Exp60_191_IS22294";"Exp60_191_IS22294";NA;"2023-09-26 09:16:00";75134
"869280";"27:11:2";"Exp60_191_IS22294";"Exp60_191_IS22294";NA;"2023-09-26 09:32:00";75129,2
"869281";"27:11:2";"Exp60_191_IS22294";"Exp60_191_IS22294";NA;"2023-09-26 09:46:00";75119,4
"869282";"27:11:2";"Exp60_191_IS22294";"Exp60_191_IS22294";NA;"2023-09-26 10:02:00";75117,7
"869283";"27:11:2";"Exp60_191_IS22294";"Exp60_191_IS22294";NA;"2023-09-26 10:16:00";75102,9
"869284";"27:11:2";"Exp60_191_IS22294";"Exp60_191_IS22294";NA;"2023-09-26 10:32:00";75100,8
"869285";"27:11:2";"Exp60_191_IS22294";"Exp60_191_IS22294";NA;"2023-09-26 10:46:00";75084,6
"869286";"27:11:2";"Exp60_191_IS22294";"Exp60_191_IS22294";NA;"2023-09-26 11:02:00";75075,9
"869287";"27:11:2";"Exp60_191_IS22294";"Exp60_191_IS22294";NA;"2023-09-26 11:16:00";75060,6
"869288";"27:11:2";"Exp60_191_IS22294";"Exp60_191_IS22294";NA;"2023-09-26 11:47:00";75018
"869289";"27:11:2";"Exp60_191_IS22294";"Exp60_191_IS22294";NA;"2023-09-26 12:01:00";75011,6
"869290";"27:11:2";"Exp60_191_IS22294";"Exp60_191_IS22294";NA;"2023-09-26 12:17:00";74995,4
"869291";"27:11:2";"Exp60_191_IS22294";"Exp60_191_IS22294";NA;"2023-09-26 12:31:00";74975,4
"869292";"27:11:2";"Exp60_191_IS22294";"Exp60_191_IS22294";NA;"2023-09-26 12:47:00";74954,1
"869293";"27:11:2";"Exp60_191_IS22294";"Exp60_191_IS22294";NA;"2023-09-26 13:01:00";74957,5
"869294";"27:11:2";"Exp60_191_IS22294";"Exp60_191_IS22294";NA;"2023-09-26 13:32:00";74926,8
"869295";"27:11:2";"Exp60_191_IS22294";"Exp60_191_IS22294";NA;"2023-09-26 13:46:00";74913,1
"869296";"27:11:2";"Exp60_191_IS22294";"Exp60_191_IS22294";NA;"2023-09-26 14:02:00";74908
"869297";"27:11:2";"Exp60_191_IS22294";"Exp60_191_IS22294";NA;"2023-09-26 14:16:00";74883,4
"869298";"27:11:2";"Exp60_191_IS22294";"Exp60_191_IS22294";NA;"2023-09-26 14:32:00";74869
"869299";"27:11:2";"Exp60_191_IS22294";"Exp60_191_IS22294";NA;"2023-09-26 14:46:00";74862,5
"869300";"27:11:2";"Exp60_191_IS22294";"Exp60_191_IS22294";NA;"2023-09-26 15:02:00";74848,5
"869301";"27:11:2";"Exp60_191_IS22294";"Exp60_191_IS22294";NA;"2023-09-26 15:16:00";74840,5
"869302";"27:11:2";"Exp60_191_IS22294";"Exp60_191_IS22294";NA;"2023-09-26 15:32:00";74828,9
"869303";"27:11:2";"Exp60_191_IS22294";"Exp60_191_IS22294";NA;"2023-09-26 15:46:00";74889,5
"869304";"27:11:2";"Exp60_191_IS22294";"Exp60_191_IS22294";NA;"2023-09-26 16:02:00";75634,3
"869305";"27:11:2";"Exp60_191_IS22294";"Exp60_191_IS22294";NA;"2023-09-26 16:16:00";76093,6
"869306";"27:11:2";"Exp60_191_IS22294";"Exp60_191_IS22294";NA;"2023-09-26 22:01:00";75994,6
"869307";"27:11:2";"Exp60_191_IS22294";"Exp60_191_IS22294";NA;"2023-09-26 22:17:00";75994,1
"869308";"27:11:2";"Exp60_191_IS22294";"Exp60_191_IS22294";NA;"2023-09-26 22:31:00";75992,5
"869309";"27:11:2";"Exp60_191_IS22294";"Exp60_191_IS22294";NA;"2023-09-26 22:47:00";75987,8
"869310";"27:11:2";"Exp60_191_IS22294";"Exp60_191_IS22294";NA;"2023-09-26 23:01:00";75987,9
"869311";"27:11:2";"Exp60_191_IS22294";"Exp60_191_IS22294";NA;"2023-09-26 23:17:00";75987,6
"869312";"27:11:2";"Exp60_191_IS22294";"Exp60_191_IS22294";NA;"2023-09-26 23:31:00";75985,8
"869313";"27:11:2";"Exp60_191_IS22294";"Exp60_191_IS22294";NA;"2023-09-26 23:47:00";75987,1
"869314";"27:11:2";"Exp60_191_IS22294";"Exp60_191_IS22294";NA;"2023-09-27 00:31:00";75978,8
"869315";"27:11:2";"Exp60_191_IS22294";"Exp60_191_IS22294";NA;"2023-09-27 00:47:00";75978,9
"869316";"27:11:2";"Exp60_191_IS22294";"Exp60_191_IS22294";NA;"2023-09-27 01:01:00";75981,7
"869317";"27:11:2";"Exp60_191_IS22294";"Exp60_191_IS22294";NA;"2023-09-27 01:17:00";75980,1
"869318";"27:11:2";"Exp60_191_IS22294";"Exp60_191_IS22294";NA;"2023-09-27 01:31:00";75978,7
"869319";"27:11:2";"Exp60_191_IS22294";"Exp60_191_IS22294";NA;"2023-09-27 01:47:00";75978,7
"869320";"27:11:2";"Exp60_191_IS22294";"Exp60_191_IS22294";NA;"2023-09-27 02:01:00";75976,4
"869321";"27:11:2";"Exp60_191_IS22294";"Exp60_191_IS22294";NA;"2023-09-27 02:17:00";75975
"869322";"27:11:2";"Exp60_191_IS22294";"Exp60_191_IS22294";NA;"2023-09-27 02:31:00";75976
"869323";"27:11:2";"Exp60_191_IS22294";"Exp60_191_IS22294";NA;"2023-09-27 02:47:00";75977,7
"869324";"27:11:2";"Exp60_191_IS22294";"Exp60_191_IS22294";NA;"2023-09-27 03:01:00";75976,4
"869325";"27:11:2";"Exp60_191_IS22294";"Exp60_191_IS22294";NA;"2023-09-27 03:17:00";75975,7
"869326";"27:11:2";"Exp60_191_IS22294";"Exp60_191_IS22294";NA;"2023-09-27 03:31:00";75976,9
"869327";"27:11:2";"Exp60_191_IS22294";"Exp60_191_IS22294";NA;"2023-09-27 03:47:00";75974,2
"869328";"27:11:2";"Exp60_191_IS22294";"Exp60_191_IS22294";NA;"2023-09-27 04:01:00";75975,4
"869329";"27:11:2";"Exp60_191_IS22294";"Exp60_191_IS22294";NA;"2023-09-27 04:17:00";75971,6
"869330";"27:11:2";"Exp60_191_IS22294";"Exp60_191_IS22294";NA;"2023-09-27 04:31:00";75970,5
"869331";"27:11:2";"Exp60_191_IS22294";"Exp60_191_IS22294";NA;"2023-09-27 04:47:00";75971,5
"869332";"27:11:2";"Exp60_191_IS22294";"Exp60_191_IS22294";NA;"2023-09-27 05:01:00";75971,9
"869333";"27:11:2";"Exp60_191_IS22294";"Exp60_191_IS22294";NA;"2023-09-27 05:17:00";75971,6
"869334";"27:11:2";"Exp60_191_IS22294";"Exp60_191_IS22294";NA;"2023-09-27 05:31:00";75971
"869335";"27:11:2";"Exp60_191_IS22294";"Exp60_191_IS22294";NA;"2023-09-27 05:47:00";75971,1
"869336";"27:11:2";"Exp60_191_IS22294";"Exp60_191_IS22294";NA;"2023-09-27 06:01:00";75970,1
"869337";"27:11:2";"Exp60_191_IS22294";"Exp60_191_IS22294";NA;"2023-09-27 06:17:00";75970,6
"869338";"27:11:2";"Exp60_191_IS22294";"Exp60_191_IS22294";NA;"2023-09-27 06:31:00";75968,6
"869339";"27:11:2";"Exp60_191_IS22294";"Exp60_191_IS22294";NA;"2023-09-27 06:47:00";75968,5
"869340";"27:11:2";"Exp60_191_IS22294";"Exp60_191_IS22294";NA;"2023-09-27 07:01:00";75966,4
"869341";"27:11:2";"Exp60_191_IS22294";"Exp60_191_IS22294";NA;"2023-09-27 07:32:00";75960,3
"869342";"27:11:2";"Exp60_191_IS22294";"Exp60_191_IS22294";NA;"2023-09-27 07:46:00";75955,9
"869343";"27:11:2";"Exp60_191_IS22294";"Exp60_191_IS22294";NA;"2023-09-27 08:02:00";75953,5
"869344";"27:11:2";"Exp60_191_IS22294";"Exp60_191_IS22294";NA;"2023-09-27 08:16:00";75942
"869345";"27:11:2";"Exp60_191_IS22294";"Exp60_191_IS22294";NA;"2023-09-27 08:32:00";75934,7
"869346";"27:11:2";"Exp60_191_IS22294";"Exp60_191_IS22294";NA;"2023-09-27 08:46:00";75922,9
"869347";"27:11:2";"Exp60_191_IS22294";"Exp60_191_IS22294";NA;"2023-09-27 09:02:00";75905,7
"869348";"27:11:2";"Exp60_191_IS22294";"Exp60_191_IS22294";NA;"2023-09-27 09:16:00";75898,4
"869349";"27:11:2";"Exp60_191_IS22294";"Exp60_191_IS22294";NA;"2023-09-27 15:46:00";76303
"869350";"27:11:2";"Exp60_191_IS22294";"Exp60_191_IS22294";NA;"2023-09-27 16:02:00";77060,7
"869351";"27:11:2";"Exp60_191_IS22294";"Exp60_191_IS22294";NA;"2023-09-27 16:16:00";77275,6
"869352";"27:11:2";"Exp60_191_IS22294";"Exp60_191_IS22294";NA;"2023-09-27 16:32:00";77097
"869353";"27:11:2";"Exp60_191_IS22294";"Exp60_191_IS22294";NA;"2023-09-27 16:46:00";76970,1
"869354";"27:11:2";"Exp60_191_IS22294";"Exp60_191_IS22294";NA;"2023-09-27 17:17:00";76774,8
"869355";"27:11:2";"Exp60_191_IS22294";"Exp60_191_IS22294";NA;"2023-09-27 17:31:00";76711,4
"869356";"27:11:2";"Exp60_191_IS22294";"Exp60_191_IS22294";NA;"2023-09-27 17:47:00";76646,4
"869357";"27:11:2";"Exp60_191_IS22294";"Exp60_191_IS22294";NA;"2023-09-27 18:01:00";76600
"869358";"27:11:2";"Exp60_191_IS22294";"Exp60_191_IS22294";NA;"2023-09-27 18:17:00";76553,1
"869359";"27:11:2";"Exp60_191_IS22294";"Exp60_191_IS22294";NA;"2023-09-27 18:31:00";76518,7
"869360";"27:11:2";"Exp60_191_IS22294";"Exp60_191_IS22294";NA;"2023-09-27 18:47:00";76496,8
"869361";"27:11:2";"Exp60_191_IS22294";"Exp60_191_IS22294";NA;"2023-09-27 19:01:00";76463,7
"869362";"27:11:2";"Exp60_191_IS22294";"Exp60_191_IS22294";NA;"2023-09-27 19:17:00";76449,8
"869363";"27:11:2";"Exp60_191_IS22294";"Exp60_191_IS22294";NA;"2023-09-27 19:31:00";76443,6
"869364";"27:11:2";"Exp60_191_IS22294";"Exp60_191_IS22294";NA;"2023-09-27 19:47:00";76455,2
"869365";"27:11:2";"Exp60_191_IS22294";"Exp60_191_IS22294";NA;"2023-09-27 20:01:00";76448,9
"869366";"27:11:2";"Exp60_191_IS22294";"Exp60_191_IS22294";NA;"2023-09-27 20:17:00";76448,6
"869367";"27:11:2";"Exp60_191_IS22294";"Exp60_191_IS22294";NA;"2023-09-27 20:31:00";76438,7
"869368";"27:11:2";"Exp60_191_IS22294";"Exp60_191_IS22294";NA;"2023-09-27 20:47:00";76426,6
"869369";"27:11:2";"Exp60_191_IS22294";"Exp60_191_IS22294";NA;"2023-09-27 21:01:00";76415,3
"869370";"27:11:2";"Exp60_191_IS22294";"Exp60_191_IS22294";NA;"2023-09-28 01:31:00";76302,1
"869371";"27:11:2";"Exp60_191_IS22294";"Exp60_191_IS22294";NA;"2023-09-28 01:47:00";76297,6
"869372";"27:11:2";"Exp60_191_IS22294";"Exp60_191_IS22294";NA;"2023-09-28 02:01:00";76295,5
"869373";"27:11:2";"Exp60_191_IS22294";"Exp60_191_IS22294";NA;"2023-09-28 02:17:00";76291,1
"869374";"27:11:2";"Exp60_191_IS22294";"Exp60_191_IS22294";NA;"2023-09-28 02:31:00";76292,6
"869375";"27:11:2";"Exp60_191_IS22294";"Exp60_191_IS22294";NA;"2023-09-28 03:17:00";76290,2
"869376";"27:11:2";"Exp60_191_IS22294";"Exp60_191_IS22294";NA;"2023-09-28 03:31:00";76286,4
"869377";"27:11:2";"Exp60_191_IS22294";"Exp60_191_IS22294";NA;"2023-09-28 03:47:00";76284,4
"869378";"27:11:2";"Exp60_191_IS22294";"Exp60_191_IS22294";NA;"2023-09-28 04:01:00";76284,9
"869379";"27:11:2";"Exp60_191_IS22294";"Exp60_191_IS22294";NA;"2023-09-28 04:17:00";76285,4
"869380";"27:11:2";"Exp60_191_IS22294";"Exp60_191_IS22294";NA;"2023-09-28 04:31:00";76281,6
"869381";"27:11:2";"Exp60_191_IS22294";"Exp60_191_IS22294";NA;"2023-09-28 04:47:00";76281,6
"869382";"27:11:2";"Exp60_191_IS22294";"Exp60_191_IS22294";NA;"2023-09-28 05:01:00";76283,8
"869383";"27:11:2";"Exp60_191_IS22294";"Exp60_191_IS22294";NA;"2023-09-28 05:17:00";76281,5
"869384";"27:11:2";"Exp60_191_IS22294";"Exp60_191_IS22294";NA;"2023-09-28 05:31:00";76283,4
"869385";"27:11:2";"Exp60_191_IS22294";"Exp60_191_IS22294";NA;"2023-09-28 05:47:00";76280
"869386";"27:11:2";"Exp60_191_IS22294";"Exp60_191_IS22294";NA;"2023-09-28 06:01:00";76280
"869387";"27:11:2";"Exp60_191_IS22294";"Exp60_191_IS22294";NA;"2023-09-28 06:17:00";76277,7
"869388";"27:11:2";"Exp60_191_IS22294";"Exp60_191_IS22294";NA;"2023-09-28 07:16:00";76258,3
"869389";"27:11:2";"Exp60_191_IS22294";"Exp60_191_IS22294";NA;"2023-09-28 07:32:00";76249,7
"869390";"27:11:2";"Exp60_191_IS22294";"Exp60_191_IS22294";NA;"2023-09-28 08:16:00";76212,1
"869391";"27:11:2";"Exp60_191_IS22294";"Exp60_191_IS22294";NA;"2023-09-28 08:47:00";76200,4
"869392";"27:11:2";"Exp60_191_IS22294";"Exp60_191_IS22294";NA;"2023-09-28 09:01:00";76172,9
"869393";"27:11:2";"Exp60_191_IS22294";"Exp60_191_IS22294";NA;"2023-09-28 16:16:00";75657
"869394";"27:11:2";"Exp60_191_IS22294";"Exp60_191_IS22294";NA;"2023-09-28 16:47:00";75646,3
"869395";"27:11:2";"Exp60_191_IS22294";"Exp60_191_IS22294";NA;"2023-09-28 17:01:00";75640,5
"869396";"27:11:2";"Exp60_191_IS22294";"Exp60_191_IS22294";NA;"2023-09-28 17:17:00";75640,3
"869397";"27:11:2";"Exp60_191_IS22294";"Exp60_191_IS22294";NA;"2023-09-28 17:31:00";75624,1
"869398";"27:11:2";"Exp60_191_IS22294";"Exp60_191_IS22294";NA;"2023-09-28 18:02:00";75621,1
"869399";"27:11:2";"Exp60_191_IS22294";"Exp60_191_IS22294";NA;"2023-09-28 18:16:00";75686,6
"869400";"27:11:2";"Exp60_191_IS22294";"Exp60_191_IS22294";NA;"2023-09-28 18:32:00";75770,2
"869401";"27:11:2";"Exp60_191_IS22294";"Exp60_191_IS22294";NA;"2023-09-28 18:46:00";75784,4
"869402";"27:11:2";"Exp60_191_IS22294";"Exp60_191_IS22294";NA;"2023-09-28 19:02:00";75778,5
"869403";"27:11:2";"Exp60_191_IS22294";"Exp60_191_IS22294";NA;"2023-09-28 19:16:00";75776
"869404";"27:11:2";"Exp60_191_IS22294";"Exp60_191_IS22294";NA;"2023-09-28 19:32:00";75769,6
"869405";"27:11:2";"Exp60_191_IS22294";"Exp60_191_IS22294";NA;"2023-09-28 19:46:00";75765,6
"869406";"27:11:2";"Exp60_191_IS22294";"Exp60_191_IS22294";NA;"2023-09-28 20:02:00";75762,7
"869407";"27:11:2";"Exp60_191_IS22294";"Exp60_191_IS22294";NA;"2023-09-28 20:16:00";75756,2
"869408";"27:11:2";"Exp60_191_IS22294";"Exp60_191_IS22294";NA;"2023-09-28 20:32:00";75755,1
"869409";"27:11:2";"Exp60_191_IS22294";"Exp60_191_IS22294";NA;"2023-09-28 20:46:00";75747,8
"869410";"27:11:2";"Exp60_191_IS22294";"Exp60_191_IS22294";NA;"2023-09-28 21:02:00";75745,8
"869411";"27:11:2";"Exp60_191_IS22294";"Exp60_191_IS22294";NA;"2023-09-28 21:16:00";75741,6
"869412";"27:11:2";"Exp60_191_IS22294";"Exp60_191_IS22294";NA;"2023-09-28 21:32:00";75739,4
"869413";"27:11:2";"Exp60_191_IS22294";"Exp60_191_IS22294";NA;"2023-09-28 21:46:00";75737,3
"869414";"27:11:2";"Exp60_191_IS22294";"Exp60_191_IS22294";NA;"2023-09-28 22:17:00";75731
"869415";"27:11:2";"Exp60_191_IS22294";"Exp60_191_IS22294";NA;"2023-09-28 22:31:00";75728,8
"869416";"27:11:2";"Exp60_191_IS22294";"Exp60_191_IS22294";NA;"2023-09-28 22:47:00";75726,2
"869417";"27:11:2";"Exp60_191_IS22294";"Exp60_191_IS22294";NA;"2023-09-28 23:01:00";75726,8
"869418";"27:11:2";"Exp60_191_IS22294";"Exp60_191_IS22294";NA;"2023-09-28 23:17:00";75722,9
"869419";"27:11:2";"Exp60_191_IS22294";"Exp60_191_IS22294";NA;"2023-09-28 23:31:00";75721,9
"869420";"27:11:2";"Exp60_191_IS22294";"Exp60_191_IS22294";NA;"2023-09-29 00:17:00";75718,7
"869421";"27:11:2";"Exp60_191_IS22294";"Exp60_191_IS22294";NA;"2023-09-29 00:31:00";75718,6
"869422";"27:11:2";"Exp60_191_IS22294";"Exp60_191_IS22294";NA;"2023-09-29 00:47:00";75717,8
"869423";"27:11:2";"Exp60_191_IS22294";"Exp60_191_IS22294";NA;"2023-09-29 01:01:00";75714,1
"869424";"27:11:2";"Exp60_191_IS22294";"Exp60_191_IS22294";NA;"2023-09-29 01:17:00";75713,8
"869425";"27:11:2";"Exp60_191_IS22294";"Exp60_191_IS22294";NA;"2023-09-29 01:31:00";75714,5
"869426";"27:11:2";"Exp60_191_IS22294";"Exp60_191_IS22294";NA;"2023-09-29 01:47:00";75711,5
"869427";"27:11:2";"Exp60_191_IS22294";"Exp60_191_IS22294";NA;"2023-09-29 02:01:00";75711,5
"869428";"27:11:2";"Exp60_191_IS22294";"Exp60_191_IS22294";NA;"2023-09-29 02:17:00";75713
"869429";"27:11:2";"Exp60_191_IS22294";"Exp60_191_IS22294";NA;"2023-09-29 02:31:00";75710
"869430";"27:11:2";"Exp60_191_IS22294";"Exp60_191_IS22294";NA;"2023-09-29 02:47:00";75708,3
"869431";"27:11:2";"Exp60_191_IS22294";"Exp60_191_IS22294";NA;"2023-09-29 03:01:00";75708
"869432";"27:11:2";"Exp60_191_IS22294";"Exp60_191_IS22294";NA;"2023-09-29 03:47:00";75709,3
"869433";"27:11:2";"Exp60_191_IS22294";"Exp60_191_IS22294";NA;"2023-09-29 04:01:00";75708,7
"869434";"27:11:2";"Exp60_191_IS22294";"Exp60_191_IS22294";NA;"2023-09-29 04:17:00";75710,5
"869435";"27:11:2";"Exp60_191_IS22294";"Exp60_191_IS22294";NA;"2023-09-29 04:31:00";75709,4
"869436";"27:11:2";"Exp60_191_IS22294";"Exp60_191_IS22294";NA;"2023-09-29 12:31:00";75467,6
"869437";"27:11:2";"Exp60_191_IS22294";"Exp60_191_IS22294";NA;"2023-09-29 18:46:00";75267,7
"869438";"27:11:2";"Exp60_191_IS22294";"Exp60_191_IS22294";NA;"2023-09-29 19:17:00";75259,1
"869439";"27:11:2";"Exp60_191_IS22294";"Exp60_191_IS22294";NA;"2023-09-29 19:31:00";75255,3
"869440";"27:11:2";"Exp60_191_IS22294";"Exp60_191_IS22294";NA;"2023-09-29 19:47:00";75250,1
"869441";"27:11:2";"Exp60_191_IS22294";"Exp60_191_IS22294";NA;"2023-09-29 20:01:00";75253,6
"869442";"27:11:2";"Exp60_191_IS22294";"Exp60_191_IS22294";NA;"2023-09-29 20:17:00";75251,2
"869443";"27:11:2";"Exp60_191_IS22294";"Exp60_191_IS22294";NA;"2023-09-29 20:31:00";75249
"869444";"27:11:2";"Exp60_191_IS22294";"Exp60_191_IS22294";NA;"2023-09-29 21:02:00";75244,8
"869445";"27:11:2";"Exp60_191_IS22294";"Exp60_191_IS22294";NA;"2023-09-29 21:16:00";75246,9
"869446";"27:11:2";"Exp60_191_IS22294";"Exp60_191_IS22294";NA;"2023-09-29 21:32:00";75244
"869447";"27:11:2";"Exp60_191_IS22294";"Exp60_191_IS22294";NA;"2023-09-29 21:46:00";75242,5
"869448";"27:11:2";"Exp60_191_IS22294";"Exp60_191_IS22294";NA;"2023-09-29 22:02:00";75241,6
"869449";"27:11:2";"Exp60_191_IS22294";"Exp60_191_IS22294";NA;"2023-09-29 22:16:00";75240,8
"869450";"27:11:2";"Exp60_191_IS22294";"Exp60_191_IS22294";NA;"2023-09-29 22:32:00";75239
"869451";"27:11:2";"Exp60_191_IS22294";"Exp60_191_IS22294";NA;"2023-09-29 22:46:00";75237,3
"869452";"27:11:2";"Exp60_191_IS22294";"Exp60_191_IS22294";NA;"2023-09-29 23:02:00";75237,3
"869453";"27:11:2";"Exp60_191_IS22294";"Exp60_191_IS22294";NA;"2023-09-29 23:16:00";75237,2
"869454";"27:11:2";"Exp60_191_IS22294";"Exp60_191_IS22294";NA;"2023-09-29 23:32:00";75234,7
"869455";"27:11:2";"Exp60_191_IS22294";"Exp60_191_IS22294";NA;"2023-09-29 23:46:00";75234,2
"869456";"27:11:2";"Exp60_191_IS22294";"Exp60_191_IS22294";NA;"2023-09-30 00:02:00";75233,9
"869457";"27:11:2";"Exp60_191_IS22294";"Exp60_191_IS22294";NA;"2023-09-30 00:16:00";75233,4
"869458";"27:11:2";"Exp60_191_IS22294";"Exp60_191_IS22294";NA;"2023-09-30 00:32:00";75231,2
"869459";"27:11:2";"Exp60_191_IS22294";"Exp60_191_IS22294";NA;"2023-09-30 00:46:00";75234,5
"869460";"27:11:2";"Exp60_191_IS22294";"Exp60_191_IS22294";NA;"2023-09-30 01:02:00";75233,1
"869461";"27:11:2";"Exp60_191_IS22294";"Exp60_191_IS22294";NA;"2023-09-30 01:16:00";75230,9
"869462";"27:11:2";"Exp60_191_IS22294";"Exp60_191_IS22294";NA;"2023-09-30 01:32:00";75230,6
"869463";"27:11:2";"Exp60_191_IS22294";"Exp60_191_IS22294";NA;"2023-09-30 01:46:00";75368,6
"869464";"27:11:2";"Exp60_191_IS22294";"Exp60_191_IS22294";NA;"2023-09-30 08:46:00";75378,8
"869465";"27:11:2";"Exp60_191_IS22294";"Exp60_191_IS22294";NA;"2023-09-30 09:02:00";75358,8
"869466";"27:11:2";"Exp60_191_IS22294";"Exp60_191_IS22294";NA;"2023-09-30 09:16:00";75340,8
"869467";"27:11:2";"Exp60_191_IS22294";"Exp60_191_IS22294";NA;"2023-09-30 09:32:00";75316,9
"869468";"27:11:2";"Exp60_191_IS22294";"Exp60_191_IS22294";NA;"2023-09-30 09:46:00";75297,1
"869469";"27:11:2";"Exp60_191_IS22294";"Exp60_191_IS22294";NA;"2023-09-30 10:02:00";75280,7
"869470";"27:11:2";"Exp60_191_IS22294";"Exp60_191_IS22294";NA;"2023-09-30 10:16:00";75271,3
"869471";"27:11:2";"Exp60_191_IS22294";"Exp60_191_IS22294";NA;"2023-09-30 10:32:00";75249,9
"869472";"27:11:2";"Exp60_191_IS22294";"Exp60_191_IS22294";NA;"2023-09-30 10:46:00";75230,5
"869473";"27:11:2";"Exp60_191_IS22294";"Exp60_191_IS22294";NA;"2023-09-30 11:02:00";75210,5
"869474";"27:11:2";"Exp60_191_IS22294";"Exp60_191_IS22294";NA;"2023-09-30 11:16:00";75182,2
"869475";"27:11:2";"Exp60_191_IS22294";"Exp60_191_IS22294";NA;"2023-09-30 11:32:00";75179,5
"869476";"27:11:2";"Exp60_191_IS22294";"Exp60_191_IS22294";NA;"2023-09-30 11:46:00";75165,5
"869477";"27:11:2";"Exp60_191_IS22294";"Exp60_191_IS22294";NA;"2023-09-30 19:01:00";76557,5
"869478";"27:11:2";"Exp60_191_IS22294";"Exp60_191_IS22294";NA;"2023-09-30 19:17:00";76534,1
"869479";"27:11:2";"Exp60_191_IS22294";"Exp60_191_IS22294";NA;"2023-09-30 19:31:00";76514,9
"869480";"27:11:2";"Exp60_191_IS22294";"Exp60_191_IS22294";NA;"2023-09-30 19:47:00";76498,7
"869481";"27:11:2";"Exp60_191_IS22294";"Exp60_191_IS22294";NA;"2023-09-30 20:01:00";76484,5
"869482";"27:11:2";"Exp60_191_IS22294";"Exp60_191_IS22294";NA;"2023-09-30 20:17:00";76470,4
"869483";"27:11:2";"Exp60_191_IS22294";"Exp60_191_IS22294";NA;"2023-09-30 20:31:00";76458,7
"869484";"27:11:2";"Exp60_191_IS22294";"Exp60_191_IS22294";NA;"2023-09-30 20:47:00";76448,1
"869485";"27:11:2";"Exp60_191_IS22294";"Exp60_191_IS22294";NA;"2023-09-30 21:01:00";76436,6
"869486";"27:11:2";"Exp60_191_IS22294";"Exp60_191_IS22294";NA;"2023-09-30 21:32:00";76419,3
"869487";"27:11:2";"Exp60_191_IS22294";"Exp60_191_IS22294";NA;"2023-09-30 21:46:00";76411
"869488";"27:11:2";"Exp60_191_IS22294";"Exp60_191_IS22294";NA;"2023-09-30 22:02:00";76402,6
"869489";"27:11:2";"Exp60_191_IS22294";"Exp60_191_IS22294";NA;"2023-09-30 22:16:00";76395
"869490";"27:11:2";"Exp60_191_IS22294";"Exp60_191_IS22294";NA;"2023-09-30 22:32:00";76385,9
"869491";"27:11:2";"Exp60_191_IS22294";"Exp60_191_IS22294";NA;"2023-09-30 22:46:00";76383,1
"869492";"27:11:2";"Exp60_191_IS22294";"Exp60_191_IS22294";NA;"2023-09-30 23:02:00";76378,1
"869493";"27:11:2";"Exp60_191_IS22294";"Exp60_191_IS22294";NA;"2023-09-30 23:16:00";76375
"869494";"27:11:2";"Exp60_191_IS22294";"Exp60_191_IS22294";NA;"2023-09-30 23:32:00";76372,1
"869495";"27:11:2";"Exp60_191_IS22294";"Exp60_191_IS22294";NA;"2023-09-30 23:46:00";76369,5
"869496";"27:11:2";"Exp60_191_IS22294";"Exp60_191_IS22294";NA;"2023-10-01 00:02:00";76366,9
"869497";"27:11:2";"Exp60_191_IS22294";"Exp60_191_IS22294";NA;"2023-10-01 00:16:00";76364
"869498";"27:11:2";"Exp60_191_IS22294";"Exp60_191_IS22294";NA;"2023-10-01 00:32:00";76362,1
"869499";"27:11:2";"Exp60_191_IS22294";"Exp60_191_IS22294";NA;"2023-10-01 01:16:00";76355,7
"869500";"27:11:2";"Exp60_191_IS22294";"Exp60_191_IS22294";NA;"2023-10-01 01:32:00";76353,5
"869501";"27:11:2";"Exp60_191_IS22294";"Exp60_191_IS22294";NA;"2023-10-01 01:46:00";76353,5
"869502";"27:11:2";"Exp60_191_IS22294";"Exp60_191_IS22294";NA;"2023-10-01 02:02:00";76352
"869503";"27:11:2";"Exp60_191_IS22294";"Exp60_191_IS22294";NA;"2023-10-01 02:16:00";76350,4
"869504";"27:11:2";"Exp60_191_IS22294";"Exp60_191_IS22294";NA;"2023-10-01 02:32:00";76349,5
"869505";"27:11:2";"Exp60_191_IS22294";"Exp60_191_IS22294";NA;"2023-10-01 02:46:00";76348,1
"869506";"27:11:2";"Exp60_191_IS22294";"Exp60_191_IS22294";NA;"2023-10-01 09:31:00";76231
"869507";"27:11:2";"Exp60_191_IS22294";"Exp60_191_IS22294";NA;"2023-10-01 09:47:00";76201,6
"869508";"27:11:2";"Exp60_191_IS22294";"Exp60_191_IS22294";NA;"2023-10-01 10:01:00";76193,7
"869509";"27:11:2";"Exp60_191_IS22294";"Exp60_191_IS22294";NA;"2023-10-01 10:17:00";76160,1
"869510";"27:11:2";"Exp60_191_IS22294";"Exp60_191_IS22294";NA;"2023-10-01 10:31:00";76135,9
"869511";"27:11:2";"Exp60_191_IS22294";"Exp60_191_IS22294";NA;"2023-10-01 10:47:00";76113,4
"869512";"27:11:2";"Exp60_191_IS22294";"Exp60_191_IS22294";NA;"2023-10-01 11:01:00";76096,4
"869513";"27:11:2";"Exp60_191_IS22294";"Exp60_191_IS22294";NA;"2023-10-01 17:46:00";75729,3
"869514";"27:11:2";"Exp60_191_IS22294";"Exp60_191_IS22294";NA;"2023-10-01 18:02:00";75727
"869515";"27:11:2";"Exp60_191_IS22294";"Exp60_191_IS22294";NA;"2023-10-01 18:16:00";75724,2
"869516";"27:11:2";"Exp60_191_IS22294";"Exp60_191_IS22294";NA;"2023-10-01 18:32:00";75723,5
"869517";"27:11:2";"Exp60_191_IS22294";"Exp60_191_IS22294";NA;"2023-10-01 18:46:00";75719,3
"869518";"27:11:2";"Exp60_191_IS22294";"Exp60_191_IS22294";NA;"2023-10-01 19:02:00";75717,3
"869519";"27:11:2";"Exp60_191_IS22294";"Exp60_191_IS22294";NA;"2023-10-01 19:16:00";75712,7
"869520";"27:11:2";"Exp60_191_IS22294";"Exp60_191_IS22294";NA;"2023-10-01 19:32:00";75712,4
"869521";"27:11:2";"Exp60_191_IS22294";"Exp60_191_IS22294";NA;"2023-10-01 19:46:00";75711,1
"869522";"27:11:2";"Exp60_191_IS22294";"Exp60_191_IS22294";NA;"2023-10-01 20:02:00";75707
"869523";"27:11:2";"Exp60_191_IS22294";"Exp60_191_IS22294";NA;"2023-10-01 20:16:00";75706,2
"869524";"27:11:2";"Exp60_191_IS22294";"Exp60_191_IS22294";NA;"2023-10-01 20:32:00";75707
"869525";"27:11:2";"Exp60_191_IS22294";"Exp60_191_IS22294";NA;"2023-10-01 20:46:00";75702
"869526";"27:11:2";"Exp60_191_IS22294";"Exp60_191_IS22294";NA;"2023-10-01 21:02:00";75700,1
"869527";"27:11:2";"Exp60_191_IS22294";"Exp60_191_IS22294";NA;"2023-10-01 21:16:00";75702,7
"869528";"27:11:2";"Exp60_191_IS22294";"Exp60_191_IS22294";NA;"2023-10-01 21:32:00";75694,8
"869529";"27:11:2";"Exp60_191_IS22294";"Exp60_191_IS22294";NA;"2023-10-01 21:46:00";75697,1
"869530";"27:11:2";"Exp60_191_IS22294";"Exp60_191_IS22294";NA;"2023-10-01 22:02:00";75697
"869531";"27:11:2";"Exp60_191_IS22294";"Exp60_191_IS22294";NA;"2023-10-01 22:16:00";75690,9
"869532";"27:11:2";"Exp60_191_IS22294";"Exp60_191_IS22294";NA;"2023-10-01 22:32:00";75689,3
"869533";"27:11:2";"Exp60_191_IS22294";"Exp60_191_IS22294";NA;"2023-10-01 22:46:00";75688,8
"869534";"27:11:2";"Exp60_191_IS22294";"Exp60_191_IS22294";NA;"2023-10-01 23:17:00";75684,8
"869535";"27:11:2";"Exp60_191_IS22294";"Exp60_191_IS22294";NA;"2023-10-01 23:31:00";75683,3
"869536";"27:11:2";"Exp60_191_IS22294";"Exp60_191_IS22294";NA;"2023-10-02 07:01:00";75652,1
"869537";"27:11:2";"Exp60_191_IS22294";"Exp60_191_IS22294";NA;"2023-10-02 07:17:00";75647,5
"869538";"27:11:2";"Exp60_191_IS22294";"Exp60_191_IS22294";NA;"2023-10-02 07:31:00";75642,2
"869539";"27:11:2";"Exp60_191_IS22294";"Exp60_191_IS22294";NA;"2023-10-02 07:47:00";75636,1
"869540";"27:11:2";"Exp60_191_IS22294";"Exp60_191_IS22294";NA;"2023-10-02 08:01:00";75657,1
"869541";"27:11:2";"Exp60_191_IS22294";"Exp60_191_IS22294";NA;"2023-10-02 08:17:00";75620,6
"869542";"27:11:2";"Exp60_191_IS22294";"Exp60_191_IS22294";NA;"2023-10-02 08:31:00";75617
"869543";"27:11:2";"Exp60_191_IS22294";"Exp60_191_IS22294";NA;"2023-10-02 08:47:00";75607,5
"869544";"27:11:2";"Exp60_191_IS22294";"Exp60_191_IS22294";NA;"2023-10-02 09:01:00";75603,4
"869545";"27:11:2";"Exp60_191_IS22294";"Exp60_191_IS22294";NA;"2023-10-02 09:17:00";75597,1
"869546";"27:11:2";"Exp60_191_IS22294";"Exp60_191_IS22294";NA;"2023-10-02 09:31:00";75587,9
"869547";"27:11:2";"Exp60_191_IS22294";"Exp60_191_IS22294";NA;"2023-10-02 09:47:00";75594
"869548";"27:11:2";"Exp60_191_IS22294";"Exp60_191_IS22294";NA;"2023-10-02 10:01:00";75575,5
"869549";"27:11:2";"Exp60_191_IS22294";"Exp60_191_IS22294";NA;"2023-10-02 10:32:00";75569,5
"869550";"27:11:2";"Exp60_191_IS22294";"Exp60_191_IS22294";NA;"2023-10-02 10:46:00";75565,8
"869551";"27:11:2";"Exp60_191_IS22294";"Exp60_191_IS22294";NA;"2023-10-02 11:17:00";75543,3
"869552";"27:11:2";"Exp60_191_IS22294";"Exp60_191_IS22294";NA;"2023-10-02 11:31:00";75532,1
"869553";"27:11:2";"Exp60_191_IS22294";"Exp60_191_IS22294";NA;"2023-10-02 11:47:00";75518,3
"869554";"27:11:2";"Exp60_191_IS22294";"Exp60_191_IS22294";NA;"2023-10-02 12:01:00";75508,3
"869555";"27:11:2";"Exp60_191_IS22294";"Exp60_191_IS22294";NA;"2023-10-02 12:17:00";75495,7
"869556";"27:11:2";"Exp60_191_IS22294";"Exp60_191_IS22294";NA;"2023-10-02 12:31:00";75484,4
"869557";"27:11:2";"Exp60_191_IS22294";"Exp60_191_IS22294";NA;"2023-10-02 12:47:00";75460
"869558";"27:11:2";"Exp60_191_IS22294";"Exp60_191_IS22294";NA;"2023-10-02 13:01:00";75457,5
"869559";"27:11:2";"Exp60_191_IS22294";"Exp60_191_IS22294";NA;"2023-10-02 13:17:00";75447,6
"869560";"27:11:2";"Exp60_191_IS22294";"Exp60_191_IS22294";NA;"2023-10-02 13:31:00";75437,4
"869561";"27:11:2";"Exp60_191_IS22294";"Exp60_191_IS22294";NA;"2023-10-02 13:47:00";75428
"869562";"27:11:2";"Exp60_191_IS22294";"Exp60_191_IS22294";NA;"2023-10-02 14:01:00";75415,2
"869563";"27:11:2";"Exp60_191_IS22294";"Exp60_191_IS22294";NA;"2023-10-02 14:17:00";75406,4
"869564";"27:11:2";"Exp60_191_IS22294";"Exp60_191_IS22294";NA;"2023-10-02 14:31:00";75401,5
"869565";"27:11:2";"Exp60_191_IS22294";"Exp60_191_IS22294";NA;"2023-10-02 14:47:00";75396
"869566";"27:11:2";"Exp60_191_IS22294";"Exp60_191_IS22294";NA;"2023-10-02 15:01:00";75373,9
"869567";"27:11:2";"Exp60_191_IS22294";"Exp60_191_IS22294";NA;"2023-10-02 15:32:00";75356,9
"869568";"27:11:2";"Exp60_191_IS22294";"Exp60_191_IS22294";NA;"2023-10-02 15:46:00";75348,9
"869569";"27:11:2";"Exp60_191_IS22294";"Exp60_191_IS22294";NA;"2023-10-02 16:02:00";75344,8
"869570";"27:11:2";"Exp60_191_IS22294";"Exp60_191_IS22294";NA;"2023-10-02 16:16:00";75341,2
"869571";"27:11:2";"Exp60_191_IS22294";"Exp60_191_IS22294";NA;"2023-10-02 23:01:00";75306,8
"869572";"27:11:2";"Exp60_191_IS22294";"Exp60_191_IS22294";NA;"2023-10-02 23:17:00";75306,7
"869573";"27:11:2";"Exp60_191_IS22294";"Exp60_191_IS22294";NA;"2023-10-02 23:31:00";75305,4
"869574";"27:11:2";"Exp60_191_IS22294";"Exp60_191_IS22294";NA;"2023-10-02 23:47:00";75307
"869575";"27:11:2";"Exp60_191_IS22294";"Exp60_191_IS22294";NA;"2023-10-03 00:01:00";75304
"869576";"27:11:2";"Exp60_191_IS22294";"Exp60_191_IS22294";NA;"2023-10-03 00:17:00";75303,3
"869577";"27:11:2";"Exp60_191_IS22294";"Exp60_191_IS22294";NA;"2023-10-03 00:31:00";75304
"869578";"27:11:2";"Exp60_191_IS22294";"Exp60_191_IS22294";NA;"2023-10-03 00:47:00";75301,6
"869579";"27:11:2";"Exp60_191_IS22294";"Exp60_191_IS22294";NA;"2023-10-03 01:01:00";75300,1
"869580";"27:11:2";"Exp60_191_IS22294";"Exp60_191_IS22294";NA;"2023-10-03 01:17:00";75300,5
"869581";"27:11:2";"Exp60_191_IS22294";"Exp60_191_IS22294";NA;"2023-10-03 01:31:00";75298,8
"869582";"27:11:2";"Exp60_191_IS22294";"Exp60_191_IS22294";NA;"2023-10-03 01:47:00";75298,5
"869583";"27:11:2";"Exp60_191_IS22294";"Exp60_191_IS22294";NA;"2023-10-03 02:01:00";75293,6
"869584";"27:11:2";"Exp60_191_IS22294";"Exp60_191_IS22294";NA;"2023-10-03 02:17:00";75297,3
"869585";"27:11:2";"Exp60_191_IS22294";"Exp60_191_IS22294";NA;"2023-10-03 02:31:00";75296,2
"869586";"27:11:2";"Exp60_191_IS22294";"Exp60_191_IS22294";NA;"2023-10-03 03:47:00";75291,4
"869587";"27:11:2";"Exp60_191_IS22294";"Exp60_191_IS22294";NA;"2023-10-03 04:01:00";75291,1
"869588";"27:11:2";"Exp60_191_IS22294";"Exp60_191_IS22294";NA;"2023-10-03 04:17:00";75289,9
"869589";"27:11:2";"Exp60_191_IS22294";"Exp60_191_IS22294";NA;"2023-10-03 04:31:00";75287,9
"869590";"27:11:2";"Exp60_191_IS22294";"Exp60_191_IS22294";NA;"2023-10-03 04:47:00";75285,9
"869591";"27:11:2";"Exp60_191_IS22294";"Exp60_191_IS22294";NA;"2023-10-03 05:01:00";75284,9
"869592";"27:11:2";"Exp60_191_IS22294";"Exp60_191_IS22294";NA;"2023-10-03 05:17:00";75281,6
"869593";"27:11:2";"Exp60_191_IS22294";"Exp60_191_IS22294";NA;"2023-10-03 06:01:00";75282,1
"869594";"27:11:2";"Exp60_191_IS22294";"Exp60_191_IS22294";NA;"2023-10-03 06:17:00";75282,7
"869595";"27:11:2";"Exp60_191_IS22294";"Exp60_191_IS22294";NA;"2023-10-03 06:31:00";75281,1
"869596";"27:11:2";"Exp60_191_IS22294";"Exp60_191_IS22294";NA;"2023-10-03 06:47:00";75283,4
"869597";"27:11:2";"Exp60_191_IS22294";"Exp60_191_IS22294";NA;"2023-10-03 07:01:00";75277
"869598";"27:11:2";"Exp60_191_IS22294";"Exp60_191_IS22294";NA;"2023-10-03 07:17:00";75274,5
"869599";"27:11:2";"Exp60_191_IS22294";"Exp60_191_IS22294";NA;"2023-10-03 07:31:00";75272,3
"869600";"27:11:2";"Exp60_191_IS22294";"Exp60_191_IS22294";NA;"2023-10-03 08:02:00";75252,1
"869601";"27:11:2";"Exp60_191_IS22294";"Exp60_191_IS22294";NA;"2023-10-03 08:16:00";75253,1
"869602";"27:11:2";"Exp60_191_IS22294";"Exp60_191_IS22294";NA;"2023-10-03 08:32:00";75231,9
"869603";"27:11:2";"Exp60_191_IS22294";"Exp60_191_IS22294";NA;"2023-10-03 08:46:00";75224,3
"869604";"27:11:2";"Exp60_191_IS22294";"Exp60_191_IS22294";NA;"2023-10-03 15:16:00";74863
"869605";"27:11:2";"Exp60_191_IS22294";"Exp60_191_IS22294";NA;"2023-10-03 21:16:00";76125,1
"869606";"27:11:2";"Exp60_191_IS22294";"Exp60_191_IS22294";NA;"2023-10-03 22:02:00";76118,5
"869607";"27:11:2";"Exp60_191_IS22294";"Exp60_191_IS22294";NA;"2023-10-03 22:16:00";76116,4
"869608";"27:11:2";"Exp60_191_IS22294";"Exp60_191_IS22294";NA;"2023-10-03 22:32:00";76115,8
"869609";"27:11:2";"Exp60_191_IS22294";"Exp60_191_IS22294";NA;"2023-10-03 22:46:00";76113,1
"869610";"27:11:2";"Exp60_191_IS22294";"Exp60_191_IS22294";NA;"2023-10-03 23:17:00";76110,4
"869611";"27:11:2";"Exp60_191_IS22294";"Exp60_191_IS22294";NA;"2023-10-03 23:31:00";76108,5
"869612";"27:11:2";"Exp60_191_IS22294";"Exp60_191_IS22294";NA;"2023-10-03 23:47:00";76106,8
"869613";"27:11:2";"Exp60_191_IS22294";"Exp60_191_IS22294";NA;"2023-10-04 00:16:00";76103,5
"869614";"27:11:2";"Exp60_191_IS22294";"Exp60_191_IS22294";NA;"2023-10-04 00:32:00";76102
"869615";"27:11:2";"Exp60_191_IS22294";"Exp60_191_IS22294";NA;"2023-10-04 00:46:00";76100,8
"869616";"27:11:2";"Exp60_191_IS22294";"Exp60_191_IS22294";NA;"2023-10-04 01:02:00";76098,9
"869617";"27:11:2";"Exp60_191_IS22294";"Exp60_191_IS22294";NA;"2023-10-04 01:16:00";76097,7
"869618";"27:11:2";"Exp60_191_IS22294";"Exp60_191_IS22294";NA;"2023-10-04 01:32:00";76097,5
"869619";"27:11:2";"Exp60_191_IS22294";"Exp60_191_IS22294";NA;"2023-10-04 01:46:00";76095,2
"869620";"27:11:2";"Exp60_191_IS22294";"Exp60_191_IS22294";NA;"2023-10-04 02:02:00";76093,7
"869621";"27:11:2";"Exp60_191_IS22294";"Exp60_191_IS22294";NA;"2023-10-04 02:16:00";76093,7
"869622";"27:11:2";"Exp60_191_IS22294";"Exp60_191_IS22294";NA;"2023-10-04 02:32:00";76092,3
"869623";"27:11:2";"Exp60_191_IS22294";"Exp60_191_IS22294";NA;"2023-10-04 02:46:00";76091,7
"869624";"27:11:2";"Exp60_191_IS22294";"Exp60_191_IS22294";NA;"2023-10-04 03:17:00";76090,3
"869625";"27:11:2";"Exp60_191_IS22294";"Exp60_191_IS22294";NA;"2023-10-04 03:31:00";76089
"869626";"27:11:2";"Exp60_191_IS22294";"Exp60_191_IS22294";NA;"2023-10-04 03:47:00";76086,5
"869627";"27:11:2";"Exp60_191_IS22294";"Exp60_191_IS22294";NA;"2023-10-04 04:01:00";76085,3
"869628";"27:11:2";"Exp60_191_IS22294";"Exp60_191_IS22294";NA;"2023-10-04 04:32:00";76082,5
"869629";"27:11:2";"Exp60_191_IS22294";"Exp60_191_IS22294";NA;"2023-10-04 04:46:00";76082,5
"869630";"27:11:2";"Exp60_191_IS22294";"Exp60_191_IS22294";NA;"2023-10-04 05:02:00";76081,1
"869631";"27:11:2";"Exp60_191_IS22294";"Exp60_191_IS22294";NA;"2023-10-04 05:16:00";76080,9
"869632";"27:11:2";"Exp60_191_IS22294";"Exp60_191_IS22294";NA;"2023-10-04 05:32:00";76079,9
"869633";"27:11:2";"Exp60_191_IS22294";"Exp60_191_IS22294";NA;"2023-10-04 05:46:00";76080,1
"869634";"27:11:2";"Exp60_191_IS22294";"Exp60_191_IS22294";NA;"2023-10-04 06:32:00";76076,8
"869635";"27:11:2";"Exp60_191_IS22294";"Exp60_191_IS22294";NA;"2023-10-04 06:46:00";76076,2
"869636";"27:11:2";"Exp60_191_IS22294";"Exp60_191_IS22294";NA;"2023-10-04 07:17:00";76068,2
"869637";"27:11:2";"Exp60_191_IS22294";"Exp60_191_IS22294";NA;"2023-10-04 07:31:00";76064,2
"869638";"27:11:2";"Exp60_191_IS22294";"Exp60_191_IS22294";NA;"2023-10-04 07:47:00";76055,1
"869639";"27:11:2";"Exp60_191_IS22294";"Exp60_191_IS22294";NA;"2023-10-04 08:01:00";76045,4
"869640";"27:11:2";"Exp60_191_IS22294";"Exp60_191_IS22294";NA;"2023-10-04 08:17:00";76034,4
"869641";"27:11:2";"Exp60_191_IS22294";"Exp60_191_IS22294";NA;"2023-10-04 08:31:00";76021,1
"869642";"27:11:2";"Exp60_191_IS22294";"Exp60_191_IS22294";NA;"2023-10-04 08:47:00";76009
"869643";"27:11:2";"Exp60_191_IS22294";"Exp60_191_IS22294";NA;"2023-10-04 09:01:00";75990,8
"869644";"27:11:2";"Exp60_191_IS22294";"Exp60_191_IS22294";NA;"2023-10-04 09:17:00";75971,6
"869645";"27:11:2";"Exp60_191_IS22294";"Exp60_191_IS22294";NA;"2023-10-04 09:31:00";75957,7
"869646";"27:11:2";"Exp60_191_IS22294";"Exp60_191_IS22294";NA;"2023-10-04 09:47:00";75933,6
"869647";"27:11:2";"Exp60_191_IS22294";"Exp60_191_IS22294";NA;"2023-10-04 10:01:00";75921,2
"869648";"27:11:2";"Exp60_191_IS22294";"Exp60_191_IS22294";NA;"2023-10-04 10:17:00";75893
"869649";"27:11:2";"Exp60_191_IS22294";"Exp60_191_IS22294";NA;"2023-10-04 10:31:00";75873,8
"869650";"27:11:2";"Exp60_191_IS22294";"Exp60_191_IS22294";NA;"2023-10-04 10:47:00";75853,9
"869651";"27:11:2";"Exp60_191_IS22294";"Exp60_191_IS22294";NA;"2023-10-04 11:01:00";75821,6
"869652";"27:11:2";"Exp60_191_IS22294";"Exp60_191_IS22294";NA;"2023-10-04 11:17:00";75797
"869653";"27:11:2";"Exp60_191_IS22294";"Exp60_191_IS22294";NA;"2023-10-04 11:31:00";75781,9
"869654";"27:11:2";"Exp60_191_IS22294";"Exp60_191_IS22294";NA;"2023-10-04 11:47:00";75760,9
"869655";"27:11:2";"Exp60_191_IS22294";"Exp60_191_IS22294";NA;"2023-10-04 12:01:00";75745,7
"869656";"27:11:2";"Exp60_191_IS22294";"Exp60_191_IS22294";NA;"2023-10-04 12:32:00";75698,3
"869657";"27:11:2";"Exp60_191_IS22294";"Exp60_191_IS22294";NA;"2023-10-04 12:46:00";75682,4
"869658";"27:11:2";"Exp60_191_IS22294";"Exp60_191_IS22294";NA;"2023-10-04 13:02:00";75654,3
"869659";"27:11:2";"Exp60_191_IS22294";"Exp60_191_IS22294";NA;"2023-10-04 13:16:00";75637,1
"869660";"27:11:2";"Exp60_191_IS22294";"Exp60_191_IS22294";NA;"2023-10-04 13:32:00";75620,1
"869661";"27:11:2";"Exp60_191_IS22294";"Exp60_191_IS22294";NA;"2023-10-04 13:46:00";75601,4
"869662";"27:11:2";"Exp60_191_IS22294";"Exp60_191_IS22294";NA;"2023-10-04 21:01:00";75391,1
"869663";"27:11:2";"Exp60_191_IS22294";"Exp60_191_IS22294";NA;"2023-10-05 03:31:00";75371,4
"869664";"27:11:2";"Exp60_191_IS22294";"Exp60_191_IS22294";NA;"2023-10-05 03:47:00";75371,7
"869665";"27:11:2";"Exp60_191_IS22294";"Exp60_191_IS22294";NA;"2023-10-05 04:01:00";75371,2
"869666";"27:11:2";"Exp60_191_IS22294";"Exp60_191_IS22294";NA;"2023-10-05 04:17:00";75369,3
"869667";"27:11:2";"Exp60_191_IS22294";"Exp60_191_IS22294";NA;"2023-10-05 04:31:00";75370,2
"869668";"27:11:2";"Exp60_191_IS22294";"Exp60_191_IS22294";NA;"2023-10-05 04:47:00";75370,2
"869669";"27:11:2";"Exp60_191_IS22294";"Exp60_191_IS22294";NA;"2023-10-05 05:01:00";75370,9
"869670";"27:11:2";"Exp60_191_IS22294";"Exp60_191_IS22294";NA;"2023-10-05 05:17:00";75371,5
"869671";"27:11:2";"Exp60_191_IS22294";"Exp60_191_IS22294";NA;"2023-10-05 05:31:00";75371,5
"869672";"27:11:2";"Exp60_191_IS22294";"Exp60_191_IS22294";NA;"2023-10-05 05:47:00";75372,7
"869673";"27:11:2";"Exp60_191_IS22294";"Exp60_191_IS22294";NA;"2023-10-05 06:01:00";75373,1
"869674";"27:11:2";"Exp60_191_IS22294";"Exp60_191_IS22294";NA;"2023-10-05 06:17:00";75372,4
"869675";"27:11:2";"Exp60_191_IS22294";"Exp60_191_IS22294";NA;"2023-10-05 06:31:00";75372,6
"869676";"27:11:2";"Exp60_191_IS22294";"Exp60_191_IS22294";NA;"2023-10-05 06:47:00";75371
"869677";"27:11:2";"Exp60_191_IS22294";"Exp60_191_IS22294";NA;"2023-10-05 07:01:00";75367,4
"869678";"27:11:2";"Exp60_191_IS22294";"Exp60_191_IS22294";NA;"2023-10-05 07:17:00";75364,3
"869679";"27:11:2";"Exp60_191_IS22294";"Exp60_191_IS22294";NA;"2023-10-05 07:31:00";75359,7
"869680";"27:11:2";"Exp60_191_IS22294";"Exp60_191_IS22294";NA;"2023-10-05 07:47:00";75352,1
"869681";"27:11:2";"Exp60_191_IS22294";"Exp60_191_IS22294";NA;"2023-10-05 08:01:00";75344
"869682";"27:11:2";"Exp60_191_IS22294";"Exp60_191_IS22294";NA;"2023-10-05 08:17:00";75327,1
"869683";"27:11:2";"Exp60_191_IS22294";"Exp60_191_IS22294";NA;"2023-10-05 08:31:00";75319,9
"869684";"27:11:2";"Exp60_191_IS22294";"Exp60_191_IS22294";NA;"2023-10-05 08:47:00";75308
"869685";"27:11:2";"Exp60_191_IS22294";"Exp60_191_IS22294";NA;"2023-10-05 09:01:00";75296,9
"869686";"27:11:2";"Exp60_191_IS22294";"Exp60_191_IS22294";NA;"2023-10-05 09:17:00";75282,1
"869687";"27:11:2";"Exp60_191_IS22294";"Exp60_191_IS22294";NA;"2023-10-05 09:31:00";75269,1
"869688";"27:11:2";"Exp60_191_IS22294";"Exp60_191_IS22294";NA;"2023-10-05 09:47:00";75251,7
"869689";"27:11:2";"Exp60_191_IS22294";"Exp60_191_IS22294";NA;"2023-10-05 10:01:00";75246,5
"869690";"27:11:2";"Exp60_191_IS22294";"Exp60_191_IS22294";NA;"2023-10-05 10:17:00";75223,9
"869691";"27:11:2";"Exp60_191_IS22294";"Exp60_191_IS22294";NA;"2023-10-05 10:31:00";75224,1
"869692";"27:11:2";"Exp60_191_IS22294";"Exp60_191_IS22294";NA;"2023-10-05 10:47:00";75191,9
"869693";"27:11:2";"Exp60_191_IS22294";"Exp60_191_IS22294";NA;"2023-10-05 11:01:00";75176,9
"869694";"27:11:2";"Exp60_191_IS22294";"Exp60_191_IS22294";NA;"2023-10-05 11:17:00";75170,9
"869695";"27:11:2";"Exp60_191_IS22294";"Exp60_191_IS22294";NA;"2023-10-05 11:31:00";75154,8
"869696";"27:11:2";"Exp60_191_IS22294";"Exp60_191_IS22294";NA;"2023-10-05 11:47:00";75136,4
"869697";"27:11:2";"Exp60_191_IS22294";"Exp60_191_IS22294";NA;"2023-10-05 12:01:00";75110,1
"869698";"27:11:2";"Exp60_191_IS22294";"Exp60_191_IS22294";NA;"2023-10-05 18:01:00";74763,3
"869699";"27:11:2";"Exp60_191_IS22294";"Exp60_191_IS22294";NA;"2023-10-05 18:17:00";74762,5
"869700";"27:11:2";"Exp60_191_IS22294";"Exp60_191_IS22294";NA;"2023-10-05 18:31:00";74760,1
"869701";"27:11:2";"Exp60_191_IS22294";"Exp60_191_IS22294";NA;"2023-10-06 00:31:00";74727,2
"869702";"27:11:2";"Exp60_191_IS22294";"Exp60_191_IS22294";NA;"2023-10-06 00:47:00";74725,6
"869703";"27:11:2";"Exp60_191_IS22294";"Exp60_191_IS22294";NA;"2023-10-06 01:01:00";74724,4
"869704";"27:11:2";"Exp60_191_IS22294";"Exp60_191_IS22294";NA;"2023-10-06 01:17:00";74723,5
"869705";"27:11:2";"Exp60_191_IS22294";"Exp60_191_IS22294";NA;"2023-10-06 01:31:00";74723,2
"869706";"27:11:2";"Exp60_191_IS22294";"Exp60_191_IS22294";NA;"2023-10-06 01:47:00";74723,1
"869707";"27:11:2";"Exp60_191_IS22294";"Exp60_191_IS22294";NA;"2023-10-06 02:01:00";74722,6
"869708";"27:11:2";"Exp60_191_IS22294";"Exp60_191_IS22294";NA;"2023-10-06 02:17:00";74720,4
"869709";"27:11:2";"Exp60_191_IS22294";"Exp60_191_IS22294";NA;"2023-10-06 02:31:00";74721
"869710";"27:11:2";"Exp60_191_IS22294";"Exp60_191_IS22294";NA;"2023-10-06 02:47:00";74721
"869711";"27:11:2";"Exp60_191_IS22294";"Exp60_191_IS22294";NA;"2023-10-06 03:16:00";74718
"869712";"27:11:2";"Exp60_191_IS22294";"Exp60_191_IS22294";NA;"2023-10-06 03:32:00";74717,4
"869713";"27:11:2";"Exp60_191_IS22294";"Exp60_191_IS22294";NA;"2023-10-06 03:46:00";74718
"869714";"27:11:2";"Exp60_191_IS22294";"Exp60_191_IS22294";NA;"2023-10-06 10:46:00";74548,3
"869715";"27:11:2";"Exp60_191_IS22294";"Exp60_191_IS22294";NA;"2023-10-06 11:02:00";74534,3
"869716";"27:11:2";"Exp60_191_IS22294";"Exp60_191_IS22294";NA;"2023-10-06 11:16:00";74520,4
"869717";"27:11:2";"Exp60_191_IS22294";"Exp60_191_IS22294";NA;"2023-10-06 11:47:00";74488,6
"869718";"27:11:2";"Exp60_191_IS22294";"Exp60_191_IS22294";NA;"2023-10-06 12:01:00";74474,4
"869719";"27:11:2";"Exp60_191_IS22294";"Exp60_191_IS22294";NA;"2023-10-06 20:01:00";77076,1
"869720";"27:11:2";"Exp60_191_IS22294";"Exp60_191_IS22294";NA;"2023-10-06 20:17:00";77064,8
"869721";"27:11:2";"Exp60_191_IS22294";"Exp60_191_IS22294";NA;"2023-10-06 20:31:00";77054
"869722";"27:11:2";"Exp60_191_IS22294";"Exp60_191_IS22294";NA;"2023-10-07 03:01:00";76958,3
"869723";"27:11:2";"Exp60_191_IS22294";"Exp60_191_IS22294";NA;"2023-10-07 03:17:00";76957,7
"869724";"27:11:2";"Exp60_191_IS22294";"Exp60_191_IS22294";NA;"2023-10-07 03:31:00";76957,6
"869725";"27:11:2";"Exp60_191_IS22294";"Exp60_191_IS22294";NA;"2023-10-07 03:47:00";76956,5
"869726";"27:11:2";"Exp60_191_IS22294";"Exp60_191_IS22294";NA;"2023-10-07 04:01:00";76955,6
"869727";"27:11:2";"Exp60_191_IS22294";"Exp60_191_IS22294";NA;"2023-10-07 11:01:00";76647,2
"869728";"27:11:2";"Exp60_191_IS22294";"Exp60_191_IS22294";NA;"2023-10-07 11:17:00";76618,3
"869729";"27:11:2";"Exp60_191_IS22294";"Exp60_191_IS22294";NA;"2023-10-07 11:31:00";76589,4
"869730";"27:11:2";"Exp60_191_IS22294";"Exp60_191_IS22294";NA;"2023-10-07 11:47:00";76560,9
"869731";"27:11:2";"Exp60_191_IS22294";"Exp60_191_IS22294";NA;"2023-10-07 12:01:00";76529,7
"869732";"27:11:2";"Exp60_191_IS22294";"Exp60_191_IS22294";NA;"2023-10-07 12:47:00";76437
"869733";"27:11:2";"Exp60_191_IS22294";"Exp60_191_IS22294";NA;"2023-10-07 13:01:00";76411,5
"869734";"27:11:2";"Exp60_191_IS22294";"Exp60_191_IS22294";NA;"2023-10-07 13:17:00";76383
"869735";"27:11:2";"Exp60_191_IS22294";"Exp60_191_IS22294";NA;"2023-10-07 13:31:00";76367,7
"869736";"27:11:2";"Exp60_191_IS22294";"Exp60_191_IS22294";NA;"2023-10-07 13:47:00";76324,6
"869737";"27:11:2";"Exp60_191_IS22294";"Exp60_191_IS22294";NA;"2023-10-07 14:01:00";76307,8
"869738";"27:11:2";"Exp60_191_IS22294";"Exp60_191_IS22294";NA;"2023-10-07 14:17:00";76278,7
"869739";"27:11:2";"Exp60_191_IS22294";"Exp60_191_IS22294";NA;"2023-10-07 14:31:00";76263,3
"869740";"27:11:2";"Exp60_191_IS22294";"Exp60_191_IS22294";NA;"2023-10-07 20:46:00";76074,4
"869741";"27:11:2";"Exp60_191_IS22294";"Exp60_191_IS22294";NA;"2023-10-07 21:02:00";76072,8
"869742";"27:11:2";"Exp60_191_IS22294";"Exp60_191_IS22294";NA;"2023-10-07 21:16:00";76070,9
"869743";"27:11:2";"Exp60_191_IS22294";"Exp60_191_IS22294";NA;"2023-10-07 21:32:00";76068,3
"869744";"27:11:2";"Exp60_191_IS22294";"Exp60_191_IS22294";NA;"2023-10-07 21:46:00";76065,6
"869745";"27:11:2";"Exp60_191_IS22294";"Exp60_191_IS22294";NA;"2023-10-07 22:02:00";76064,3
"869746";"27:11:2";"Exp60_191_IS22294";"Exp60_191_IS22294";NA;"2023-10-07 22:16:00";76063,7
"869747";"27:11:2";"Exp60_191_IS22294";"Exp60_191_IS22294";NA;"2023-10-07 22:32:00";76061,8
"869748";"27:11:2";"Exp60_191_IS22294";"Exp60_191_IS22294";NA;"2023-10-07 22:46:00";76060
"869749";"27:11:2";"Exp60_191_IS22294";"Exp60_191_IS22294";NA;"2023-10-07 23:02:00";76056,8
"869750";"27:11:2";"Exp60_191_IS22294";"Exp60_191_IS22294";NA;"2023-10-07 23:16:00";76056,2
"869751";"27:11:2";"Exp60_191_IS22294";"Exp60_191_IS22294";NA;"2023-10-07 23:32:00";76049,4
"869752";"27:11:2";"Exp60_191_IS22294";"Exp60_191_IS22294";NA;"2023-10-07 23:46:00";76048,6
"869753";"27:11:2";"Exp60_191_IS22294";"Exp60_191_IS22294";NA;"2023-10-08 00:02:00";76047,1
"869754";"27:11:2";"Exp60_191_IS22294";"Exp60_191_IS22294";NA;"2023-10-08 00:16:00";76045,4
"869755";"27:11:2";"Exp60_191_IS22294";"Exp60_191_IS22294";NA;"2023-10-08 00:32:00";76043,9
"869756";"27:11:2";"Exp60_191_IS22294";"Exp60_191_IS22294";NA;"2023-10-08 00:46:00";76042,9
"869757";"27:11:2";"Exp60_191_IS22294";"Exp60_191_IS22294";NA;"2023-10-08 01:02:00";76042,9
"869758";"27:11:2";"Exp60_191_IS22294";"Exp60_191_IS22294";NA;"2023-10-08 01:16:00";76040,9
"869759";"27:11:2";"Exp60_191_IS22294";"Exp60_191_IS22294";NA;"2023-10-08 01:32:00";76039,8
"869760";"27:11:2";"Exp60_191_IS22294";"Exp60_191_IS22294";NA;"2023-10-08 01:46:00";76040,3
"869761";"27:11:2";"Exp60_191_IS22294";"Exp60_191_IS22294";NA;"2023-10-08 02:02:00";76039,3
"869762";"27:11:2";"Exp60_191_IS22294";"Exp60_191_IS22294";NA;"2023-10-08 02:16:00";76040,5
"869763";"27:11:2";"Exp60_191_IS22294";"Exp60_191_IS22294";NA;"2023-10-08 02:32:00";76039,6
"869764";"27:11:2";"Exp60_191_IS22294";"Exp60_191_IS22294";NA;"2023-10-08 02:46:00";76038,8
"869765";"27:11:2";"Exp60_191_IS22294";"Exp60_191_IS22294";NA;"2023-10-08 03:02:00";76037,2
"869766";"27:11:2";"Exp60_191_IS22294";"Exp60_191_IS22294";NA;"2023-10-08 03:16:00";76035,5
"869767";"27:11:2";"Exp60_191_IS22294";"Exp60_191_IS22294";NA;"2023-10-08 03:32:00";76036,3
"869768";"27:11:2";"Exp60_191_IS22294";"Exp60_191_IS22294";NA;"2023-10-08 03:46:00";76034,6
"869769";"27:11:2";"Exp60_191_IS22294";"Exp60_191_IS22294";NA;"2023-10-08 04:02:00";76033,8
"869770";"27:11:2";"Exp60_191_IS22294";"Exp60_191_IS22294";NA;"2023-10-08 04:16:00";76033,9
"869771";"27:11:2";"Exp60_191_IS22294";"Exp60_191_IS22294";NA;"2023-10-08 04:32:00";76033,2
"869772";"27:11:2";"Exp60_191_IS22294";"Exp60_191_IS22294";NA;"2023-10-08 04:46:00";76031,9
"869773";"27:11:2";"Exp60_191_IS22294";"Exp60_191_IS22294";NA;"2023-10-08 05:02:00";76031
"869774";"27:11:2";"Exp60_191_IS22294";"Exp60_191_IS22294";NA;"2023-10-08 05:16:00";76028,6
"869775";"27:11:2";"Exp60_191_IS22294";"Exp60_191_IS22294";NA;"2023-10-08 05:32:00";76027,5
"869776";"27:11:2";"Exp60_191_IS22294";"Exp60_191_IS22294";NA;"2023-10-08 05:46:00";76027,9
"869777";"27:11:2";"Exp60_191_IS22294";"Exp60_191_IS22294";NA;"2023-10-08 06:02:00";76026,5
"869778";"27:11:2";"Exp60_191_IS22294";"Exp60_191_IS22294";NA;"2023-10-08 06:16:00";76025,4
"869779";"27:11:2";"Exp60_191_IS22294";"Exp60_191_IS22294";NA;"2023-10-08 06:32:00";76024,4
"869780";"27:11:2";"Exp60_191_IS22294";"Exp60_191_IS22294";NA;"2023-10-08 06:46:00";76024,7
"869781";"27:11:2";"Exp60_191_IS22294";"Exp60_191_IS22294";NA;"2023-10-08 07:02:00";76023,2
"869782";"27:11:2";"Exp60_191_IS22294";"Exp60_191_IS22294";NA;"2023-10-08 07:16:00";76020,6
"869783";"27:11:2";"Exp60_191_IS22294";"Exp60_191_IS22294";NA;"2023-10-08 07:32:00";76016,7
"869784";"27:11:2";"Exp60_191_IS22294";"Exp60_191_IS22294";NA;"2023-10-08 07:46:00";76010,8
"869785";"27:11:2";"Exp60_191_IS22294";"Exp60_191_IS22294";NA;"2023-10-08 08:02:00";76002,9
"869786";"27:11:2";"Exp60_191_IS22294";"Exp60_191_IS22294";NA;"2023-10-08 08:16:00";75996,5
"869787";"27:11:2";"Exp60_191_IS22294";"Exp60_191_IS22294";NA;"2023-10-08 08:32:00";75972,6
"869788";"27:11:2";"Exp60_191_IS22294";"Exp60_191_IS22294";NA;"2023-10-08 08:46:00";75972,6
"869789";"27:11:2";"Exp60_191_IS22294";"Exp60_191_IS22294";NA;"2023-10-08 09:02:00";75957,6
"869790";"27:11:2";"Exp60_191_IS22294";"Exp60_191_IS22294";NA;"2023-10-08 09:16:00";75943
"869791";"27:11:2";"Exp60_191_IS22294";"Exp60_191_IS22294";NA;"2023-10-08 09:32:00";75928,4
"869792";"27:11:2";"Exp60_191_IS22294";"Exp60_191_IS22294";NA;"2023-10-08 09:46:00";75912,8
"869793";"27:11:2";"Exp60_191_IS22294";"Exp60_191_IS22294";NA;"2023-10-08 10:32:00";75851,9
"869794";"27:11:2";"Exp60_191_IS22294";"Exp60_191_IS22294";NA;"2023-10-08 10:46:00";75831,2
"869795";"27:11:2";"Exp60_191_IS22294";"Exp60_191_IS22294";NA;"2023-10-08 11:17:00";75788,3
"869796";"27:11:2";"Exp60_191_IS22294";"Exp60_191_IS22294";NA;"2023-10-08 11:31:00";75767,9
"869797";"27:11:2";"Exp60_191_IS22294";"Exp60_191_IS22294";NA;"2023-10-08 12:02:00";75719,9
"869798";"27:11:2";"Exp60_191_IS22294";"Exp60_191_IS22294";NA;"2023-10-08 12:16:00";75697,9
"869799";"27:11:2";"Exp60_191_IS22294";"Exp60_191_IS22294";NA;"2023-10-08 12:32:00";75678,7
"869800";"27:11:2";"Exp60_191_IS22294";"Exp60_191_IS22294";NA;"2023-10-08 12:46:00";75652,2
"869801";"27:11:2";"Exp60_191_IS22294";"Exp60_191_IS22294";NA;"2023-10-08 13:02:00";75630,6
"869802";"27:11:2";"Exp60_191_IS22294";"Exp60_191_IS22294";NA;"2023-10-08 13:16:00";75605,4
"869803";"27:11:2";"Exp60_191_IS22294";"Exp60_191_IS22294";NA;"2023-10-08 13:47:00";75565,5
"869804";"27:11:2";"Exp60_191_IS22294";"Exp60_191_IS22294";NA;"2023-10-08 14:01:00";75543,6
"869805";"27:11:2";"Exp60_191_IS22294";"Exp60_191_IS22294";NA;"2023-10-08 14:17:00";75528,2
"869806";"27:11:2";"Exp60_191_IS22294";"Exp60_191_IS22294";NA;"2023-10-08 14:31:00";75507,4
"869807";"27:11:2";"Exp60_191_IS22294";"Exp60_191_IS22294";NA;"2023-10-08 14:47:00";75493,5
"869808";"27:11:2";"Exp60_191_IS22294";"Exp60_191_IS22294";NA;"2023-10-08 15:01:00";75470,6
"869809";"27:11:2";"Exp60_191_IS22294";"Exp60_191_IS22294";NA;"2023-10-08 22:46:00";75314,6
"869810";"27:11:2";"Exp60_191_IS22294";"Exp60_191_IS22294";NA;"2023-10-08 23:02:00";75312
"869811";"27:11:2";"Exp60_191_IS22294";"Exp60_191_IS22294";NA;"2023-10-08 23:16:00";75309,9
"869812";"27:11:2";"Exp60_191_IS22294";"Exp60_191_IS22294";NA;"2023-10-08 23:32:00";75308,8
"869813";"27:11:2";"Exp60_191_IS22294";"Exp60_191_IS22294";NA;"2023-10-08 23:46:00";75307,9
"869814";"27:11:2";"Exp60_191_IS22294";"Exp60_191_IS22294";NA;"2023-10-09 00:02:00";75304,5
"869815";"27:11:2";"Exp60_191_IS22294";"Exp60_191_IS22294";NA;"2023-10-09 00:16:00";75304,5
"869816";"27:11:2";"Exp60_191_IS22294";"Exp60_191_IS22294";NA;"2023-10-09 00:32:00";75303,5
"869817";"27:11:2";"Exp60_191_IS22294";"Exp60_191_IS22294";NA;"2023-10-09 00:46:00";75303,5
"869818";"27:11:2";"Exp60_191_IS22294";"Exp60_191_IS22294";NA;"2023-10-09 01:02:00";75304,2
"869819";"27:11:2";"Exp60_191_IS22294";"Exp60_191_IS22294";NA;"2023-10-09 01:16:00";75303,4
"869820";"27:11:2";"Exp60_191_IS22294";"Exp60_191_IS22294";NA;"2023-10-09 01:32:00";75303
"869821";"27:11:2";"Exp60_191_IS22294";"Exp60_191_IS22294";NA;"2023-10-09 01:46:00";75302,3
"869822";"27:11:2";"Exp60_191_IS22294";"Exp60_191_IS22294";NA;"2023-10-09 02:02:00";75300,3
"869823";"27:11:2";"Exp60_191_IS22294";"Exp60_191_IS22294";NA;"2023-10-09 02:16:00";75297,5
"869824";"27:11:2";"Exp60_191_IS22294";"Exp60_191_IS22294";NA;"2023-10-09 02:32:00";75296,4
"869825";"27:11:2";"Exp60_191_IS22294";"Exp60_191_IS22294";NA;"2023-10-09 02:46:00";75295,3
"869826";"27:11:2";"Exp60_191_IS22294";"Exp60_191_IS22294";NA;"2023-10-09 03:02:00";75294,7
"869827";"27:11:2";"Exp60_191_IS22294";"Exp60_191_IS22294";NA;"2023-10-09 03:16:00";75294,5
"869828";"27:11:2";"Exp60_191_IS22294";"Exp60_191_IS22294";NA;"2023-10-09 03:32:00";75295,5
"869829";"27:11:2";"Exp60_191_IS22294";"Exp60_191_IS22294";NA;"2023-10-09 03:46:00";75293,6
"869830";"27:11:2";"Exp60_191_IS22294";"Exp60_191_IS22294";NA;"2023-10-09 04:17:00";75292,3
"869831";"27:11:2";"Exp60_191_IS22294";"Exp60_191_IS22294";NA;"2023-10-09 04:31:00";75291,7
"869832";"27:11:2";"Exp60_191_IS22294";"Exp60_191_IS22294";NA;"2023-10-09 04:47:00";75292,2
"869833";"27:11:2";"Exp60_191_IS22294";"Exp60_191_IS22294";NA;"2023-10-09 05:01:00";75294,2
"869834";"27:11:2";"Exp60_191_IS22294";"Exp60_191_IS22294";NA;"2023-10-09 05:17:00";75293,3
"869835";"27:11:2";"Exp60_191_IS22294";"Exp60_191_IS22294";NA;"2023-10-09 05:31:00";75290,5
"869836";"27:11:2";"Exp60_191_IS22294";"Exp60_191_IS22294";NA;"2023-10-09 05:47:00";75291,1
"869837";"27:11:2";"Exp60_191_IS22294";"Exp60_191_IS22294";NA;"2023-10-09 06:01:00";75289,5
"869838";"27:11:2";"Exp60_191_IS22294";"Exp60_191_IS22294";NA;"2023-10-09 06:17:00";75288,6
"869839";"27:11:2";"Exp60_191_IS22294";"Exp60_191_IS22294";NA;"2023-10-09 06:31:00";75288,3
"869840";"27:11:2";"Exp60_191_IS22294";"Exp60_191_IS22294";NA;"2023-10-09 06:47:00";75287,4
"869841";"27:11:2";"Exp60_191_IS22294";"Exp60_191_IS22294";NA;"2023-10-09 07:01:00";75284,4
"869842";"27:11:2";"Exp60_191_IS22294";"Exp60_191_IS22294";NA;"2023-10-09 07:17:00";75279
"869843";"27:11:2";"Exp60_191_IS22294";"Exp60_191_IS22294";NA;"2023-10-09 07:31:00";75275,2
"869844";"27:11:2";"Exp60_191_IS22294";"Exp60_191_IS22294";NA;"2023-10-09 07:47:00";75271,2
"869845";"27:11:2";"Exp60_191_IS22294";"Exp60_191_IS22294";NA;"2023-10-09 08:01:00";75264,8
"869846";"27:11:2";"Exp60_191_IS22294";"Exp60_191_IS22294";NA;"2023-10-09 08:17:00";75256,8
"869847";"27:11:2";"Exp60_191_IS22294";"Exp60_191_IS22294";NA;"2023-10-09 08:31:00";75247,5
"869848";"27:11:2";"Exp60_191_IS22294";"Exp60_191_IS22294";NA;"2023-10-09 08:47:00";75235,7
"869849";"27:11:2";"Exp60_191_IS22294";"Exp60_191_IS22294";NA;"2023-10-09 09:01:00";75225,2
"869850";"27:11:2";"Exp60_191_IS22294";"Exp60_191_IS22294";NA;"2023-10-09 09:17:00";75212,2
"869851";"27:11:2";"Exp60_191_IS22294";"Exp60_191_IS22294";NA;"2023-10-09 09:31:00";75185,1
"869852";"27:11:2";"Exp60_191_IS22294";"Exp60_191_IS22294";NA;"2023-10-09 10:32:00";75132,6
"869853";"27:11:2";"Exp60_191_IS22294";"Exp60_191_IS22294";NA;"2023-10-09 10:46:00";75120,2
"869854";"27:11:2";"Exp60_191_IS22294";"Exp60_191_IS22294";NA;"2023-10-09 11:02:00";75098,6
"869855";"27:11:2";"Exp60_191_IS22294";"Exp60_191_IS22294";NA;"2023-10-09 11:16:00";75081,5
"869856";"27:11:2";"Exp60_191_IS22294";"Exp60_191_IS22294";NA;"2023-10-09 11:47:00";75041,9
"869857";"27:11:2";"Exp60_191_IS22294";"Exp60_191_IS22294";NA;"2023-10-09 12:01:00";75026,9
"869858";"27:11:2";"Exp60_191_IS22294";"Exp60_191_IS22294";NA;"2023-10-09 12:17:00";75001
"869859";"27:11:2";"Exp60_191_IS22294";"Exp60_191_IS22294";NA;"2023-10-09 12:31:00";74982,9
"869860";"27:11:2";"Exp60_191_IS22294";"Exp60_191_IS22294";NA;"2023-10-09 12:47:00";74961,9
"869861";"27:11:2";"Exp60_191_IS22294";"Exp60_191_IS22294";NA;"2023-10-09 13:01:00";74943,3
"869862";"27:11:2";"Exp60_191_IS22294";"Exp60_191_IS22294";NA;"2023-10-09 13:32:00";74903,1
"869863";"27:11:2";"Exp60_191_IS22294";"Exp60_191_IS22294";NA;"2023-10-09 13:46:00";74891
"869864";"27:11:2";"Exp60_191_IS22294";"Exp60_191_IS22294";NA;"2023-10-09 14:02:00";74876,5
"869865";"27:11:2";"Exp60_191_IS22294";"Exp60_191_IS22294";NA;"2023-10-09 14:16:00";74864,9
"869866";"27:11:2";"Exp60_191_IS22294";"Exp60_191_IS22294";NA;"2023-10-09 20:16:00";74706,9
"869867";"27:11:2";"Exp60_191_IS22294";"Exp60_191_IS22294";NA;"2023-10-09 20:32:00";74706
"869868";"27:11:2";"Exp60_191_IS22294";"Exp60_191_IS22294";NA;"2023-10-09 20:46:00";74703,6
"869869";"27:11:2";"Exp60_191_IS22294";"Exp60_191_IS22294";NA;"2023-10-09 21:02:00";74702
"869870";"27:11:2";"Exp60_191_IS22294";"Exp60_191_IS22294";NA;"2023-10-09 21:16:00";74701,8
"869871";"27:11:2";"Exp60_191_IS22294";"Exp60_191_IS22294";NA;"2023-10-09 21:32:00";74699,2
"869872";"27:11:2";"Exp60_191_IS22294";"Exp60_191_IS22294";NA;"2023-10-09 21:46:00";74699,8
"869873";"27:11:2";"Exp60_191_IS22294";"Exp60_191_IS22294";NA;"2023-10-09 22:32:00";74694,7
"869874";"27:11:2";"Exp60_191_IS22294";"Exp60_191_IS22294";NA;"2023-10-09 22:46:00";74693,5
"869875";"27:11:2";"Exp60_191_IS22294";"Exp60_191_IS22294";NA;"2023-10-09 23:17:00";74691
"869876";"27:11:2";"Exp60_191_IS22294";"Exp60_191_IS22294";NA;"2023-10-09 23:31:00";74690,3
"869877";"27:11:2";"Exp60_191_IS22294";"Exp60_191_IS22294";NA;"2023-10-09 23:47:00";74690,2
"869878";"27:11:2";"Exp60_191_IS22294";"Exp60_191_IS22294";NA;"2023-10-10 00:16:00";74689,3
"869879";"27:11:2";"Exp60_191_IS22294";"Exp60_191_IS22294";NA;"2023-10-10 00:47:00";74686,2
"869880";"27:11:2";"Exp60_191_IS22294";"Exp60_191_IS22294";NA;"2023-10-10 01:01:00";74683,9
"869881";"27:11:2";"Exp60_191_IS22294";"Exp60_191_IS22294";NA;"2023-10-10 01:17:00";74682,6
"869882";"27:11:2";"Exp60_191_IS22294";"Exp60_191_IS22294";NA;"2023-10-10 01:31:00";74682,4
"869883";"27:11:2";"Exp60_191_IS22294";"Exp60_191_IS22294";NA;"2023-10-10 01:47:00";74681,5
"869884";"27:11:2";"Exp60_191_IS22294";"Exp60_191_IS22294";NA;"2023-10-10 02:01:00";74681,4
"869885";"27:11:2";"Exp60_191_IS22294";"Exp60_191_IS22294";NA;"2023-10-10 02:17:00";74680,1
"869886";"27:11:2";"Exp60_191_IS22294";"Exp60_191_IS22294";NA;"2023-10-10 02:31:00";74678,6
"869887";"27:11:2";"Exp60_191_IS22294";"Exp60_191_IS22294";NA;"2023-10-10 02:47:00";74678
"869888";"27:11:2";"Exp60_191_IS22294";"Exp60_191_IS22294";NA;"2023-10-10 03:01:00";74675,5
"869889";"27:11:2";"Exp60_191_IS22294";"Exp60_191_IS22294";NA;"2023-10-10 03:17:00";74674,6
"869890";"27:11:2";"Exp60_191_IS22294";"Exp60_191_IS22294";NA;"2023-10-10 03:31:00";74674,7
"869891";"27:11:2";"Exp60_191_IS22294";"Exp60_191_IS22294";NA;"2023-10-10 03:47:00";74674,7
"869892";"27:11:2";"Exp60_191_IS22294";"Exp60_191_IS22294";NA;"2023-10-10 04:01:00";74674,6
"869893";"27:11:2";"Exp60_191_IS22294";"Exp60_191_IS22294";NA;"2023-10-10 04:17:00";74673,4
"869894";"27:11:2";"Exp60_191_IS22294";"Exp60_191_IS22294";NA;"2023-10-10 04:31:00";74673,5
"869895";"27:11:2";"Exp60_191_IS22294";"Exp60_191_IS22294";NA;"2023-10-10 04:47:00";74672,8
"869896";"27:11:2";"Exp60_191_IS22294";"Exp60_191_IS22294";NA;"2023-10-10 05:01:00";74672,4
"869897";"27:11:2";"Exp60_191_IS22294";"Exp60_191_IS22294";NA;"2023-10-10 05:17:00";74671,5
"869898";"27:11:2";"Exp60_191_IS22294";"Exp60_191_IS22294";NA;"2023-10-10 05:31:00";74671,3
"869899";"27:11:2";"Exp60_191_IS22294";"Exp60_191_IS22294";NA;"2023-10-10 05:47:00";74671,3
"869900";"27:11:2";"Exp60_191_IS22294";"Exp60_191_IS22294";NA;"2023-10-10 06:01:00";74670,3
"869901";"27:11:2";"Exp60_191_IS22294";"Exp60_191_IS22294";NA;"2023-10-10 06:17:00";74669,7
"869902";"27:11:2";"Exp60_191_IS22294";"Exp60_191_IS22294";NA;"2023-10-10 06:46:00";74668,5
"869903";"27:11:2";"Exp60_191_IS22294";"Exp60_191_IS22294";NA;"2023-10-10 07:17:00";74664,3
"869904";"27:11:2";"Exp60_191_IS22294";"Exp60_191_IS22294";NA;"2023-10-10 07:31:00";74662,2
"869905";"27:11:2";"Exp60_191_IS22294";"Exp60_191_IS22294";NA;"2023-10-10 08:02:00";74651,1
"869906";"27:11:2";"Exp60_191_IS22294";"Exp60_191_IS22294";NA;"2023-10-10 08:16:00";74646,2
"869907";"27:11:2";"Exp60_191_IS22294";"Exp60_191_IS22294";NA;"2023-10-10 08:32:00";74635,5
"869908";"27:11:2";"Exp60_191_IS22294";"Exp60_191_IS22294";NA;"2023-10-10 08:46:00";74627,2
"869909";"27:11:2";"Exp60_191_IS22294";"Exp60_191_IS22294";NA;"2023-10-10 09:02:00";74616,8
"869910";"27:11:2";"Exp60_191_IS22294";"Exp60_191_IS22294";NA;"2023-10-10 09:16:00";74602,1
"869911";"27:11:2";"Exp60_191_IS22294";"Exp60_191_IS22294";NA;"2023-10-10 09:32:00";74578,6
"869912";"27:11:2";"Exp60_191_IS22294";"Exp60_191_IS22294";NA;"2023-10-10 09:46:00";74571,3
"869913";"27:11:2";"Exp60_191_IS22294";"Exp60_191_IS22294";NA;"2023-10-10 10:02:00";74553,5
"869914";"27:11:2";"Exp60_191_IS22294";"Exp60_191_IS22294";NA;"2023-10-10 10:16:00";74538
"869915";"27:11:2";"Exp60_191_IS22294";"Exp60_191_IS22294";NA;"2023-10-10 10:32:00";74518,1
"869916";"27:11:2";"Exp60_191_IS22294";"Exp60_191_IS22294";NA;"2023-10-10 10:46:00";74505,8
"869917";"27:11:2";"Exp60_191_IS22294";"Exp60_191_IS22294";NA;"2023-10-10 11:02:00";74489,8
"869918";"27:11:2";"Exp60_191_IS22294";"Exp60_191_IS22294";NA;"2023-10-10 11:16:00";74473,2
"869919";"27:11:2";"Exp60_191_IS22294";"Exp60_191_IS22294";NA;"2023-10-10 15:46:00";74236,9
"869920";"27:11:2";"Exp60_191_IS22294";"Exp60_191_IS22294";NA;"2023-10-10 18:01:00";76386
"869921";"27:11:2";"Exp60_191_IS22294";"Exp60_191_IS22294";NA;"2023-10-10 18:17:00";76378,1
"869922";"27:11:2";"Exp60_191_IS22294";"Exp60_191_IS22294";NA;"2023-10-10 18:31:00";76376,4
"869923";"27:11:2";"Exp60_191_IS22294";"Exp60_191_IS22294";NA;"2023-10-10 18:47:00";76371,5
"869924";"27:11:2";"Exp60_191_IS22294";"Exp60_191_IS22294";NA;"2023-10-10 19:01:00";76368,1
"869925";"27:11:2";"Exp60_191_IS22294";"Exp60_191_IS22294";NA;"2023-10-10 19:17:00";76364,8
"869926";"27:11:2";"Exp60_191_IS22294";"Exp60_191_IS22294";NA;"2023-10-10 19:31:00";76368,8
"869927";"27:11:2";"Exp60_191_IS22294";"Exp60_191_IS22294";NA;"2023-10-10 19:47:00";76356,1
"869928";"27:11:2";"Exp60_191_IS22294";"Exp60_191_IS22294";NA;"2023-10-10 20:01:00";76355,4
"869929";"27:11:2";"Exp60_191_IS22294";"Exp60_191_IS22294";NA;"2023-10-10 20:17:00";76352,2
"869930";"27:11:2";"Exp60_191_IS22294";"Exp60_191_IS22294";NA;"2023-10-10 20:31:00";76348,8
"869931";"27:11:2";"Exp60_191_IS22294";"Exp60_191_IS22294";NA;"2023-10-10 20:47:00";76346,8
"869932";"27:11:2";"Exp60_191_IS22294";"Exp60_191_IS22294";NA;"2023-10-10 21:01:00";76344
"869933";"27:11:2";"Exp60_191_IS22294";"Exp60_191_IS22294";NA;"2023-10-10 21:17:00";76341,8
"869934";"27:11:2";"Exp60_191_IS22294";"Exp60_191_IS22294";NA;"2023-10-10 21:31:00";76337,7
"869935";"27:11:2";"Exp60_191_IS22294";"Exp60_191_IS22294";NA;"2023-10-10 21:47:00";76333,9
"869936";"27:11:2";"Exp60_191_IS22294";"Exp60_191_IS22294";NA;"2023-10-10 22:01:00";76329,6
"869937";"27:11:2";"Exp60_191_IS22294";"Exp60_191_IS22294";NA;"2023-10-10 22:32:00";76326,4
"869938";"27:11:2";"Exp60_191_IS22294";"Exp60_191_IS22294";NA;"2023-10-10 22:46:00";76325,3
"869939";"27:11:2";"Exp60_191_IS22294";"Exp60_191_IS22294";NA;"2023-10-10 23:02:00";76323,3
"869940";"27:11:2";"Exp60_191_IS22294";"Exp60_191_IS22294";NA;"2023-10-10 23:16:00";76322,6
"869941";"27:11:2";"Exp60_191_IS22294";"Exp60_191_IS22294";NA;"2023-10-10 23:32:00";76319,5
"869942";"27:11:2";"Exp60_191_IS22294";"Exp60_191_IS22294";NA;"2023-10-10 23:46:00";76320,3
"869943";"27:11:2";"Exp60_191_IS22294";"Exp60_191_IS22294";NA;"2023-10-11 00:02:00";76318,8
"869944";"27:11:2";"Exp60_191_IS22294";"Exp60_191_IS22294";NA;"2023-10-11 00:16:00";76317,5
"869945";"27:11:2";"Exp60_191_IS22294";"Exp60_191_IS22294";NA;"2023-10-11 00:32:00";76316,3
"869946";"27:11:2";"Exp60_191_IS22294";"Exp60_191_IS22294";NA;"2023-10-11 00:46:00";76314,2
"869947";"27:11:2";"Exp60_191_IS22294";"Exp60_191_IS22294";NA;"2023-10-11 06:31:00";76294,6
"869948";"27:11:2";"Exp60_191_IS22294";"Exp60_191_IS22294";NA;"2023-10-11 07:17:00";76290,6
"869949";"27:11:2";"Exp60_191_IS22294";"Exp60_191_IS22294";NA;"2023-10-11 07:31:00";76287,8
"869950";"27:11:2";"Exp60_191_IS22294";"Exp60_191_IS22294";NA;"2023-10-11 07:47:00";76284,3
"869951";"27:11:2";"Exp60_191_IS22294";"Exp60_191_IS22294";NA;"2023-10-11 08:01:00";76279,4
"869952";"27:11:2";"Exp60_191_IS22294";"Exp60_191_IS22294";NA;"2023-10-11 08:17:00";76269
"869953";"27:11:2";"Exp60_191_IS22294";"Exp60_191_IS22294";NA;"2023-10-11 08:31:00";76257,9
"869954";"27:11:2";"Exp60_191_IS22294";"Exp60_191_IS22294";NA;"2023-10-11 08:47:00";76240,9
"869955";"27:11:2";"Exp60_191_IS22294";"Exp60_191_IS22294";NA;"2023-10-11 09:01:00";76228,7
"869956";"27:11:2";"Exp60_191_IS22294";"Exp60_191_IS22294";NA;"2023-10-11 16:16:00";75604,2
"869957";"27:11:2";"Exp60_191_IS22294";"Exp60_191_IS22294";NA;"2023-10-11 16:32:00";75596,2
"869958";"27:11:2";"Exp60_191_IS22294";"Exp60_191_IS22294";NA;"2023-10-11 16:46:00";75584,4
"869959";"27:11:2";"Exp60_191_IS22294";"Exp60_191_IS22294";NA;"2023-10-11 17:02:00";75577,4
"869960";"27:11:2";"Exp60_191_IS22294";"Exp60_191_IS22294";NA;"2023-10-11 17:16:00";75571,2
"869961";"27:11:2";"Exp60_191_IS22294";"Exp60_191_IS22294";NA;"2023-10-11 17:32:00";75573,2
"869962";"27:11:2";"Exp60_191_IS22294";"Exp60_191_IS22294";NA;"2023-10-11 17:46:00";75562
"869963";"27:11:2";"Exp60_191_IS22294";"Exp60_191_IS22294";NA;"2023-10-11 18:02:00";75556,6
"869964";"27:11:2";"Exp60_191_IS22294";"Exp60_191_IS22294";NA;"2023-10-11 18:16:00";75555,7
"869965";"27:11:2";"Exp60_191_IS22294";"Exp60_191_IS22294";NA;"2023-10-11 18:32:00";75555
"869966";"27:11:2";"Exp60_191_IS22294";"Exp60_191_IS22294";NA;"2023-10-11 18:46:00";75550,5
"869967";"27:11:2";"Exp60_191_IS22294";"Exp60_191_IS22294";NA;"2023-10-11 19:02:00";75544,3
"869968";"27:11:2";"Exp60_191_IS22294";"Exp60_191_IS22294";NA;"2023-10-11 19:16:00";75541,9
"869969";"27:11:2";"Exp60_191_IS22294";"Exp60_191_IS22294";NA;"2023-10-11 19:32:00";75540,4
"869970";"27:11:2";"Exp60_191_IS22294";"Exp60_191_IS22294";NA;"2023-10-11 19:46:00";75537,6
"869971";"27:11:2";"Exp60_191_IS22294";"Exp60_191_IS22294";NA;"2023-10-11 20:02:00";75532,7
"869972";"27:11:2";"Exp60_191_IS22294";"Exp60_191_IS22294";NA;"2023-10-11 20:46:00";75527,9
"869973";"27:11:2";"Exp60_191_IS22294";"Exp60_191_IS22294";NA;"2023-10-11 21:02:00";75524,9
"869974";"27:11:2";"Exp60_191_IS22294";"Exp60_191_IS22294";NA;"2023-10-11 21:16:00";75523,2
"869975";"27:11:2";"Exp60_191_IS22294";"Exp60_191_IS22294";NA;"2023-10-11 21:32:00";75519,9
"869976";"27:11:2";"Exp60_191_IS22294";"Exp60_191_IS22294";NA;"2023-10-11 21:46:00";75518,9
"869977";"27:11:2";"Exp60_191_IS22294";"Exp60_191_IS22294";NA;"2023-10-11 22:17:00";75524,9
"869978";"27:11:2";"Exp60_191_IS22294";"Exp60_191_IS22294";NA;"2023-10-11 22:31:00";75512,6
"869979";"27:11:2";"Exp60_191_IS22294";"Exp60_191_IS22294";NA;"2023-10-11 22:47:00";75509,4
"869980";"27:11:2";"Exp60_191_IS22294";"Exp60_191_IS22294";NA;"2023-10-11 23:01:00";75508
"869981";"27:11:2";"Exp60_191_IS22294";"Exp60_191_IS22294";NA;"2023-10-11 23:17:00";75506,1
"869982";"27:11:2";"Exp60_191_IS22294";"Exp60_191_IS22294";NA;"2023-10-11 23:31:00";75505
"869983";"27:11:2";"Exp60_191_IS22294";"Exp60_191_IS22294";NA;"2023-10-11 23:47:00";75504,6
"869984";"27:11:2";"Exp60_191_IS22294";"Exp60_191_IS22294";NA;"2023-10-12 00:01:00";75503,9
"869985";"27:11:2";"Exp60_191_IS22294";"Exp60_191_IS22294";NA;"2023-10-12 00:17:00";75502,1
"869986";"27:11:2";"Exp60_191_IS22294";"Exp60_191_IS22294";NA;"2023-10-12 00:31:00";75501,5
"869987";"27:11:2";"Exp60_191_IS22294";"Exp60_191_IS22294";NA;"2023-10-12 00:47:00";75500,5
"869988";"27:11:2";"Exp60_191_IS22294";"Exp60_191_IS22294";NA;"2023-10-12 01:01:00";75500,5
"869989";"27:11:2";"Exp60_191_IS22294";"Exp60_191_IS22294";NA;"2023-10-12 01:17:00";75497,7
"869990";"27:11:2";"Exp60_191_IS22294";"Exp60_191_IS22294";NA;"2023-10-12 01:31:00";75496,2
"869991";"27:11:2";"Exp60_191_IS22294";"Exp60_191_IS22294";NA;"2023-10-12 01:47:00";75495,6
"869992";"27:11:2";"Exp60_191_IS22294";"Exp60_191_IS22294";NA;"2023-10-12 02:01:00";75494,4
"869993";"27:11:2";"Exp60_191_IS22294";"Exp60_191_IS22294";NA;"2023-10-12 02:17:00";75493,9
"869994";"27:11:2";"Exp60_191_IS22294";"Exp60_191_IS22294";NA;"2023-10-12 02:31:00";75494,5
"869995";"27:11:2";"Exp60_191_IS22294";"Exp60_191_IS22294";NA;"2023-10-12 02:47:00";75494,4
"869996";"27:11:2";"Exp60_191_IS22294";"Exp60_191_IS22294";NA;"2023-10-12 03:01:00";75493,7
"869997";"27:11:2";"Exp60_191_IS22294";"Exp60_191_IS22294";NA;"2023-10-12 03:17:00";75494,1
"869998";"27:11:2";"Exp60_191_IS22294";"Exp60_191_IS22294";NA;"2023-10-12 03:31:00";75492,8
"869999";"27:11:2";"Exp60_191_IS22294";"Exp60_191_IS22294";NA;"2023-10-12 03:47:00";75493,4
"870000";"27:11:2";"Exp60_191_IS22294";"Exp60_191_IS22294";NA;"2023-10-12 04:01:00";75491,9
"870001";"27:11:2";"Exp60_191_IS22294";"Exp60_191_IS22294";NA;"2023-10-12 04:17:00";75489,2
"870002";"27:11:2";"Exp60_191_IS22294";"Exp60_191_IS22294";NA;"2023-10-12 04:31:00";75487,2
"870003";"27:11:2";"Exp60_191_IS22294";"Exp60_191_IS22294";NA;"2023-10-12 04:47:00";75486,1
"870004";"27:11:2";"Exp60_191_IS22294";"Exp60_191_IS22294";NA;"2023-10-12 05:01:00";75483,5
"870005";"27:11:2";"Exp60_191_IS22294";"Exp60_191_IS22294";NA;"2023-10-12 05:32:00";75481,1
"870006";"27:11:2";"Exp60_191_IS22294";"Exp60_191_IS22294";NA;"2023-10-12 05:46:00";75482,1
"870007";"27:11:2";"Exp60_191_IS22294";"Exp60_191_IS22294";NA;"2023-10-12 06:02:00";75482,6
"870008";"27:11:2";"Exp60_191_IS22294";"Exp60_191_IS22294";NA;"2023-10-12 06:16:00";75482,2
"870009";"27:11:2";"Exp60_191_IS22294";"Exp60_191_IS22294";NA;"2023-10-12 06:47:00";75479,6
"870010";"27:11:2";"Exp60_191_IS22294";"Exp60_191_IS22294";NA;"2023-10-12 07:01:00";75477,6
"870011";"27:11:2";"Exp60_191_IS22294";"Exp60_191_IS22294";NA;"2023-10-12 07:17:00";75476,1
"870012";"27:11:2";"Exp60_191_IS22294";"Exp60_191_IS22294";NA;"2023-10-12 07:31:00";75474,2
"870013";"27:11:2";"Exp60_191_IS22294";"Exp60_191_IS22294";NA;"2023-10-12 07:47:00";75469,9
"870014";"27:11:2";"Exp60_191_IS22294";"Exp60_191_IS22294";NA;"2023-10-12 08:01:00";75464,2
"870015";"27:11:2";"Exp60_191_IS22294";"Exp60_191_IS22294";NA;"2023-10-12 08:17:00";75454
"870016";"27:11:2";"Exp60_191_IS22294";"Exp60_191_IS22294";NA;"2023-10-12 08:31:00";75444
"870017";"27:11:2";"Exp60_191_IS22294";"Exp60_191_IS22294";NA;"2023-10-12 08:47:00";75432,2
"870018";"27:11:2";"Exp60_191_IS22294";"Exp60_191_IS22294";NA;"2023-10-12 09:01:00";75415,5
"870019";"27:11:2";"Exp60_191_IS22294";"Exp60_191_IS22294";NA;"2023-10-12 09:17:00";75400,3
"870020";"27:11:2";"Exp60_191_IS22294";"Exp60_191_IS22294";NA;"2023-10-12 09:31:00";75384,4
"870021";"27:11:2";"Exp60_191_IS22294";"Exp60_191_IS22294";NA;"2023-10-12 09:47:00";75362,2
"870022";"27:11:2";"Exp60_191_IS22294";"Exp60_191_IS22294";NA;"2023-10-12 10:01:00";75347,3
"870023";"27:11:2";"Exp60_191_IS22294";"Exp60_191_IS22294";NA;"2023-10-12 15:01:00";74943,7
"870024";"27:11:2";"Exp60_191_IS22294";"Exp60_191_IS22294";NA;"2023-10-12 15:17:00";74931,2
"870025";"27:11:2";"Exp60_191_IS22294";"Exp60_191_IS22294";NA;"2023-10-12 15:31:00";74914,5
"870026";"27:11:2";"Exp60_191_IS22294";"Exp60_191_IS22294";NA;"2023-10-12 15:47:00";74899,7
"870027";"27:11:2";"Exp60_191_IS22294";"Exp60_191_IS22294";NA;"2023-10-12 16:01:00";74890,8
"870028";"27:11:2";"Exp60_191_IS22294";"Exp60_191_IS22294";NA;"2023-10-12 16:17:00";74878,8
"870029";"27:11:2";"Exp60_191_IS22294";"Exp60_191_IS22294";NA;"2023-10-12 16:31:00";74866,2
"870030";"27:11:2";"Exp60_191_IS22294";"Exp60_191_IS22294";NA;"2023-10-12 16:47:00";74864,3
"870031";"27:11:2";"Exp60_191_IS22294";"Exp60_191_IS22294";NA;"2023-10-12 17:01:00";74857,4
"870032";"27:11:2";"Exp60_191_IS22294";"Exp60_191_IS22294";NA;"2023-10-12 17:17:00";74852
"870033";"27:11:2";"Exp60_191_IS22294";"Exp60_191_IS22294";NA;"2023-10-12 17:31:00";74848,5
"870034";"27:11:2";"Exp60_191_IS22294";"Exp60_191_IS22294";NA;"2023-10-12 17:47:00";74845,1
"870035";"27:11:2";"Exp60_191_IS22294";"Exp60_191_IS22294";NA;"2023-10-12 18:01:00";74841,1
"870036";"27:11:2";"Exp60_191_IS22294";"Exp60_191_IS22294";NA;"2023-10-12 18:17:00";74840,5
"870037";"27:11:2";"Exp60_191_IS22294";"Exp60_191_IS22294";NA;"2023-10-12 18:31:00";74830,6
"870038";"27:11:2";"Exp60_191_IS22294";"Exp60_191_IS22294";NA;"2023-10-12 18:47:00";74832,7
"870039";"27:11:2";"Exp60_191_IS22294";"Exp60_191_IS22294";NA;"2023-10-12 19:01:00";74829,9
"870040";"27:11:2";"Exp60_191_IS22294";"Exp60_191_IS22294";NA;"2023-10-12 19:17:00";74828,7
"870041";"27:11:2";"Exp60_191_IS22294";"Exp60_191_IS22294";NA;"2023-10-12 19:31:00";74834,2
"870042";"27:11:2";"Exp60_191_IS22294";"Exp60_191_IS22294";NA;"2023-10-12 20:02:00";74821
"870043";"27:11:2";"Exp60_191_IS22294";"Exp60_191_IS22294";NA;"2023-10-12 20:16:00";74818,6
"870044";"27:11:2";"Exp60_191_IS22294";"Exp60_191_IS22294";NA;"2023-10-13 03:16:00";74784,7
"870045";"27:11:2";"Exp60_191_IS22294";"Exp60_191_IS22294";NA;"2023-10-13 03:32:00";74784
"870046";"27:11:2";"Exp60_191_IS22294";"Exp60_191_IS22294";NA;"2023-10-13 03:46:00";74783,2
"870047";"27:11:2";"Exp60_191_IS22294";"Exp60_191_IS22294";NA;"2023-10-13 04:02:00";74781,7
"870048";"27:11:2";"Exp60_191_IS22294";"Exp60_191_IS22294";NA;"2023-10-13 04:16:00";74780,7
"870049";"27:11:2";"Exp60_191_IS22294";"Exp60_191_IS22294";NA;"2023-10-13 04:32:00";74779,9
"870050";"27:11:2";"Exp60_191_IS22294";"Exp60_191_IS22294";NA;"2023-10-13 04:46:00";74778,5
"870051";"27:11:2";"Exp60_191_IS22294";"Exp60_191_IS22294";NA;"2023-10-13 05:02:00";74779,3
"870052";"27:11:2";"Exp60_191_IS22294";"Exp60_191_IS22294";NA;"2023-10-13 05:16:00";74779,4
"870053";"27:11:2";"Exp60_191_IS22294";"Exp60_191_IS22294";NA;"2023-10-13 05:32:00";74779,5
"870054";"27:11:2";"Exp60_191_IS22294";"Exp60_191_IS22294";NA;"2023-10-13 05:46:00";74779,5
"870055";"27:11:2";"Exp60_191_IS22294";"Exp60_191_IS22294";NA;"2023-10-13 06:02:00";74778,8
"870056";"27:11:2";"Exp60_191_IS22294";"Exp60_191_IS22294";NA;"2023-10-13 06:16:00";74778,2
"870057";"27:11:2";"Exp60_191_IS22294";"Exp60_191_IS22294";NA;"2023-10-13 06:32:00";74776,4
"870058";"27:11:2";"Exp60_191_IS22294";"Exp60_191_IS22294";NA;"2023-10-13 06:46:00";74774,6
"870059";"27:11:2";"Exp60_191_IS22294";"Exp60_191_IS22294";NA;"2023-10-13 12:46:00";74471
"870060";"27:11:2";"Exp60_191_IS22294";"Exp60_191_IS22294";NA;"2023-10-13 13:02:00";74464,3
"870061";"27:11:2";"Exp60_191_IS22294";"Exp60_191_IS22294";NA;"2023-10-13 13:16:00";74437,7
"870062";"27:11:2";"Exp60_191_IS22294";"Exp60_191_IS22294";NA;"2023-10-13 13:32:00";74419,2
"870063";"27:11:2";"Exp60_191_IS22294";"Exp60_191_IS22294";NA;"2023-10-13 13:46:00";74403
"870064";"27:11:2";"Exp60_191_IS22294";"Exp60_191_IS22294";NA;"2023-10-13 19:46:00";78472,9
"870065";"27:11:2";"Exp60_191_IS22294";"Exp60_191_IS22294";NA;"2023-10-13 20:02:00";78419,9
"870066";"27:11:2";"Exp60_191_IS22294";"Exp60_191_IS22294";NA;"2023-10-13 20:16:00";78375,3
"870067";"27:11:2";"Exp60_191_IS22294";"Exp60_191_IS22294";NA;"2023-10-13 20:32:00";78316,6
"870068";"27:11:2";"Exp60_191_IS22294";"Exp60_191_IS22294";NA;"2023-10-13 20:46:00";78274
"870069";"27:11:2";"Exp60_191_IS22294";"Exp60_191_IS22294";NA;"2023-10-13 21:02:00";78224,3
"870070";"27:11:2";"Exp60_191_IS22294";"Exp60_191_IS22294";NA;"2023-10-13 21:16:00";78181,1
"870071";"27:11:2";"Exp60_191_IS22294";"Exp60_191_IS22294";NA;"2023-10-13 21:32:00";78134,6
"870072";"27:11:2";"Exp60_191_IS22294";"Exp60_191_IS22294";NA;"2023-10-13 21:46:00";78094,3
"870073";"27:11:2";"Exp60_191_IS22294";"Exp60_191_IS22294";NA;"2023-10-13 22:02:00";78051,6
"870074";"27:11:2";"Exp60_191_IS22294";"Exp60_191_IS22294";NA;"2023-10-13 22:16:00";78014,6
"870075";"27:11:2";"Exp60_191_IS22294";"Exp60_191_IS22294";NA;"2023-10-13 22:32:00";77974,9
"870076";"27:11:2";"Exp60_191_IS22294";"Exp60_191_IS22294";NA;"2023-10-13 22:46:00";77940,2
"870077";"27:11:2";"Exp60_191_IS22294";"Exp60_191_IS22294";NA;"2023-10-13 23:02:00";77900,1
"870078";"27:11:2";"Exp60_191_IS22294";"Exp60_191_IS22294";NA;"2023-10-13 23:16:00";77865,8
"870079";"27:11:2";"Exp60_191_IS22294";"Exp60_191_IS22294";NA;"2023-10-13 23:47:00";77795,7
"870080";"27:11:2";"Exp60_191_IS22294";"Exp60_191_IS22294";NA;"2023-10-14 00:01:00";77765,9
"870081";"27:11:2";"Exp60_191_IS22294";"Exp60_191_IS22294";NA;"2023-10-14 00:17:00";77738,3
"870082";"27:11:2";"Exp60_191_IS22294";"Exp60_191_IS22294";NA;"2023-10-14 00:31:00";77713,5
"870083";"27:11:2";"Exp60_191_IS22294";"Exp60_191_IS22294";NA;"2023-10-14 00:47:00";77687,2
"870084";"27:11:2";"Exp60_191_IS22294";"Exp60_191_IS22294";NA;"2023-10-14 01:01:00";77665,6
"870085";"27:11:2";"Exp60_191_IS22294";"Exp60_191_IS22294";NA;"2023-10-14 01:17:00";77642,2
"870086";"27:11:2";"Exp60_191_IS22294";"Exp60_191_IS22294";NA;"2023-10-14 01:31:00";77623,2
"870087";"27:11:2";"Exp60_191_IS22294";"Exp60_191_IS22294";NA;"2023-10-14 01:47:00";77602
"870088";"27:11:2";"Exp60_191_IS22294";"Exp60_191_IS22294";NA;"2023-10-14 02:01:00";77582,7
"870089";"27:11:2";"Exp60_191_IS22294";"Exp60_191_IS22294";NA;"2023-10-14 02:17:00";77561,4
"870090";"27:11:2";"Exp60_191_IS22294";"Exp60_191_IS22294";NA;"2023-10-14 02:31:00";77544,8
"870091";"27:11:2";"Exp60_191_IS22294";"Exp60_191_IS22294";NA;"2023-10-14 02:47:00";77526,8
"870092";"27:11:2";"Exp60_191_IS22294";"Exp60_191_IS22294";NA;"2023-10-14 03:01:00";77511,1
"870093";"27:11:2";"Exp60_191_IS22294";"Exp60_191_IS22294";NA;"2023-10-14 03:17:00";77493,8
"870094";"27:11:2";"Exp60_191_IS22294";"Exp60_191_IS22294";NA;"2023-10-14 03:31:00";77480,2
"870095";"27:11:2";"Exp60_191_IS22294";"Exp60_191_IS22294";NA;"2023-10-14 04:17:00";77439,3
"870096";"27:11:2";"Exp60_191_IS22294";"Exp60_191_IS22294";NA;"2023-10-14 04:31:00";77429,3
"870097";"27:11:2";"Exp60_191_IS22294";"Exp60_191_IS22294";NA;"2023-10-14 04:47:00";77418,3
"870098";"27:11:2";"Exp60_191_IS22294";"Exp60_191_IS22294";NA;"2023-10-14 05:01:00";77408,4
"870099";"27:11:2";"Exp60_191_IS22294";"Exp60_191_IS22294";NA;"2023-10-14 05:17:00";77398,3
"870100";"27:11:2";"Exp60_191_IS22294";"Exp60_191_IS22294";NA;"2023-10-14 05:31:00";77390,3
"870101";"27:11:2";"Exp60_191_IS22294";"Exp60_191_IS22294";NA;"2023-10-14 05:47:00";77381,3
"870102";"27:11:2";"Exp60_191_IS22294";"Exp60_191_IS22294";NA;"2023-10-14 06:01:00";77373,8
"870103";"27:11:2";"Exp60_191_IS22294";"Exp60_191_IS22294";NA;"2023-10-14 06:17:00";77365,8
"870104";"27:11:2";"Exp60_191_IS22294";"Exp60_191_IS22294";NA;"2023-10-14 06:31:00";77359
"870105";"27:11:2";"Exp60_191_IS22294";"Exp60_191_IS22294";NA;"2023-10-14 07:02:00";77342,7
"870106";"27:11:2";"Exp60_191_IS22294";"Exp60_191_IS22294";NA;"2023-10-14 07:16:00";77333,4
"870107";"27:11:2";"Exp60_191_IS22294";"Exp60_191_IS22294";NA;"2023-10-14 07:32:00";77322,8
"870108";"27:11:2";"Exp60_191_IS22294";"Exp60_191_IS22294";NA;"2023-10-14 08:16:00";77293,8
"870109";"27:11:2";"Exp60_191_IS22294";"Exp60_191_IS22294";NA;"2023-10-14 08:32:00";77279,7
"870110";"27:11:2";"Exp60_191_IS22294";"Exp60_191_IS22294";NA;"2023-10-14 08:46:00";77263,5
"870111";"27:11:2";"Exp60_191_IS22294";"Exp60_191_IS22294";NA;"2023-10-14 09:02:00";77241,2
"870112";"27:11:2";"Exp60_191_IS22294";"Exp60_191_IS22294";NA;"2023-10-14 09:16:00";77233,1
"870113";"27:11:2";"Exp60_191_IS22294";"Exp60_191_IS22294";NA;"2023-10-14 09:32:00";77194,9
"870114";"27:11:2";"Exp60_191_IS22294";"Exp60_191_IS22294";NA;"2023-10-14 09:46:00";77165,1
"870115";"27:11:2";"Exp60_191_IS22294";"Exp60_191_IS22294";NA;"2023-10-14 10:02:00";77145,4
"870116";"27:11:2";"Exp60_191_IS22294";"Exp60_191_IS22294";NA;"2023-10-14 10:16:00";77115,4
"870117";"27:11:2";"Exp60_191_IS22294";"Exp60_191_IS22294";NA;"2023-10-14 10:32:00";77084,5
"870118";"27:11:2";"Exp60_191_IS22294";"Exp60_191_IS22294";NA;"2023-10-14 10:46:00";77054,6
"870119";"27:11:2";"Exp60_191_IS22294";"Exp60_191_IS22294";NA;"2023-10-14 11:02:00";77017,4
"870120";"27:11:2";"Exp60_191_IS22294";"Exp60_191_IS22294";NA;"2023-10-14 11:16:00";76985,5
"870121";"27:11:2";"Exp60_191_IS22294";"Exp60_191_IS22294";NA;"2023-10-14 11:32:00";76949,8
"870122";"27:11:2";"Exp60_191_IS22294";"Exp60_191_IS22294";NA;"2023-10-14 11:46:00";76917,8
"870123";"27:11:2";"Exp60_191_IS22294";"Exp60_191_IS22294";NA;"2023-10-14 12:02:00";76883,7
"870124";"27:11:2";"Exp60_191_IS22294";"Exp60_191_IS22294";NA;"2023-10-14 12:16:00";76856
"870125";"27:11:2";"Exp60_191_IS22294";"Exp60_191_IS22294";NA;"2023-10-14 12:32:00";76823,6
"870126";"27:11:2";"Exp60_191_IS22294";"Exp60_191_IS22294";NA;"2023-10-14 12:46:00";76794,8
"870127";"27:11:2";"Exp60_191_IS22294";"Exp60_191_IS22294";NA;"2023-10-14 13:02:00";76774,4
"870128";"27:11:2";"Exp60_191_IS22294";"Exp60_191_IS22294";NA;"2023-10-14 13:16:00";76750,1
"870129";"27:11:2";"Exp60_191_IS22294";"Exp60_191_IS22294";NA;"2023-10-14 13:32:00";76740,4
"870130";"27:11:2";"Exp60_191_IS22294";"Exp60_191_IS22294";NA;"2023-10-14 13:46:00";76708,4
"870131";"27:11:2";"Exp60_191_IS22294";"Exp60_191_IS22294";NA;"2023-10-14 19:31:00";76451
"870132";"27:11:2";"Exp60_191_IS22294";"Exp60_191_IS22294";NA;"2023-10-15 02:01:00";76394,7
"870133";"27:11:2";"Exp60_191_IS22294";"Exp60_191_IS22294";NA;"2023-10-15 02:17:00";76392,8
"870134";"27:11:2";"Exp60_191_IS22294";"Exp60_191_IS22294";NA;"2023-10-15 02:31:00";76391,7
"870135";"27:11:2";"Exp60_191_IS22294";"Exp60_191_IS22294";NA;"2023-10-15 02:47:00";76390,8
"870136";"27:11:2";"Exp60_191_IS22294";"Exp60_191_IS22294";NA;"2023-10-15 03:01:00";76389,6
"870137";"27:11:2";"Exp60_191_IS22294";"Exp60_191_IS22294";NA;"2023-10-15 03:17:00";76388,9
"870138";"27:11:2";"Exp60_191_IS22294";"Exp60_191_IS22294";NA;"2023-10-15 03:31:00";76388
"870139";"27:11:2";"Exp60_191_IS22294";"Exp60_191_IS22294";NA;"2023-10-15 03:47:00";76386,8
"870140";"27:11:2";"Exp60_191_IS22294";"Exp60_191_IS22294";NA;"2023-10-15 04:01:00";76385,9
"870141";"27:11:2";"Exp60_191_IS22294";"Exp60_191_IS22294";NA;"2023-10-15 04:32:00";76384,7
"870142";"27:11:2";"Exp60_191_IS22294";"Exp60_191_IS22294";NA;"2023-10-15 04:46:00";76383
"870143";"27:11:2";"Exp60_191_IS22294";"Exp60_191_IS22294";NA;"2023-10-15 05:32:00";76378,9
"870144";"27:11:2";"Exp60_191_IS22294";"Exp60_191_IS22294";NA;"2023-10-15 05:46:00";76379,4
"870145";"27:11:2";"Exp60_191_IS22294";"Exp60_191_IS22294";NA;"2023-10-15 06:17:00";76377,7
"870146";"27:11:2";"Exp60_191_IS22294";"Exp60_191_IS22294";NA;"2023-10-15 06:31:00";76376,6
"870147";"27:11:2";"Exp60_191_IS22294";"Exp60_191_IS22294";NA;"2023-10-15 07:02:00";76374,2
"870148";"27:11:2";"Exp60_191_IS22294";"Exp60_191_IS22294";NA;"2023-10-15 07:16:00";76372,9
"870149";"27:11:2";"Exp60_191_IS22294";"Exp60_191_IS22294";NA;"2023-10-15 07:32:00";76370,2
"870150";"27:11:2";"Exp60_191_IS22294";"Exp60_191_IS22294";NA;"2023-10-15 07:46:00";76367,5
"870151";"27:11:2";"Exp60_191_IS22294";"Exp60_191_IS22294";NA;"2023-10-15 08:17:00";76356,9
"870152";"27:11:2";"Exp60_191_IS22294";"Exp60_191_IS22294";NA;"2023-10-15 08:31:00";76349,5
"870153";"27:11:2";"Exp60_191_IS22294";"Exp60_191_IS22294";NA;"2023-10-15 08:47:00";76336,6
"870154";"27:11:2";"Exp60_191_IS22294";"Exp60_191_IS22294";NA;"2023-10-15 09:01:00";76328,7
"870155";"27:11:2";"Exp60_191_IS22294";"Exp60_191_IS22294";NA;"2023-10-15 09:17:00";76315,9
"870156";"27:11:2";"Exp60_191_IS22294";"Exp60_191_IS22294";NA;"2023-10-15 09:31:00";76303,7
"870157";"27:11:2";"Exp60_191_IS22294";"Exp60_191_IS22294";NA;"2023-10-15 09:47:00";76283,8
"870158";"27:11:2";"Exp60_191_IS22294";"Exp60_191_IS22294";NA;"2023-10-15 10:01:00";76267,2
"870159";"27:11:2";"Exp60_191_IS22294";"Exp60_191_IS22294";NA;"2023-10-15 10:17:00";76243,6
"870160";"27:11:2";"Exp60_191_IS22294";"Exp60_191_IS22294";NA;"2023-10-15 10:31:00";76223,8
"870161";"27:11:2";"Exp60_191_IS22294";"Exp60_191_IS22294";NA;"2023-10-15 10:47:00";76202,6
"870162";"27:11:2";"Exp60_191_IS22294";"Exp60_191_IS22294";NA;"2023-10-15 11:01:00";76185
"870163";"27:11:2";"Exp60_191_IS22294";"Exp60_191_IS22294";NA;"2023-10-15 18:01:00";75779,4
"870164";"27:11:2";"Exp60_191_IS22294";"Exp60_191_IS22294";NA;"2023-10-15 18:17:00";75776,4
"870165";"27:11:2";"Exp60_191_IS22294";"Exp60_191_IS22294";NA;"2023-10-15 18:31:00";75774,8
"870166";"27:11:2";"Exp60_191_IS22294";"Exp60_191_IS22294";NA;"2023-10-15 18:47:00";75770,9
"870167";"27:11:2";"Exp60_191_IS22294";"Exp60_191_IS22294";NA;"2023-10-15 19:01:00";75769,3
"870168";"27:11:2";"Exp60_191_IS22294";"Exp60_191_IS22294";NA;"2023-10-15 19:17:00";75766,7
"870169";"27:11:2";"Exp60_191_IS22294";"Exp60_191_IS22294";NA;"2023-10-15 19:31:00";75768,7
"870170";"27:11:2";"Exp60_191_IS22294";"Exp60_191_IS22294";NA;"2023-10-16 03:46:00";75715,1
"870171";"27:11:2";"Exp60_191_IS22294";"Exp60_191_IS22294";NA;"2023-10-16 04:02:00";75715,2
"870172";"27:11:2";"Exp60_191_IS22294";"Exp60_191_IS22294";NA;"2023-10-16 04:16:00";75714,2
"870173";"27:11:2";"Exp60_191_IS22294";"Exp60_191_IS22294";NA;"2023-10-16 04:32:00";75715,1
"870174";"27:11:2";"Exp60_191_IS22294";"Exp60_191_IS22294";NA;"2023-10-16 04:46:00";75714,2
"870175";"27:11:2";"Exp60_191_IS22294";"Exp60_191_IS22294";NA;"2023-10-16 05:02:00";75713
"870176";"27:11:2";"Exp60_191_IS22294";"Exp60_191_IS22294";NA;"2023-10-16 05:16:00";75711,8
"870177";"27:11:2";"Exp60_191_IS22294";"Exp60_191_IS22294";NA;"2023-10-16 05:32:00";75711,3
"870178";"27:11:2";"Exp60_191_IS22294";"Exp60_191_IS22294";NA;"2023-10-16 05:46:00";75710,4
"870179";"27:11:2";"Exp60_191_IS22294";"Exp60_191_IS22294";NA;"2023-10-16 06:02:00";75709,7
"870180";"27:11:2";"Exp60_191_IS22294";"Exp60_191_IS22294";NA;"2023-10-16 06:16:00";75709
"870181";"27:11:2";"Exp60_191_IS22294";"Exp60_191_IS22294";NA;"2023-10-16 06:32:00";75709,1
"870182";"27:11:2";"Exp60_191_IS22294";"Exp60_191_IS22294";NA;"2023-10-16 06:46:00";75707,5
"870183";"27:11:2";"Exp60_191_IS22294";"Exp60_191_IS22294";NA;"2023-10-16 07:02:00";75705,8
"870184";"27:11:2";"Exp60_191_IS22294";"Exp60_191_IS22294";NA;"2023-10-16 07:16:00";75704,7
"870185";"27:11:2";"Exp60_191_IS22294";"Exp60_191_IS22294";NA;"2023-10-16 07:47:00";75699,4
"870186";"27:11:2";"Exp60_191_IS22294";"Exp60_191_IS22294";NA;"2023-10-16 08:01:00";75695,8
"870187";"27:11:2";"Exp60_191_IS22294";"Exp60_191_IS22294";NA;"2023-10-16 08:17:00";75689,4
"870188";"27:11:2";"Exp60_191_IS22294";"Exp60_191_IS22294";NA;"2023-10-16 08:31:00";75684,5
"870189";"27:11:2";"Exp60_191_IS22294";"Exp60_191_IS22294";NA;"2023-10-16 08:47:00";75675
"870190";"27:11:2";"Exp60_191_IS22294";"Exp60_191_IS22294";NA;"2023-10-16 09:01:00";75666,2
"870191";"27:11:2";"Exp60_191_IS22294";"Exp60_191_IS22294";NA;"2023-10-16 09:17:00";75652,2
"870192";"27:11:2";"Exp60_191_IS22294";"Exp60_191_IS22294";NA;"2023-10-16 09:31:00";75640,7
"870193";"27:11:2";"Exp60_191_IS22294";"Exp60_191_IS22294";NA;"2023-10-16 09:47:00";75626,7
"870194";"27:11:2";"Exp60_191_IS22294";"Exp60_191_IS22294";NA;"2023-10-16 10:01:00";75612,1
"870195";"27:11:2";"Exp60_191_IS22294";"Exp60_191_IS22294";NA;"2023-10-16 10:17:00";75598,3
"870196";"27:11:2";"Exp60_191_IS22294";"Exp60_191_IS22294";NA;"2023-10-16 10:31:00";75578,5
"870197";"27:11:2";"Exp60_191_IS22294";"Exp60_191_IS22294";NA;"2023-10-16 10:47:00";75568,2
"870198";"27:11:2";"Exp60_191_IS22294";"Exp60_191_IS22294";NA;"2023-10-16 11:01:00";75545,7
"870199";"27:11:2";"Exp60_191_IS22294";"Exp60_191_IS22294";NA;"2023-10-16 11:32:00";75514,7
"870200";"27:11:2";"Exp60_191_IS22294";"Exp60_191_IS22294";NA;"2023-10-16 11:46:00";75498,2
"870201";"27:11:2";"Exp60_191_IS22294";"Exp60_191_IS22294";NA;"2023-10-16 12:17:00";75464,8
"870202";"27:11:2";"Exp60_191_IS22294";"Exp60_191_IS22294";NA;"2023-10-16 12:31:00";75452,6
"870203";"27:11:2";"Exp60_191_IS22294";"Exp60_191_IS22294";NA;"2023-10-16 13:02:00";75408
"870204";"27:11:2";"Exp60_191_IS22294";"Exp60_191_IS22294";NA;"2023-10-16 13:16:00";75389,1
"870205";"27:11:2";"Exp60_191_IS22294";"Exp60_191_IS22294";NA;"2023-10-16 13:32:00";75376,5
"870206";"27:11:2";"Exp60_191_IS22294";"Exp60_191_IS22294";NA;"2023-10-16 13:46:00";75361,5
"870207";"27:11:2";"Exp60_191_IS22294";"Exp60_191_IS22294";NA;"2023-10-16 14:02:00";75352,3
"870208";"27:11:2";"Exp60_191_IS22294";"Exp60_191_IS22294";NA;"2023-10-16 14:16:00";75344,1
"870209";"27:11:2";"Exp60_191_IS22294";"Exp60_191_IS22294";NA;"2023-10-16 14:32:00";75329,4
"870210";"27:11:2";"Exp60_191_IS22294";"Exp60_191_IS22294";NA;"2023-10-16 14:46:00";75313,7
"870211";"27:11:2";"Exp60_191_IS22294";"Exp60_191_IS22294";NA;"2023-10-16 22:16:00";75203,4
"870212";"27:11:2";"Exp60_191_IS22294";"Exp60_191_IS22294";NA;"2023-10-16 22:32:00";75201,6
"870213";"27:11:2";"Exp60_191_IS22294";"Exp60_191_IS22294";NA;"2023-10-16 22:46:00";75200,4
"870214";"27:11:2";"Exp60_191_IS22294";"Exp60_191_IS22294";NA;"2023-10-17 05:46:00";75174
"870215";"27:11:2";"Exp60_191_IS22294";"Exp60_191_IS22294";NA;"2023-10-17 06:02:00";75173,3
"870216";"27:11:2";"Exp60_191_IS22294";"Exp60_191_IS22294";NA;"2023-10-17 06:16:00";75172,9
"870217";"27:11:2";"Exp60_191_IS22294";"Exp60_191_IS22294";NA;"2023-10-17 06:32:00";75172,6
"870218";"27:11:2";"Exp60_191_IS22294";"Exp60_191_IS22294";NA;"2023-10-17 06:46:00";75172,3
"870219";"27:11:2";"Exp60_191_IS22294";"Exp60_191_IS22294";NA;"2023-10-17 12:46:00";74844,3
"870220";"27:11:2";"Exp60_191_IS22294";"Exp60_191_IS22294";NA;"2023-10-17 13:02:00";74839,4
"870221";"27:11:2";"Exp60_191_IS22294";"Exp60_191_IS22294";NA;"2023-10-17 13:16:00";74823,8
"870222";"27:11:2";"Exp60_191_IS22294";"Exp60_191_IS22294";NA;"2023-10-17 13:32:00";74803,3
"870223";"27:11:2";"Exp60_191_IS22294";"Exp60_191_IS22294";NA;"2023-10-17 13:46:00";74792,7
"870224";"27:11:2";"Exp60_191_IS22294";"Exp60_191_IS22294";NA;"2023-10-17 14:02:00";74786,2
"870225";"27:11:2";"Exp60_191_IS22294";"Exp60_191_IS22294";NA;"2023-10-17 14:16:00";74763,8
"870226";"27:11:2";"Exp60_191_IS22294";"Exp60_191_IS22294";NA;"2023-10-17 14:32:00";74755,3
"870227";"27:11:2";"Exp60_191_IS22294";"Exp60_191_IS22294";NA;"2023-10-17 14:46:00";74745
"870228";"27:11:2";"Exp60_191_IS22294";"Exp60_191_IS22294";NA;"2023-10-17 15:17:00";74723,9
"870229";"27:11:2";"Exp60_191_IS22294";"Exp60_191_IS22294";NA;"2023-10-17 15:31:00";74713
"870230";"27:11:2";"Exp60_191_IS22294";"Exp60_191_IS22294";NA;"2023-10-17 16:17:00";74692,7
"870231";"27:11:2";"Exp60_191_IS22294";"Exp60_191_IS22294";NA;"2023-10-17 16:31:00";74687,9
"870232";"27:11:2";"Exp60_191_IS22294";"Exp60_191_IS22294";NA;"2023-10-17 16:47:00";74680,6
"870233";"27:11:2";"Exp60_191_IS22294";"Exp60_191_IS22294";NA;"2023-10-17 17:01:00";74676,5
"870234";"27:11:2";"Exp60_191_IS22294";"Exp60_191_IS22294";NA;"2023-10-17 18:32:00";74667
"870235";"27:11:2";"Exp60_191_IS22294";"Exp60_191_IS22294";NA;"2023-10-17 18:46:00";74665,5
"870236";"27:11:2";"Exp60_191_IS22294";"Exp60_191_IS22294";NA;"2023-10-17 19:02:00";74666,3
"870237";"27:11:2";"Exp60_191_IS22294";"Exp60_191_IS22294";NA;"2023-10-17 19:16:00";74663,7
"870238";"27:11:2";"Exp60_191_IS22294";"Exp60_191_IS22294";NA;"2023-10-17 19:32:00";74664,3
"870239";"27:11:2";"Exp60_191_IS22294";"Exp60_191_IS22294";NA;"2023-10-17 19:46:00";74661,8
"870240";"27:11:2";"Exp60_191_IS22294";"Exp60_191_IS22294";NA;"2023-10-18 01:31:00";74643,9
"870241";"27:11:2";"Exp60_191_IS22294";"Exp60_191_IS22294";NA;"2023-10-18 02:02:00";74643,5
"870242";"27:11:2";"Exp60_191_IS22294";"Exp60_191_IS22294";NA;"2023-10-18 02:16:00";74643,6
"870243";"27:11:2";"Exp60_191_IS22294";"Exp60_191_IS22294";NA;"2023-10-18 02:32:00";74642,9
"870244";"27:11:2";"Exp60_191_IS22294";"Exp60_191_IS22294";NA;"2023-10-18 02:46:00";74642,3
"870245";"27:11:2";"Exp60_191_IS22294";"Exp60_191_IS22294";NA;"2023-10-18 03:02:00";74641,6
"870246";"27:11:2";"Exp60_191_IS22294";"Exp60_191_IS22294";NA;"2023-10-18 03:16:00";74642,6
"870247";"27:11:2";"Exp60_191_IS22294";"Exp60_191_IS22294";NA;"2023-10-18 03:32:00";74642,3
"870248";"27:11:2";"Exp60_191_IS22294";"Exp60_191_IS22294";NA;"2023-10-18 04:01:00";74643
"870249";"27:11:2";"Exp60_191_IS22294";"Exp60_191_IS22294";NA;"2023-10-18 04:17:00";74642,4
"870250";"27:11:2";"Exp60_191_IS22294";"Exp60_191_IS22294";NA;"2023-10-18 04:31:00";74641,5
"870251";"27:11:2";"Exp60_191_IS22294";"Exp60_191_IS22294";NA;"2023-10-18 04:47:00";74641,4
"870252";"27:11:2";"Exp60_191_IS22294";"Exp60_191_IS22294";NA;"2023-10-18 05:01:00";74641,6
"870253";"27:11:2";"Exp60_191_IS22294";"Exp60_191_IS22294";NA;"2023-10-18 05:17:00";74640
"870254";"27:11:2";"Exp60_191_IS22294";"Exp60_191_IS22294";NA;"2023-10-18 05:31:00";74640,7
"870255";"27:11:2";"Exp60_191_IS22294";"Exp60_191_IS22294";NA;"2023-10-18 05:47:00";74641
"870256";"27:11:2";"Exp60_191_IS22294";"Exp60_191_IS22294";NA;"2023-10-18 06:01:00";74640,7
"870257";"27:11:2";"Exp60_191_IS22294";"Exp60_191_IS22294";NA;"2023-10-18 06:17:00";74640,5
"870258";"27:11:2";"Exp60_191_IS22294";"Exp60_191_IS22294";NA;"2023-10-18 06:31:00";74641,5
"870259";"27:11:2";"Exp60_191_IS22294";"Exp60_191_IS22294";NA;"2023-10-18 07:32:00";74632,5
"870260";"27:11:2";"Exp60_191_IS22294";"Exp60_191_IS22294";NA;"2023-10-18 07:46:00";74628,9
"870261";"27:11:2";"Exp60_191_IS22294";"Exp60_191_IS22294";NA;"2023-10-18 08:02:00";74626
"870262";"27:11:2";"Exp60_191_IS22294";"Exp60_191_IS22294";NA;"2023-10-18 08:16:00";74621
"870263";"27:11:2";"Exp60_191_IS22294";"Exp60_191_IS22294";NA;"2023-10-18 08:47:00";74606
"870264";"27:11:2";"Exp60_191_IS22294";"Exp60_191_IS22294";NA;"2023-10-18 09:01:00";74596,2
"870265";"27:11:2";"Exp60_191_IS22294";"Exp60_191_IS22294";NA;"2023-10-18 09:17:00";74584,2
"870266";"27:11:2";"Exp60_191_IS22294";"Exp60_191_IS22294";NA;"2023-10-18 09:31:00";74572,2
"870267";"27:11:2";"Exp60_191_IS22294";"Exp60_191_IS22294";NA;"2023-10-18 15:31:00";74281,5
"870268";"27:11:2";"Exp60_191_IS22294";"Exp60_191_IS22294";NA;"2023-10-18 16:32:00";74261,4
"870269";"27:11:2";"Exp60_191_IS22294";"Exp60_191_IS22294";NA;"2023-10-18 16:46:00";74258,5
"870270";"27:11:2";"Exp60_191_IS22294";"Exp60_191_IS22294";NA;"2023-10-18 17:02:00";74256,4
"870271";"27:11:2";"Exp60_191_IS22294";"Exp60_191_IS22294";NA;"2023-10-18 17:16:00";74254,5
"870272";"27:11:2";"Exp60_191_IS22294";"Exp60_191_IS22294";NA;"2023-10-18 17:32:00";74252
"870273";"27:11:2";"Exp60_191_IS22294";"Exp60_191_IS22294";NA;"2023-10-18 17:46:00";74252,3
"870274";"27:11:2";"Exp60_191_IS22294";"Exp60_191_IS22294";NA;"2023-10-18 18:02:00";74252,3
"870275";"27:11:2";"Exp60_191_IS22294";"Exp60_191_IS22294";NA;"2023-10-18 18:16:00";74251,8
"870276";"27:11:2";"Exp60_191_IS22294";"Exp60_191_IS22294";NA;"2023-10-18 18:32:00";74249,7
"870277";"27:11:2";"Exp60_191_IS22294";"Exp60_191_IS22294";NA;"2023-10-18 18:46:00";74249,6
"870278";"27:11:2";"Exp60_191_IS22294";"Exp60_191_IS22294";NA;"2023-10-19 01:16:00";74229,8
"870279";"27:11:2";"Exp60_191_IS22294";"Exp60_191_IS22294";NA;"2023-10-19 01:32:00";74230,2
"870280";"27:11:2";"Exp60_191_IS22294";"Exp60_191_IS22294";NA;"2023-10-19 01:46:00";74227,7
"870281";"27:11:2";"Exp60_191_IS22294";"Exp60_191_IS22294";NA;"2023-10-19 02:02:00";74227,8
"870282";"27:11:2";"Exp60_191_IS22294";"Exp60_191_IS22294";NA;"2023-10-19 02:16:00";74228,2
"870283";"27:11:2";"Exp60_191_IS22294";"Exp60_191_IS22294";NA;"2023-10-19 02:32:00";74228,1
"870284";"27:11:2";"Exp60_191_IS22294";"Exp60_191_IS22294";NA;"2023-10-19 02:46:00";74227,5
"870285";"27:11:2";"Exp60_191_IS22294";"Exp60_191_IS22294";NA;"2023-10-19 03:17:00";74226,9
"870286";"27:11:2";"Exp60_191_IS22294";"Exp60_191_IS22294";NA;"2023-10-19 03:31:00";74226,3
"870287";"27:11:2";"Exp60_191_IS22294";"Exp60_191_IS22294";NA;"2023-10-19 03:47:00";74225,2
"870288";"27:11:2";"Exp60_191_IS22294";"Exp60_191_IS22294";NA;"2023-10-19 04:01:00";74224,4
"870289";"27:11:2";"Exp60_191_IS22294";"Exp60_191_IS22294";NA;"2023-10-19 04:17:00";74224,7
"870290";"27:11:2";"Exp60_191_IS22294";"Exp60_191_IS22294";NA;"2023-10-19 04:31:00";74224,7
"870291";"27:11:2";"Exp60_191_IS22294";"Exp60_191_IS22294";NA;"2023-10-19 04:47:00";74225
"870292";"27:11:2";"Exp60_191_IS22294";"Exp60_191_IS22294";NA;"2023-10-19 05:01:00";74225,5
"870293";"27:11:2";"Exp60_191_IS22294";"Exp60_191_IS22294";NA;"2023-10-19 05:17:00";74224,3
"870294";"27:11:2";"Exp60_191_IS22294";"Exp60_191_IS22294";NA;"2023-10-19 05:31:00";74224,9
"870295";"27:11:2";"Exp60_191_IS22294";"Exp60_191_IS22294";NA;"2023-10-19 05:47:00";74224,1
"870296";"27:11:2";"Exp60_191_IS22294";"Exp60_191_IS22294";NA;"2023-10-19 06:01:00";74224,8
"870297";"27:11:2";"Exp60_191_IS22294";"Exp60_191_IS22294";NA;"2023-10-19 06:17:00";74224,6
"870298";"27:11:2";"Exp60_191_IS22294";"Exp60_191_IS22294";NA;"2023-10-19 06:31:00";74224,9
"870299";"27:11:2";"Exp60_191_IS22294";"Exp60_191_IS22294";NA;"2023-10-19 06:47:00";74224,4
"870300";"27:11:2";"Exp60_191_IS22294";"Exp60_191_IS22294";NA;"2023-10-19 07:01:00";74223,9
"870301";"27:11:2";"Exp60_191_IS22294";"Exp60_191_IS22294";NA;"2023-10-19 13:46:00";73954,7
"870302";"27:11:2";"Exp60_191_IS22294";"Exp60_191_IS22294";NA;"2023-10-19 14:02:00";73948,6
"870303";"27:11:2";"Exp60_191_IS22294";"Exp60_191_IS22294";NA;"2023-10-19 14:16:00";73932,6
"870304";"27:11:2";"Exp60_191_IS22294";"Exp60_191_IS22294";NA;"2023-10-19 14:32:00";73934,5
"870305";"27:11:2";"Exp60_191_IS22294";"Exp60_191_IS22294";NA;"2023-10-19 14:46:00";73912,5
"870306";"27:11:2";"Exp60_191_IS22294";"Exp60_191_IS22294";NA;"2023-10-19 15:02:00";73899,3
"870307";"27:11:2";"Exp60_191_IS22294";"Exp60_191_IS22294";NA;"2023-10-19 15:16:00";73897
"870308";"27:11:2";"Exp60_191_IS22294";"Exp60_191_IS22294";NA;"2023-10-19 15:32:00";74060,4
"870309";"27:11:2";"Exp60_191_IS22294";"Exp60_191_IS22294";NA;"2023-10-19 15:46:00";74991,9
"870310";"27:11:2";"Exp60_191_IS22294";"Exp60_191_IS22294";NA;"2023-10-19 16:02:00";76011,4
"870311";"27:11:2";"Exp60_191_IS22294";"Exp60_191_IS22294";NA;"2023-10-19 16:16:00";76914,1
"870312";"27:11:2";"Exp60_191_IS22294";"Exp60_191_IS22294";NA;"2023-10-19 16:47:00";77656,4
"870313";"27:11:2";"Exp60_191_IS22294";"Exp60_191_IS22294";NA;"2023-10-19 17:01:00";77633,9
"870314";"27:11:2";"Exp60_191_IS22294";"Exp60_191_IS22294";NA;"2023-10-19 17:17:00";77605,8
"870315";"27:11:2";"Exp60_191_IS22294";"Exp60_191_IS22294";NA;"2023-10-19 17:31:00";77583,9
"870316";"27:11:2";"Exp60_191_IS22294";"Exp60_191_IS22294";NA;"2023-10-19 17:47:00";77554,9
"870317";"27:11:2";"Exp60_191_IS22294";"Exp60_191_IS22294";NA;"2023-10-19 18:01:00";77533,1
"870318";"27:11:2";"Exp60_191_IS22294";"Exp60_191_IS22294";NA;"2023-10-20 01:31:00";77001,8
"870319";"27:11:2";"Exp60_191_IS22294";"Exp60_191_IS22294";NA;"2023-10-20 01:47:00";76995,6
"870320";"27:11:2";"Exp60_191_IS22294";"Exp60_191_IS22294";NA;"2023-10-20 02:01:00";76991
"870321";"27:11:2";"Exp60_191_IS22294";"Exp60_191_IS22294";NA;"2023-10-20 02:17:00";76982,9
"870322";"27:11:2";"Exp60_191_IS22294";"Exp60_191_IS22294";NA;"2023-10-20 02:31:00";76975,4
"870323";"27:11:2";"Exp60_191_IS22294";"Exp60_191_IS22294";NA;"2023-10-20 02:47:00";76968,2
"870324";"27:11:2";"Exp60_191_IS22294";"Exp60_191_IS22294";NA;"2023-10-20 03:01:00";76965,2
"870325";"27:11:2";"Exp60_191_IS22294";"Exp60_191_IS22294";NA;"2023-10-20 03:47:00";76950,4
"870326";"27:11:2";"Exp60_191_IS22294";"Exp60_191_IS22294";NA;"2023-10-20 04:01:00";76948,6
"870327";"27:11:2";"Exp60_191_IS22294";"Exp60_191_IS22294";NA;"2023-10-20 04:32:00";76945,1
"870328";"27:11:2";"Exp60_191_IS22294";"Exp60_191_IS22294";NA;"2023-10-20 04:46:00";76943,3
"870329";"27:11:2";"Exp60_191_IS22294";"Exp60_191_IS22294";NA;"2023-10-20 05:02:00";76941,7
"870330";"27:11:2";"Exp60_191_IS22294";"Exp60_191_IS22294";NA;"2023-10-20 05:16:00";76940,1
"870331";"27:11:2";"Exp60_191_IS22294";"Exp60_191_IS22294";NA;"2023-10-20 05:32:00";76937,4
"870332";"27:11:2";"Exp60_191_IS22294";"Exp60_191_IS22294";NA;"2023-10-20 05:46:00";76934,1
"870333";"27:11:2";"Exp60_191_IS22294";"Exp60_191_IS22294";NA;"2023-10-20 06:02:00";76933,7
"870334";"27:11:2";"Exp60_191_IS22294";"Exp60_191_IS22294";NA;"2023-10-20 06:16:00";76931,7
"870335";"27:11:2";"Exp60_191_IS22294";"Exp60_191_IS22294";NA;"2023-10-20 06:32:00";76930,1
"870336";"27:11:2";"Exp60_191_IS22294";"Exp60_191_IS22294";NA;"2023-10-20 06:46:00";76926,6
"870337";"27:11:2";"Exp60_191_IS22294";"Exp60_191_IS22294";NA;"2023-10-20 07:02:00";76923,9
"870338";"27:11:2";"Exp60_191_IS22294";"Exp60_191_IS22294";NA;"2023-10-20 07:16:00";76921,4
"870339";"27:11:2";"Exp60_191_IS22294";"Exp60_191_IS22294";NA;"2023-10-20 07:47:00";76912,4
"870340";"27:11:2";"Exp60_191_IS22294";"Exp60_191_IS22294";NA;"2023-10-20 08:01:00";76908
"870341";"27:11:2";"Exp60_191_IS22294";"Exp60_191_IS22294";NA;"2023-10-20 08:17:00";76901,8
"870342";"27:11:2";"Exp60_191_IS22294";"Exp60_191_IS22294";NA;"2023-10-20 08:31:00";76891,5
"870343";"27:11:2";"Exp60_191_IS22294";"Exp60_191_IS22294";NA;"2023-10-20 08:47:00";76879,9
"870344";"27:11:2";"Exp60_191_IS22294";"Exp60_191_IS22294";NA;"2023-10-20 09:01:00";76863,4
"870345";"27:11:2";"Exp60_191_IS22294";"Exp60_191_IS22294";NA;"2023-10-20 13:46:00";76448,2
"870346";"27:11:2";"Exp60_191_IS22294";"Exp60_191_IS22294";NA;"2023-10-20 15:31:00";76323,8
"870347";"27:11:2";"Exp60_191_IS22294";"Exp60_191_IS22294";NA;"2023-10-20 15:47:00";76320,1
"870348";"27:11:2";"Exp60_191_IS22294";"Exp60_191_IS22294";NA;"2023-10-20 16:01:00";76304,2
"870349";"27:11:2";"Exp60_191_IS22294";"Exp60_191_IS22294";NA;"2023-10-20 16:17:00";76291,5
"870350";"27:11:2";"Exp60_191_IS22294";"Exp60_191_IS22294";NA;"2023-10-20 16:31:00";76306,1
"870351";"27:11:2";"Exp60_191_IS22294";"Exp60_191_IS22294";NA;"2023-10-20 16:47:00";76277
"870352";"27:11:2";"Exp60_191_IS22294";"Exp60_191_IS22294";NA;"2023-10-20 17:01:00";76265,3
"870353";"27:11:2";"Exp60_191_IS22294";"Exp60_191_IS22294";NA;"2023-10-20 23:31:00";76205,8
"870354";"27:11:2";"Exp60_191_IS22294";"Exp60_191_IS22294";NA;"2023-10-20 23:47:00";76208,1
"870355";"27:11:2";"Exp60_191_IS22294";"Exp60_191_IS22294";NA;"2023-10-21 00:01:00";76203,3
"870356";"27:11:2";"Exp60_191_IS22294";"Exp60_191_IS22294";NA;"2023-10-21 00:17:00";76202,2
"870357";"27:11:2";"Exp60_191_IS22294";"Exp60_191_IS22294";NA;"2023-10-21 00:31:00";76200,8
"870358";"27:11:2";"Exp60_191_IS22294";"Exp60_191_IS22294";NA;"2023-10-21 01:17:00";76196,9
"870359";"27:11:2";"Exp60_191_IS22294";"Exp60_191_IS22294";NA;"2023-10-21 01:31:00";76197,7
"870360";"27:11:2";"Exp60_191_IS22294";"Exp60_191_IS22294";NA;"2023-10-21 01:47:00";76194,5
"870361";"27:11:2";"Exp60_191_IS22294";"Exp60_191_IS22294";NA;"2023-10-21 02:01:00";76193,8
"870362";"27:11:2";"Exp60_191_IS22294";"Exp60_191_IS22294";NA;"2023-10-21 08:31:00";76158,9
"870363";"27:11:2";"Exp60_191_IS22294";"Exp60_191_IS22294";NA;"2023-10-21 08:47:00";76148,7
"870364";"27:11:2";"Exp60_191_IS22294";"Exp60_191_IS22294";NA;"2023-10-21 09:01:00";76139,8
"870365";"27:11:2";"Exp60_191_IS22294";"Exp60_191_IS22294";NA;"2023-10-21 09:17:00";76127,2
"870366";"27:11:2";"Exp60_191_IS22294";"Exp60_191_IS22294";NA;"2023-10-21 09:31:00";76118,9
"870367";"27:11:2";"Exp60_191_IS22294";"Exp60_191_IS22294";NA;"2023-10-21 09:47:00";76107,8
"870368";"27:11:2";"Exp60_191_IS22294";"Exp60_191_IS22294";NA;"2023-10-21 10:01:00";76094,9
"870369";"27:11:2";"Exp60_191_IS22294";"Exp60_191_IS22294";NA;"2023-10-21 10:32:00";76061,2
"870370";"27:11:2";"Exp60_191_IS22294";"Exp60_191_IS22294";NA;"2023-10-21 10:46:00";76047,3
"870371";"27:11:2";"Exp60_191_IS22294";"Exp60_191_IS22294";NA;"2023-10-21 17:01:00";77803,8
"870372";"27:11:2";"Exp60_191_IS22294";"Exp60_191_IS22294";NA;"2023-10-21 17:32:00";77736,1
"870373";"27:11:2";"Exp60_191_IS22294";"Exp60_191_IS22294";NA;"2023-10-21 17:46:00";77706,3
"870374";"27:11:2";"Exp60_191_IS22294";"Exp60_191_IS22294";NA;"2023-10-21 18:02:00";77678,4
"870375";"27:11:2";"Exp60_191_IS22294";"Exp60_191_IS22294";NA;"2023-10-21 18:16:00";77651,5
"870376";"27:11:2";"Exp60_191_IS22294";"Exp60_191_IS22294";NA;"2023-10-21 18:32:00";77620,1
"870377";"27:11:2";"Exp60_191_IS22294";"Exp60_191_IS22294";NA;"2023-10-21 18:46:00";77593,4
"870378";"27:11:2";"Exp60_191_IS22294";"Exp60_191_IS22294";NA;"2023-10-21 19:02:00";77566,1
"870379";"27:11:2";"Exp60_191_IS22294";"Exp60_191_IS22294";NA;"2023-10-21 19:16:00";77541,4
"870380";"27:11:2";"Exp60_191_IS22294";"Exp60_191_IS22294";NA;"2023-10-21 19:32:00";77515,4
"870381";"27:11:2";"Exp60_191_IS22294";"Exp60_191_IS22294";NA;"2023-10-21 19:46:00";77490,8
"870382";"27:11:2";"Exp60_191_IS22294";"Exp60_191_IS22294";NA;"2023-10-21 20:02:00";77467,9
"870383";"27:11:2";"Exp60_191_IS22294";"Exp60_191_IS22294";NA;"2023-10-21 20:16:00";77446,7
"870384";"27:11:2";"Exp60_191_IS22294";"Exp60_191_IS22294";NA;"2023-10-21 20:32:00";77421,2
"870385";"27:11:2";"Exp60_191_IS22294";"Exp60_191_IS22294";NA;"2023-10-21 20:46:00";77400,2
"870386";"27:12:1";"Exp60_62_IS7277";"Exp60_62_IS7277";NA;"2023-09-22 10:17:00";13566400
"870387";"27:12:1";"Exp60_62_IS7277";"Exp60_62_IS7277";NA;"2023-09-22 10:31:00";14373000
"870388";"27:12:1";"Exp60_62_IS7277";"Exp60_62_IS7277";NA;"2023-09-22 10:47:00";17883600
"870389";"27:12:1";"Exp60_62_IS7277";"Exp60_62_IS7277";NA;"2023-09-22 11:01:00";20440200
"870390";"27:12:1";"Exp60_62_IS7277";"Exp60_62_IS7277";NA;"2023-09-22 11:32:00";22941200
"870391";"27:12:1";"Exp60_62_IS7277";"Exp60_62_IS7277";NA;"2023-09-22 11:46:00";34808900
"870392";"27:12:1";"Exp60_62_IS7277";"Exp60_62_IS7277";NA;"2023-09-22 12:02:00";42226300
"870393";"27:12:1";"Exp60_62_IS7277";"Exp60_62_IS7277";NA;"2023-09-22 12:16:00";47047700
"870394";"27:12:1";"Exp60_62_IS7277";"Exp60_62_IS7277";NA;"2023-09-22 12:32:00";54385400
"870395";"27:12:1";"Exp60_62_IS7277";"Exp60_62_IS7277";NA;"2023-09-22 12:46:00";62910200
"870396";"27:12:1";"Exp60_62_IS7277";"Exp60_62_IS7277";NA;"2023-09-22 13:02:00";64017200
"870397";"27:12:1";"Exp60_62_IS7277";"Exp60_62_IS7277";NA;"2023-09-22 13:16:00";59882800
"870398";"27:12:1";"Exp60_62_IS7277";"Exp60_62_IS7277";NA;"2023-09-22 13:32:00";50558300
"870399";"27:12:1";"Exp60_62_IS7277";"Exp60_62_IS7277";NA;"2023-09-22 13:46:00";47809300
"870400";"27:12:1";"Exp60_62_IS7277";"Exp60_62_IS7277";NA;"2023-09-22 20:31:00";8466480
"870401";"27:12:1";"Exp60_62_IS7277";"Exp60_62_IS7277";NA;"2023-09-22 20:47:00";8491310
"870402";"27:12:1";"Exp60_62_IS7277";"Exp60_62_IS7277";NA;"2023-09-22 21:01:00";8383520
"870403";"27:12:1";"Exp60_62_IS7277";"Exp60_62_IS7277";NA;"2023-09-22 21:17:00";8348850
"870404";"27:12:1";"Exp60_62_IS7277";"Exp60_62_IS7277";NA;"2023-09-22 21:31:00";8160980
"870405";"27:12:1";"Exp60_62_IS7277";"Exp60_62_IS7277";NA;"2023-09-22 21:47:00";8021390
"870406";"27:12:1";"Exp60_62_IS7277";"Exp60_62_IS7277";NA;"2023-09-22 22:01:00";7911640
"870407";"27:12:1";"Exp60_62_IS7277";"Exp60_62_IS7277";NA;"2023-09-22 22:17:00";7920660
"870408";"27:12:1";"Exp60_62_IS7277";"Exp60_62_IS7277";NA;"2023-09-22 22:31:00";7923120
"870409";"27:12:1";"Exp60_62_IS7277";"Exp60_62_IS7277";NA;"2023-09-22 22:47:00";7842380
"870410";"27:12:1";"Exp60_62_IS7277";"Exp60_62_IS7277";NA;"2023-09-22 23:01:00";8082540
"870411";"27:12:1";"Exp60_62_IS7277";"Exp60_62_IS7277";NA;"2023-09-22 23:17:00";7925820
"870412";"27:12:1";"Exp60_62_IS7277";"Exp60_62_IS7277";NA;"2023-09-22 23:31:00";7823770
"870413";"27:12:1";"Exp60_62_IS7277";"Exp60_62_IS7277";NA;"2023-09-22 23:47:00";7692460
"870414";"27:12:1";"Exp60_62_IS7277";"Exp60_62_IS7277";NA;"2023-09-23 00:01:00";7718610
"870415";"27:12:1";"Exp60_62_IS7277";"Exp60_62_IS7277";NA;"2023-09-23 00:17:00";7672790
"870416";"27:12:1";"Exp60_62_IS7277";"Exp60_62_IS7277";NA;"2023-09-23 01:01:00";7972710
"870417";"27:12:1";"Exp60_62_IS7277";"Exp60_62_IS7277";NA;"2023-09-23 01:17:00";8401890
"870418";"27:12:1";"Exp60_62_IS7277";"Exp60_62_IS7277";NA;"2023-09-23 01:31:00";8163770
"870419";"27:12:1";"Exp60_62_IS7277";"Exp60_62_IS7277";NA;"2023-09-23 01:47:00";8422300
"870420";"27:12:1";"Exp60_62_IS7277";"Exp60_62_IS7277";NA;"2023-09-23 02:01:00";8812050
"870421";"27:12:1";"Exp60_62_IS7277";"Exp60_62_IS7277";NA;"2023-09-23 02:17:00";8514430
"870422";"27:12:1";"Exp60_62_IS7277";"Exp60_62_IS7277";NA;"2023-09-23 02:31:00";8360740
"870423";"27:12:1";"Exp60_62_IS7277";"Exp60_62_IS7277";NA;"2023-09-23 02:47:00";8092460
"870424";"27:12:1";"Exp60_62_IS7277";"Exp60_62_IS7277";NA;"2023-09-23 03:01:00";7787620
"870425";"27:12:1";"Exp60_62_IS7277";"Exp60_62_IS7277";NA;"2023-09-23 03:17:00";7892870
"870426";"27:12:1";"Exp60_62_IS7277";"Exp60_62_IS7277";NA;"2023-09-23 03:31:00";7771390
"870427";"27:12:1";"Exp60_62_IS7277";"Exp60_62_IS7277";NA;"2023-09-23 03:47:00";7836800
"870428";"27:12:1";"Exp60_62_IS7277";"Exp60_62_IS7277";NA;"2023-09-23 04:16:00";8446390
"870429";"27:12:1";"Exp60_62_IS7277";"Exp60_62_IS7277";NA;"2023-09-23 04:32:00";8612050
"870430";"27:12:1";"Exp60_62_IS7277";"Exp60_62_IS7277";NA;"2023-09-23 04:46:00";8699100
"870431";"27:12:1";"Exp60_62_IS7277";"Exp60_62_IS7277";NA;"2023-09-23 05:02:00";8537300
"870432";"27:12:1";"Exp60_62_IS7277";"Exp60_62_IS7277";NA;"2023-09-23 05:16:00";8855820
"870433";"27:12:1";"Exp60_62_IS7277";"Exp60_62_IS7277";NA;"2023-09-23 05:32:00";8933520
"870434";"27:12:1";"Exp60_62_IS7277";"Exp60_62_IS7277";NA;"2023-09-23 05:46:00";8996390
"870435";"27:12:1";"Exp60_62_IS7277";"Exp60_62_IS7277";NA;"2023-09-23 06:02:00";8606480
"870436";"27:12:1";"Exp60_62_IS7277";"Exp60_62_IS7277";NA;"2023-09-23 06:16:00";8624020
"870437";"27:12:1";"Exp60_62_IS7277";"Exp60_62_IS7277";NA;"2023-09-23 06:32:00";8836800
"870438";"27:12:1";"Exp60_62_IS7277";"Exp60_62_IS7277";NA;"2023-09-23 06:46:00";9188930
"870439";"27:12:1";"Exp60_62_IS7277";"Exp60_62_IS7277";NA;"2023-09-23 07:02:00";9534510
"870440";"27:12:1";"Exp60_62_IS7277";"Exp60_62_IS7277";NA;"2023-09-23 07:16:00";10069600
"870441";"27:12:1";"Exp60_62_IS7277";"Exp60_62_IS7277";NA;"2023-09-23 07:32:00";11187200
"870442";"27:12:1";"Exp60_62_IS7277";"Exp60_62_IS7277";NA;"2023-09-23 07:46:00";13190600
"870443";"27:12:1";"Exp60_62_IS7277";"Exp60_62_IS7277";NA;"2023-09-23 08:02:00";15349500
"870444";"27:12:1";"Exp60_62_IS7277";"Exp60_62_IS7277";NA;"2023-09-23 08:16:00";18444600
"870445";"27:12:1";"Exp60_62_IS7277";"Exp60_62_IS7277";NA;"2023-09-23 08:32:00";23900000
"870446";"27:12:1";"Exp60_62_IS7277";"Exp60_62_IS7277";NA;"2023-09-23 08:46:00";28152900
"870447";"27:12:1";"Exp60_62_IS7277";"Exp60_62_IS7277";NA;"2023-09-23 09:02:00";41648900
"870448";"27:12:1";"Exp60_62_IS7277";"Exp60_62_IS7277";NA;"2023-09-23 09:16:00";43941600
"870449";"27:12:1";"Exp60_62_IS7277";"Exp60_62_IS7277";NA;"2023-09-23 14:01:00";320582000
"870450";"27:12:1";"Exp60_62_IS7277";"Exp60_62_IS7277";NA;"2023-09-23 14:17:00";320582000
"870451";"27:12:1";"Exp60_62_IS7277";"Exp60_62_IS7277";NA;"2023-09-23 14:31:00";320582000
"870452";"27:12:1";"Exp60_62_IS7277";"Exp60_62_IS7277";NA;"2023-09-23 14:47:00";320582000
"870453";"27:12:1";"Exp60_62_IS7277";"Exp60_62_IS7277";NA;"2023-09-23 15:01:00";320582000
"870454";"27:12:1";"Exp60_62_IS7277";"Exp60_62_IS7277";NA;"2023-09-23 15:32:00";320582000
"870455";"27:12:1";"Exp60_62_IS7277";"Exp60_62_IS7277";NA;"2023-09-23 15:46:00";320582000
"870456";"27:12:1";"Exp60_62_IS7277";"Exp60_62_IS7277";NA;"2023-09-23 16:17:00";320582000
"870457";"27:12:1";"Exp60_62_IS7277";"Exp60_62_IS7277";NA;"2023-09-23 16:31:00";320582000
"870458";"27:12:1";"Exp60_62_IS7277";"Exp60_62_IS7277";NA;"2023-09-23 16:47:00";320582000
"870459";"27:12:1";"Exp60_62_IS7277";"Exp60_62_IS7277";NA;"2023-09-23 17:01:00";320582000
"870460";"27:12:1";"Exp60_62_IS7277";"Exp60_62_IS7277";NA;"2023-09-23 17:17:00";320582000
"870461";"27:12:1";"Exp60_62_IS7277";"Exp60_62_IS7277";NA;"2023-09-23 17:31:00";320582000
"870462";"27:12:1";"Exp60_62_IS7277";"Exp60_62_IS7277";NA;"2023-09-23 17:47:00";320582000
"870463";"27:12:1";"Exp60_62_IS7277";"Exp60_62_IS7277";NA;"2023-09-23 18:01:00";94272700
"870464";"27:12:1";"Exp60_62_IS7277";"Exp60_62_IS7277";NA;"2023-09-23 18:17:00";47647600
"870465";"27:12:1";"Exp60_62_IS7277";"Exp60_62_IS7277";NA;"2023-09-23 18:31:00";36611000
"870466";"27:12:1";"Exp60_62_IS7277";"Exp60_62_IS7277";NA;"2023-09-23 18:47:00";28336300
"870467";"27:12:1";"Exp60_62_IS7277";"Exp60_62_IS7277";NA;"2023-09-23 19:01:00";24887500
"870468";"27:12:1";"Exp60_62_IS7277";"Exp60_62_IS7277";NA;"2023-09-23 19:17:00";21783500
"870469";"27:12:1";"Exp60_62_IS7277";"Exp60_62_IS7277";NA;"2023-09-23 19:31:00";19952000
"870470";"27:12:1";"Exp60_62_IS7277";"Exp60_62_IS7277";NA;"2023-09-23 20:02:00";15990000
"870471";"27:12:1";"Exp60_62_IS7277";"Exp60_62_IS7277";NA;"2023-09-23 20:16:00";14509200
"870472";"27:12:1";"Exp60_62_IS7277";"Exp60_62_IS7277";NA;"2023-09-23 20:32:00";13381700
"870473";"27:12:1";"Exp60_62_IS7277";"Exp60_62_IS7277";NA;"2023-09-23 20:46:00";13055000
"870474";"27:12:1";"Exp60_62_IS7277";"Exp60_62_IS7277";NA;"2023-09-23 21:02:00";12537700
"870475";"27:12:1";"Exp60_62_IS7277";"Exp60_62_IS7277";NA;"2023-09-23 21:16:00";12179300
"870476";"27:12:1";"Exp60_62_IS7277";"Exp60_62_IS7277";NA;"2023-09-23 21:32:00";13226400
"870477";"27:12:1";"Exp60_62_IS7277";"Exp60_62_IS7277";NA;"2023-09-23 21:46:00";11157500
"870478";"27:12:1";"Exp60_62_IS7277";"Exp60_62_IS7277";NA;"2023-09-23 22:02:00";11354100
"870479";"27:12:1";"Exp60_62_IS7277";"Exp60_62_IS7277";NA;"2023-09-23 22:16:00";10900700
"870480";"27:12:1";"Exp60_62_IS7277";"Exp60_62_IS7277";NA;"2023-09-23 23:17:00";9838850
"870481";"27:12:1";"Exp60_62_IS7277";"Exp60_62_IS7277";NA;"2023-09-23 23:31:00";10025300
"870482";"27:12:1";"Exp60_62_IS7277";"Exp60_62_IS7277";NA;"2023-09-23 23:47:00";9358770
"870483";"27:12:1";"Exp60_62_IS7277";"Exp60_62_IS7277";NA;"2023-09-24 00:01:00";9112540
"870484";"27:12:1";"Exp60_62_IS7277";"Exp60_62_IS7277";NA;"2023-09-24 00:17:00";8743280
"870485";"27:12:1";"Exp60_62_IS7277";"Exp60_62_IS7277";NA;"2023-09-24 00:31:00";9781310
"870486";"27:12:1";"Exp60_62_IS7277";"Exp60_62_IS7277";NA;"2023-09-24 00:47:00";8645410
"870487";"27:12:1";"Exp60_62_IS7277";"Exp60_62_IS7277";NA;"2023-09-24 01:01:00";8579180
"870488";"27:12:1";"Exp60_62_IS7277";"Exp60_62_IS7277";NA;"2023-09-24 01:17:00";8753440
"870489";"27:12:1";"Exp60_62_IS7277";"Exp60_62_IS7277";NA;"2023-09-24 01:31:00";8246970
"870490";"27:12:1";"Exp60_62_IS7277";"Exp60_62_IS7277";NA;"2023-09-24 01:47:00";8091560
"870491";"27:12:1";"Exp60_62_IS7277";"Exp60_62_IS7277";NA;"2023-09-24 02:01:00";8005820
"870492";"27:12:1";"Exp60_62_IS7277";"Exp60_62_IS7277";NA;"2023-09-24 02:17:00";7829920
"870493";"27:12:1";"Exp60_62_IS7277";"Exp60_62_IS7277";NA;"2023-09-24 02:31:00";7864670
"870494";"27:12:1";"Exp60_62_IS7277";"Exp60_62_IS7277";NA;"2023-09-24 02:47:00";7732380
"870495";"27:12:1";"Exp60_62_IS7277";"Exp60_62_IS7277";NA;"2023-09-24 03:01:00";7722050
"870496";"27:12:1";"Exp60_62_IS7277";"Exp60_62_IS7277";NA;"2023-09-24 10:01:00";13926900
"870497";"27:12:1";"Exp60_62_IS7277";"Exp60_62_IS7277";NA;"2023-09-24 10:17:00";15581600
"870498";"27:12:1";"Exp60_62_IS7277";"Exp60_62_IS7277";NA;"2023-09-24 10:31:00";18171000
"870499";"27:12:1";"Exp60_62_IS7277";"Exp60_62_IS7277";NA;"2023-09-24 10:47:00";21430600
"870500";"27:12:1";"Exp60_62_IS7277";"Exp60_62_IS7277";NA;"2023-09-24 11:01:00";34390900
"870501";"27:12:1";"Exp60_62_IS7277";"Exp60_62_IS7277";NA;"2023-09-24 11:17:00";41356500
"870502";"27:12:1";"Exp60_62_IS7277";"Exp60_62_IS7277";NA;"2023-09-24 11:31:00";43815700
"870503";"27:12:1";"Exp60_62_IS7277";"Exp60_62_IS7277";NA;"2023-09-24 11:47:00";49400000
"870504";"27:12:1";"Exp60_62_IS7277";"Exp60_62_IS7277";NA;"2023-09-24 12:01:00";63209400
"870505";"27:12:1";"Exp60_62_IS7277";"Exp60_62_IS7277";NA;"2023-09-24 12:17:00";84232800
"870506";"27:12:1";"Exp60_62_IS7277";"Exp60_62_IS7277";NA;"2023-09-24 12:31:00";74730800
"870507";"27:12:1";"Exp60_62_IS7277";"Exp60_62_IS7277";NA;"2023-09-24 12:47:00";98630600
"870508";"27:12:1";"Exp60_62_IS7277";"Exp60_62_IS7277";NA;"2023-09-24 13:01:00";71037000
"870509";"27:12:1";"Exp60_62_IS7277";"Exp60_62_IS7277";NA;"2023-09-24 13:17:00";55129900
"870510";"27:12:1";"Exp60_62_IS7277";"Exp60_62_IS7277";NA;"2023-09-24 13:31:00";49601500
"870511";"27:12:1";"Exp60_62_IS7277";"Exp60_62_IS7277";NA;"2023-09-24 13:47:00";52019900
"870512";"27:12:1";"Exp60_62_IS7277";"Exp60_62_IS7277";NA;"2023-09-24 14:01:00";42401600
"870513";"27:12:1";"Exp60_62_IS7277";"Exp60_62_IS7277";NA;"2023-09-24 14:17:00";30792000
"870514";"27:12:1";"Exp60_62_IS7277";"Exp60_62_IS7277";NA;"2023-09-24 14:31:00";21949900
"870515";"27:12:1";"Exp60_62_IS7277";"Exp60_62_IS7277";NA;"2023-09-24 14:47:00";13231100
"870516";"27:12:1";"Exp60_62_IS7277";"Exp60_62_IS7277";NA;"2023-09-24 15:01:00";10472100
"870517";"27:12:1";"Exp60_62_IS7277";"Exp60_62_IS7277";NA;"2023-09-24 15:17:00";9741310
"870518";"27:12:1";"Exp60_62_IS7277";"Exp60_62_IS7277";NA;"2023-09-24 15:31:00";9151890
"870519";"27:12:1";"Exp60_62_IS7277";"Exp60_62_IS7277";NA;"2023-09-24 15:47:00";8673770
"870520";"27:12:1";"Exp60_62_IS7277";"Exp60_62_IS7277";NA;"2023-09-24 16:01:00";9647950
"870521";"27:12:1";"Exp60_62_IS7277";"Exp60_62_IS7277";NA;"2023-09-24 22:31:00";7565080
"870522";"27:12:1";"Exp60_62_IS7277";"Exp60_62_IS7277";NA;"2023-09-24 22:47:00";7470660
"870523";"27:12:1";"Exp60_62_IS7277";"Exp60_62_IS7277";NA;"2023-09-24 23:01:00";7561640
"870524";"27:12:1";"Exp60_62_IS7277";"Exp60_62_IS7277";NA;"2023-09-24 23:17:00";7659920
"870525";"27:12:1";"Exp60_62_IS7277";"Exp60_62_IS7277";NA;"2023-09-24 23:31:00";7676640
"870526";"27:12:1";"Exp60_62_IS7277";"Exp60_62_IS7277";NA;"2023-09-24 23:47:00";7497950
"870527";"27:12:1";"Exp60_62_IS7277";"Exp60_62_IS7277";NA;"2023-09-25 00:01:00";7291970
"870528";"27:12:1";"Exp60_62_IS7277";"Exp60_62_IS7277";NA;"2023-09-25 00:17:00";7469430
"870529";"27:12:1";"Exp60_62_IS7277";"Exp60_62_IS7277";NA;"2023-09-25 00:31:00";7386230
"870530";"27:12:1";"Exp60_62_IS7277";"Exp60_62_IS7277";NA;"2023-09-25 00:47:00";7449430
"870531";"27:12:1";"Exp60_62_IS7277";"Exp60_62_IS7277";NA;"2023-09-25 01:01:00";7499750
"870532";"27:12:1";"Exp60_62_IS7277";"Exp60_62_IS7277";NA;"2023-09-25 01:17:00";7249590
"870533";"27:12:1";"Exp60_62_IS7277";"Exp60_62_IS7277";NA;"2023-09-25 01:31:00";7128690
"870534";"27:12:1";"Exp60_62_IS7277";"Exp60_62_IS7277";NA;"2023-09-25 01:47:00";7171970
"870535";"27:12:1";"Exp60_62_IS7277";"Exp60_62_IS7277";NA;"2023-09-25 02:01:00";7029430
"870536";"27:12:1";"Exp60_62_IS7277";"Exp60_62_IS7277";NA;"2023-09-25 03:02:00";7100250
"870537";"27:12:1";"Exp60_62_IS7277";"Exp60_62_IS7277";NA;"2023-09-25 03:16:00";7078610
"870538";"27:12:1";"Exp60_62_IS7277";"Exp60_62_IS7277";NA;"2023-09-25 04:32:00";6560740
"870539";"27:12:1";"Exp60_62_IS7277";"Exp60_62_IS7277";NA;"2023-09-25 04:46:00";6964920
"870540";"27:12:1";"Exp60_62_IS7277";"Exp60_62_IS7277";NA;"2023-09-25 05:17:00";6520080
"870541";"27:12:1";"Exp60_62_IS7277";"Exp60_62_IS7277";NA;"2023-09-25 05:31:00";6406310
"870542";"27:12:1";"Exp60_62_IS7277";"Exp60_62_IS7277";NA;"2023-09-25 05:47:00";6469840
"870543";"27:12:1";"Exp60_62_IS7277";"Exp60_62_IS7277";NA;"2023-09-25 06:01:00";6396390
"870544";"27:12:1";"Exp60_62_IS7277";"Exp60_62_IS7277";NA;"2023-09-25 06:17:00";6506970
"870545";"27:12:1";"Exp60_62_IS7277";"Exp60_62_IS7277";NA;"2023-09-25 06:31:00";6147300
"870546";"27:12:1";"Exp60_62_IS7277";"Exp60_62_IS7277";NA;"2023-09-25 06:47:00";6308690
"870547";"27:12:1";"Exp60_62_IS7277";"Exp60_62_IS7277";NA;"2023-09-25 07:01:00";6355570
"870548";"27:12:1";"Exp60_62_IS7277";"Exp60_62_IS7277";NA;"2023-09-25 07:17:00";6645820
"870549";"27:12:1";"Exp60_62_IS7277";"Exp60_62_IS7277";NA;"2023-09-25 07:31:00";6767950
"870550";"27:12:1";"Exp60_62_IS7277";"Exp60_62_IS7277";NA;"2023-09-25 07:47:00";7069430
"870551";"27:12:1";"Exp60_62_IS7277";"Exp60_62_IS7277";NA;"2023-09-25 08:01:00";7295900
"870552";"27:12:1";"Exp60_62_IS7277";"Exp60_62_IS7277";NA;"2023-09-25 14:46:00";67311500
"870553";"27:12:1";"Exp60_62_IS7277";"Exp60_62_IS7277";NA;"2023-09-25 15:02:00";35640500
"870554";"27:12:1";"Exp60_62_IS7277";"Exp60_62_IS7277";NA;"2023-09-25 15:16:00";27143800
"870555";"27:12:1";"Exp60_62_IS7277";"Exp60_62_IS7277";NA;"2023-09-25 15:32:00";27499300
"870556";"27:12:1";"Exp60_62_IS7277";"Exp60_62_IS7277";NA;"2023-09-25 15:46:00";27788000
"870557";"27:12:1";"Exp60_62_IS7277";"Exp60_62_IS7277";NA;"2023-09-25 16:02:00";27579400
"870558";"27:12:1";"Exp60_62_IS7277";"Exp60_62_IS7277";NA;"2023-09-25 17:16:00";10953300
"870559";"27:12:1";"Exp60_62_IS7277";"Exp60_62_IS7277";NA;"2023-09-25 17:32:00";9133030
"870560";"27:12:1";"Exp60_62_IS7277";"Exp60_62_IS7277";NA;"2023-09-25 17:46:00";8122870
"870561";"27:12:1";"Exp60_62_IS7277";"Exp60_62_IS7277";NA;"2023-09-25 18:02:00";7128520
"870562";"27:12:1";"Exp60_62_IS7277";"Exp60_62_IS7277";NA;"2023-09-25 19:01:00";5404670
"870563";"27:12:1";"Exp60_62_IS7277";"Exp60_62_IS7277";NA;"2023-09-25 19:17:00";5367870
"870564";"27:12:1";"Exp60_62_IS7277";"Exp60_62_IS7277";NA;"2023-09-25 19:31:00";5149510
"870565";"27:12:1";"Exp60_62_IS7277";"Exp60_62_IS7277";NA;"2023-09-25 19:47:00";4767210
"870566";"27:12:1";"Exp60_62_IS7277";"Exp60_62_IS7277";NA;"2023-09-25 20:01:00";4674430
"870567";"27:12:1";"Exp60_62_IS7277";"Exp60_62_IS7277";NA;"2023-09-25 20:17:00";4476150
"870568";"27:12:1";"Exp60_62_IS7277";"Exp60_62_IS7277";NA;"2023-09-25 20:31:00";4373770
"870569";"27:12:1";"Exp60_62_IS7277";"Exp60_62_IS7277";NA;"2023-09-25 20:47:00";4362130
"870570";"27:12:1";"Exp60_62_IS7277";"Exp60_62_IS7277";NA;"2023-09-25 21:16:00";4288360
"870571";"27:12:1";"Exp60_62_IS7277";"Exp60_62_IS7277";NA;"2023-09-25 21:32:00";4132790
"870572";"27:12:1";"Exp60_62_IS7277";"Exp60_62_IS7277";NA;"2023-09-25 21:46:00";4079670
"870573";"27:12:1";"Exp60_62_IS7277";"Exp60_62_IS7277";NA;"2023-09-25 22:02:00";4311310
"870574";"27:12:1";"Exp60_62_IS7277";"Exp60_62_IS7277";NA;"2023-09-25 22:16:00";4193610
"870575";"27:12:1";"Exp60_62_IS7277";"Exp60_62_IS7277";NA;"2023-09-25 22:32:00";3983030
"870576";"27:12:1";"Exp60_62_IS7277";"Exp60_62_IS7277";NA;"2023-09-25 22:46:00";3960660
"870577";"27:12:1";"Exp60_62_IS7277";"Exp60_62_IS7277";NA;"2023-09-25 23:02:00";3848280
"870578";"27:12:1";"Exp60_62_IS7277";"Exp60_62_IS7277";NA;"2023-09-25 23:16:00";4033930
"870579";"27:12:1";"Exp60_62_IS7277";"Exp60_62_IS7277";NA;"2023-09-25 23:32:00";3971640
"870580";"27:12:1";"Exp60_62_IS7277";"Exp60_62_IS7277";NA;"2023-09-25 23:46:00";3905160
"870581";"27:12:1";"Exp60_62_IS7277";"Exp60_62_IS7277";NA;"2023-09-26 00:02:00";3737380
"870582";"27:12:1";"Exp60_62_IS7277";"Exp60_62_IS7277";NA;"2023-09-26 00:16:00";3780660
"870583";"27:12:1";"Exp60_62_IS7277";"Exp60_62_IS7277";NA;"2023-09-26 00:32:00";3961150
"870584";"27:12:1";"Exp60_62_IS7277";"Exp60_62_IS7277";NA;"2023-09-26 00:46:00";4228770
"870585";"27:12:1";"Exp60_62_IS7277";"Exp60_62_IS7277";NA;"2023-09-26 01:02:00";4372380
"870586";"27:12:1";"Exp60_62_IS7277";"Exp60_62_IS7277";NA;"2023-09-26 01:16:00";4230000
"870587";"27:12:1";"Exp60_62_IS7277";"Exp60_62_IS7277";NA;"2023-09-26 01:32:00";4103360
"870588";"27:12:1";"Exp60_62_IS7277";"Exp60_62_IS7277";NA;"2023-09-26 01:46:00";4001970
"870589";"27:12:1";"Exp60_62_IS7277";"Exp60_62_IS7277";NA;"2023-09-26 02:02:00";3988360
"870590";"27:12:1";"Exp60_62_IS7277";"Exp60_62_IS7277";NA;"2023-09-26 02:16:00";3986560
"870591";"27:12:1";"Exp60_62_IS7277";"Exp60_62_IS7277";NA;"2023-09-26 02:32:00";4149180
"870592";"27:12:1";"Exp60_62_IS7277";"Exp60_62_IS7277";NA;"2023-09-26 02:46:00";4202300
"870593";"27:12:1";"Exp60_62_IS7277";"Exp60_62_IS7277";NA;"2023-09-26 03:02:00";3948770
"870594";"27:12:1";"Exp60_62_IS7277";"Exp60_62_IS7277";NA;"2023-09-26 03:16:00";3967620
"870595";"27:12:1";"Exp60_62_IS7277";"Exp60_62_IS7277";NA;"2023-09-26 03:32:00";4026720
"870596";"27:12:1";"Exp60_62_IS7277";"Exp60_62_IS7277";NA;"2023-09-26 03:46:00";3917950
"870597";"27:12:1";"Exp60_62_IS7277";"Exp60_62_IS7277";NA;"2023-09-26 04:02:00";3986970
"870598";"27:12:1";"Exp60_62_IS7277";"Exp60_62_IS7277";NA;"2023-09-26 04:16:00";4117870
"870599";"27:12:1";"Exp60_62_IS7277";"Exp60_62_IS7277";NA;"2023-09-26 04:32:00";4073280
"870600";"27:12:1";"Exp60_62_IS7277";"Exp60_62_IS7277";NA;"2023-09-26 04:46:00";3955570
"870601";"27:12:1";"Exp60_62_IS7277";"Exp60_62_IS7277";NA;"2023-09-26 05:02:00";4040080
"870602";"27:12:1";"Exp60_62_IS7277";"Exp60_62_IS7277";NA;"2023-09-26 05:16:00";3931640
"870603";"27:12:1";"Exp60_62_IS7277";"Exp60_62_IS7277";NA;"2023-09-26 05:32:00";3971230
"870604";"27:12:1";"Exp60_62_IS7277";"Exp60_62_IS7277";NA;"2023-09-26 05:46:00";3953280
"870605";"27:12:1";"Exp60_62_IS7277";"Exp60_62_IS7277";NA;"2023-09-26 06:02:00";3959020
"870606";"27:12:1";"Exp60_62_IS7277";"Exp60_62_IS7277";NA;"2023-09-26 06:16:00";4154430
"870607";"27:12:1";"Exp60_62_IS7277";"Exp60_62_IS7277";NA;"2023-09-26 06:32:00";3847620
"870608";"27:12:1";"Exp60_62_IS7277";"Exp60_62_IS7277";NA;"2023-09-26 06:46:00";4298280
"870609";"27:12:1";"Exp60_62_IS7277";"Exp60_62_IS7277";NA;"2023-09-26 07:02:00";4129750
"870610";"27:12:1";"Exp60_62_IS7277";"Exp60_62_IS7277";NA;"2023-09-26 07:16:00";4244840
"870611";"27:12:1";"Exp60_62_IS7277";"Exp60_62_IS7277";NA;"2023-09-26 07:47:00";4400660
"870612";"27:12:1";"Exp60_62_IS7277";"Exp60_62_IS7277";NA;"2023-09-26 08:01:00";4522460
"870613";"27:12:1";"Exp60_62_IS7277";"Exp60_62_IS7277";NA;"2023-09-26 08:17:00";4778520
"870614";"27:12:1";"Exp60_62_IS7277";"Exp60_62_IS7277";NA;"2023-09-26 08:31:00";5161230
"870615";"27:12:1";"Exp60_62_IS7277";"Exp60_62_IS7277";NA;"2023-09-26 09:02:00";5888440
"870616";"27:12:1";"Exp60_62_IS7277";"Exp60_62_IS7277";NA;"2023-09-26 09:16:00";6372710
"870617";"27:12:1";"Exp60_62_IS7277";"Exp60_62_IS7277";NA;"2023-09-26 09:32:00";7429180
"870618";"27:12:1";"Exp60_62_IS7277";"Exp60_62_IS7277";NA;"2023-09-26 09:46:00";9031800
"870619";"27:12:1";"Exp60_62_IS7277";"Exp60_62_IS7277";NA;"2023-09-26 10:02:00";12063900
"870620";"27:12:1";"Exp60_62_IS7277";"Exp60_62_IS7277";NA;"2023-09-26 10:16:00";12308300
"870621";"27:12:1";"Exp60_62_IS7277";"Exp60_62_IS7277";NA;"2023-09-26 10:32:00";21024700
"870622";"27:12:1";"Exp60_62_IS7277";"Exp60_62_IS7277";NA;"2023-09-26 10:46:00";26501500
"870623";"27:12:1";"Exp60_62_IS7277";"Exp60_62_IS7277";NA;"2023-09-26 11:02:00";44898000
"870624";"27:12:1";"Exp60_62_IS7277";"Exp60_62_IS7277";NA;"2023-09-26 11:16:00";55848000
"870625";"27:12:1";"Exp60_62_IS7277";"Exp60_62_IS7277";NA;"2023-09-26 11:47:00";94541300
"870626";"27:12:1";"Exp60_62_IS7277";"Exp60_62_IS7277";NA;"2023-09-26 12:01:00";147177000
"870627";"27:12:1";"Exp60_62_IS7277";"Exp60_62_IS7277";NA;"2023-09-26 12:17:00";278551000
"870628";"27:12:1";"Exp60_62_IS7277";"Exp60_62_IS7277";NA;"2023-09-26 12:31:00";277463000
"870629";"27:12:1";"Exp60_62_IS7277";"Exp60_62_IS7277";NA;"2023-09-26 12:47:00";320582000
"870630";"27:12:1";"Exp60_62_IS7277";"Exp60_62_IS7277";NA;"2023-09-26 13:01:00";320582000
"870631";"27:12:1";"Exp60_62_IS7277";"Exp60_62_IS7277";NA;"2023-09-26 13:32:00";320582000
"870632";"27:12:1";"Exp60_62_IS7277";"Exp60_62_IS7277";NA;"2023-09-26 13:46:00";320582000
"870633";"27:12:1";"Exp60_62_IS7277";"Exp60_62_IS7277";NA;"2023-09-26 14:02:00";320582000
"870634";"27:12:1";"Exp60_62_IS7277";"Exp60_62_IS7277";NA;"2023-09-26 14:16:00";320582000
"870635";"27:12:1";"Exp60_62_IS7277";"Exp60_62_IS7277";NA;"2023-09-26 14:32:00";320582000
"870636";"27:12:1";"Exp60_62_IS7277";"Exp60_62_IS7277";NA;"2023-09-26 14:46:00";320582000
"870637";"27:12:1";"Exp60_62_IS7277";"Exp60_62_IS7277";NA;"2023-09-26 15:02:00";320582000
"870638";"27:12:1";"Exp60_62_IS7277";"Exp60_62_IS7277";NA;"2023-09-26 15:16:00";320582000
"870639";"27:12:1";"Exp60_62_IS7277";"Exp60_62_IS7277";NA;"2023-09-26 15:32:00";320582000
"870640";"27:12:1";"Exp60_62_IS7277";"Exp60_62_IS7277";NA;"2023-09-26 15:46:00";320582000
"870641";"27:12:1";"Exp60_62_IS7277";"Exp60_62_IS7277";NA;"2023-09-26 16:02:00";320582000
"870642";"27:12:1";"Exp60_62_IS7277";"Exp60_62_IS7277";NA;"2023-09-26 16:16:00";320582000
"870643";"27:12:1";"Exp60_62_IS7277";"Exp60_62_IS7277";NA;"2023-09-26 22:01:00";6623850
"870644";"27:12:1";"Exp60_62_IS7277";"Exp60_62_IS7277";NA;"2023-09-26 22:17:00";6478440
"870645";"27:12:1";"Exp60_62_IS7277";"Exp60_62_IS7277";NA;"2023-09-26 22:31:00";6553030
"870646";"27:12:1";"Exp60_62_IS7277";"Exp60_62_IS7277";NA;"2023-09-26 22:47:00";5974430
"870647";"27:12:1";"Exp60_62_IS7277";"Exp60_62_IS7277";NA;"2023-09-26 23:01:00";5736310
"870648";"27:12:1";"Exp60_62_IS7277";"Exp60_62_IS7277";NA;"2023-09-26 23:17:00";5904340
"870649";"27:12:1";"Exp60_62_IS7277";"Exp60_62_IS7277";NA;"2023-09-26 23:31:00";5592870
"870650";"27:12:1";"Exp60_62_IS7277";"Exp60_62_IS7277";NA;"2023-09-26 23:47:00";5532700
"870651";"27:12:1";"Exp60_62_IS7277";"Exp60_62_IS7277";NA;"2023-09-27 00:31:00";5195410
"870652";"27:12:1";"Exp60_62_IS7277";"Exp60_62_IS7277";NA;"2023-09-27 00:47:00";5092050
"870653";"27:12:1";"Exp60_62_IS7277";"Exp60_62_IS7277";NA;"2023-09-27 01:01:00";5193280
"870654";"27:12:1";"Exp60_62_IS7277";"Exp60_62_IS7277";NA;"2023-09-27 01:17:00";5766150
"870655";"27:12:1";"Exp60_62_IS7277";"Exp60_62_IS7277";NA;"2023-09-27 01:31:00";5107700
"870656";"27:12:1";"Exp60_62_IS7277";"Exp60_62_IS7277";NA;"2023-09-27 01:47:00";4932540
"870657";"27:12:1";"Exp60_62_IS7277";"Exp60_62_IS7277";NA;"2023-09-27 02:01:00";5194670
"870658";"27:12:1";"Exp60_62_IS7277";"Exp60_62_IS7277";NA;"2023-09-27 02:17:00";4821480
"870659";"27:12:1";"Exp60_62_IS7277";"Exp60_62_IS7277";NA;"2023-09-27 02:31:00";4862700
"870660";"27:12:1";"Exp60_62_IS7277";"Exp60_62_IS7277";NA;"2023-09-27 02:47:00";4700820
"870661";"27:12:1";"Exp60_62_IS7277";"Exp60_62_IS7277";NA;"2023-09-27 03:01:00";4654590
"870662";"27:12:1";"Exp60_62_IS7277";"Exp60_62_IS7277";NA;"2023-09-27 03:17:00";4605900
"870663";"27:12:1";"Exp60_62_IS7277";"Exp60_62_IS7277";NA;"2023-09-27 03:31:00";4589840
"870664";"27:12:1";"Exp60_62_IS7277";"Exp60_62_IS7277";NA;"2023-09-27 03:47:00";4444510
"870665";"27:12:1";"Exp60_62_IS7277";"Exp60_62_IS7277";NA;"2023-09-27 04:01:00";4358930
"870666";"27:12:1";"Exp60_62_IS7277";"Exp60_62_IS7277";NA;"2023-09-27 04:17:00";4343930
"870667";"27:12:1";"Exp60_62_IS7277";"Exp60_62_IS7277";NA;"2023-09-27 04:31:00";4248200
"870668";"27:12:1";"Exp60_62_IS7277";"Exp60_62_IS7277";NA;"2023-09-27 04:47:00";4232210
"870669";"27:12:1";"Exp60_62_IS7277";"Exp60_62_IS7277";NA;"2023-09-27 05:01:00";4098770
"870670";"27:12:1";"Exp60_62_IS7277";"Exp60_62_IS7277";NA;"2023-09-27 05:17:00";4112700
"870671";"27:12:1";"Exp60_62_IS7277";"Exp60_62_IS7277";NA;"2023-09-27 05:31:00";4090570
"870672";"27:12:1";"Exp60_62_IS7277";"Exp60_62_IS7277";NA;"2023-09-27 05:47:00";3941880
"870673";"27:12:1";"Exp60_62_IS7277";"Exp60_62_IS7277";NA;"2023-09-27 06:01:00";3916480
"870674";"27:12:1";"Exp60_62_IS7277";"Exp60_62_IS7277";NA;"2023-09-27 06:17:00";3747540
"870675";"27:12:1";"Exp60_62_IS7277";"Exp60_62_IS7277";NA;"2023-09-27 06:31:00";3793850
"870676";"27:12:1";"Exp60_62_IS7277";"Exp60_62_IS7277";NA;"2023-09-27 06:47:00";3771070
"870677";"27:12:1";"Exp60_62_IS7277";"Exp60_62_IS7277";NA;"2023-09-27 07:01:00";3725570
"870678";"27:12:1";"Exp60_62_IS7277";"Exp60_62_IS7277";NA;"2023-09-27 07:32:00";3919670
"870679";"27:12:1";"Exp60_62_IS7277";"Exp60_62_IS7277";NA;"2023-09-27 07:46:00";4538030
"870680";"27:12:1";"Exp60_62_IS7277";"Exp60_62_IS7277";NA;"2023-09-27 08:02:00";4451150
"870681";"27:12:1";"Exp60_62_IS7277";"Exp60_62_IS7277";NA;"2023-09-27 08:16:00";5098850
"870682";"27:12:1";"Exp60_62_IS7277";"Exp60_62_IS7277";NA;"2023-09-27 08:32:00";5797210
"870683";"27:12:1";"Exp60_62_IS7277";"Exp60_62_IS7277";NA;"2023-09-27 08:46:00";7383850
"870684";"27:12:1";"Exp60_62_IS7277";"Exp60_62_IS7277";NA;"2023-09-27 09:02:00";9203030
"870685";"27:12:1";"Exp60_62_IS7277";"Exp60_62_IS7277";NA;"2023-09-27 09:16:00";12166400
"870686";"27:12:1";"Exp60_62_IS7277";"Exp60_62_IS7277";NA;"2023-09-27 15:46:00";320582000
"870687";"27:12:1";"Exp60_62_IS7277";"Exp60_62_IS7277";NA;"2023-09-27 16:02:00";320582000
"870688";"27:12:1";"Exp60_62_IS7277";"Exp60_62_IS7277";NA;"2023-09-27 16:16:00";320582000
"870689";"27:12:1";"Exp60_62_IS7277";"Exp60_62_IS7277";NA;"2023-09-27 16:32:00";320582000
"870690";"27:12:1";"Exp60_62_IS7277";"Exp60_62_IS7277";NA;"2023-09-27 16:46:00";320582000
"870691";"27:12:1";"Exp60_62_IS7277";"Exp60_62_IS7277";NA;"2023-09-27 17:17:00";320582000
"870692";"27:12:1";"Exp60_62_IS7277";"Exp60_62_IS7277";NA;"2023-09-27 17:31:00";320582000
"870693";"27:12:1";"Exp60_62_IS7277";"Exp60_62_IS7277";NA;"2023-09-27 17:47:00";320582000
"870694";"27:12:1";"Exp60_62_IS7277";"Exp60_62_IS7277";NA;"2023-09-27 18:01:00";116134000
"870695";"27:12:1";"Exp60_62_IS7277";"Exp60_62_IS7277";NA;"2023-09-27 18:17:00";35075100
"870696";"27:12:1";"Exp60_62_IS7277";"Exp60_62_IS7277";NA;"2023-09-27 18:31:00";31425700
"870697";"27:12:1";"Exp60_62_IS7277";"Exp60_62_IS7277";NA;"2023-09-27 18:47:00";22616600
"870698";"27:12:1";"Exp60_62_IS7277";"Exp60_62_IS7277";NA;"2023-09-27 19:01:00";16308600
"870699";"27:12:1";"Exp60_62_IS7277";"Exp60_62_IS7277";NA;"2023-09-27 19:17:00";10536900
"870700";"27:12:1";"Exp60_62_IS7277";"Exp60_62_IS7277";NA;"2023-09-27 19:31:00";7325660
"870701";"27:12:1";"Exp60_62_IS7277";"Exp60_62_IS7277";NA;"2023-09-27 19:47:00";6026560
"870702";"27:12:1";"Exp60_62_IS7277";"Exp60_62_IS7277";NA;"2023-09-27 20:01:00";5339260
"870703";"27:12:1";"Exp60_62_IS7277";"Exp60_62_IS7277";NA;"2023-09-27 20:17:00";5183030
"870704";"27:12:1";"Exp60_62_IS7277";"Exp60_62_IS7277";NA;"2023-09-27 20:31:00";5168200
"870705";"27:12:1";"Exp60_62_IS7277";"Exp60_62_IS7277";NA;"2023-09-27 20:47:00";4707790
"870706";"27:12:1";"Exp60_62_IS7277";"Exp60_62_IS7277";NA;"2023-09-27 21:01:00";4332130
"870707";"27:12:1";"Exp60_62_IS7277";"Exp60_62_IS7277";NA;"2023-09-28 01:31:00";4800330
"870708";"27:12:1";"Exp60_62_IS7277";"Exp60_62_IS7277";NA;"2023-09-28 01:47:00";5240160
"870709";"27:12:1";"Exp60_62_IS7277";"Exp60_62_IS7277";NA;"2023-09-28 02:01:00";4712380
"870710";"27:12:1";"Exp60_62_IS7277";"Exp60_62_IS7277";NA;"2023-09-28 02:17:00";4648120
"870711";"27:12:1";"Exp60_62_IS7277";"Exp60_62_IS7277";NA;"2023-09-28 02:31:00";4907130
"870712";"27:12:1";"Exp60_62_IS7277";"Exp60_62_IS7277";NA;"2023-09-28 03:17:00";4680410
"870713";"27:12:1";"Exp60_62_IS7277";"Exp60_62_IS7277";NA;"2023-09-28 03:31:00";4733280
"870714";"27:12:1";"Exp60_62_IS7277";"Exp60_62_IS7277";NA;"2023-09-28 03:47:00";4730410
"870715";"27:12:1";"Exp60_62_IS7277";"Exp60_62_IS7277";NA;"2023-09-28 04:01:00";4580980
"870716";"27:12:1";"Exp60_62_IS7277";"Exp60_62_IS7277";NA;"2023-09-28 04:17:00";4592790
"870717";"27:12:1";"Exp60_62_IS7277";"Exp60_62_IS7277";NA;"2023-09-28 04:31:00";4578930
"870718";"27:12:1";"Exp60_62_IS7277";"Exp60_62_IS7277";NA;"2023-09-28 04:47:00";4540900
"870719";"27:12:1";"Exp60_62_IS7277";"Exp60_62_IS7277";NA;"2023-09-28 05:01:00";4557210
"870720";"27:12:1";"Exp60_62_IS7277";"Exp60_62_IS7277";NA;"2023-09-28 05:17:00";4612380
"870721";"27:12:1";"Exp60_62_IS7277";"Exp60_62_IS7277";NA;"2023-09-28 05:31:00";4541310
"870722";"27:12:1";"Exp60_62_IS7277";"Exp60_62_IS7277";NA;"2023-09-28 05:47:00";4542130
"870723";"27:12:1";"Exp60_62_IS7277";"Exp60_62_IS7277";NA;"2023-09-28 06:01:00";4624590
"870724";"27:12:1";"Exp60_62_IS7277";"Exp60_62_IS7277";NA;"2023-09-28 06:17:00";4657790
"870725";"27:12:1";"Exp60_62_IS7277";"Exp60_62_IS7277";NA;"2023-09-28 07:16:00";4725000
"870726";"27:12:1";"Exp60_62_IS7277";"Exp60_62_IS7277";NA;"2023-09-28 07:32:00";4929920
"870727";"27:12:1";"Exp60_62_IS7277";"Exp60_62_IS7277";NA;"2023-09-28 08:16:00";6312620
"870728";"27:12:1";"Exp60_62_IS7277";"Exp60_62_IS7277";NA;"2023-09-28 08:47:00";10768200
"870729";"27:12:1";"Exp60_62_IS7277";"Exp60_62_IS7277";NA;"2023-09-28 09:01:00";13114800
"870730";"27:12:1";"Exp60_62_IS7277";"Exp60_62_IS7277";NA;"2023-09-28 16:16:00";320582000
"870731";"27:12:1";"Exp60_62_IS7277";"Exp60_62_IS7277";NA;"2023-09-28 16:47:00";320582000
"870732";"27:12:1";"Exp60_62_IS7277";"Exp60_62_IS7277";NA;"2023-09-28 17:01:00";320582000
"870733";"27:12:1";"Exp60_62_IS7277";"Exp60_62_IS7277";NA;"2023-09-28 17:17:00";320582000
"870734";"27:12:1";"Exp60_62_IS7277";"Exp60_62_IS7277";NA;"2023-09-28 17:31:00";320582000
"870735";"27:12:1";"Exp60_62_IS7277";"Exp60_62_IS7277";NA;"2023-09-28 18:02:00";320582000
"870736";"27:12:1";"Exp60_62_IS7277";"Exp60_62_IS7277";NA;"2023-09-28 18:16:00";320582000
"870737";"27:12:1";"Exp60_62_IS7277";"Exp60_62_IS7277";NA;"2023-09-28 18:32:00";84611800
"870738";"27:12:1";"Exp60_62_IS7277";"Exp60_62_IS7277";NA;"2023-09-28 18:46:00";25894000
"870739";"27:12:1";"Exp60_62_IS7277";"Exp60_62_IS7277";NA;"2023-09-28 19:02:00";19996700
"870740";"27:12:1";"Exp60_62_IS7277";"Exp60_62_IS7277";NA;"2023-09-28 19:16:00";17962500
"870741";"27:12:1";"Exp60_62_IS7277";"Exp60_62_IS7277";NA;"2023-09-28 19:32:00";20162100
"870742";"27:12:1";"Exp60_62_IS7277";"Exp60_62_IS7277";NA;"2023-09-28 19:46:00";16314000
"870743";"27:12:1";"Exp60_62_IS7277";"Exp60_62_IS7277";NA;"2023-09-28 20:02:00";15936500
"870744";"27:12:1";"Exp60_62_IS7277";"Exp60_62_IS7277";NA;"2023-09-28 20:16:00";15366900
"870745";"27:12:1";"Exp60_62_IS7277";"Exp60_62_IS7277";NA;"2023-09-28 20:32:00";16069900
"870746";"27:12:1";"Exp60_62_IS7277";"Exp60_62_IS7277";NA;"2023-09-28 20:46:00";14271100
"870747";"27:12:1";"Exp60_62_IS7277";"Exp60_62_IS7277";NA;"2023-09-28 21:02:00";12867400
"870748";"27:12:1";"Exp60_62_IS7277";"Exp60_62_IS7277";NA;"2023-09-28 21:16:00";13714400
"870749";"27:12:1";"Exp60_62_IS7277";"Exp60_62_IS7277";NA;"2023-09-28 21:32:00";12885600
"870750";"27:12:1";"Exp60_62_IS7277";"Exp60_62_IS7277";NA;"2023-09-28 21:46:00";13098700
"870751";"27:12:1";"Exp60_62_IS7277";"Exp60_62_IS7277";NA;"2023-09-28 22:17:00";14332500
"870752";"27:12:1";"Exp60_62_IS7277";"Exp60_62_IS7277";NA;"2023-09-28 22:31:00";15568900
"870753";"27:12:1";"Exp60_62_IS7277";"Exp60_62_IS7277";NA;"2023-09-28 22:47:00";15179700
"870754";"27:12:1";"Exp60_62_IS7277";"Exp60_62_IS7277";NA;"2023-09-28 23:01:00";13804300
"870755";"27:12:1";"Exp60_62_IS7277";"Exp60_62_IS7277";NA;"2023-09-28 23:17:00";14641100
"870756";"27:12:1";"Exp60_62_IS7277";"Exp60_62_IS7277";NA;"2023-09-28 23:31:00";13514800
"870757";"27:12:1";"Exp60_62_IS7277";"Exp60_62_IS7277";NA;"2023-09-29 00:17:00";14226100
"870758";"27:12:1";"Exp60_62_IS7277";"Exp60_62_IS7277";NA;"2023-09-29 00:31:00";13798000
"870759";"27:12:1";"Exp60_62_IS7277";"Exp60_62_IS7277";NA;"2023-09-29 00:47:00";13719100
"870760";"27:12:1";"Exp60_62_IS7277";"Exp60_62_IS7277";NA;"2023-09-29 01:01:00";12821100
"870761";"27:12:1";"Exp60_62_IS7277";"Exp60_62_IS7277";NA;"2023-09-29 01:17:00";12874900
"870762";"27:12:1";"Exp60_62_IS7277";"Exp60_62_IS7277";NA;"2023-09-29 01:31:00";12610400
"870763";"27:12:1";"Exp60_62_IS7277";"Exp60_62_IS7277";NA;"2023-09-29 01:47:00";12293200
"870764";"27:12:1";"Exp60_62_IS7277";"Exp60_62_IS7277";NA;"2023-09-29 02:01:00";11657900
"870765";"27:12:1";"Exp60_62_IS7277";"Exp60_62_IS7277";NA;"2023-09-29 02:17:00";11215300
"870766";"27:12:1";"Exp60_62_IS7277";"Exp60_62_IS7277";NA;"2023-09-29 02:31:00";11896400
"870767";"27:12:1";"Exp60_62_IS7277";"Exp60_62_IS7277";NA;"2023-09-29 02:47:00";11757200
"870768";"27:12:1";"Exp60_62_IS7277";"Exp60_62_IS7277";NA;"2023-09-29 03:01:00";11171700
"870769";"27:12:1";"Exp60_62_IS7277";"Exp60_62_IS7277";NA;"2023-09-29 03:47:00";10303500
"870770";"27:12:1";"Exp60_62_IS7277";"Exp60_62_IS7277";NA;"2023-09-29 04:01:00";9512130
"870771";"27:12:1";"Exp60_62_IS7277";"Exp60_62_IS7277";NA;"2023-09-29 04:17:00";9205740
"870772";"27:12:1";"Exp60_62_IS7277";"Exp60_62_IS7277";NA;"2023-09-29 04:31:00";9450160
"870773";"27:12:1";"Exp60_62_IS7277";"Exp60_62_IS7277";NA;"2023-09-29 12:31:00";320582000
"870774";"27:12:1";"Exp60_62_IS7277";"Exp60_62_IS7277";NA;"2023-09-29 18:46:00";320582000
"870775";"27:12:1";"Exp60_62_IS7277";"Exp60_62_IS7277";NA;"2023-09-29 19:17:00";320582000
"870776";"27:12:1";"Exp60_62_IS7277";"Exp60_62_IS7277";NA;"2023-09-29 19:31:00";320582000
"870777";"27:12:1";"Exp60_62_IS7277";"Exp60_62_IS7277";NA;"2023-09-29 19:47:00";320582000
"870778";"27:12:1";"Exp60_62_IS7277";"Exp60_62_IS7277";NA;"2023-09-29 20:01:00";320582000
"870779";"27:12:1";"Exp60_62_IS7277";"Exp60_62_IS7277";NA;"2023-09-29 20:17:00";320582000
"870780";"27:12:1";"Exp60_62_IS7277";"Exp60_62_IS7277";NA;"2023-09-29 20:31:00";320582000
"870781";"27:12:1";"Exp60_62_IS7277";"Exp60_62_IS7277";NA;"2023-09-29 21:02:00";320582000
"870782";"27:12:1";"Exp60_62_IS7277";"Exp60_62_IS7277";NA;"2023-09-29 21:16:00";320582000
"870783";"27:12:1";"Exp60_62_IS7277";"Exp60_62_IS7277";NA;"2023-09-29 21:32:00";320582000
"870784";"27:12:1";"Exp60_62_IS7277";"Exp60_62_IS7277";NA;"2023-09-29 21:46:00";320582000
"870785";"27:12:1";"Exp60_62_IS7277";"Exp60_62_IS7277";NA;"2023-09-29 22:02:00";320582000
"870786";"27:12:1";"Exp60_62_IS7277";"Exp60_62_IS7277";NA;"2023-09-29 22:16:00";320582000
"870787";"27:12:1";"Exp60_62_IS7277";"Exp60_62_IS7277";NA;"2023-09-29 22:32:00";320582000
"870788";"27:12:1";"Exp60_62_IS7277";"Exp60_62_IS7277";NA;"2023-09-29 22:46:00";320582000
"870789";"27:12:1";"Exp60_62_IS7277";"Exp60_62_IS7277";NA;"2023-09-29 23:02:00";320582000
"870790";"27:12:1";"Exp60_62_IS7277";"Exp60_62_IS7277";NA;"2023-09-29 23:16:00";320582000
"870791";"27:12:1";"Exp60_62_IS7277";"Exp60_62_IS7277";NA;"2023-09-29 23:32:00";320582000
"870792";"27:12:1";"Exp60_62_IS7277";"Exp60_62_IS7277";NA;"2023-09-29 23:46:00";320582000
"870793";"27:12:1";"Exp60_62_IS7277";"Exp60_62_IS7277";NA;"2023-09-30 00:02:00";320582000
"870794";"27:12:1";"Exp60_62_IS7277";"Exp60_62_IS7277";NA;"2023-09-30 00:16:00";320582000
"870795";"27:12:1";"Exp60_62_IS7277";"Exp60_62_IS7277";NA;"2023-09-30 00:32:00";320582000
"870796";"27:12:1";"Exp60_62_IS7277";"Exp60_62_IS7277";NA;"2023-09-30 00:46:00";320582000
"870797";"27:12:1";"Exp60_62_IS7277";"Exp60_62_IS7277";NA;"2023-09-30 01:02:00";320582000
"870798";"27:12:1";"Exp60_62_IS7277";"Exp60_62_IS7277";NA;"2023-09-30 01:16:00";320582000
"870799";"27:12:1";"Exp60_62_IS7277";"Exp60_62_IS7277";NA;"2023-09-30 01:32:00";320582000
"870800";"27:12:1";"Exp60_62_IS7277";"Exp60_62_IS7277";NA;"2023-09-30 01:46:00";320582000
"870801";"27:12:1";"Exp60_62_IS7277";"Exp60_62_IS7277";NA;"2023-09-30 08:46:00";320582000
"870802";"27:12:1";"Exp60_62_IS7277";"Exp60_62_IS7277";NA;"2023-09-30 09:02:00";320582000
"870803";"27:12:1";"Exp60_62_IS7277";"Exp60_62_IS7277";NA;"2023-09-30 09:16:00";320582000
"870804";"27:12:1";"Exp60_62_IS7277";"Exp60_62_IS7277";NA;"2023-09-30 09:32:00";320582000
"870805";"27:12:1";"Exp60_62_IS7277";"Exp60_62_IS7277";NA;"2023-09-30 09:46:00";320582000
"870806";"27:12:1";"Exp60_62_IS7277";"Exp60_62_IS7277";NA;"2023-09-30 10:02:00";320582000
"870807";"27:12:1";"Exp60_62_IS7277";"Exp60_62_IS7277";NA;"2023-09-30 10:16:00";320582000
"870808";"27:12:1";"Exp60_62_IS7277";"Exp60_62_IS7277";NA;"2023-09-30 10:32:00";320582000
"870809";"27:12:1";"Exp60_62_IS7277";"Exp60_62_IS7277";NA;"2023-09-30 10:46:00";320582000
"870810";"27:12:1";"Exp60_62_IS7277";"Exp60_62_IS7277";NA;"2023-09-30 11:02:00";320582000
"870811";"27:12:1";"Exp60_62_IS7277";"Exp60_62_IS7277";NA;"2023-09-30 11:16:00";320582000
"870812";"27:12:1";"Exp60_62_IS7277";"Exp60_62_IS7277";NA;"2023-09-30 11:32:00";320582000
"870813";"27:12:1";"Exp60_62_IS7277";"Exp60_62_IS7277";NA;"2023-09-30 11:46:00";320582000
"870814";"27:12:1";"Exp60_62_IS7277";"Exp60_62_IS7277";NA;"2023-09-30 19:01:00";320582000
"870815";"27:12:1";"Exp60_62_IS7277";"Exp60_62_IS7277";NA;"2023-09-30 19:17:00";320582000
"870816";"27:12:1";"Exp60_62_IS7277";"Exp60_62_IS7277";NA;"2023-09-30 19:31:00";320582000
"870817";"27:12:1";"Exp60_62_IS7277";"Exp60_62_IS7277";NA;"2023-09-30 19:47:00";320582000
"870818";"27:12:1";"Exp60_62_IS7277";"Exp60_62_IS7277";NA;"2023-09-30 20:01:00";320582000
"870819";"27:12:1";"Exp60_62_IS7277";"Exp60_62_IS7277";NA;"2023-09-30 20:17:00";320582000
"870820";"27:12:1";"Exp60_62_IS7277";"Exp60_62_IS7277";NA;"2023-09-30 20:31:00";320582000
"870821";"27:12:1";"Exp60_62_IS7277";"Exp60_62_IS7277";NA;"2023-09-30 20:47:00";320582000
"870822";"27:12:1";"Exp60_62_IS7277";"Exp60_62_IS7277";NA;"2023-09-30 21:01:00";320582000
"870823";"27:12:1";"Exp60_62_IS7277";"Exp60_62_IS7277";NA;"2023-09-30 21:32:00";320582000
"870824";"27:12:1";"Exp60_62_IS7277";"Exp60_62_IS7277";NA;"2023-09-30 21:46:00";320582000
"870825";"27:12:1";"Exp60_62_IS7277";"Exp60_62_IS7277";NA;"2023-09-30 22:02:00";320582000
"870826";"27:12:1";"Exp60_62_IS7277";"Exp60_62_IS7277";NA;"2023-09-30 22:16:00";320582000
"870827";"27:12:1";"Exp60_62_IS7277";"Exp60_62_IS7277";NA;"2023-09-30 22:32:00";320582000
"870828";"27:12:1";"Exp60_62_IS7277";"Exp60_62_IS7277";NA;"2023-09-30 22:46:00";320582000
"870829";"27:12:1";"Exp60_62_IS7277";"Exp60_62_IS7277";NA;"2023-09-30 23:02:00";320582000
"870830";"27:12:1";"Exp60_62_IS7277";"Exp60_62_IS7277";NA;"2023-09-30 23:16:00";320582000
"870831";"27:12:1";"Exp60_62_IS7277";"Exp60_62_IS7277";NA;"2023-09-30 23:32:00";320582000
"870832";"27:12:1";"Exp60_62_IS7277";"Exp60_62_IS7277";NA;"2023-09-30 23:46:00";320582000
"870833";"27:12:1";"Exp60_62_IS7277";"Exp60_62_IS7277";NA;"2023-10-01 00:02:00";320582000
"870834";"27:12:1";"Exp60_62_IS7277";"Exp60_62_IS7277";NA;"2023-10-01 00:16:00";320582000
"870835";"27:12:1";"Exp60_62_IS7277";"Exp60_62_IS7277";NA;"2023-10-01 00:32:00";320582000
"870836";"27:12:1";"Exp60_62_IS7277";"Exp60_62_IS7277";NA;"2023-10-01 01:16:00";320582000
"870837";"27:12:1";"Exp60_62_IS7277";"Exp60_62_IS7277";NA;"2023-10-01 01:32:00";320582000
"870838";"27:12:1";"Exp60_62_IS7277";"Exp60_62_IS7277";NA;"2023-10-01 01:46:00";320582000
"870839";"27:12:1";"Exp60_62_IS7277";"Exp60_62_IS7277";NA;"2023-10-01 02:02:00";320582000
"870840";"27:12:1";"Exp60_62_IS7277";"Exp60_62_IS7277";NA;"2023-10-01 02:16:00";320582000
"870841";"27:12:1";"Exp60_62_IS7277";"Exp60_62_IS7277";NA;"2023-10-01 02:32:00";320582000
"870842";"27:12:1";"Exp60_62_IS7277";"Exp60_62_IS7277";NA;"2023-10-01 02:46:00";320582000
"870843";"27:12:1";"Exp60_62_IS7277";"Exp60_62_IS7277";NA;"2023-10-01 09:31:00";320582000
"870844";"27:12:1";"Exp60_62_IS7277";"Exp60_62_IS7277";NA;"2023-10-01 09:47:00";320582000
"870845";"27:12:1";"Exp60_62_IS7277";"Exp60_62_IS7277";NA;"2023-10-01 10:01:00";320582000
"870846";"27:12:1";"Exp60_62_IS7277";"Exp60_62_IS7277";NA;"2023-10-01 10:17:00";320582000
"870847";"27:12:1";"Exp60_62_IS7277";"Exp60_62_IS7277";NA;"2023-10-01 10:31:00";320582000
"870848";"27:12:1";"Exp60_62_IS7277";"Exp60_62_IS7277";NA;"2023-10-01 10:47:00";320582000
"870849";"27:12:1";"Exp60_62_IS7277";"Exp60_62_IS7277";NA;"2023-10-01 11:01:00";320582000
"870850";"27:12:1";"Exp60_62_IS7277";"Exp60_62_IS7277";NA;"2023-10-01 17:46:00";320582000
"870851";"27:12:1";"Exp60_62_IS7277";"Exp60_62_IS7277";NA;"2023-10-01 18:02:00";320582000
"870852";"27:12:1";"Exp60_62_IS7277";"Exp60_62_IS7277";NA;"2023-10-01 18:16:00";320582000
"870853";"27:12:1";"Exp60_62_IS7277";"Exp60_62_IS7277";NA;"2023-10-01 18:32:00";320582000
"870854";"27:12:1";"Exp60_62_IS7277";"Exp60_62_IS7277";NA;"2023-10-01 18:46:00";320582000
"870855";"27:12:1";"Exp60_62_IS7277";"Exp60_62_IS7277";NA;"2023-10-01 19:02:00";320582000
"870856";"27:12:1";"Exp60_62_IS7277";"Exp60_62_IS7277";NA;"2023-10-01 19:16:00";320582000
"870857";"27:12:1";"Exp60_62_IS7277";"Exp60_62_IS7277";NA;"2023-10-01 19:32:00";320582000
"870858";"27:12:1";"Exp60_62_IS7277";"Exp60_62_IS7277";NA;"2023-10-01 19:46:00";320582000
"870859";"27:12:1";"Exp60_62_IS7277";"Exp60_62_IS7277";NA;"2023-10-01 20:02:00";320582000
"870860";"27:12:1";"Exp60_62_IS7277";"Exp60_62_IS7277";NA;"2023-10-01 20:16:00";320582000
"870861";"27:12:1";"Exp60_62_IS7277";"Exp60_62_IS7277";NA;"2023-10-01 20:32:00";320582000
"870862";"27:12:1";"Exp60_62_IS7277";"Exp60_62_IS7277";NA;"2023-10-01 20:46:00";320582000
"870863";"27:12:1";"Exp60_62_IS7277";"Exp60_62_IS7277";NA;"2023-10-01 21:02:00";320582000
"870864";"27:12:1";"Exp60_62_IS7277";"Exp60_62_IS7277";NA;"2023-10-01 21:16:00";320582000
"870865";"27:12:1";"Exp60_62_IS7277";"Exp60_62_IS7277";NA;"2023-10-01 21:32:00";320582000
"870866";"27:12:1";"Exp60_62_IS7277";"Exp60_62_IS7277";NA;"2023-10-01 21:46:00";320582000
"870867";"27:12:1";"Exp60_62_IS7277";"Exp60_62_IS7277";NA;"2023-10-01 22:02:00";320582000
"870868";"27:12:1";"Exp60_62_IS7277";"Exp60_62_IS7277";NA;"2023-10-01 22:16:00";320582000
"870869";"27:12:1";"Exp60_62_IS7277";"Exp60_62_IS7277";NA;"2023-10-01 22:32:00";320582000
"870870";"27:12:1";"Exp60_62_IS7277";"Exp60_62_IS7277";NA;"2023-10-01 22:46:00";320582000
"870871";"27:12:1";"Exp60_62_IS7277";"Exp60_62_IS7277";NA;"2023-10-01 23:17:00";320582000
"870872";"27:12:1";"Exp60_62_IS7277";"Exp60_62_IS7277";NA;"2023-10-01 23:31:00";320582000
"870873";"27:12:1";"Exp60_62_IS7277";"Exp60_62_IS7277";NA;"2023-10-02 07:01:00";320582000
"870874";"27:12:1";"Exp60_62_IS7277";"Exp60_62_IS7277";NA;"2023-10-02 07:17:00";320582000
"870875";"27:12:1";"Exp60_62_IS7277";"Exp60_62_IS7277";NA;"2023-10-02 07:31:00";320582000
"870876";"27:12:1";"Exp60_62_IS7277";"Exp60_62_IS7277";NA;"2023-10-02 07:47:00";320582000
"870877";"27:12:1";"Exp60_62_IS7277";"Exp60_62_IS7277";NA;"2023-10-02 08:01:00";320582000
"870878";"27:12:1";"Exp60_62_IS7277";"Exp60_62_IS7277";NA;"2023-10-02 08:17:00";320582000
"870879";"27:12:1";"Exp60_62_IS7277";"Exp60_62_IS7277";NA;"2023-10-02 08:31:00";320582000
"870880";"27:12:1";"Exp60_62_IS7277";"Exp60_62_IS7277";NA;"2023-10-02 08:47:00";320582000
"870881";"27:12:1";"Exp60_62_IS7277";"Exp60_62_IS7277";NA;"2023-10-02 09:01:00";320582000
"870882";"27:12:1";"Exp60_62_IS7277";"Exp60_62_IS7277";NA;"2023-10-02 09:17:00";320582000
"870883";"27:12:1";"Exp60_62_IS7277";"Exp60_62_IS7277";NA;"2023-10-02 09:31:00";320582000
"870884";"27:12:1";"Exp60_62_IS7277";"Exp60_62_IS7277";NA;"2023-10-02 09:47:00";320582000
"870885";"27:12:1";"Exp60_62_IS7277";"Exp60_62_IS7277";NA;"2023-10-02 10:01:00";320582000
"870886";"27:12:1";"Exp60_62_IS7277";"Exp60_62_IS7277";NA;"2023-10-02 10:32:00";320582000
"870887";"27:12:1";"Exp60_62_IS7277";"Exp60_62_IS7277";NA;"2023-10-02 10:46:00";320582000
"870888";"27:12:1";"Exp60_62_IS7277";"Exp60_62_IS7277";NA;"2023-10-02 11:17:00";320582000
"870889";"27:12:1";"Exp60_62_IS7277";"Exp60_62_IS7277";NA;"2023-10-02 11:31:00";320582000
"870890";"27:12:1";"Exp60_62_IS7277";"Exp60_62_IS7277";NA;"2023-10-02 11:47:00";320582000
"870891";"27:12:1";"Exp60_62_IS7277";"Exp60_62_IS7277";NA;"2023-10-02 12:01:00";320582000
"870892";"27:12:1";"Exp60_62_IS7277";"Exp60_62_IS7277";NA;"2023-10-02 12:17:00";320582000
"870893";"27:12:1";"Exp60_62_IS7277";"Exp60_62_IS7277";NA;"2023-10-02 12:31:00";320582000
"870894";"27:12:1";"Exp60_62_IS7277";"Exp60_62_IS7277";NA;"2023-10-02 12:47:00";320582000
"870895";"27:12:1";"Exp60_62_IS7277";"Exp60_62_IS7277";NA;"2023-10-02 13:01:00";320582000
"870896";"27:12:1";"Exp60_62_IS7277";"Exp60_62_IS7277";NA;"2023-10-02 13:17:00";320582000
"870897";"27:12:1";"Exp60_62_IS7277";"Exp60_62_IS7277";NA;"2023-10-02 13:31:00";320582000
"870898";"27:12:1";"Exp60_62_IS7277";"Exp60_62_IS7277";NA;"2023-10-02 13:47:00";320582000
"870899";"27:12:1";"Exp60_62_IS7277";"Exp60_62_IS7277";NA;"2023-10-02 14:01:00";320582000
"870900";"27:12:1";"Exp60_62_IS7277";"Exp60_62_IS7277";NA;"2023-10-02 14:17:00";320582000
"870901";"27:12:1";"Exp60_62_IS7277";"Exp60_62_IS7277";NA;"2023-10-02 14:31:00";320582000
"870902";"27:12:1";"Exp60_62_IS7277";"Exp60_62_IS7277";NA;"2023-10-02 14:47:00";320582000
"870903";"27:12:1";"Exp60_62_IS7277";"Exp60_62_IS7277";NA;"2023-10-02 15:01:00";320582000
"870904";"27:12:1";"Exp60_62_IS7277";"Exp60_62_IS7277";NA;"2023-10-02 15:32:00";320582000
"870905";"27:12:1";"Exp60_62_IS7277";"Exp60_62_IS7277";NA;"2023-10-02 15:46:00";320582000
"870906";"27:12:1";"Exp60_62_IS7277";"Exp60_62_IS7277";NA;"2023-10-02 16:02:00";320582000
"870907";"27:12:1";"Exp60_62_IS7277";"Exp60_62_IS7277";NA;"2023-10-02 16:16:00";320582000
"870908";"27:12:1";"Exp60_62_IS7277";"Exp60_62_IS7277";NA;"2023-10-02 23:01:00";320582000
"870909";"27:12:1";"Exp60_62_IS7277";"Exp60_62_IS7277";NA;"2023-10-02 23:17:00";320582000
"870910";"27:12:1";"Exp60_62_IS7277";"Exp60_62_IS7277";NA;"2023-10-02 23:31:00";320582000
"870911";"27:12:1";"Exp60_62_IS7277";"Exp60_62_IS7277";NA;"2023-10-02 23:47:00";320582000
"870912";"27:12:1";"Exp60_62_IS7277";"Exp60_62_IS7277";NA;"2023-10-03 00:01:00";320582000
"870913";"27:12:1";"Exp60_62_IS7277";"Exp60_62_IS7277";NA;"2023-10-03 00:17:00";320582000
"870914";"27:12:1";"Exp60_62_IS7277";"Exp60_62_IS7277";NA;"2023-10-03 00:31:00";320582000
"870915";"27:12:1";"Exp60_62_IS7277";"Exp60_62_IS7277";NA;"2023-10-03 00:47:00";320582000
"870916";"27:12:1";"Exp60_62_IS7277";"Exp60_62_IS7277";NA;"2023-10-03 01:01:00";320582000
"870917";"27:12:1";"Exp60_62_IS7277";"Exp60_62_IS7277";NA;"2023-10-03 01:17:00";320582000
"870918";"27:12:1";"Exp60_62_IS7277";"Exp60_62_IS7277";NA;"2023-10-03 01:31:00";320582000
"870919";"27:12:1";"Exp60_62_IS7277";"Exp60_62_IS7277";NA;"2023-10-03 01:47:00";320582000
"870920";"27:12:1";"Exp60_62_IS7277";"Exp60_62_IS7277";NA;"2023-10-03 02:01:00";320582000
"870921";"27:12:1";"Exp60_62_IS7277";"Exp60_62_IS7277";NA;"2023-10-03 02:17:00";320582000
"870922";"27:12:1";"Exp60_62_IS7277";"Exp60_62_IS7277";NA;"2023-10-03 02:31:00";320582000
"870923";"27:12:1";"Exp60_62_IS7277";"Exp60_62_IS7277";NA;"2023-10-03 03:47:00";320582000
"870924";"27:12:1";"Exp60_62_IS7277";"Exp60_62_IS7277";NA;"2023-10-03 04:01:00";320582000
"870925";"27:12:1";"Exp60_62_IS7277";"Exp60_62_IS7277";NA;"2023-10-03 04:17:00";320582000
"870926";"27:12:1";"Exp60_62_IS7277";"Exp60_62_IS7277";NA;"2023-10-03 04:31:00";320582000
"870927";"27:12:1";"Exp60_62_IS7277";"Exp60_62_IS7277";NA;"2023-10-03 04:47:00";320582000
"870928";"27:12:1";"Exp60_62_IS7277";"Exp60_62_IS7277";NA;"2023-10-03 05:01:00";320582000
"870929";"27:12:1";"Exp60_62_IS7277";"Exp60_62_IS7277";NA;"2023-10-03 05:17:00";320582000
"870930";"27:12:1";"Exp60_62_IS7277";"Exp60_62_IS7277";NA;"2023-10-03 06:01:00";320582000
"870931";"27:12:1";"Exp60_62_IS7277";"Exp60_62_IS7277";NA;"2023-10-03 06:17:00";320582000
"870932";"27:12:1";"Exp60_62_IS7277";"Exp60_62_IS7277";NA;"2023-10-03 06:31:00";320582000
"870933";"27:12:1";"Exp60_62_IS7277";"Exp60_62_IS7277";NA;"2023-10-03 06:47:00";320582000
"870934";"27:12:1";"Exp60_62_IS7277";"Exp60_62_IS7277";NA;"2023-10-03 07:01:00";320582000
"870935";"27:12:1";"Exp60_62_IS7277";"Exp60_62_IS7277";NA;"2023-10-03 07:17:00";320582000
"870936";"27:12:1";"Exp60_62_IS7277";"Exp60_62_IS7277";NA;"2023-10-03 07:31:00";320582000
"870937";"27:12:1";"Exp60_62_IS7277";"Exp60_62_IS7277";NA;"2023-10-03 08:02:00";320582000
"870938";"27:12:1";"Exp60_62_IS7277";"Exp60_62_IS7277";NA;"2023-10-03 08:16:00";320582000
"870939";"27:12:1";"Exp60_62_IS7277";"Exp60_62_IS7277";NA;"2023-10-03 08:32:00";320582000
"870940";"27:12:1";"Exp60_62_IS7277";"Exp60_62_IS7277";NA;"2023-10-03 08:46:00";320582000
"870941";"27:12:1";"Exp60_62_IS7277";"Exp60_62_IS7277";NA;"2023-10-03 15:16:00";320582000
"870942";"27:12:1";"Exp60_62_IS7277";"Exp60_62_IS7277";NA;"2023-10-03 21:16:00";320582000
"870943";"27:12:1";"Exp60_62_IS7277";"Exp60_62_IS7277";NA;"2023-10-03 22:02:00";320582000
"870944";"27:12:1";"Exp60_62_IS7277";"Exp60_62_IS7277";NA;"2023-10-03 22:16:00";320582000
"870945";"27:12:1";"Exp60_62_IS7277";"Exp60_62_IS7277";NA;"2023-10-03 22:32:00";320582000
"870946";"27:12:1";"Exp60_62_IS7277";"Exp60_62_IS7277";NA;"2023-10-03 22:46:00";320582000
"870947";"27:12:1";"Exp60_62_IS7277";"Exp60_62_IS7277";NA;"2023-10-03 23:17:00";320582000
"870948";"27:12:1";"Exp60_62_IS7277";"Exp60_62_IS7277";NA;"2023-10-03 23:31:00";320582000
"870949";"27:12:1";"Exp60_62_IS7277";"Exp60_62_IS7277";NA;"2023-10-03 23:47:00";320582000
"870950";"27:12:1";"Exp60_62_IS7277";"Exp60_62_IS7277";NA;"2023-10-04 00:16:00";320582000
"870951";"27:12:1";"Exp60_62_IS7277";"Exp60_62_IS7277";NA;"2023-10-04 00:32:00";320582000
"870952";"27:12:1";"Exp60_62_IS7277";"Exp60_62_IS7277";NA;"2023-10-04 00:46:00";320582000
"870953";"27:12:1";"Exp60_62_IS7277";"Exp60_62_IS7277";NA;"2023-10-04 01:02:00";320582000
"870954";"27:12:1";"Exp60_62_IS7277";"Exp60_62_IS7277";NA;"2023-10-04 01:16:00";320582000
"870955";"27:12:1";"Exp60_62_IS7277";"Exp60_62_IS7277";NA;"2023-10-04 01:32:00";320582000
"870956";"27:12:1";"Exp60_62_IS7277";"Exp60_62_IS7277";NA;"2023-10-04 01:46:00";320582000
"870957";"27:12:1";"Exp60_62_IS7277";"Exp60_62_IS7277";NA;"2023-10-04 02:02:00";320582000
"870958";"27:12:1";"Exp60_62_IS7277";"Exp60_62_IS7277";NA;"2023-10-04 02:16:00";320582000
"870959";"27:12:1";"Exp60_62_IS7277";"Exp60_62_IS7277";NA;"2023-10-04 02:32:00";320582000
"870960";"27:12:1";"Exp60_62_IS7277";"Exp60_62_IS7277";NA;"2023-10-04 02:46:00";320582000
"870961";"27:12:1";"Exp60_62_IS7277";"Exp60_62_IS7277";NA;"2023-10-04 03:17:00";320582000
"870962";"27:12:1";"Exp60_62_IS7277";"Exp60_62_IS7277";NA;"2023-10-04 03:31:00";320582000
"870963";"27:12:1";"Exp60_62_IS7277";"Exp60_62_IS7277";NA;"2023-10-04 03:47:00";320582000
"870964";"27:12:1";"Exp60_62_IS7277";"Exp60_62_IS7277";NA;"2023-10-04 04:01:00";320582000
"870965";"27:12:1";"Exp60_62_IS7277";"Exp60_62_IS7277";NA;"2023-10-04 04:32:00";320582000
"870966";"27:12:1";"Exp60_62_IS7277";"Exp60_62_IS7277";NA;"2023-10-04 04:46:00";320582000
"870967";"27:12:1";"Exp60_62_IS7277";"Exp60_62_IS7277";NA;"2023-10-04 05:02:00";320582000
"870968";"27:12:1";"Exp60_62_IS7277";"Exp60_62_IS7277";NA;"2023-10-04 05:16:00";320582000
"870969";"27:12:1";"Exp60_62_IS7277";"Exp60_62_IS7277";NA;"2023-10-04 05:32:00";320582000
"870970";"27:12:1";"Exp60_62_IS7277";"Exp60_62_IS7277";NA;"2023-10-04 05:46:00";320582000
"870971";"27:12:1";"Exp60_62_IS7277";"Exp60_62_IS7277";NA;"2023-10-04 06:32:00";320582000
"870972";"27:12:1";"Exp60_62_IS7277";"Exp60_62_IS7277";NA;"2023-10-04 06:46:00";320582000
"870973";"27:12:1";"Exp60_62_IS7277";"Exp60_62_IS7277";NA;"2023-10-04 07:17:00";320582000
"870974";"27:12:1";"Exp60_62_IS7277";"Exp60_62_IS7277";NA;"2023-10-04 07:31:00";320582000
"870975";"27:12:1";"Exp60_62_IS7277";"Exp60_62_IS7277";NA;"2023-10-04 07:47:00";320582000
"870976";"27:12:1";"Exp60_62_IS7277";"Exp60_62_IS7277";NA;"2023-10-04 08:01:00";320582000
"870977";"27:12:1";"Exp60_62_IS7277";"Exp60_62_IS7277";NA;"2023-10-04 08:17:00";320582000
"870978";"27:12:1";"Exp60_62_IS7277";"Exp60_62_IS7277";NA;"2023-10-04 08:31:00";320582000
"870979";"27:12:1";"Exp60_62_IS7277";"Exp60_62_IS7277";NA;"2023-10-04 08:47:00";320582000
"870980";"27:12:1";"Exp60_62_IS7277";"Exp60_62_IS7277";NA;"2023-10-04 09:01:00";320582000
"870981";"27:12:1";"Exp60_62_IS7277";"Exp60_62_IS7277";NA;"2023-10-04 09:17:00";320582000
"870982";"27:12:1";"Exp60_62_IS7277";"Exp60_62_IS7277";NA;"2023-10-04 09:31:00";320582000
"870983";"27:12:1";"Exp60_62_IS7277";"Exp60_62_IS7277";NA;"2023-10-04 09:47:00";320582000
"870984";"27:12:1";"Exp60_62_IS7277";"Exp60_62_IS7277";NA;"2023-10-04 10:01:00";320582000
"870985";"27:12:1";"Exp60_62_IS7277";"Exp60_62_IS7277";NA;"2023-10-04 10:17:00";320582000
"870986";"27:12:1";"Exp60_62_IS7277";"Exp60_62_IS7277";NA;"2023-10-04 10:31:00";320582000
"870987";"27:12:1";"Exp60_62_IS7277";"Exp60_62_IS7277";NA;"2023-10-04 10:47:00";320582000
"870988";"27:12:1";"Exp60_62_IS7277";"Exp60_62_IS7277";NA;"2023-10-04 11:01:00";320582000
"870989";"27:12:1";"Exp60_62_IS7277";"Exp60_62_IS7277";NA;"2023-10-04 11:17:00";320582000
"870990";"27:12:1";"Exp60_62_IS7277";"Exp60_62_IS7277";NA;"2023-10-04 11:31:00";320582000
"870991";"27:12:1";"Exp60_62_IS7277";"Exp60_62_IS7277";NA;"2023-10-04 11:47:00";320582000
"870992";"27:12:1";"Exp60_62_IS7277";"Exp60_62_IS7277";NA;"2023-10-04 12:01:00";320582000
"870993";"27:12:1";"Exp60_62_IS7277";"Exp60_62_IS7277";NA;"2023-10-04 12:32:00";320582000
"870994";"27:12:1";"Exp60_62_IS7277";"Exp60_62_IS7277";NA;"2023-10-04 12:46:00";320582000
"870995";"27:12:1";"Exp60_62_IS7277";"Exp60_62_IS7277";NA;"2023-10-04 13:02:00";320582000
"870996";"27:12:1";"Exp60_62_IS7277";"Exp60_62_IS7277";NA;"2023-10-04 13:16:00";320582000
"870997";"27:12:1";"Exp60_62_IS7277";"Exp60_62_IS7277";NA;"2023-10-04 13:32:00";320582000
"870998";"27:12:1";"Exp60_62_IS7277";"Exp60_62_IS7277";NA;"2023-10-04 13:46:00";320582000
"870999";"27:12:1";"Exp60_62_IS7277";"Exp60_62_IS7277";NA;"2023-10-04 21:01:00";320582000
"871000";"27:12:1";"Exp60_62_IS7277";"Exp60_62_IS7277";NA;"2023-10-05 03:31:00";320582000
"871001";"27:12:1";"Exp60_62_IS7277";"Exp60_62_IS7277";NA;"2023-10-05 03:47:00";320582000
"871002";"27:12:1";"Exp60_62_IS7277";"Exp60_62_IS7277";NA;"2023-10-05 04:01:00";320582000
"871003";"27:12:1";"Exp60_62_IS7277";"Exp60_62_IS7277";NA;"2023-10-05 04:17:00";320582000
"871004";"27:12:1";"Exp60_62_IS7277";"Exp60_62_IS7277";NA;"2023-10-05 04:31:00";320582000
"871005";"27:12:1";"Exp60_62_IS7277";"Exp60_62_IS7277";NA;"2023-10-05 04:47:00";320582000
"871006";"27:12:1";"Exp60_62_IS7277";"Exp60_62_IS7277";NA;"2023-10-05 05:01:00";320582000
"871007";"27:12:1";"Exp60_62_IS7277";"Exp60_62_IS7277";NA;"2023-10-05 05:17:00";320582000
"871008";"27:12:1";"Exp60_62_IS7277";"Exp60_62_IS7277";NA;"2023-10-05 05:31:00";320582000
"871009";"27:12:1";"Exp60_62_IS7277";"Exp60_62_IS7277";NA;"2023-10-05 05:47:00";320582000
"871010";"27:12:1";"Exp60_62_IS7277";"Exp60_62_IS7277";NA;"2023-10-05 06:01:00";320582000
"871011";"27:12:1";"Exp60_62_IS7277";"Exp60_62_IS7277";NA;"2023-10-05 06:17:00";320582000
"871012";"27:12:1";"Exp60_62_IS7277";"Exp60_62_IS7277";NA;"2023-10-05 06:31:00";320582000
"871013";"27:12:1";"Exp60_62_IS7277";"Exp60_62_IS7277";NA;"2023-10-05 06:47:00";320582000
"871014";"27:12:1";"Exp60_62_IS7277";"Exp60_62_IS7277";NA;"2023-10-05 07:01:00";320582000
"871015";"27:12:1";"Exp60_62_IS7277";"Exp60_62_IS7277";NA;"2023-10-05 07:17:00";320582000
"871016";"27:12:1";"Exp60_62_IS7277";"Exp60_62_IS7277";NA;"2023-10-05 07:31:00";320582000
"871017";"27:12:1";"Exp60_62_IS7277";"Exp60_62_IS7277";NA;"2023-10-05 07:47:00";320582000
"871018";"27:12:1";"Exp60_62_IS7277";"Exp60_62_IS7277";NA;"2023-10-05 08:01:00";320582000
"871019";"27:12:1";"Exp60_62_IS7277";"Exp60_62_IS7277";NA;"2023-10-05 08:17:00";320582000
"871020";"27:12:1";"Exp60_62_IS7277";"Exp60_62_IS7277";NA;"2023-10-05 08:31:00";320582000
"871021";"27:12:1";"Exp60_62_IS7277";"Exp60_62_IS7277";NA;"2023-10-05 08:47:00";320582000
"871022";"27:12:1";"Exp60_62_IS7277";"Exp60_62_IS7277";NA;"2023-10-05 09:01:00";320582000
"871023";"27:12:1";"Exp60_62_IS7277";"Exp60_62_IS7277";NA;"2023-10-05 09:17:00";320582000
"871024";"27:12:1";"Exp60_62_IS7277";"Exp60_62_IS7277";NA;"2023-10-05 09:31:00";320582000
"871025";"27:12:1";"Exp60_62_IS7277";"Exp60_62_IS7277";NA;"2023-10-05 09:47:00";320582000
"871026";"27:12:1";"Exp60_62_IS7277";"Exp60_62_IS7277";NA;"2023-10-05 10:01:00";320582000
"871027";"27:12:1";"Exp60_62_IS7277";"Exp60_62_IS7277";NA;"2023-10-05 10:17:00";320582000
"871028";"27:12:1";"Exp60_62_IS7277";"Exp60_62_IS7277";NA;"2023-10-05 10:31:00";320582000
"871029";"27:12:1";"Exp60_62_IS7277";"Exp60_62_IS7277";NA;"2023-10-05 10:47:00";320582000
"871030";"27:12:1";"Exp60_62_IS7277";"Exp60_62_IS7277";NA;"2023-10-05 11:01:00";320582000
"871031";"27:12:1";"Exp60_62_IS7277";"Exp60_62_IS7277";NA;"2023-10-05 11:17:00";320582000
"871032";"27:12:1";"Exp60_62_IS7277";"Exp60_62_IS7277";NA;"2023-10-05 11:31:00";320582000
"871033";"27:12:1";"Exp60_62_IS7277";"Exp60_62_IS7277";NA;"2023-10-05 11:47:00";320582000
"871034";"27:12:1";"Exp60_62_IS7277";"Exp60_62_IS7277";NA;"2023-10-05 12:01:00";320582000
"871035";"27:12:1";"Exp60_62_IS7277";"Exp60_62_IS7277";NA;"2023-10-05 18:01:00";320582000
"871036";"27:12:1";"Exp60_62_IS7277";"Exp60_62_IS7277";NA;"2023-10-05 18:17:00";320582000
"871037";"27:12:1";"Exp60_62_IS7277";"Exp60_62_IS7277";NA;"2023-10-05 18:31:00";320582000
"871038";"27:12:1";"Exp60_62_IS7277";"Exp60_62_IS7277";NA;"2023-10-06 00:31:00";320582000
"871039";"27:12:1";"Exp60_62_IS7277";"Exp60_62_IS7277";NA;"2023-10-06 00:47:00";320582000
"871040";"27:12:1";"Exp60_62_IS7277";"Exp60_62_IS7277";NA;"2023-10-06 01:01:00";320582000
"871041";"27:12:1";"Exp60_62_IS7277";"Exp60_62_IS7277";NA;"2023-10-06 01:17:00";320582000
"871042";"27:12:1";"Exp60_62_IS7277";"Exp60_62_IS7277";NA;"2023-10-06 01:31:00";320582000
"871043";"27:12:1";"Exp60_62_IS7277";"Exp60_62_IS7277";NA;"2023-10-06 01:47:00";320582000
"871044";"27:12:1";"Exp60_62_IS7277";"Exp60_62_IS7277";NA;"2023-10-06 02:01:00";320582000
"871045";"27:12:1";"Exp60_62_IS7277";"Exp60_62_IS7277";NA;"2023-10-06 02:17:00";320582000
"871046";"27:12:1";"Exp60_62_IS7277";"Exp60_62_IS7277";NA;"2023-10-06 02:31:00";320582000
"871047";"27:12:1";"Exp60_62_IS7277";"Exp60_62_IS7277";NA;"2023-10-06 02:47:00";320582000
"871048";"27:12:1";"Exp60_62_IS7277";"Exp60_62_IS7277";NA;"2023-10-06 03:16:00";320582000
"871049";"27:12:1";"Exp60_62_IS7277";"Exp60_62_IS7277";NA;"2023-10-06 03:32:00";320582000
"871050";"27:12:1";"Exp60_62_IS7277";"Exp60_62_IS7277";NA;"2023-10-06 03:46:00";320582000
"871051";"27:12:1";"Exp60_62_IS7277";"Exp60_62_IS7277";NA;"2023-10-06 10:46:00";320582000
"871052";"27:12:1";"Exp60_62_IS7277";"Exp60_62_IS7277";NA;"2023-10-06 11:02:00";320582000
"871053";"27:12:1";"Exp60_62_IS7277";"Exp60_62_IS7277";NA;"2023-10-06 11:16:00";320582000
"871054";"27:12:1";"Exp60_62_IS7277";"Exp60_62_IS7277";NA;"2023-10-06 11:47:00";320582000
"871055";"27:12:1";"Exp60_62_IS7277";"Exp60_62_IS7277";NA;"2023-10-06 12:01:00";320582000
"871056";"27:12:1";"Exp60_62_IS7277";"Exp60_62_IS7277";NA;"2023-10-06 20:01:00";320582000
"871057";"27:12:1";"Exp60_62_IS7277";"Exp60_62_IS7277";NA;"2023-10-06 20:17:00";320582000
"871058";"27:12:1";"Exp60_62_IS7277";"Exp60_62_IS7277";NA;"2023-10-06 20:31:00";320582000
"871059";"27:12:1";"Exp60_62_IS7277";"Exp60_62_IS7277";NA;"2023-10-07 03:01:00";320582000
"871060";"27:12:1";"Exp60_62_IS7277";"Exp60_62_IS7277";NA;"2023-10-07 03:17:00";320582000
"871061";"27:12:1";"Exp60_62_IS7277";"Exp60_62_IS7277";NA;"2023-10-07 03:31:00";320582000
"871062";"27:12:1";"Exp60_62_IS7277";"Exp60_62_IS7277";NA;"2023-10-07 03:47:00";320582000
"871063";"27:12:1";"Exp60_62_IS7277";"Exp60_62_IS7277";NA;"2023-10-07 04:01:00";320582000
"871064";"27:12:1";"Exp60_62_IS7277";"Exp60_62_IS7277";NA;"2023-10-07 11:01:00";320582000
"871065";"27:12:1";"Exp60_62_IS7277";"Exp60_62_IS7277";NA;"2023-10-07 11:17:00";320582000
"871066";"27:12:1";"Exp60_62_IS7277";"Exp60_62_IS7277";NA;"2023-10-07 11:31:00";320582000
"871067";"27:12:1";"Exp60_62_IS7277";"Exp60_62_IS7277";NA;"2023-10-07 11:47:00";320582000
"871068";"27:12:1";"Exp60_62_IS7277";"Exp60_62_IS7277";NA;"2023-10-07 12:01:00";320582000
"871069";"27:12:1";"Exp60_62_IS7277";"Exp60_62_IS7277";NA;"2023-10-07 12:47:00";320582000
"871070";"27:12:1";"Exp60_62_IS7277";"Exp60_62_IS7277";NA;"2023-10-07 13:01:00";320582000
"871071";"27:12:1";"Exp60_62_IS7277";"Exp60_62_IS7277";NA;"2023-10-07 13:17:00";320582000
"871072";"27:12:1";"Exp60_62_IS7277";"Exp60_62_IS7277";NA;"2023-10-07 13:31:00";320582000
"871073";"27:12:1";"Exp60_62_IS7277";"Exp60_62_IS7277";NA;"2023-10-07 13:47:00";320582000
"871074";"27:12:1";"Exp60_62_IS7277";"Exp60_62_IS7277";NA;"2023-10-07 14:01:00";320582000
"871075";"27:12:1";"Exp60_62_IS7277";"Exp60_62_IS7277";NA;"2023-10-07 14:17:00";320582000
"871076";"27:12:1";"Exp60_62_IS7277";"Exp60_62_IS7277";NA;"2023-10-07 14:31:00";320582000
"871077";"27:12:1";"Exp60_62_IS7277";"Exp60_62_IS7277";NA;"2023-10-07 20:46:00";320582000
"871078";"27:12:1";"Exp60_62_IS7277";"Exp60_62_IS7277";NA;"2023-10-07 21:02:00";320582000
"871079";"27:12:1";"Exp60_62_IS7277";"Exp60_62_IS7277";NA;"2023-10-07 21:16:00";320582000
"871080";"27:12:1";"Exp60_62_IS7277";"Exp60_62_IS7277";NA;"2023-10-07 21:32:00";320582000
"871081";"27:12:1";"Exp60_62_IS7277";"Exp60_62_IS7277";NA;"2023-10-07 21:46:00";320582000
"871082";"27:12:1";"Exp60_62_IS7277";"Exp60_62_IS7277";NA;"2023-10-07 22:02:00";320582000
"871083";"27:12:1";"Exp60_62_IS7277";"Exp60_62_IS7277";NA;"2023-10-07 22:16:00";320582000
"871084";"27:12:1";"Exp60_62_IS7277";"Exp60_62_IS7277";NA;"2023-10-07 22:32:00";320582000
"871085";"27:12:1";"Exp60_62_IS7277";"Exp60_62_IS7277";NA;"2023-10-07 22:46:00";320582000
"871086";"27:12:1";"Exp60_62_IS7277";"Exp60_62_IS7277";NA;"2023-10-07 23:02:00";320582000
"871087";"27:12:1";"Exp60_62_IS7277";"Exp60_62_IS7277";NA;"2023-10-07 23:16:00";320582000
"871088";"27:12:1";"Exp60_62_IS7277";"Exp60_62_IS7277";NA;"2023-10-07 23:32:00";320582000
"871089";"27:12:1";"Exp60_62_IS7277";"Exp60_62_IS7277";NA;"2023-10-07 23:46:00";320582000
"871090";"27:12:1";"Exp60_62_IS7277";"Exp60_62_IS7277";NA;"2023-10-08 00:02:00";320582000
"871091";"27:12:1";"Exp60_62_IS7277";"Exp60_62_IS7277";NA;"2023-10-08 00:16:00";320582000
"871092";"27:12:1";"Exp60_62_IS7277";"Exp60_62_IS7277";NA;"2023-10-08 00:32:00";320582000
"871093";"27:12:1";"Exp60_62_IS7277";"Exp60_62_IS7277";NA;"2023-10-08 00:46:00";320582000
"871094";"27:12:1";"Exp60_62_IS7277";"Exp60_62_IS7277";NA;"2023-10-08 01:02:00";320582000
"871095";"27:12:1";"Exp60_62_IS7277";"Exp60_62_IS7277";NA;"2023-10-08 01:16:00";320582000
"871096";"27:12:1";"Exp60_62_IS7277";"Exp60_62_IS7277";NA;"2023-10-08 01:32:00";320582000
"871097";"27:12:1";"Exp60_62_IS7277";"Exp60_62_IS7277";NA;"2023-10-08 01:46:00";320582000
"871098";"27:12:1";"Exp60_62_IS7277";"Exp60_62_IS7277";NA;"2023-10-08 02:02:00";320582000
"871099";"27:12:1";"Exp60_62_IS7277";"Exp60_62_IS7277";NA;"2023-10-08 02:16:00";320582000
"871100";"27:12:1";"Exp60_62_IS7277";"Exp60_62_IS7277";NA;"2023-10-08 02:32:00";320582000
"871101";"27:12:1";"Exp60_62_IS7277";"Exp60_62_IS7277";NA;"2023-10-08 02:46:00";320582000
"871102";"27:12:1";"Exp60_62_IS7277";"Exp60_62_IS7277";NA;"2023-10-08 03:02:00";320582000
"871103";"27:12:1";"Exp60_62_IS7277";"Exp60_62_IS7277";NA;"2023-10-08 03:16:00";320582000
"871104";"27:12:1";"Exp60_62_IS7277";"Exp60_62_IS7277";NA;"2023-10-08 03:32:00";320582000
"871105";"27:12:1";"Exp60_62_IS7277";"Exp60_62_IS7277";NA;"2023-10-08 03:46:00";320582000
"871106";"27:12:1";"Exp60_62_IS7277";"Exp60_62_IS7277";NA;"2023-10-08 04:02:00";320582000
"871107";"27:12:1";"Exp60_62_IS7277";"Exp60_62_IS7277";NA;"2023-10-08 04:16:00";320582000
"871108";"27:12:1";"Exp60_62_IS7277";"Exp60_62_IS7277";NA;"2023-10-08 04:32:00";320582000
"871109";"27:12:1";"Exp60_62_IS7277";"Exp60_62_IS7277";NA;"2023-10-08 04:46:00";320582000
"871110";"27:12:1";"Exp60_62_IS7277";"Exp60_62_IS7277";NA;"2023-10-08 05:02:00";320582000
"871111";"27:12:1";"Exp60_62_IS7277";"Exp60_62_IS7277";NA;"2023-10-08 05:16:00";320582000
"871112";"27:12:1";"Exp60_62_IS7277";"Exp60_62_IS7277";NA;"2023-10-08 05:32:00";320582000
"871113";"27:12:1";"Exp60_62_IS7277";"Exp60_62_IS7277";NA;"2023-10-08 05:46:00";320582000
"871114";"27:12:1";"Exp60_62_IS7277";"Exp60_62_IS7277";NA;"2023-10-08 06:02:00";320582000
"871115";"27:12:1";"Exp60_62_IS7277";"Exp60_62_IS7277";NA;"2023-10-08 06:16:00";320582000
"871116";"27:12:1";"Exp60_62_IS7277";"Exp60_62_IS7277";NA;"2023-10-08 06:32:00";320582000
"871117";"27:12:1";"Exp60_62_IS7277";"Exp60_62_IS7277";NA;"2023-10-08 06:46:00";320582000
"871118";"27:12:1";"Exp60_62_IS7277";"Exp60_62_IS7277";NA;"2023-10-08 07:02:00";320582000
"871119";"27:12:1";"Exp60_62_IS7277";"Exp60_62_IS7277";NA;"2023-10-08 07:16:00";320582000
"871120";"27:12:1";"Exp60_62_IS7277";"Exp60_62_IS7277";NA;"2023-10-08 07:32:00";320582000
"871121";"27:12:1";"Exp60_62_IS7277";"Exp60_62_IS7277";NA;"2023-10-08 07:46:00";320582000
"871122";"27:12:1";"Exp60_62_IS7277";"Exp60_62_IS7277";NA;"2023-10-08 08:02:00";320582000
"871123";"27:12:1";"Exp60_62_IS7277";"Exp60_62_IS7277";NA;"2023-10-08 08:16:00";320582000
"871124";"27:12:1";"Exp60_62_IS7277";"Exp60_62_IS7277";NA;"2023-10-08 08:32:00";320582000
"871125";"27:12:1";"Exp60_62_IS7277";"Exp60_62_IS7277";NA;"2023-10-08 08:46:00";320582000
"871126";"27:12:1";"Exp60_62_IS7277";"Exp60_62_IS7277";NA;"2023-10-08 09:02:00";320582000
"871127";"27:12:1";"Exp60_62_IS7277";"Exp60_62_IS7277";NA;"2023-10-08 09:16:00";320582000
"871128";"27:12:1";"Exp60_62_IS7277";"Exp60_62_IS7277";NA;"2023-10-08 09:32:00";320582000
"871129";"27:12:1";"Exp60_62_IS7277";"Exp60_62_IS7277";NA;"2023-10-08 09:46:00";320582000
"871130";"27:12:1";"Exp60_62_IS7277";"Exp60_62_IS7277";NA;"2023-10-08 10:32:00";320582000
"871131";"27:12:1";"Exp60_62_IS7277";"Exp60_62_IS7277";NA;"2023-10-08 10:46:00";320582000
"871132";"27:12:1";"Exp60_62_IS7277";"Exp60_62_IS7277";NA;"2023-10-08 11:17:00";320582000
"871133";"27:12:1";"Exp60_62_IS7277";"Exp60_62_IS7277";NA;"2023-10-08 11:31:00";320582000
"871134";"27:12:1";"Exp60_62_IS7277";"Exp60_62_IS7277";NA;"2023-10-08 12:02:00";320582000
"871135";"27:12:1";"Exp60_62_IS7277";"Exp60_62_IS7277";NA;"2023-10-08 12:16:00";320582000
"871136";"27:12:1";"Exp60_62_IS7277";"Exp60_62_IS7277";NA;"2023-10-08 12:32:00";320582000
"871137";"27:12:1";"Exp60_62_IS7277";"Exp60_62_IS7277";NA;"2023-10-08 12:46:00";320582000
"871138";"27:12:1";"Exp60_62_IS7277";"Exp60_62_IS7277";NA;"2023-10-08 13:02:00";320582000
"871139";"27:12:1";"Exp60_62_IS7277";"Exp60_62_IS7277";NA;"2023-10-08 13:16:00";320582000
"871140";"27:12:1";"Exp60_62_IS7277";"Exp60_62_IS7277";NA;"2023-10-08 13:47:00";320582000
"871141";"27:12:1";"Exp60_62_IS7277";"Exp60_62_IS7277";NA;"2023-10-08 14:01:00";320582000
"871142";"27:12:1";"Exp60_62_IS7277";"Exp60_62_IS7277";NA;"2023-10-08 14:17:00";320582000
"871143";"27:12:1";"Exp60_62_IS7277";"Exp60_62_IS7277";NA;"2023-10-08 14:31:00";320582000
"871144";"27:12:1";"Exp60_62_IS7277";"Exp60_62_IS7277";NA;"2023-10-08 14:47:00";320582000
"871145";"27:12:1";"Exp60_62_IS7277";"Exp60_62_IS7277";NA;"2023-10-08 15:01:00";320582000
"871146";"27:12:1";"Exp60_62_IS7277";"Exp60_62_IS7277";NA;"2023-10-08 22:46:00";320582000
"871147";"27:12:1";"Exp60_62_IS7277";"Exp60_62_IS7277";NA;"2023-10-08 23:02:00";320582000
"871148";"27:12:1";"Exp60_62_IS7277";"Exp60_62_IS7277";NA;"2023-10-08 23:16:00";320582000
"871149";"27:12:1";"Exp60_62_IS7277";"Exp60_62_IS7277";NA;"2023-10-08 23:32:00";320582000
"871150";"27:12:1";"Exp60_62_IS7277";"Exp60_62_IS7277";NA;"2023-10-08 23:46:00";320582000
"871151";"27:12:1";"Exp60_62_IS7277";"Exp60_62_IS7277";NA;"2023-10-09 00:02:00";320582000
"871152";"27:12:1";"Exp60_62_IS7277";"Exp60_62_IS7277";NA;"2023-10-09 00:16:00";320582000
"871153";"27:12:1";"Exp60_62_IS7277";"Exp60_62_IS7277";NA;"2023-10-09 00:32:00";320582000
"871154";"27:12:1";"Exp60_62_IS7277";"Exp60_62_IS7277";NA;"2023-10-09 00:46:00";320582000
"871155";"27:12:1";"Exp60_62_IS7277";"Exp60_62_IS7277";NA;"2023-10-09 01:02:00";320582000
"871156";"27:12:1";"Exp60_62_IS7277";"Exp60_62_IS7277";NA;"2023-10-09 01:16:00";320582000
"871157";"27:12:1";"Exp60_62_IS7277";"Exp60_62_IS7277";NA;"2023-10-09 01:32:00";320582000
"871158";"27:12:1";"Exp60_62_IS7277";"Exp60_62_IS7277";NA;"2023-10-09 01:46:00";320582000
"871159";"27:12:1";"Exp60_62_IS7277";"Exp60_62_IS7277";NA;"2023-10-09 02:02:00";320582000
"871160";"27:12:1";"Exp60_62_IS7277";"Exp60_62_IS7277";NA;"2023-10-09 02:16:00";320582000
"871161";"27:12:1";"Exp60_62_IS7277";"Exp60_62_IS7277";NA;"2023-10-09 02:32:00";320582000
"871162";"27:12:1";"Exp60_62_IS7277";"Exp60_62_IS7277";NA;"2023-10-09 02:46:00";320582000
"871163";"27:12:1";"Exp60_62_IS7277";"Exp60_62_IS7277";NA;"2023-10-09 03:02:00";320582000
"871164";"27:12:1";"Exp60_62_IS7277";"Exp60_62_IS7277";NA;"2023-10-09 03:16:00";320582000
"871165";"27:12:1";"Exp60_62_IS7277";"Exp60_62_IS7277";NA;"2023-10-09 03:32:00";320582000
"871166";"27:12:1";"Exp60_62_IS7277";"Exp60_62_IS7277";NA;"2023-10-09 03:46:00";320582000
"871167";"27:12:1";"Exp60_62_IS7277";"Exp60_62_IS7277";NA;"2023-10-09 04:17:00";320582000
"871168";"27:12:1";"Exp60_62_IS7277";"Exp60_62_IS7277";NA;"2023-10-09 04:31:00";320582000
"871169";"27:12:1";"Exp60_62_IS7277";"Exp60_62_IS7277";NA;"2023-10-09 04:47:00";320582000
"871170";"27:12:1";"Exp60_62_IS7277";"Exp60_62_IS7277";NA;"2023-10-09 05:01:00";320582000
"871171";"27:12:1";"Exp60_62_IS7277";"Exp60_62_IS7277";NA;"2023-10-09 05:17:00";320582000
"871172";"27:12:1";"Exp60_62_IS7277";"Exp60_62_IS7277";NA;"2023-10-09 05:31:00";320582000
"871173";"27:12:1";"Exp60_62_IS7277";"Exp60_62_IS7277";NA;"2023-10-09 05:47:00";320582000
"871174";"27:12:1";"Exp60_62_IS7277";"Exp60_62_IS7277";NA;"2023-10-09 06:01:00";320582000
"871175";"27:12:1";"Exp60_62_IS7277";"Exp60_62_IS7277";NA;"2023-10-09 06:17:00";320582000
"871176";"27:12:1";"Exp60_62_IS7277";"Exp60_62_IS7277";NA;"2023-10-09 06:31:00";320582000
"871177";"27:12:1";"Exp60_62_IS7277";"Exp60_62_IS7277";NA;"2023-10-09 06:47:00";320582000
"871178";"27:12:1";"Exp60_62_IS7277";"Exp60_62_IS7277";NA;"2023-10-09 07:01:00";320582000
"871179";"27:12:1";"Exp60_62_IS7277";"Exp60_62_IS7277";NA;"2023-10-09 07:17:00";320582000
"871180";"27:12:1";"Exp60_62_IS7277";"Exp60_62_IS7277";NA;"2023-10-09 07:31:00";320582000
"871181";"27:12:1";"Exp60_62_IS7277";"Exp60_62_IS7277";NA;"2023-10-09 07:47:00";320582000
"871182";"27:12:1";"Exp60_62_IS7277";"Exp60_62_IS7277";NA;"2023-10-09 08:01:00";320582000
"871183";"27:12:1";"Exp60_62_IS7277";"Exp60_62_IS7277";NA;"2023-10-09 08:17:00";320582000
"871184";"27:12:1";"Exp60_62_IS7277";"Exp60_62_IS7277";NA;"2023-10-09 08:31:00";320582000
"871185";"27:12:1";"Exp60_62_IS7277";"Exp60_62_IS7277";NA;"2023-10-09 08:47:00";320582000
"871186";"27:12:1";"Exp60_62_IS7277";"Exp60_62_IS7277";NA;"2023-10-09 09:01:00";320582000
"871187";"27:12:1";"Exp60_62_IS7277";"Exp60_62_IS7277";NA;"2023-10-09 09:17:00";320582000
"871188";"27:12:1";"Exp60_62_IS7277";"Exp60_62_IS7277";NA;"2023-10-09 09:31:00";320582000
"871189";"27:12:1";"Exp60_62_IS7277";"Exp60_62_IS7277";NA;"2023-10-09 10:32:00";320582000
"871190";"27:12:1";"Exp60_62_IS7277";"Exp60_62_IS7277";NA;"2023-10-09 10:46:00";320582000
"871191";"27:12:1";"Exp60_62_IS7277";"Exp60_62_IS7277";NA;"2023-10-09 11:02:00";320582000
"871192";"27:12:1";"Exp60_62_IS7277";"Exp60_62_IS7277";NA;"2023-10-09 11:16:00";320582000
"871193";"27:12:1";"Exp60_62_IS7277";"Exp60_62_IS7277";NA;"2023-10-09 11:47:00";320582000
"871194";"27:12:1";"Exp60_62_IS7277";"Exp60_62_IS7277";NA;"2023-10-09 12:01:00";320582000
"871195";"27:12:1";"Exp60_62_IS7277";"Exp60_62_IS7277";NA;"2023-10-09 12:17:00";320582000
"871196";"27:12:1";"Exp60_62_IS7277";"Exp60_62_IS7277";NA;"2023-10-09 12:31:00";320582000
"871197";"27:12:1";"Exp60_62_IS7277";"Exp60_62_IS7277";NA;"2023-10-09 12:47:00";320582000
"871198";"27:12:1";"Exp60_62_IS7277";"Exp60_62_IS7277";NA;"2023-10-09 13:01:00";320582000
"871199";"27:12:1";"Exp60_62_IS7277";"Exp60_62_IS7277";NA;"2023-10-09 13:32:00";320582000
"871200";"27:12:1";"Exp60_62_IS7277";"Exp60_62_IS7277";NA;"2023-10-09 13:46:00";320582000
"871201";"27:12:1";"Exp60_62_IS7277";"Exp60_62_IS7277";NA;"2023-10-09 14:02:00";320582000
"871202";"27:12:1";"Exp60_62_IS7277";"Exp60_62_IS7277";NA;"2023-10-09 14:16:00";320582000
"871203";"27:12:1";"Exp60_62_IS7277";"Exp60_62_IS7277";NA;"2023-10-09 20:16:00";320582000
"871204";"27:12:1";"Exp60_62_IS7277";"Exp60_62_IS7277";NA;"2023-10-09 20:32:00";320582000
"871205";"27:12:1";"Exp60_62_IS7277";"Exp60_62_IS7277";NA;"2023-10-09 20:46:00";320582000
"871206";"27:12:1";"Exp60_62_IS7277";"Exp60_62_IS7277";NA;"2023-10-09 21:02:00";320582000
"871207";"27:12:1";"Exp60_62_IS7277";"Exp60_62_IS7277";NA;"2023-10-09 21:16:00";320582000
"871208";"27:12:1";"Exp60_62_IS7277";"Exp60_62_IS7277";NA;"2023-10-09 21:32:00";320582000
"871209";"27:12:1";"Exp60_62_IS7277";"Exp60_62_IS7277";NA;"2023-10-09 21:46:00";320582000
"871210";"27:12:1";"Exp60_62_IS7277";"Exp60_62_IS7277";NA;"2023-10-09 22:32:00";320582000
"871211";"27:12:1";"Exp60_62_IS7277";"Exp60_62_IS7277";NA;"2023-10-09 22:46:00";320582000
"871212";"27:12:1";"Exp60_62_IS7277";"Exp60_62_IS7277";NA;"2023-10-09 23:17:00";320582000
"871213";"27:12:1";"Exp60_62_IS7277";"Exp60_62_IS7277";NA;"2023-10-09 23:31:00";320582000
"871214";"27:12:1";"Exp60_62_IS7277";"Exp60_62_IS7277";NA;"2023-10-09 23:47:00";320582000
"871215";"27:12:1";"Exp60_62_IS7277";"Exp60_62_IS7277";NA;"2023-10-10 00:16:00";320582000
"871216";"27:12:1";"Exp60_62_IS7277";"Exp60_62_IS7277";NA;"2023-10-10 00:47:00";320582000
"871217";"27:12:1";"Exp60_62_IS7277";"Exp60_62_IS7277";NA;"2023-10-10 01:01:00";320582000
"871218";"27:12:1";"Exp60_62_IS7277";"Exp60_62_IS7277";NA;"2023-10-10 01:17:00";320582000
"871219";"27:12:1";"Exp60_62_IS7277";"Exp60_62_IS7277";NA;"2023-10-10 01:31:00";320582000
"871220";"27:12:1";"Exp60_62_IS7277";"Exp60_62_IS7277";NA;"2023-10-10 01:47:00";320582000
"871221";"27:12:1";"Exp60_62_IS7277";"Exp60_62_IS7277";NA;"2023-10-10 02:01:00";320582000
"871222";"27:12:1";"Exp60_62_IS7277";"Exp60_62_IS7277";NA;"2023-10-10 02:17:00";320582000
"871223";"27:12:1";"Exp60_62_IS7277";"Exp60_62_IS7277";NA;"2023-10-10 02:31:00";320582000
"871224";"27:12:1";"Exp60_62_IS7277";"Exp60_62_IS7277";NA;"2023-10-10 02:47:00";320582000
"871225";"27:12:1";"Exp60_62_IS7277";"Exp60_62_IS7277";NA;"2023-10-10 03:01:00";320582000
"871226";"27:12:1";"Exp60_62_IS7277";"Exp60_62_IS7277";NA;"2023-10-10 03:17:00";320582000
"871227";"27:12:1";"Exp60_62_IS7277";"Exp60_62_IS7277";NA;"2023-10-10 03:31:00";320582000
"871228";"27:12:1";"Exp60_62_IS7277";"Exp60_62_IS7277";NA;"2023-10-10 03:47:00";320582000
"871229";"27:12:1";"Exp60_62_IS7277";"Exp60_62_IS7277";NA;"2023-10-10 04:01:00";320582000
"871230";"27:12:1";"Exp60_62_IS7277";"Exp60_62_IS7277";NA;"2023-10-10 04:17:00";320582000
"871231";"27:12:1";"Exp60_62_IS7277";"Exp60_62_IS7277";NA;"2023-10-10 04:31:00";320582000
"871232";"27:12:1";"Exp60_62_IS7277";"Exp60_62_IS7277";NA;"2023-10-10 04:47:00";320582000
"871233";"27:12:1";"Exp60_62_IS7277";"Exp60_62_IS7277";NA;"2023-10-10 05:01:00";320582000
"871234";"27:12:1";"Exp60_62_IS7277";"Exp60_62_IS7277";NA;"2023-10-10 05:17:00";320582000
"871235";"27:12:1";"Exp60_62_IS7277";"Exp60_62_IS7277";NA;"2023-10-10 05:31:00";320582000
"871236";"27:12:1";"Exp60_62_IS7277";"Exp60_62_IS7277";NA;"2023-10-10 05:47:00";320582000
"871237";"27:12:1";"Exp60_62_IS7277";"Exp60_62_IS7277";NA;"2023-10-10 06:01:00";320582000
"871238";"27:12:1";"Exp60_62_IS7277";"Exp60_62_IS7277";NA;"2023-10-10 06:17:00";320582000
"871239";"27:12:1";"Exp60_62_IS7277";"Exp60_62_IS7277";NA;"2023-10-10 06:46:00";320582000
"871240";"27:12:1";"Exp60_62_IS7277";"Exp60_62_IS7277";NA;"2023-10-10 07:17:00";320582000
"871241";"27:12:1";"Exp60_62_IS7277";"Exp60_62_IS7277";NA;"2023-10-10 07:31:00";320582000
"871242";"27:12:1";"Exp60_62_IS7277";"Exp60_62_IS7277";NA;"2023-10-10 08:02:00";320582000
"871243";"27:12:1";"Exp60_62_IS7277";"Exp60_62_IS7277";NA;"2023-10-10 08:16:00";320582000
"871244";"27:12:1";"Exp60_62_IS7277";"Exp60_62_IS7277";NA;"2023-10-10 08:32:00";320582000
"871245";"27:12:1";"Exp60_62_IS7277";"Exp60_62_IS7277";NA;"2023-10-10 08:46:00";320582000
"871246";"27:12:1";"Exp60_62_IS7277";"Exp60_62_IS7277";NA;"2023-10-10 09:02:00";320582000
"871247";"27:12:1";"Exp60_62_IS7277";"Exp60_62_IS7277";NA;"2023-10-10 09:16:00";320582000
"871248";"27:12:1";"Exp60_62_IS7277";"Exp60_62_IS7277";NA;"2023-10-10 09:32:00";320582000
"871249";"27:12:1";"Exp60_62_IS7277";"Exp60_62_IS7277";NA;"2023-10-10 09:46:00";320582000
"871250";"27:12:1";"Exp60_62_IS7277";"Exp60_62_IS7277";NA;"2023-10-10 10:02:00";320582000
"871251";"27:12:1";"Exp60_62_IS7277";"Exp60_62_IS7277";NA;"2023-10-10 10:16:00";320582000
"871252";"27:12:1";"Exp60_62_IS7277";"Exp60_62_IS7277";NA;"2023-10-10 10:32:00";320582000
"871253";"27:12:1";"Exp60_62_IS7277";"Exp60_62_IS7277";NA;"2023-10-10 10:46:00";320582000
"871254";"27:12:1";"Exp60_62_IS7277";"Exp60_62_IS7277";NA;"2023-10-10 11:02:00";320582000
"871255";"27:12:1";"Exp60_62_IS7277";"Exp60_62_IS7277";NA;"2023-10-10 11:16:00";320582000
"871256";"27:12:1";"Exp60_62_IS7277";"Exp60_62_IS7277";NA;"2023-10-10 15:46:00";320582000
"871257";"27:12:1";"Exp60_62_IS7277";"Exp60_62_IS7277";NA;"2023-10-10 18:01:00";320582000
"871258";"27:12:1";"Exp60_62_IS7277";"Exp60_62_IS7277";NA;"2023-10-10 18:17:00";320582000
"871259";"27:12:1";"Exp60_62_IS7277";"Exp60_62_IS7277";NA;"2023-10-10 18:31:00";320582000
"871260";"27:12:1";"Exp60_62_IS7277";"Exp60_62_IS7277";NA;"2023-10-10 18:47:00";320582000
"871261";"27:12:1";"Exp60_62_IS7277";"Exp60_62_IS7277";NA;"2023-10-10 19:01:00";320582000
"871262";"27:12:1";"Exp60_62_IS7277";"Exp60_62_IS7277";NA;"2023-10-10 19:17:00";320582000
"871263";"27:12:1";"Exp60_62_IS7277";"Exp60_62_IS7277";NA;"2023-10-10 19:31:00";320582000
"871264";"27:12:1";"Exp60_62_IS7277";"Exp60_62_IS7277";NA;"2023-10-10 19:47:00";320582000
"871265";"27:12:1";"Exp60_62_IS7277";"Exp60_62_IS7277";NA;"2023-10-10 20:01:00";320582000
"871266";"27:12:1";"Exp60_62_IS7277";"Exp60_62_IS7277";NA;"2023-10-10 20:17:00";320582000
"871267";"27:12:1";"Exp60_62_IS7277";"Exp60_62_IS7277";NA;"2023-10-10 20:31:00";320582000
"871268";"27:12:1";"Exp60_62_IS7277";"Exp60_62_IS7277";NA;"2023-10-10 20:47:00";320582000
"871269";"27:12:1";"Exp60_62_IS7277";"Exp60_62_IS7277";NA;"2023-10-10 21:01:00";320582000
"871270";"27:12:1";"Exp60_62_IS7277";"Exp60_62_IS7277";NA;"2023-10-10 21:17:00";320582000
"871271";"27:12:1";"Exp60_62_IS7277";"Exp60_62_IS7277";NA;"2023-10-10 21:31:00";320582000
"871272";"27:12:1";"Exp60_62_IS7277";"Exp60_62_IS7277";NA;"2023-10-10 21:47:00";320582000
"871273";"27:12:1";"Exp60_62_IS7277";"Exp60_62_IS7277";NA;"2023-10-10 22:01:00";320582000
"871274";"27:12:1";"Exp60_62_IS7277";"Exp60_62_IS7277";NA;"2023-10-10 22:32:00";320582000
"871275";"27:12:1";"Exp60_62_IS7277";"Exp60_62_IS7277";NA;"2023-10-10 22:46:00";320582000
"871276";"27:12:1";"Exp60_62_IS7277";"Exp60_62_IS7277";NA;"2023-10-10 23:02:00";320582000
"871277";"27:12:1";"Exp60_62_IS7277";"Exp60_62_IS7277";NA;"2023-10-10 23:16:00";320582000
"871278";"27:12:1";"Exp60_62_IS7277";"Exp60_62_IS7277";NA;"2023-10-10 23:32:00";320582000
"871279";"27:12:1";"Exp60_62_IS7277";"Exp60_62_IS7277";NA;"2023-10-10 23:46:00";320582000
"871280";"27:12:1";"Exp60_62_IS7277";"Exp60_62_IS7277";NA;"2023-10-11 00:02:00";320582000
"871281";"27:12:1";"Exp60_62_IS7277";"Exp60_62_IS7277";NA;"2023-10-11 00:16:00";320582000
"871282";"27:12:1";"Exp60_62_IS7277";"Exp60_62_IS7277";NA;"2023-10-11 00:32:00";320582000
"871283";"27:12:1";"Exp60_62_IS7277";"Exp60_62_IS7277";NA;"2023-10-11 00:46:00";320582000
"871284";"27:12:1";"Exp60_62_IS7277";"Exp60_62_IS7277";NA;"2023-10-11 06:31:00";320582000
"871285";"27:12:1";"Exp60_62_IS7277";"Exp60_62_IS7277";NA;"2023-10-11 07:17:00";320582000
"871286";"27:12:1";"Exp60_62_IS7277";"Exp60_62_IS7277";NA;"2023-10-11 07:31:00";320582000
"871287";"27:12:1";"Exp60_62_IS7277";"Exp60_62_IS7277";NA;"2023-10-11 07:47:00";320582000
"871288";"27:12:1";"Exp60_62_IS7277";"Exp60_62_IS7277";NA;"2023-10-11 08:01:00";320582000
"871289";"27:12:1";"Exp60_62_IS7277";"Exp60_62_IS7277";NA;"2023-10-11 08:17:00";320582000
"871290";"27:12:1";"Exp60_62_IS7277";"Exp60_62_IS7277";NA;"2023-10-11 08:31:00";320582000
"871291";"27:12:1";"Exp60_62_IS7277";"Exp60_62_IS7277";NA;"2023-10-11 08:47:00";320582000
"871292";"27:12:1";"Exp60_62_IS7277";"Exp60_62_IS7277";NA;"2023-10-11 09:01:00";320582000
"871293";"27:12:1";"Exp60_62_IS7277";"Exp60_62_IS7277";NA;"2023-10-11 16:16:00";320582000
"871294";"27:12:1";"Exp60_62_IS7277";"Exp60_62_IS7277";NA;"2023-10-11 16:32:00";320582000
"871295";"27:12:1";"Exp60_62_IS7277";"Exp60_62_IS7277";NA;"2023-10-11 16:46:00";320582000
"871296";"27:12:1";"Exp60_62_IS7277";"Exp60_62_IS7277";NA;"2023-10-11 17:02:00";320582000
"871297";"27:12:1";"Exp60_62_IS7277";"Exp60_62_IS7277";NA;"2023-10-11 17:16:00";320582000
"871298";"27:12:1";"Exp60_62_IS7277";"Exp60_62_IS7277";NA;"2023-10-11 17:32:00";320582000
"871299";"27:12:1";"Exp60_62_IS7277";"Exp60_62_IS7277";NA;"2023-10-11 17:46:00";320582000
"871300";"27:12:1";"Exp60_62_IS7277";"Exp60_62_IS7277";NA;"2023-10-11 18:02:00";320582000
"871301";"27:12:1";"Exp60_62_IS7277";"Exp60_62_IS7277";NA;"2023-10-11 18:16:00";320582000
"871302";"27:12:1";"Exp60_62_IS7277";"Exp60_62_IS7277";NA;"2023-10-11 18:32:00";320582000
"871303";"27:12:1";"Exp60_62_IS7277";"Exp60_62_IS7277";NA;"2023-10-11 18:46:00";320582000
"871304";"27:12:1";"Exp60_62_IS7277";"Exp60_62_IS7277";NA;"2023-10-11 19:02:00";320582000
"871305";"27:12:1";"Exp60_62_IS7277";"Exp60_62_IS7277";NA;"2023-10-11 19:16:00";320582000
"871306";"27:12:1";"Exp60_62_IS7277";"Exp60_62_IS7277";NA;"2023-10-11 19:32:00";320582000
"871307";"27:12:1";"Exp60_62_IS7277";"Exp60_62_IS7277";NA;"2023-10-11 19:46:00";320582000
"871308";"27:12:1";"Exp60_62_IS7277";"Exp60_62_IS7277";NA;"2023-10-11 20:02:00";320582000
"871309";"27:12:1";"Exp60_62_IS7277";"Exp60_62_IS7277";NA;"2023-10-11 20:46:00";320582000
"871310";"27:12:1";"Exp60_62_IS7277";"Exp60_62_IS7277";NA;"2023-10-11 21:02:00";320582000
"871311";"27:12:1";"Exp60_62_IS7277";"Exp60_62_IS7277";NA;"2023-10-11 21:16:00";320582000
"871312";"27:12:1";"Exp60_62_IS7277";"Exp60_62_IS7277";NA;"2023-10-11 21:32:00";320582000
"871313";"27:12:1";"Exp60_62_IS7277";"Exp60_62_IS7277";NA;"2023-10-11 21:46:00";320582000
"871314";"27:12:1";"Exp60_62_IS7277";"Exp60_62_IS7277";NA;"2023-10-11 22:17:00";320582000
"871315";"27:12:1";"Exp60_62_IS7277";"Exp60_62_IS7277";NA;"2023-10-11 22:31:00";320582000
"871316";"27:12:1";"Exp60_62_IS7277";"Exp60_62_IS7277";NA;"2023-10-11 22:47:00";320582000
"871317";"27:12:1";"Exp60_62_IS7277";"Exp60_62_IS7277";NA;"2023-10-11 23:01:00";320582000
"871318";"27:12:1";"Exp60_62_IS7277";"Exp60_62_IS7277";NA;"2023-10-11 23:17:00";320582000
"871319";"27:12:1";"Exp60_62_IS7277";"Exp60_62_IS7277";NA;"2023-10-11 23:31:00";320582000
"871320";"27:12:1";"Exp60_62_IS7277";"Exp60_62_IS7277";NA;"2023-10-11 23:47:00";320582000
"871321";"27:12:1";"Exp60_62_IS7277";"Exp60_62_IS7277";NA;"2023-10-12 00:01:00";320582000
"871322";"27:12:1";"Exp60_62_IS7277";"Exp60_62_IS7277";NA;"2023-10-12 00:17:00";320582000
"871323";"27:12:1";"Exp60_62_IS7277";"Exp60_62_IS7277";NA;"2023-10-12 00:31:00";320582000
"871324";"27:12:1";"Exp60_62_IS7277";"Exp60_62_IS7277";NA;"2023-10-12 00:47:00";320582000
"871325";"27:12:1";"Exp60_62_IS7277";"Exp60_62_IS7277";NA;"2023-10-12 01:01:00";320582000
"871326";"27:12:1";"Exp60_62_IS7277";"Exp60_62_IS7277";NA;"2023-10-12 01:17:00";320582000
"871327";"27:12:1";"Exp60_62_IS7277";"Exp60_62_IS7277";NA;"2023-10-12 01:31:00";320582000
"871328";"27:12:1";"Exp60_62_IS7277";"Exp60_62_IS7277";NA;"2023-10-12 01:47:00";320582000
"871329";"27:12:1";"Exp60_62_IS7277";"Exp60_62_IS7277";NA;"2023-10-12 02:01:00";320582000
"871330";"27:12:1";"Exp60_62_IS7277";"Exp60_62_IS7277";NA;"2023-10-12 02:17:00";320582000
"871331";"27:12:1";"Exp60_62_IS7277";"Exp60_62_IS7277";NA;"2023-10-12 02:31:00";320582000
"871332";"27:12:1";"Exp60_62_IS7277";"Exp60_62_IS7277";NA;"2023-10-12 02:47:00";320582000
"871333";"27:12:1";"Exp60_62_IS7277";"Exp60_62_IS7277";NA;"2023-10-12 03:01:00";320582000
"871334";"27:12:1";"Exp60_62_IS7277";"Exp60_62_IS7277";NA;"2023-10-12 03:17:00";320582000
"871335";"27:12:1";"Exp60_62_IS7277";"Exp60_62_IS7277";NA;"2023-10-12 03:31:00";320582000
"871336";"27:12:1";"Exp60_62_IS7277";"Exp60_62_IS7277";NA;"2023-10-12 03:47:00";320582000
"871337";"27:12:1";"Exp60_62_IS7277";"Exp60_62_IS7277";NA;"2023-10-12 04:01:00";320582000
"871338";"27:12:1";"Exp60_62_IS7277";"Exp60_62_IS7277";NA;"2023-10-12 04:17:00";320582000
"871339";"27:12:1";"Exp60_62_IS7277";"Exp60_62_IS7277";NA;"2023-10-12 04:31:00";320582000
"871340";"27:12:1";"Exp60_62_IS7277";"Exp60_62_IS7277";NA;"2023-10-12 04:47:00";320582000
"871341";"27:12:1";"Exp60_62_IS7277";"Exp60_62_IS7277";NA;"2023-10-12 05:01:00";320582000
"871342";"27:12:1";"Exp60_62_IS7277";"Exp60_62_IS7277";NA;"2023-10-12 05:32:00";320582000
"871343";"27:12:1";"Exp60_62_IS7277";"Exp60_62_IS7277";NA;"2023-10-12 05:46:00";320582000
"871344";"27:12:1";"Exp60_62_IS7277";"Exp60_62_IS7277";NA;"2023-10-12 06:02:00";320582000
"871345";"27:12:1";"Exp60_62_IS7277";"Exp60_62_IS7277";NA;"2023-10-12 06:16:00";320582000
"871346";"27:12:1";"Exp60_62_IS7277";"Exp60_62_IS7277";NA;"2023-10-12 06:47:00";320582000
"871347";"27:12:1";"Exp60_62_IS7277";"Exp60_62_IS7277";NA;"2023-10-12 07:01:00";320582000
"871348";"27:12:1";"Exp60_62_IS7277";"Exp60_62_IS7277";NA;"2023-10-12 07:17:00";320582000
"871349";"27:12:1";"Exp60_62_IS7277";"Exp60_62_IS7277";NA;"2023-10-12 07:31:00";320582000
"871350";"27:12:1";"Exp60_62_IS7277";"Exp60_62_IS7277";NA;"2023-10-12 07:47:00";320582000
"871351";"27:12:1";"Exp60_62_IS7277";"Exp60_62_IS7277";NA;"2023-10-12 08:01:00";320582000
"871352";"27:12:1";"Exp60_62_IS7277";"Exp60_62_IS7277";NA;"2023-10-12 08:17:00";320582000
"871353";"27:12:1";"Exp60_62_IS7277";"Exp60_62_IS7277";NA;"2023-10-12 08:31:00";320582000
"871354";"27:12:1";"Exp60_62_IS7277";"Exp60_62_IS7277";NA;"2023-10-12 08:47:00";320582000
"871355";"27:12:1";"Exp60_62_IS7277";"Exp60_62_IS7277";NA;"2023-10-12 09:01:00";320582000
"871356";"27:12:1";"Exp60_62_IS7277";"Exp60_62_IS7277";NA;"2023-10-12 09:17:00";320582000
"871357";"27:12:1";"Exp60_62_IS7277";"Exp60_62_IS7277";NA;"2023-10-12 09:31:00";320582000
"871358";"27:12:1";"Exp60_62_IS7277";"Exp60_62_IS7277";NA;"2023-10-12 09:47:00";320582000
"871359";"27:12:1";"Exp60_62_IS7277";"Exp60_62_IS7277";NA;"2023-10-12 10:01:00";320582000
"871360";"27:12:1";"Exp60_62_IS7277";"Exp60_62_IS7277";NA;"2023-10-12 15:01:00";320582000
"871361";"27:12:1";"Exp60_62_IS7277";"Exp60_62_IS7277";NA;"2023-10-12 15:17:00";320582000
"871362";"27:12:1";"Exp60_62_IS7277";"Exp60_62_IS7277";NA;"2023-10-12 15:31:00";320582000
"871363";"27:12:1";"Exp60_62_IS7277";"Exp60_62_IS7277";NA;"2023-10-12 15:47:00";320582000
"871364";"27:12:1";"Exp60_62_IS7277";"Exp60_62_IS7277";NA;"2023-10-12 16:01:00";320582000
"871365";"27:12:1";"Exp60_62_IS7277";"Exp60_62_IS7277";NA;"2023-10-12 16:17:00";320582000
"871366";"27:12:1";"Exp60_62_IS7277";"Exp60_62_IS7277";NA;"2023-10-12 16:31:00";320582000
"871367";"27:12:1";"Exp60_62_IS7277";"Exp60_62_IS7277";NA;"2023-10-12 16:47:00";320582000
"871368";"27:12:1";"Exp60_62_IS7277";"Exp60_62_IS7277";NA;"2023-10-12 17:01:00";320582000
"871369";"27:12:1";"Exp60_62_IS7277";"Exp60_62_IS7277";NA;"2023-10-12 17:17:00";320582000
"871370";"27:12:1";"Exp60_62_IS7277";"Exp60_62_IS7277";NA;"2023-10-12 17:31:00";320582000
"871371";"27:12:1";"Exp60_62_IS7277";"Exp60_62_IS7277";NA;"2023-10-12 17:47:00";320582000
"871372";"27:12:1";"Exp60_62_IS7277";"Exp60_62_IS7277";NA;"2023-10-12 18:01:00";320582000
"871373";"27:12:1";"Exp60_62_IS7277";"Exp60_62_IS7277";NA;"2023-10-12 18:17:00";320582000
"871374";"27:12:1";"Exp60_62_IS7277";"Exp60_62_IS7277";NA;"2023-10-12 18:31:00";320582000
"871375";"27:12:1";"Exp60_62_IS7277";"Exp60_62_IS7277";NA;"2023-10-12 18:47:00";320582000
"871376";"27:12:1";"Exp60_62_IS7277";"Exp60_62_IS7277";NA;"2023-10-12 19:01:00";320582000
"871377";"27:12:1";"Exp60_62_IS7277";"Exp60_62_IS7277";NA;"2023-10-12 19:17:00";320582000
"871378";"27:12:1";"Exp60_62_IS7277";"Exp60_62_IS7277";NA;"2023-10-12 19:31:00";320582000
"871379";"27:12:1";"Exp60_62_IS7277";"Exp60_62_IS7277";NA;"2023-10-12 20:02:00";320582000
"871380";"27:12:1";"Exp60_62_IS7277";"Exp60_62_IS7277";NA;"2023-10-12 20:16:00";320582000
"871381";"27:12:1";"Exp60_62_IS7277";"Exp60_62_IS7277";NA;"2023-10-13 03:16:00";320582000
"871382";"27:12:1";"Exp60_62_IS7277";"Exp60_62_IS7277";NA;"2023-10-13 03:32:00";320582000
"871383";"27:12:1";"Exp60_62_IS7277";"Exp60_62_IS7277";NA;"2023-10-13 03:46:00";320582000
"871384";"27:12:1";"Exp60_62_IS7277";"Exp60_62_IS7277";NA;"2023-10-13 04:02:00";320582000
"871385";"27:12:1";"Exp60_62_IS7277";"Exp60_62_IS7277";NA;"2023-10-13 04:16:00";320582000
"871386";"27:12:1";"Exp60_62_IS7277";"Exp60_62_IS7277";NA;"2023-10-13 04:32:00";320582000
"871387";"27:12:1";"Exp60_62_IS7277";"Exp60_62_IS7277";NA;"2023-10-13 04:46:00";320582000
"871388";"27:12:1";"Exp60_62_IS7277";"Exp60_62_IS7277";NA;"2023-10-13 05:02:00";320582000
"871389";"27:12:1";"Exp60_62_IS7277";"Exp60_62_IS7277";NA;"2023-10-13 05:16:00";320582000
"871390";"27:12:1";"Exp60_62_IS7277";"Exp60_62_IS7277";NA;"2023-10-13 05:32:00";320582000
"871391";"27:12:1";"Exp60_62_IS7277";"Exp60_62_IS7277";NA;"2023-10-13 05:46:00";320582000
"871392";"27:12:1";"Exp60_62_IS7277";"Exp60_62_IS7277";NA;"2023-10-13 06:02:00";320582000
"871393";"27:12:1";"Exp60_62_IS7277";"Exp60_62_IS7277";NA;"2023-10-13 06:16:00";320582000
"871394";"27:12:1";"Exp60_62_IS7277";"Exp60_62_IS7277";NA;"2023-10-13 06:32:00";320582000
"871395";"27:12:1";"Exp60_62_IS7277";"Exp60_62_IS7277";NA;"2023-10-13 06:46:00";320582000
"871396";"27:12:1";"Exp60_62_IS7277";"Exp60_62_IS7277";NA;"2023-10-13 12:46:00";320582000
"871397";"27:12:1";"Exp60_62_IS7277";"Exp60_62_IS7277";NA;"2023-10-13 13:02:00";320582000
"871398";"27:12:1";"Exp60_62_IS7277";"Exp60_62_IS7277";NA;"2023-10-13 13:16:00";320582000
"871399";"27:12:1";"Exp60_62_IS7277";"Exp60_62_IS7277";NA;"2023-10-13 13:32:00";320582000
"871400";"27:12:1";"Exp60_62_IS7277";"Exp60_62_IS7277";NA;"2023-10-13 13:46:00";320582000
"871401";"27:12:1";"Exp60_62_IS7277";"Exp60_62_IS7277";NA;"2023-10-13 19:46:00";320582000
"871402";"27:12:1";"Exp60_62_IS7277";"Exp60_62_IS7277";NA;"2023-10-13 20:02:00";320582000
"871403";"27:12:1";"Exp60_62_IS7277";"Exp60_62_IS7277";NA;"2023-10-13 20:16:00";320582000
"871404";"27:12:1";"Exp60_62_IS7277";"Exp60_62_IS7277";NA;"2023-10-13 20:32:00";320582000
"871405";"27:12:1";"Exp60_62_IS7277";"Exp60_62_IS7277";NA;"2023-10-13 20:46:00";320582000
"871406";"27:12:1";"Exp60_62_IS7277";"Exp60_62_IS7277";NA;"2023-10-13 21:02:00";320582000
"871407";"27:12:1";"Exp60_62_IS7277";"Exp60_62_IS7277";NA;"2023-10-13 21:16:00";320582000
"871408";"27:12:1";"Exp60_62_IS7277";"Exp60_62_IS7277";NA;"2023-10-13 21:32:00";320582000
"871409";"27:12:1";"Exp60_62_IS7277";"Exp60_62_IS7277";NA;"2023-10-13 21:46:00";320582000
"871410";"27:12:1";"Exp60_62_IS7277";"Exp60_62_IS7277";NA;"2023-10-13 22:02:00";320582000
"871411";"27:12:1";"Exp60_62_IS7277";"Exp60_62_IS7277";NA;"2023-10-13 22:16:00";320582000
"871412";"27:12:1";"Exp60_62_IS7277";"Exp60_62_IS7277";NA;"2023-10-13 22:32:00";320582000
"871413";"27:12:1";"Exp60_62_IS7277";"Exp60_62_IS7277";NA;"2023-10-13 22:46:00";320582000
"871414";"27:12:1";"Exp60_62_IS7277";"Exp60_62_IS7277";NA;"2023-10-13 23:02:00";320582000
"871415";"27:12:1";"Exp60_62_IS7277";"Exp60_62_IS7277";NA;"2023-10-13 23:16:00";320582000
"871416";"27:12:1";"Exp60_62_IS7277";"Exp60_62_IS7277";NA;"2023-10-13 23:47:00";320582000
"871417";"27:12:1";"Exp60_62_IS7277";"Exp60_62_IS7277";NA;"2023-10-14 00:01:00";320582000
"871418";"27:12:1";"Exp60_62_IS7277";"Exp60_62_IS7277";NA;"2023-10-14 00:17:00";320582000
"871419";"27:12:1";"Exp60_62_IS7277";"Exp60_62_IS7277";NA;"2023-10-14 00:31:00";320582000
"871420";"27:12:1";"Exp60_62_IS7277";"Exp60_62_IS7277";NA;"2023-10-14 00:47:00";320582000
"871421";"27:12:1";"Exp60_62_IS7277";"Exp60_62_IS7277";NA;"2023-10-14 01:01:00";320582000
"871422";"27:12:1";"Exp60_62_IS7277";"Exp60_62_IS7277";NA;"2023-10-14 01:17:00";320582000
"871423";"27:12:1";"Exp60_62_IS7277";"Exp60_62_IS7277";NA;"2023-10-14 01:31:00";320582000
"871424";"27:12:1";"Exp60_62_IS7277";"Exp60_62_IS7277";NA;"2023-10-14 01:47:00";320582000
"871425";"27:12:1";"Exp60_62_IS7277";"Exp60_62_IS7277";NA;"2023-10-14 02:01:00";320582000
"871426";"27:12:1";"Exp60_62_IS7277";"Exp60_62_IS7277";NA;"2023-10-14 02:17:00";320582000
"871427";"27:12:1";"Exp60_62_IS7277";"Exp60_62_IS7277";NA;"2023-10-14 02:31:00";320582000
"871428";"27:12:1";"Exp60_62_IS7277";"Exp60_62_IS7277";NA;"2023-10-14 02:47:00";320582000
"871429";"27:12:1";"Exp60_62_IS7277";"Exp60_62_IS7277";NA;"2023-10-14 03:01:00";320582000
"871430";"27:12:1";"Exp60_62_IS7277";"Exp60_62_IS7277";NA;"2023-10-14 03:17:00";320582000
"871431";"27:12:1";"Exp60_62_IS7277";"Exp60_62_IS7277";NA;"2023-10-14 03:31:00";320582000
"871432";"27:12:1";"Exp60_62_IS7277";"Exp60_62_IS7277";NA;"2023-10-14 04:17:00";320582000
"871433";"27:12:1";"Exp60_62_IS7277";"Exp60_62_IS7277";NA;"2023-10-14 04:31:00";320582000
"871434";"27:12:1";"Exp60_62_IS7277";"Exp60_62_IS7277";NA;"2023-10-14 04:47:00";320582000
"871435";"27:12:1";"Exp60_62_IS7277";"Exp60_62_IS7277";NA;"2023-10-14 05:01:00";320582000
"871436";"27:12:1";"Exp60_62_IS7277";"Exp60_62_IS7277";NA;"2023-10-14 05:17:00";320582000
"871437";"27:12:1";"Exp60_62_IS7277";"Exp60_62_IS7277";NA;"2023-10-14 05:31:00";320582000
"871438";"27:12:1";"Exp60_62_IS7277";"Exp60_62_IS7277";NA;"2023-10-14 05:47:00";320582000
"871439";"27:12:1";"Exp60_62_IS7277";"Exp60_62_IS7277";NA;"2023-10-14 06:01:00";320582000
"871440";"27:12:1";"Exp60_62_IS7277";"Exp60_62_IS7277";NA;"2023-10-14 06:17:00";320582000
"871441";"27:12:1";"Exp60_62_IS7277";"Exp60_62_IS7277";NA;"2023-10-14 06:31:00";320582000
"871442";"27:12:1";"Exp60_62_IS7277";"Exp60_62_IS7277";NA;"2023-10-14 07:02:00";320582000
"871443";"27:12:1";"Exp60_62_IS7277";"Exp60_62_IS7277";NA;"2023-10-14 07:16:00";320582000
"871444";"27:12:1";"Exp60_62_IS7277";"Exp60_62_IS7277";NA;"2023-10-14 07:32:00";320582000
"871445";"27:12:1";"Exp60_62_IS7277";"Exp60_62_IS7277";NA;"2023-10-14 08:16:00";320582000
"871446";"27:12:1";"Exp60_62_IS7277";"Exp60_62_IS7277";NA;"2023-10-14 08:32:00";320582000
"871447";"27:12:1";"Exp60_62_IS7277";"Exp60_62_IS7277";NA;"2023-10-14 08:46:00";320582000
"871448";"27:12:1";"Exp60_62_IS7277";"Exp60_62_IS7277";NA;"2023-10-14 09:02:00";320582000
"871449";"27:12:1";"Exp60_62_IS7277";"Exp60_62_IS7277";NA;"2023-10-14 09:16:00";320582000
"871450";"27:12:1";"Exp60_62_IS7277";"Exp60_62_IS7277";NA;"2023-10-14 09:32:00";320582000
"871451";"27:12:1";"Exp60_62_IS7277";"Exp60_62_IS7277";NA;"2023-10-14 09:46:00";320582000
"871452";"27:12:1";"Exp60_62_IS7277";"Exp60_62_IS7277";NA;"2023-10-14 10:02:00";320582000
"871453";"27:12:1";"Exp60_62_IS7277";"Exp60_62_IS7277";NA;"2023-10-14 10:16:00";320582000
"871454";"27:12:1";"Exp60_62_IS7277";"Exp60_62_IS7277";NA;"2023-10-14 10:32:00";320582000
"871455";"27:12:1";"Exp60_62_IS7277";"Exp60_62_IS7277";NA;"2023-10-14 10:46:00";320582000
"871456";"27:12:1";"Exp60_62_IS7277";"Exp60_62_IS7277";NA;"2023-10-14 11:02:00";320582000
"871457";"27:12:1";"Exp60_62_IS7277";"Exp60_62_IS7277";NA;"2023-10-14 11:16:00";320582000
"871458";"27:12:1";"Exp60_62_IS7277";"Exp60_62_IS7277";NA;"2023-10-14 11:32:00";320582000
"871459";"27:12:1";"Exp60_62_IS7277";"Exp60_62_IS7277";NA;"2023-10-14 11:46:00";320582000
"871460";"27:12:1";"Exp60_62_IS7277";"Exp60_62_IS7277";NA;"2023-10-14 12:02:00";320582000
"871461";"27:12:1";"Exp60_62_IS7277";"Exp60_62_IS7277";NA;"2023-10-14 12:16:00";320582000
"871462";"27:12:1";"Exp60_62_IS7277";"Exp60_62_IS7277";NA;"2023-10-14 12:32:00";320582000
"871463";"27:12:1";"Exp60_62_IS7277";"Exp60_62_IS7277";NA;"2023-10-14 12:46:00";320582000
"871464";"27:12:1";"Exp60_62_IS7277";"Exp60_62_IS7277";NA;"2023-10-14 13:02:00";320582000
"871465";"27:12:1";"Exp60_62_IS7277";"Exp60_62_IS7277";NA;"2023-10-14 13:16:00";320582000
"871466";"27:12:1";"Exp60_62_IS7277";"Exp60_62_IS7277";NA;"2023-10-14 13:32:00";320582000
"871467";"27:12:1";"Exp60_62_IS7277";"Exp60_62_IS7277";NA;"2023-10-14 13:46:00";320582000
"871468";"27:12:1";"Exp60_62_IS7277";"Exp60_62_IS7277";NA;"2023-10-14 19:31:00";320582000
"871469";"27:12:1";"Exp60_62_IS7277";"Exp60_62_IS7277";NA;"2023-10-15 02:01:00";320582000
"871470";"27:12:1";"Exp60_62_IS7277";"Exp60_62_IS7277";NA;"2023-10-15 02:17:00";320582000
"871471";"27:12:1";"Exp60_62_IS7277";"Exp60_62_IS7277";NA;"2023-10-15 02:31:00";320582000
"871472";"27:12:1";"Exp60_62_IS7277";"Exp60_62_IS7277";NA;"2023-10-15 02:47:00";320582000
"871473";"27:12:1";"Exp60_62_IS7277";"Exp60_62_IS7277";NA;"2023-10-15 03:01:00";320582000
"871474";"27:12:1";"Exp60_62_IS7277";"Exp60_62_IS7277";NA;"2023-10-15 03:17:00";320582000
"871475";"27:12:1";"Exp60_62_IS7277";"Exp60_62_IS7277";NA;"2023-10-15 03:31:00";320582000
"871476";"27:12:1";"Exp60_62_IS7277";"Exp60_62_IS7277";NA;"2023-10-15 03:47:00";320582000
"871477";"27:12:1";"Exp60_62_IS7277";"Exp60_62_IS7277";NA;"2023-10-15 04:01:00";320582000
"871478";"27:12:1";"Exp60_62_IS7277";"Exp60_62_IS7277";NA;"2023-10-15 04:32:00";320582000
"871479";"27:12:1";"Exp60_62_IS7277";"Exp60_62_IS7277";NA;"2023-10-15 04:46:00";320582000
"871480";"27:12:1";"Exp60_62_IS7277";"Exp60_62_IS7277";NA;"2023-10-15 05:32:00";320582000
"871481";"27:12:1";"Exp60_62_IS7277";"Exp60_62_IS7277";NA;"2023-10-15 05:46:00";320582000
"871482";"27:12:1";"Exp60_62_IS7277";"Exp60_62_IS7277";NA;"2023-10-15 06:17:00";320582000
"871483";"27:12:1";"Exp60_62_IS7277";"Exp60_62_IS7277";NA;"2023-10-15 06:31:00";320582000
"871484";"27:12:1";"Exp60_62_IS7277";"Exp60_62_IS7277";NA;"2023-10-15 07:02:00";320582000
"871485";"27:12:1";"Exp60_62_IS7277";"Exp60_62_IS7277";NA;"2023-10-15 07:16:00";320582000
"871486";"27:12:1";"Exp60_62_IS7277";"Exp60_62_IS7277";NA;"2023-10-15 07:32:00";320582000
"871487";"27:12:1";"Exp60_62_IS7277";"Exp60_62_IS7277";NA;"2023-10-15 07:46:00";320582000
"871488";"27:12:1";"Exp60_62_IS7277";"Exp60_62_IS7277";NA;"2023-10-15 08:17:00";320582000
"871489";"27:12:1";"Exp60_62_IS7277";"Exp60_62_IS7277";NA;"2023-10-15 08:31:00";320582000
"871490";"27:12:1";"Exp60_62_IS7277";"Exp60_62_IS7277";NA;"2023-10-15 08:47:00";320582000
"871491";"27:12:1";"Exp60_62_IS7277";"Exp60_62_IS7277";NA;"2023-10-15 09:01:00";320582000
"871492";"27:12:1";"Exp60_62_IS7277";"Exp60_62_IS7277";NA;"2023-10-15 09:17:00";320582000
"871493";"27:12:1";"Exp60_62_IS7277";"Exp60_62_IS7277";NA;"2023-10-15 09:31:00";320582000
"871494";"27:12:1";"Exp60_62_IS7277";"Exp60_62_IS7277";NA;"2023-10-15 09:47:00";320582000
"871495";"27:12:1";"Exp60_62_IS7277";"Exp60_62_IS7277";NA;"2023-10-15 10:01:00";320582000
"871496";"27:12:1";"Exp60_62_IS7277";"Exp60_62_IS7277";NA;"2023-10-15 10:17:00";320582000
"871497";"27:12:1";"Exp60_62_IS7277";"Exp60_62_IS7277";NA;"2023-10-15 10:31:00";320582000
"871498";"27:12:1";"Exp60_62_IS7277";"Exp60_62_IS7277";NA;"2023-10-15 10:47:00";320582000
"871499";"27:12:1";"Exp60_62_IS7277";"Exp60_62_IS7277";NA;"2023-10-15 11:01:00";320582000
"871500";"27:12:1";"Exp60_62_IS7277";"Exp60_62_IS7277";NA;"2023-10-15 18:01:00";320582000
"871501";"27:12:1";"Exp60_62_IS7277";"Exp60_62_IS7277";NA;"2023-10-15 18:17:00";320582000
"871502";"27:12:1";"Exp60_62_IS7277";"Exp60_62_IS7277";NA;"2023-10-15 18:31:00";320582000
"871503";"27:12:1";"Exp60_62_IS7277";"Exp60_62_IS7277";NA;"2023-10-15 18:47:00";320582000
"871504";"27:12:1";"Exp60_62_IS7277";"Exp60_62_IS7277";NA;"2023-10-15 19:01:00";320582000
"871505";"27:12:1";"Exp60_62_IS7277";"Exp60_62_IS7277";NA;"2023-10-15 19:17:00";320582000
"871506";"27:12:1";"Exp60_62_IS7277";"Exp60_62_IS7277";NA;"2023-10-15 19:31:00";320582000
"871507";"27:12:1";"Exp60_62_IS7277";"Exp60_62_IS7277";NA;"2023-10-16 03:46:00";320582000
"871508";"27:12:1";"Exp60_62_IS7277";"Exp60_62_IS7277";NA;"2023-10-16 04:02:00";320582000
"871509";"27:12:1";"Exp60_62_IS7277";"Exp60_62_IS7277";NA;"2023-10-16 04:16:00";320582000
"871510";"27:12:1";"Exp60_62_IS7277";"Exp60_62_IS7277";NA;"2023-10-16 04:32:00";320582000
"871511";"27:12:1";"Exp60_62_IS7277";"Exp60_62_IS7277";NA;"2023-10-16 04:46:00";320582000
"871512";"27:12:1";"Exp60_62_IS7277";"Exp60_62_IS7277";NA;"2023-10-16 05:02:00";320582000
"871513";"27:12:1";"Exp60_62_IS7277";"Exp60_62_IS7277";NA;"2023-10-16 05:16:00";320582000
"871514";"27:12:1";"Exp60_62_IS7277";"Exp60_62_IS7277";NA;"2023-10-16 05:32:00";320582000
"871515";"27:12:1";"Exp60_62_IS7277";"Exp60_62_IS7277";NA;"2023-10-16 05:46:00";320582000
"871516";"27:12:1";"Exp60_62_IS7277";"Exp60_62_IS7277";NA;"2023-10-16 06:02:00";320582000
"871517";"27:12:1";"Exp60_62_IS7277";"Exp60_62_IS7277";NA;"2023-10-16 06:16:00";320582000
"871518";"27:12:1";"Exp60_62_IS7277";"Exp60_62_IS7277";NA;"2023-10-16 06:32:00";320582000
"871519";"27:12:1";"Exp60_62_IS7277";"Exp60_62_IS7277";NA;"2023-10-16 06:46:00";320582000
"871520";"27:12:1";"Exp60_62_IS7277";"Exp60_62_IS7277";NA;"2023-10-16 07:02:00";320582000
"871521";"27:12:1";"Exp60_62_IS7277";"Exp60_62_IS7277";NA;"2023-10-16 07:16:00";320582000
"871522";"27:12:1";"Exp60_62_IS7277";"Exp60_62_IS7277";NA;"2023-10-16 07:47:00";320582000
"871523";"27:12:1";"Exp60_62_IS7277";"Exp60_62_IS7277";NA;"2023-10-16 08:01:00";320582000
"871524";"27:12:1";"Exp60_62_IS7277";"Exp60_62_IS7277";NA;"2023-10-16 08:17:00";320582000
"871525";"27:12:1";"Exp60_62_IS7277";"Exp60_62_IS7277";NA;"2023-10-16 08:31:00";320582000
"871526";"27:12:1";"Exp60_62_IS7277";"Exp60_62_IS7277";NA;"2023-10-16 08:47:00";320582000
"871527";"27:12:1";"Exp60_62_IS7277";"Exp60_62_IS7277";NA;"2023-10-16 09:01:00";320582000
"871528";"27:12:1";"Exp60_62_IS7277";"Exp60_62_IS7277";NA;"2023-10-16 09:17:00";320582000
"871529";"27:12:1";"Exp60_62_IS7277";"Exp60_62_IS7277";NA;"2023-10-16 09:31:00";320582000
"871530";"27:12:1";"Exp60_62_IS7277";"Exp60_62_IS7277";NA;"2023-10-16 09:47:00";320582000
"871531";"27:12:1";"Exp60_62_IS7277";"Exp60_62_IS7277";NA;"2023-10-16 10:01:00";320582000
"871532";"27:12:1";"Exp60_62_IS7277";"Exp60_62_IS7277";NA;"2023-10-16 10:17:00";320582000
"871533";"27:12:1";"Exp60_62_IS7277";"Exp60_62_IS7277";NA;"2023-10-16 10:31:00";320582000
"871534";"27:12:1";"Exp60_62_IS7277";"Exp60_62_IS7277";NA;"2023-10-16 10:47:00";320582000
"871535";"27:12:1";"Exp60_62_IS7277";"Exp60_62_IS7277";NA;"2023-10-16 11:01:00";320582000
"871536";"27:12:1";"Exp60_62_IS7277";"Exp60_62_IS7277";NA;"2023-10-16 11:32:00";320582000
"871537";"27:12:1";"Exp60_62_IS7277";"Exp60_62_IS7277";NA;"2023-10-16 11:46:00";320582000
"871538";"27:12:1";"Exp60_62_IS7277";"Exp60_62_IS7277";NA;"2023-10-16 12:17:00";320582000
"871539";"27:12:1";"Exp60_62_IS7277";"Exp60_62_IS7277";NA;"2023-10-16 12:31:00";320582000
"871540";"27:12:1";"Exp60_62_IS7277";"Exp60_62_IS7277";NA;"2023-10-16 13:02:00";320582000
"871541";"27:12:1";"Exp60_62_IS7277";"Exp60_62_IS7277";NA;"2023-10-16 13:16:00";320582000
"871542";"27:12:1";"Exp60_62_IS7277";"Exp60_62_IS7277";NA;"2023-10-16 13:32:00";320582000
"871543";"27:12:1";"Exp60_62_IS7277";"Exp60_62_IS7277";NA;"2023-10-16 13:46:00";320582000
"871544";"27:12:1";"Exp60_62_IS7277";"Exp60_62_IS7277";NA;"2023-10-16 14:02:00";320582000
"871545";"27:12:1";"Exp60_62_IS7277";"Exp60_62_IS7277";NA;"2023-10-16 14:16:00";320582000
"871546";"27:12:1";"Exp60_62_IS7277";"Exp60_62_IS7277";NA;"2023-10-16 14:32:00";320582000
"871547";"27:12:1";"Exp60_62_IS7277";"Exp60_62_IS7277";NA;"2023-10-16 14:46:00";320582000
"871548";"27:12:1";"Exp60_62_IS7277";"Exp60_62_IS7277";NA;"2023-10-16 22:16:00";320582000
"871549";"27:12:1";"Exp60_62_IS7277";"Exp60_62_IS7277";NA;"2023-10-16 22:32:00";320582000
"871550";"27:12:1";"Exp60_62_IS7277";"Exp60_62_IS7277";NA;"2023-10-16 22:46:00";320582000
"871551";"27:12:1";"Exp60_62_IS7277";"Exp60_62_IS7277";NA;"2023-10-17 05:46:00";320582000
"871552";"27:12:1";"Exp60_62_IS7277";"Exp60_62_IS7277";NA;"2023-10-17 06:02:00";320582000
"871553";"27:12:1";"Exp60_62_IS7277";"Exp60_62_IS7277";NA;"2023-10-17 06:16:00";320582000
"871554";"27:12:1";"Exp60_62_IS7277";"Exp60_62_IS7277";NA;"2023-10-17 06:32:00";320582000
"871555";"27:12:1";"Exp60_62_IS7277";"Exp60_62_IS7277";NA;"2023-10-17 06:46:00";320582000
"871556";"27:12:1";"Exp60_62_IS7277";"Exp60_62_IS7277";NA;"2023-10-17 12:46:00";320582000
"871557";"27:12:1";"Exp60_62_IS7277";"Exp60_62_IS7277";NA;"2023-10-17 13:02:00";320582000
"871558";"27:12:1";"Exp60_62_IS7277";"Exp60_62_IS7277";NA;"2023-10-17 13:16:00";320582000
"871559";"27:12:1";"Exp60_62_IS7277";"Exp60_62_IS7277";NA;"2023-10-17 13:32:00";320582000
"871560";"27:12:1";"Exp60_62_IS7277";"Exp60_62_IS7277";NA;"2023-10-17 13:46:00";320582000
"871561";"27:12:1";"Exp60_62_IS7277";"Exp60_62_IS7277";NA;"2023-10-17 14:02:00";320582000
"871562";"27:12:1";"Exp60_62_IS7277";"Exp60_62_IS7277";NA;"2023-10-17 14:16:00";320582000
"871563";"27:12:1";"Exp60_62_IS7277";"Exp60_62_IS7277";NA;"2023-10-17 14:32:00";320582000
"871564";"27:12:1";"Exp60_62_IS7277";"Exp60_62_IS7277";NA;"2023-10-17 14:46:00";320582000
"871565";"27:12:1";"Exp60_62_IS7277";"Exp60_62_IS7277";NA;"2023-10-17 15:17:00";320582000
"871566";"27:12:1";"Exp60_62_IS7277";"Exp60_62_IS7277";NA;"2023-10-17 15:31:00";320582000
"871567";"27:12:1";"Exp60_62_IS7277";"Exp60_62_IS7277";NA;"2023-10-17 16:17:00";320582000
"871568";"27:12:1";"Exp60_62_IS7277";"Exp60_62_IS7277";NA;"2023-10-17 16:31:00";320582000
"871569";"27:12:1";"Exp60_62_IS7277";"Exp60_62_IS7277";NA;"2023-10-17 16:47:00";320582000
"871570";"27:12:1";"Exp60_62_IS7277";"Exp60_62_IS7277";NA;"2023-10-17 17:01:00";320582000
"871571";"27:12:1";"Exp60_62_IS7277";"Exp60_62_IS7277";NA;"2023-10-17 18:32:00";320582000
"871572";"27:12:1";"Exp60_62_IS7277";"Exp60_62_IS7277";NA;"2023-10-17 18:46:00";320582000
"871573";"27:12:1";"Exp60_62_IS7277";"Exp60_62_IS7277";NA;"2023-10-17 19:02:00";320582000
"871574";"27:12:1";"Exp60_62_IS7277";"Exp60_62_IS7277";NA;"2023-10-17 19:16:00";320582000
"871575";"27:12:1";"Exp60_62_IS7277";"Exp60_62_IS7277";NA;"2023-10-17 19:32:00";320582000
"871576";"27:12:1";"Exp60_62_IS7277";"Exp60_62_IS7277";NA;"2023-10-17 19:46:00";320582000
"871577";"27:12:1";"Exp60_62_IS7277";"Exp60_62_IS7277";NA;"2023-10-18 01:31:00";320582000
"871578";"27:12:1";"Exp60_62_IS7277";"Exp60_62_IS7277";NA;"2023-10-18 02:02:00";320582000
"871579";"27:12:1";"Exp60_62_IS7277";"Exp60_62_IS7277";NA;"2023-10-18 02:16:00";320582000
"871580";"27:12:1";"Exp60_62_IS7277";"Exp60_62_IS7277";NA;"2023-10-18 02:32:00";320582000
"871581";"27:12:1";"Exp60_62_IS7277";"Exp60_62_IS7277";NA;"2023-10-18 02:46:00";320582000
"871582";"27:12:1";"Exp60_62_IS7277";"Exp60_62_IS7277";NA;"2023-10-18 03:02:00";320582000
"871583";"27:12:1";"Exp60_62_IS7277";"Exp60_62_IS7277";NA;"2023-10-18 03:16:00";320582000
"871584";"27:12:1";"Exp60_62_IS7277";"Exp60_62_IS7277";NA;"2023-10-18 03:32:00";320582000
"871585";"27:12:1";"Exp60_62_IS7277";"Exp60_62_IS7277";NA;"2023-10-18 04:01:00";320582000
"871586";"27:12:1";"Exp60_62_IS7277";"Exp60_62_IS7277";NA;"2023-10-18 04:17:00";320582000
"871587";"27:12:1";"Exp60_62_IS7277";"Exp60_62_IS7277";NA;"2023-10-18 04:31:00";320582000
"871588";"27:12:1";"Exp60_62_IS7277";"Exp60_62_IS7277";NA;"2023-10-18 04:47:00";320582000
"871589";"27:12:1";"Exp60_62_IS7277";"Exp60_62_IS7277";NA;"2023-10-18 05:01:00";320582000
"871590";"27:12:1";"Exp60_62_IS7277";"Exp60_62_IS7277";NA;"2023-10-18 05:17:00";320582000
"871591";"27:12:1";"Exp60_62_IS7277";"Exp60_62_IS7277";NA;"2023-10-18 05:31:00";320582000
"871592";"27:12:1";"Exp60_62_IS7277";"Exp60_62_IS7277";NA;"2023-10-18 05:47:00";320582000
"871593";"27:12:1";"Exp60_62_IS7277";"Exp60_62_IS7277";NA;"2023-10-18 06:01:00";320582000
"871594";"27:12:1";"Exp60_62_IS7277";"Exp60_62_IS7277";NA;"2023-10-18 06:17:00";320582000
"871595";"27:12:1";"Exp60_62_IS7277";"Exp60_62_IS7277";NA;"2023-10-18 06:31:00";320582000
"871596";"27:12:1";"Exp60_62_IS7277";"Exp60_62_IS7277";NA;"2023-10-18 07:32:00";320582000
"871597";"27:12:1";"Exp60_62_IS7277";"Exp60_62_IS7277";NA;"2023-10-18 07:46:00";320582000
"871598";"27:12:1";"Exp60_62_IS7277";"Exp60_62_IS7277";NA;"2023-10-18 08:02:00";320582000
"871599";"27:12:1";"Exp60_62_IS7277";"Exp60_62_IS7277";NA;"2023-10-18 08:16:00";320582000
"871600";"27:12:1";"Exp60_62_IS7277";"Exp60_62_IS7277";NA;"2023-10-18 08:47:00";320582000
"871601";"27:12:1";"Exp60_62_IS7277";"Exp60_62_IS7277";NA;"2023-10-18 09:01:00";320582000
"871602";"27:12:1";"Exp60_62_IS7277";"Exp60_62_IS7277";NA;"2023-10-18 09:17:00";320582000
"871603";"27:12:1";"Exp60_62_IS7277";"Exp60_62_IS7277";NA;"2023-10-18 09:31:00";320582000
"871604";"27:12:1";"Exp60_62_IS7277";"Exp60_62_IS7277";NA;"2023-10-18 15:31:00";320582000
"871605";"27:12:1";"Exp60_62_IS7277";"Exp60_62_IS7277";NA;"2023-10-18 16:32:00";320582000
"871606";"27:12:1";"Exp60_62_IS7277";"Exp60_62_IS7277";NA;"2023-10-18 16:46:00";320582000
"871607";"27:12:1";"Exp60_62_IS7277";"Exp60_62_IS7277";NA;"2023-10-18 17:02:00";320582000
"871608";"27:12:1";"Exp60_62_IS7277";"Exp60_62_IS7277";NA;"2023-10-18 17:16:00";320582000
"871609";"27:12:1";"Exp60_62_IS7277";"Exp60_62_IS7277";NA;"2023-10-18 17:32:00";320582000
"871610";"27:12:1";"Exp60_62_IS7277";"Exp60_62_IS7277";NA;"2023-10-18 17:46:00";320582000
"871611";"27:12:1";"Exp60_62_IS7277";"Exp60_62_IS7277";NA;"2023-10-18 18:02:00";320582000
"871612";"27:12:1";"Exp60_62_IS7277";"Exp60_62_IS7277";NA;"2023-10-18 18:16:00";320582000
"871613";"27:12:1";"Exp60_62_IS7277";"Exp60_62_IS7277";NA;"2023-10-18 18:32:00";320582000
"871614";"27:12:1";"Exp60_62_IS7277";"Exp60_62_IS7277";NA;"2023-10-18 18:46:00";320582000
"871615";"27:12:1";"Exp60_62_IS7277";"Exp60_62_IS7277";NA;"2023-10-19 01:16:00";320582000
"871616";"27:12:1";"Exp60_62_IS7277";"Exp60_62_IS7277";NA;"2023-10-19 01:32:00";320582000
"871617";"27:12:1";"Exp60_62_IS7277";"Exp60_62_IS7277";NA;"2023-10-19 01:46:00";320582000
"871618";"27:12:1";"Exp60_62_IS7277";"Exp60_62_IS7277";NA;"2023-10-19 02:02:00";320582000
"871619";"27:12:1";"Exp60_62_IS7277";"Exp60_62_IS7277";NA;"2023-10-19 02:16:00";320582000
"871620";"27:12:1";"Exp60_62_IS7277";"Exp60_62_IS7277";NA;"2023-10-19 02:32:00";320582000
"871621";"27:12:1";"Exp60_62_IS7277";"Exp60_62_IS7277";NA;"2023-10-19 02:46:00";320582000
"871622";"27:12:1";"Exp60_62_IS7277";"Exp60_62_IS7277";NA;"2023-10-19 03:17:00";320582000
"871623";"27:12:1";"Exp60_62_IS7277";"Exp60_62_IS7277";NA;"2023-10-19 03:31:00";320582000
"871624";"27:12:1";"Exp60_62_IS7277";"Exp60_62_IS7277";NA;"2023-10-19 03:47:00";320582000
"871625";"27:12:1";"Exp60_62_IS7277";"Exp60_62_IS7277";NA;"2023-10-19 04:01:00";320582000
"871626";"27:12:1";"Exp60_62_IS7277";"Exp60_62_IS7277";NA;"2023-10-19 04:17:00";320582000
"871627";"27:12:1";"Exp60_62_IS7277";"Exp60_62_IS7277";NA;"2023-10-19 04:31:00";320582000
"871628";"27:12:1";"Exp60_62_IS7277";"Exp60_62_IS7277";NA;"2023-10-19 04:47:00";320582000
"871629";"27:12:1";"Exp60_62_IS7277";"Exp60_62_IS7277";NA;"2023-10-19 05:01:00";320582000
"871630";"27:12:1";"Exp60_62_IS7277";"Exp60_62_IS7277";NA;"2023-10-19 05:17:00";320582000
"871631";"27:12:1";"Exp60_62_IS7277";"Exp60_62_IS7277";NA;"2023-10-19 05:31:00";320582000
"871632";"27:12:1";"Exp60_62_IS7277";"Exp60_62_IS7277";NA;"2023-10-19 05:47:00";320582000
"871633";"27:12:1";"Exp60_62_IS7277";"Exp60_62_IS7277";NA;"2023-10-19 06:01:00";320582000
"871634";"27:12:1";"Exp60_62_IS7277";"Exp60_62_IS7277";NA;"2023-10-19 06:17:00";320582000
"871635";"27:12:1";"Exp60_62_IS7277";"Exp60_62_IS7277";NA;"2023-10-19 06:31:00";320582000
"871636";"27:12:1";"Exp60_62_IS7277";"Exp60_62_IS7277";NA;"2023-10-19 06:47:00";320582000
"871637";"27:12:1";"Exp60_62_IS7277";"Exp60_62_IS7277";NA;"2023-10-19 07:01:00";320582000
"871638";"27:12:1";"Exp60_62_IS7277";"Exp60_62_IS7277";NA;"2023-10-19 13:46:00";320582000
"871639";"27:12:1";"Exp60_62_IS7277";"Exp60_62_IS7277";NA;"2023-10-19 14:02:00";320582000
"871640";"27:12:1";"Exp60_62_IS7277";"Exp60_62_IS7277";NA;"2023-10-19 14:16:00";320582000
"871641";"27:12:1";"Exp60_62_IS7277";"Exp60_62_IS7277";NA;"2023-10-19 14:32:00";320582000
"871642";"27:12:1";"Exp60_62_IS7277";"Exp60_62_IS7277";NA;"2023-10-19 14:46:00";320582000
"871643";"27:12:1";"Exp60_62_IS7277";"Exp60_62_IS7277";NA;"2023-10-19 15:02:00";320582000
"871644";"27:12:1";"Exp60_62_IS7277";"Exp60_62_IS7277";NA;"2023-10-19 15:16:00";320582000
"871645";"27:12:1";"Exp60_62_IS7277";"Exp60_62_IS7277";NA;"2023-10-19 15:32:00";320582000
"871646";"27:12:1";"Exp60_62_IS7277";"Exp60_62_IS7277";NA;"2023-10-19 15:46:00";320582000
"871647";"27:12:1";"Exp60_62_IS7277";"Exp60_62_IS7277";NA;"2023-10-19 16:02:00";320582000
"871648";"27:12:1";"Exp60_62_IS7277";"Exp60_62_IS7277";NA;"2023-10-19 16:16:00";320582000
"871649";"27:12:1";"Exp60_62_IS7277";"Exp60_62_IS7277";NA;"2023-10-19 16:47:00";320582000
"871650";"27:12:1";"Exp60_62_IS7277";"Exp60_62_IS7277";NA;"2023-10-19 17:01:00";320582000
"871651";"27:12:1";"Exp60_62_IS7277";"Exp60_62_IS7277";NA;"2023-10-19 17:17:00";320582000
"871652";"27:12:1";"Exp60_62_IS7277";"Exp60_62_IS7277";NA;"2023-10-19 17:31:00";320582000
"871653";"27:12:1";"Exp60_62_IS7277";"Exp60_62_IS7277";NA;"2023-10-19 17:47:00";320582000
"871654";"27:12:1";"Exp60_62_IS7277";"Exp60_62_IS7277";NA;"2023-10-19 18:01:00";320582000
"871655";"27:12:1";"Exp60_62_IS7277";"Exp60_62_IS7277";NA;"2023-10-20 01:31:00";320582000
"871656";"27:12:1";"Exp60_62_IS7277";"Exp60_62_IS7277";NA;"2023-10-20 01:47:00";320582000
"871657";"27:12:1";"Exp60_62_IS7277";"Exp60_62_IS7277";NA;"2023-10-20 02:01:00";320582000
"871658";"27:12:1";"Exp60_62_IS7277";"Exp60_62_IS7277";NA;"2023-10-20 02:17:00";320582000
"871659";"27:12:1";"Exp60_62_IS7277";"Exp60_62_IS7277";NA;"2023-10-20 02:31:00";320582000
"871660";"27:12:1";"Exp60_62_IS7277";"Exp60_62_IS7277";NA;"2023-10-20 02:47:00";320582000
"871661";"27:12:1";"Exp60_62_IS7277";"Exp60_62_IS7277";NA;"2023-10-20 03:01:00";320582000
"871662";"27:12:1";"Exp60_62_IS7277";"Exp60_62_IS7277";NA;"2023-10-20 03:47:00";320582000
"871663";"27:12:1";"Exp60_62_IS7277";"Exp60_62_IS7277";NA;"2023-10-20 04:01:00";320582000
"871664";"27:12:1";"Exp60_62_IS7277";"Exp60_62_IS7277";NA;"2023-10-20 04:32:00";320582000
"871665";"27:12:1";"Exp60_62_IS7277";"Exp60_62_IS7277";NA;"2023-10-20 04:46:00";320582000
"871666";"27:12:1";"Exp60_62_IS7277";"Exp60_62_IS7277";NA;"2023-10-20 05:02:00";320582000
"871667";"27:12:1";"Exp60_62_IS7277";"Exp60_62_IS7277";NA;"2023-10-20 05:16:00";320582000
"871668";"27:12:1";"Exp60_62_IS7277";"Exp60_62_IS7277";NA;"2023-10-20 05:32:00";320582000
"871669";"27:12:1";"Exp60_62_IS7277";"Exp60_62_IS7277";NA;"2023-10-20 05:46:00";320582000
"871670";"27:12:1";"Exp60_62_IS7277";"Exp60_62_IS7277";NA;"2023-10-20 06:02:00";320582000
"871671";"27:12:1";"Exp60_62_IS7277";"Exp60_62_IS7277";NA;"2023-10-20 06:16:00";320582000
"871672";"27:12:1";"Exp60_62_IS7277";"Exp60_62_IS7277";NA;"2023-10-20 06:32:00";320582000
"871673";"27:12:1";"Exp60_62_IS7277";"Exp60_62_IS7277";NA;"2023-10-20 06:46:00";320582000
"871674";"27:12:1";"Exp60_62_IS7277";"Exp60_62_IS7277";NA;"2023-10-20 07:02:00";320582000
"871675";"27:12:1";"Exp60_62_IS7277";"Exp60_62_IS7277";NA;"2023-10-20 07:16:00";320582000
"871676";"27:12:1";"Exp60_62_IS7277";"Exp60_62_IS7277";NA;"2023-10-20 07:47:00";320582000
"871677";"27:12:1";"Exp60_62_IS7277";"Exp60_62_IS7277";NA;"2023-10-20 08:01:00";320582000
"871678";"27:12:1";"Exp60_62_IS7277";"Exp60_62_IS7277";NA;"2023-10-20 08:17:00";320582000
"871679";"27:12:1";"Exp60_62_IS7277";"Exp60_62_IS7277";NA;"2023-10-20 08:31:00";320582000
"871680";"27:12:1";"Exp60_62_IS7277";"Exp60_62_IS7277";NA;"2023-10-20 08:47:00";320582000
"871681";"27:12:1";"Exp60_62_IS7277";"Exp60_62_IS7277";NA;"2023-10-20 09:01:00";320582000
"871682";"27:12:1";"Exp60_62_IS7277";"Exp60_62_IS7277";NA;"2023-10-20 13:46:00";320582000
"871683";"27:12:1";"Exp60_62_IS7277";"Exp60_62_IS7277";NA;"2023-10-20 15:31:00";320582000
"871684";"27:12:1";"Exp60_62_IS7277";"Exp60_62_IS7277";NA;"2023-10-20 15:47:00";320582000
"871685";"27:12:1";"Exp60_62_IS7277";"Exp60_62_IS7277";NA;"2023-10-20 16:01:00";320582000
"871686";"27:12:1";"Exp60_62_IS7277";"Exp60_62_IS7277";NA;"2023-10-20 16:17:00";320582000
"871687";"27:12:1";"Exp60_62_IS7277";"Exp60_62_IS7277";NA;"2023-10-20 16:31:00";320582000
"871688";"27:12:1";"Exp60_62_IS7277";"Exp60_62_IS7277";NA;"2023-10-20 16:47:00";320582000
"871689";"27:12:1";"Exp60_62_IS7277";"Exp60_62_IS7277";NA;"2023-10-20 17:01:00";320582000
"871690";"27:12:1";"Exp60_62_IS7277";"Exp60_62_IS7277";NA;"2023-10-20 23:31:00";320582000
"871691";"27:12:1";"Exp60_62_IS7277";"Exp60_62_IS7277";NA;"2023-10-20 23:47:00";320582000
"871692";"27:12:1";"Exp60_62_IS7277";"Exp60_62_IS7277";NA;"2023-10-21 00:01:00";320582000
"871693";"27:12:1";"Exp60_62_IS7277";"Exp60_62_IS7277";NA;"2023-10-21 00:17:00";320582000
"871694";"27:12:1";"Exp60_62_IS7277";"Exp60_62_IS7277";NA;"2023-10-21 00:31:00";320582000
"871695";"27:12:1";"Exp60_62_IS7277";"Exp60_62_IS7277";NA;"2023-10-21 01:17:00";320582000
"871696";"27:12:1";"Exp60_62_IS7277";"Exp60_62_IS7277";NA;"2023-10-21 01:31:00";320582000
"871697";"27:12:1";"Exp60_62_IS7277";"Exp60_62_IS7277";NA;"2023-10-21 01:47:00";320582000
"871698";"27:12:1";"Exp60_62_IS7277";"Exp60_62_IS7277";NA;"2023-10-21 02:01:00";320582000
"871699";"27:12:1";"Exp60_62_IS7277";"Exp60_62_IS7277";NA;"2023-10-21 08:31:00";320582000
"871700";"27:12:1";"Exp60_62_IS7277";"Exp60_62_IS7277";NA;"2023-10-21 08:47:00";320582000
"871701";"27:12:1";"Exp60_62_IS7277";"Exp60_62_IS7277";NA;"2023-10-21 09:01:00";320582000
"871702";"27:12:1";"Exp60_62_IS7277";"Exp60_62_IS7277";NA;"2023-10-21 09:17:00";320582000
"871703";"27:12:1";"Exp60_62_IS7277";"Exp60_62_IS7277";NA;"2023-10-21 09:31:00";320582000
"871704";"27:12:1";"Exp60_62_IS7277";"Exp60_62_IS7277";NA;"2023-10-21 09:47:00";320582000
"871705";"27:12:1";"Exp60_62_IS7277";"Exp60_62_IS7277";NA;"2023-10-21 10:01:00";320582000
"871706";"27:12:1";"Exp60_62_IS7277";"Exp60_62_IS7277";NA;"2023-10-21 10:32:00";320582000
"871707";"27:12:1";"Exp60_62_IS7277";"Exp60_62_IS7277";NA;"2023-10-21 10:46:00";320582000
"871708";"27:12:1";"Exp60_62_IS7277";"Exp60_62_IS7277";NA;"2023-10-21 17:01:00";320582000
"871709";"27:12:1";"Exp60_62_IS7277";"Exp60_62_IS7277";NA;"2023-10-21 17:32:00";320582000
"871710";"27:12:1";"Exp60_62_IS7277";"Exp60_62_IS7277";NA;"2023-10-21 17:46:00";320582000
"871711";"27:12:1";"Exp60_62_IS7277";"Exp60_62_IS7277";NA;"2023-10-21 18:02:00";320582000
"871712";"27:12:1";"Exp60_62_IS7277";"Exp60_62_IS7277";NA;"2023-10-21 18:16:00";320582000
"871713";"27:12:1";"Exp60_62_IS7277";"Exp60_62_IS7277";NA;"2023-10-21 18:32:00";320582000
"871714";"27:12:1";"Exp60_62_IS7277";"Exp60_62_IS7277";NA;"2023-10-21 18:46:00";320582000
"871715";"27:12:1";"Exp60_62_IS7277";"Exp60_62_IS7277";NA;"2023-10-21 19:02:00";320582000
"871716";"27:12:1";"Exp60_62_IS7277";"Exp60_62_IS7277";NA;"2023-10-21 19:16:00";320582000
"871717";"27:12:1";"Exp60_62_IS7277";"Exp60_62_IS7277";NA;"2023-10-21 19:32:00";320582000
"871718";"27:12:1";"Exp60_62_IS7277";"Exp60_62_IS7277";NA;"2023-10-21 19:46:00";320582000
"871719";"27:12:1";"Exp60_62_IS7277";"Exp60_62_IS7277";NA;"2023-10-21 20:02:00";320582000
"871720";"27:12:1";"Exp60_62_IS7277";"Exp60_62_IS7277";NA;"2023-10-21 20:16:00";320582000
"871721";"27:12:1";"Exp60_62_IS7277";"Exp60_62_IS7277";NA;"2023-10-21 20:32:00";320582000
"871722";"27:12:1";"Exp60_62_IS7277";"Exp60_62_IS7277";NA;"2023-10-21 20:46:00";320582000
"871723";"27:12:2";"Exp60_203_IS23100";"Exp60_203_IS23100";NA;"2023-09-22 10:17:00";77257,5
"871724";"27:12:2";"Exp60_203_IS23100";"Exp60_203_IS23100";NA;"2023-09-22 10:31:00";77247,9
"871725";"27:12:2";"Exp60_203_IS23100";"Exp60_203_IS23100";NA;"2023-09-22 10:47:00";77227,4
"871726";"27:12:2";"Exp60_203_IS23100";"Exp60_203_IS23100";NA;"2023-09-22 11:01:00";77211,9
"871727";"27:12:2";"Exp60_203_IS23100";"Exp60_203_IS23100";NA;"2023-09-22 11:32:00";77194,7
"871728";"27:12:2";"Exp60_203_IS23100";"Exp60_203_IS23100";NA;"2023-09-22 11:46:00";77180,9
"871729";"27:12:2";"Exp60_203_IS23100";"Exp60_203_IS23100";NA;"2023-09-22 12:02:00";77171,2
"871730";"27:12:2";"Exp60_203_IS23100";"Exp60_203_IS23100";NA;"2023-09-22 12:16:00";77160
"871731";"27:12:2";"Exp60_203_IS23100";"Exp60_203_IS23100";NA;"2023-09-22 12:32:00";77135,4
"871732";"27:12:2";"Exp60_203_IS23100";"Exp60_203_IS23100";NA;"2023-09-22 12:46:00";77130,9
"871733";"27:12:2";"Exp60_203_IS23100";"Exp60_203_IS23100";NA;"2023-09-22 13:02:00";77125,9
"871734";"27:12:2";"Exp60_203_IS23100";"Exp60_203_IS23100";NA;"2023-09-22 13:16:00";77111,8
"871735";"27:12:2";"Exp60_203_IS23100";"Exp60_203_IS23100";NA;"2023-09-22 13:32:00";77094,7
"871736";"27:12:2";"Exp60_203_IS23100";"Exp60_203_IS23100";NA;"2023-09-22 13:46:00";77083,3
"871737";"27:12:2";"Exp60_203_IS23100";"Exp60_203_IS23100";NA;"2023-09-22 20:31:00";76789,2
"871738";"27:12:2";"Exp60_203_IS23100";"Exp60_203_IS23100";NA;"2023-09-22 20:47:00";76785,5
"871739";"27:12:2";"Exp60_203_IS23100";"Exp60_203_IS23100";NA;"2023-09-22 21:01:00";76775
"871740";"27:12:2";"Exp60_203_IS23100";"Exp60_203_IS23100";NA;"2023-09-22 21:17:00";76770,7
"871741";"27:12:2";"Exp60_203_IS23100";"Exp60_203_IS23100";NA;"2023-09-22 21:31:00";76764,9
"871742";"27:12:2";"Exp60_203_IS23100";"Exp60_203_IS23100";NA;"2023-09-22 21:47:00";76763,9
"871743";"27:12:2";"Exp60_203_IS23100";"Exp60_203_IS23100";NA;"2023-09-22 22:01:00";76760,1
"871744";"27:12:2";"Exp60_203_IS23100";"Exp60_203_IS23100";NA;"2023-09-22 22:17:00";76749
"871745";"27:12:2";"Exp60_203_IS23100";"Exp60_203_IS23100";NA;"2023-09-22 22:31:00";76747,3
"871746";"27:12:2";"Exp60_203_IS23100";"Exp60_203_IS23100";NA;"2023-09-22 22:47:00";76742,9
"871747";"27:12:2";"Exp60_203_IS23100";"Exp60_203_IS23100";NA;"2023-09-22 23:01:00";76735,4
"871748";"27:12:2";"Exp60_203_IS23100";"Exp60_203_IS23100";NA;"2023-09-22 23:17:00";76731,8
"871749";"27:12:2";"Exp60_203_IS23100";"Exp60_203_IS23100";NA;"2023-09-22 23:31:00";76728,1
"871750";"27:12:2";"Exp60_203_IS23100";"Exp60_203_IS23100";NA;"2023-09-22 23:47:00";76727
"871751";"27:12:2";"Exp60_203_IS23100";"Exp60_203_IS23100";NA;"2023-09-23 00:01:00";76724,1
"871752";"27:12:2";"Exp60_203_IS23100";"Exp60_203_IS23100";NA;"2023-09-23 00:17:00";76725,7
"871753";"27:12:2";"Exp60_203_IS23100";"Exp60_203_IS23100";NA;"2023-09-23 01:01:00";76715,6
"871754";"27:12:2";"Exp60_203_IS23100";"Exp60_203_IS23100";NA;"2023-09-23 01:17:00";76707,8
"871755";"27:12:2";"Exp60_203_IS23100";"Exp60_203_IS23100";NA;"2023-09-23 01:31:00";76706,2
"871756";"27:12:2";"Exp60_203_IS23100";"Exp60_203_IS23100";NA;"2023-09-23 01:47:00";76694,8
"871757";"27:12:2";"Exp60_203_IS23100";"Exp60_203_IS23100";NA;"2023-09-23 02:01:00";76679,4
"871758";"27:12:2";"Exp60_203_IS23100";"Exp60_203_IS23100";NA;"2023-09-23 02:17:00";76675,4
"871759";"27:12:2";"Exp60_203_IS23100";"Exp60_203_IS23100";NA;"2023-09-23 02:31:00";76668,9
"871760";"27:12:2";"Exp60_203_IS23100";"Exp60_203_IS23100";NA;"2023-09-23 02:47:00";76667,2
"871761";"27:12:2";"Exp60_203_IS23100";"Exp60_203_IS23100";NA;"2023-09-23 03:01:00";76670,4
"871762";"27:12:2";"Exp60_203_IS23100";"Exp60_203_IS23100";NA;"2023-09-23 03:17:00";76669,7
"871763";"27:12:2";"Exp60_203_IS23100";"Exp60_203_IS23100";NA;"2023-09-23 03:31:00";76666,5
"871764";"27:12:2";"Exp60_203_IS23100";"Exp60_203_IS23100";NA;"2023-09-23 03:47:00";76662
"871765";"27:12:2";"Exp60_203_IS23100";"Exp60_203_IS23100";NA;"2023-09-23 04:16:00";76653
"871766";"27:12:2";"Exp60_203_IS23100";"Exp60_203_IS23100";NA;"2023-09-23 04:32:00";76648,7
"871767";"27:12:2";"Exp60_203_IS23100";"Exp60_203_IS23100";NA;"2023-09-23 04:46:00";76652,9
"871768";"27:12:2";"Exp60_203_IS23100";"Exp60_203_IS23100";NA;"2023-09-23 05:02:00";76645,7
"871769";"27:12:2";"Exp60_203_IS23100";"Exp60_203_IS23100";NA;"2023-09-23 05:16:00";76651,8
"871770";"27:12:2";"Exp60_203_IS23100";"Exp60_203_IS23100";NA;"2023-09-23 05:32:00";76649,8
"871771";"27:12:2";"Exp60_203_IS23100";"Exp60_203_IS23100";NA;"2023-09-23 05:46:00";76648,6
"871772";"27:12:2";"Exp60_203_IS23100";"Exp60_203_IS23100";NA;"2023-09-23 06:02:00";76648
"871773";"27:12:2";"Exp60_203_IS23100";"Exp60_203_IS23100";NA;"2023-09-23 06:16:00";76650,9
"871774";"27:12:2";"Exp60_203_IS23100";"Exp60_203_IS23100";NA;"2023-09-23 06:32:00";76653,1
"871775";"27:12:2";"Exp60_203_IS23100";"Exp60_203_IS23100";NA;"2023-09-23 06:46:00";76656,3
"871776";"27:12:2";"Exp60_203_IS23100";"Exp60_203_IS23100";NA;"2023-09-23 07:02:00";76668,6
"871777";"27:12:2";"Exp60_203_IS23100";"Exp60_203_IS23100";NA;"2023-09-23 07:16:00";76700,6
"871778";"27:12:2";"Exp60_203_IS23100";"Exp60_203_IS23100";NA;"2023-09-23 07:32:00";76708,8
"871779";"27:12:2";"Exp60_203_IS23100";"Exp60_203_IS23100";NA;"2023-09-23 07:46:00";76712,5
"871780";"27:12:2";"Exp60_203_IS23100";"Exp60_203_IS23100";NA;"2023-09-23 08:02:00";76715,1
"871781";"27:12:2";"Exp60_203_IS23100";"Exp60_203_IS23100";NA;"2023-09-23 08:16:00";76723,6
"871782";"27:12:2";"Exp60_203_IS23100";"Exp60_203_IS23100";NA;"2023-09-23 08:32:00";76720,3
"871783";"27:12:2";"Exp60_203_IS23100";"Exp60_203_IS23100";NA;"2023-09-23 08:46:00";76720,9
"871784";"27:12:2";"Exp60_203_IS23100";"Exp60_203_IS23100";NA;"2023-09-23 09:02:00";76733
"871785";"27:12:2";"Exp60_203_IS23100";"Exp60_203_IS23100";NA;"2023-09-23 09:16:00";76739
"871786";"27:12:2";"Exp60_203_IS23100";"Exp60_203_IS23100";NA;"2023-09-23 14:01:00";76681,2
"871787";"27:12:2";"Exp60_203_IS23100";"Exp60_203_IS23100";NA;"2023-09-23 14:17:00";76682,1
"871788";"27:12:2";"Exp60_203_IS23100";"Exp60_203_IS23100";NA;"2023-09-23 14:31:00";76577,6
"871789";"27:12:2";"Exp60_203_IS23100";"Exp60_203_IS23100";NA;"2023-09-23 14:47:00";76582
"871790";"27:12:2";"Exp60_203_IS23100";"Exp60_203_IS23100";NA;"2023-09-23 15:01:00";76570
"871791";"27:12:2";"Exp60_203_IS23100";"Exp60_203_IS23100";NA;"2023-09-23 15:32:00";76544,5
"871792";"27:12:2";"Exp60_203_IS23100";"Exp60_203_IS23100";NA;"2023-09-23 15:46:00";76515,6
"871793";"27:12:2";"Exp60_203_IS23100";"Exp60_203_IS23100";NA;"2023-09-23 16:17:00";76456,2
"871794";"27:12:2";"Exp60_203_IS23100";"Exp60_203_IS23100";NA;"2023-09-23 16:31:00";76424,9
"871795";"27:12:2";"Exp60_203_IS23100";"Exp60_203_IS23100";NA;"2023-09-23 16:47:00";76405,4
"871796";"27:12:2";"Exp60_203_IS23100";"Exp60_203_IS23100";NA;"2023-09-23 17:01:00";76385,7
"871797";"27:12:2";"Exp60_203_IS23100";"Exp60_203_IS23100";NA;"2023-09-23 17:17:00";76384,8
"871798";"27:12:2";"Exp60_203_IS23100";"Exp60_203_IS23100";NA;"2023-09-23 17:31:00";76354,9
"871799";"27:12:2";"Exp60_203_IS23100";"Exp60_203_IS23100";NA;"2023-09-23 17:47:00";76329,8
"871800";"27:12:2";"Exp60_203_IS23100";"Exp60_203_IS23100";NA;"2023-09-23 18:01:00";76312,7
"871801";"27:12:2";"Exp60_203_IS23100";"Exp60_203_IS23100";NA;"2023-09-23 18:17:00";76300,4
"871802";"27:12:2";"Exp60_203_IS23100";"Exp60_203_IS23100";NA;"2023-09-23 18:31:00";76293,5
"871803";"27:12:2";"Exp60_203_IS23100";"Exp60_203_IS23100";NA;"2023-09-23 18:47:00";76282,3
"871804";"27:12:2";"Exp60_203_IS23100";"Exp60_203_IS23100";NA;"2023-09-23 19:01:00";76279,2
"871805";"27:12:2";"Exp60_203_IS23100";"Exp60_203_IS23100";NA;"2023-09-23 19:17:00";76268,8
"871806";"27:12:2";"Exp60_203_IS23100";"Exp60_203_IS23100";NA;"2023-09-23 19:31:00";76266,5
"871807";"27:12:2";"Exp60_203_IS23100";"Exp60_203_IS23100";NA;"2023-09-23 20:02:00";76250,8
"871808";"27:12:2";"Exp60_203_IS23100";"Exp60_203_IS23100";NA;"2023-09-23 20:16:00";76242,6
"871809";"27:12:2";"Exp60_203_IS23100";"Exp60_203_IS23100";NA;"2023-09-23 20:32:00";76238,8
"871810";"27:12:2";"Exp60_203_IS23100";"Exp60_203_IS23100";NA;"2023-09-23 20:46:00";76240,8
"871811";"27:12:2";"Exp60_203_IS23100";"Exp60_203_IS23100";NA;"2023-09-23 21:02:00";76239,4
"871812";"27:12:2";"Exp60_203_IS23100";"Exp60_203_IS23100";NA;"2023-09-23 21:16:00";76232,1
"871813";"27:12:2";"Exp60_203_IS23100";"Exp60_203_IS23100";NA;"2023-09-23 21:32:00";76232,4
"871814";"27:12:2";"Exp60_203_IS23100";"Exp60_203_IS23100";NA;"2023-09-23 21:46:00";76227,2
"871815";"27:12:2";"Exp60_203_IS23100";"Exp60_203_IS23100";NA;"2023-09-23 22:02:00";76221,3
"871816";"27:12:2";"Exp60_203_IS23100";"Exp60_203_IS23100";NA;"2023-09-23 22:16:00";76212,4
"871817";"27:12:2";"Exp60_203_IS23100";"Exp60_203_IS23100";NA;"2023-09-23 23:17:00";76201,6
"871818";"27:12:2";"Exp60_203_IS23100";"Exp60_203_IS23100";NA;"2023-09-23 23:31:00";76194,9
"871819";"27:12:2";"Exp60_203_IS23100";"Exp60_203_IS23100";NA;"2023-09-23 23:47:00";76197,6
"871820";"27:12:2";"Exp60_203_IS23100";"Exp60_203_IS23100";NA;"2023-09-24 00:01:00";76191,3
"871821";"27:12:2";"Exp60_203_IS23100";"Exp60_203_IS23100";NA;"2023-09-24 00:17:00";76186
"871822";"27:12:2";"Exp60_203_IS23100";"Exp60_203_IS23100";NA;"2023-09-24 00:31:00";76181,8
"871823";"27:12:2";"Exp60_203_IS23100";"Exp60_203_IS23100";NA;"2023-09-24 00:47:00";76180,9
"871824";"27:12:2";"Exp60_203_IS23100";"Exp60_203_IS23100";NA;"2023-09-24 01:01:00";76177,7
"871825";"27:12:2";"Exp60_203_IS23100";"Exp60_203_IS23100";NA;"2023-09-24 01:17:00";76186,7
"871826";"27:12:2";"Exp60_203_IS23100";"Exp60_203_IS23100";NA;"2023-09-24 01:31:00";76179,3
"871827";"27:12:2";"Exp60_203_IS23100";"Exp60_203_IS23100";NA;"2023-09-24 01:47:00";76173,6
"871828";"27:12:2";"Exp60_203_IS23100";"Exp60_203_IS23100";NA;"2023-09-24 02:01:00";76167,3
"871829";"27:12:2";"Exp60_203_IS23100";"Exp60_203_IS23100";NA;"2023-09-24 02:17:00";76167,9
"871830";"27:12:2";"Exp60_203_IS23100";"Exp60_203_IS23100";NA;"2023-09-24 02:31:00";76168,1
"871831";"27:12:2";"Exp60_203_IS23100";"Exp60_203_IS23100";NA;"2023-09-24 02:47:00";76170,9
"871832";"27:12:2";"Exp60_203_IS23100";"Exp60_203_IS23100";NA;"2023-09-24 03:01:00";76164,6
"871833";"27:12:2";"Exp60_203_IS23100";"Exp60_203_IS23100";NA;"2023-09-24 10:01:00";76194,2
"871834";"27:12:2";"Exp60_203_IS23100";"Exp60_203_IS23100";NA;"2023-09-24 10:17:00";76219,4
"871835";"27:12:2";"Exp60_203_IS23100";"Exp60_203_IS23100";NA;"2023-09-24 10:31:00";76243,2
"871836";"27:12:2";"Exp60_203_IS23100";"Exp60_203_IS23100";NA;"2023-09-24 10:47:00";76287
"871837";"27:12:2";"Exp60_203_IS23100";"Exp60_203_IS23100";NA;"2023-09-24 11:01:00";76233,3
"871838";"27:12:2";"Exp60_203_IS23100";"Exp60_203_IS23100";NA;"2023-09-24 11:17:00";76200,9
"871839";"27:12:2";"Exp60_203_IS23100";"Exp60_203_IS23100";NA;"2023-09-24 11:31:00";76212,5
"871840";"27:12:2";"Exp60_203_IS23100";"Exp60_203_IS23100";NA;"2023-09-24 11:47:00";76255,8
"871841";"27:12:2";"Exp60_203_IS23100";"Exp60_203_IS23100";NA;"2023-09-24 12:01:00";76252,6
"871842";"27:12:2";"Exp60_203_IS23100";"Exp60_203_IS23100";NA;"2023-09-24 12:17:00";76237
"871843";"27:12:2";"Exp60_203_IS23100";"Exp60_203_IS23100";NA;"2023-09-24 12:31:00";76212,5
"871844";"27:12:2";"Exp60_203_IS23100";"Exp60_203_IS23100";NA;"2023-09-24 12:47:00";76148,6
"871845";"27:12:2";"Exp60_203_IS23100";"Exp60_203_IS23100";NA;"2023-09-24 13:01:00";76153,9
"871846";"27:12:2";"Exp60_203_IS23100";"Exp60_203_IS23100";NA;"2023-09-24 13:17:00";76146,4
"871847";"27:12:2";"Exp60_203_IS23100";"Exp60_203_IS23100";NA;"2023-09-24 13:31:00";76175,8
"871848";"27:12:2";"Exp60_203_IS23100";"Exp60_203_IS23100";NA;"2023-09-24 13:47:00";76143,4
"871849";"27:12:2";"Exp60_203_IS23100";"Exp60_203_IS23100";NA;"2023-09-24 14:01:00";76090,1
"871850";"27:12:2";"Exp60_203_IS23100";"Exp60_203_IS23100";NA;"2023-09-24 14:17:00";76047
"871851";"27:12:2";"Exp60_203_IS23100";"Exp60_203_IS23100";NA;"2023-09-24 14:31:00";76084,7
"871852";"27:12:2";"Exp60_203_IS23100";"Exp60_203_IS23100";NA;"2023-09-24 14:47:00";76134
"871853";"27:12:2";"Exp60_203_IS23100";"Exp60_203_IS23100";NA;"2023-09-24 15:01:00";76120,9
"871854";"27:12:2";"Exp60_203_IS23100";"Exp60_203_IS23100";NA;"2023-09-24 15:17:00";76107,4
"871855";"27:12:2";"Exp60_203_IS23100";"Exp60_203_IS23100";NA;"2023-09-24 15:31:00";76102,6
"871856";"27:12:2";"Exp60_203_IS23100";"Exp60_203_IS23100";NA;"2023-09-24 15:47:00";76119,2
"871857";"27:12:2";"Exp60_203_IS23100";"Exp60_203_IS23100";NA;"2023-09-24 16:01:00";76141,7
"871858";"27:12:2";"Exp60_203_IS23100";"Exp60_203_IS23100";NA;"2023-09-24 22:31:00";76073,5
"871859";"27:12:2";"Exp60_203_IS23100";"Exp60_203_IS23100";NA;"2023-09-24 22:47:00";76070,6
"871860";"27:12:2";"Exp60_203_IS23100";"Exp60_203_IS23100";NA;"2023-09-24 23:01:00";76065,5
"871861";"27:12:2";"Exp60_203_IS23100";"Exp60_203_IS23100";NA;"2023-09-24 23:17:00";76065
"871862";"27:12:2";"Exp60_203_IS23100";"Exp60_203_IS23100";NA;"2023-09-24 23:31:00";76060,9
"871863";"27:12:2";"Exp60_203_IS23100";"Exp60_203_IS23100";NA;"2023-09-24 23:47:00";76060,5
"871864";"27:12:2";"Exp60_203_IS23100";"Exp60_203_IS23100";NA;"2023-09-25 00:01:00";76059
"871865";"27:12:2";"Exp60_203_IS23100";"Exp60_203_IS23100";NA;"2023-09-25 00:17:00";76056,9
"871866";"27:12:2";"Exp60_203_IS23100";"Exp60_203_IS23100";NA;"2023-09-25 00:31:00";76052,2
"871867";"27:12:2";"Exp60_203_IS23100";"Exp60_203_IS23100";NA;"2023-09-25 00:47:00";76049,8
"871868";"27:12:2";"Exp60_203_IS23100";"Exp60_203_IS23100";NA;"2023-09-25 01:01:00";76047
"871869";"27:12:2";"Exp60_203_IS23100";"Exp60_203_IS23100";NA;"2023-09-25 01:17:00";76044,5
"871870";"27:12:2";"Exp60_203_IS23100";"Exp60_203_IS23100";NA;"2023-09-25 01:31:00";76042
"871871";"27:12:2";"Exp60_203_IS23100";"Exp60_203_IS23100";NA;"2023-09-25 01:47:00";76041,2
"871872";"27:12:2";"Exp60_203_IS23100";"Exp60_203_IS23100";NA;"2023-09-25 02:01:00";76040,3
"871873";"27:12:2";"Exp60_203_IS23100";"Exp60_203_IS23100";NA;"2023-09-25 03:02:00";76015,6
"871874";"27:12:2";"Exp60_203_IS23100";"Exp60_203_IS23100";NA;"2023-09-25 03:16:00";76016
"871875";"27:12:2";"Exp60_203_IS23100";"Exp60_203_IS23100";NA;"2023-09-25 04:32:00";76011,5
"871876";"27:12:2";"Exp60_203_IS23100";"Exp60_203_IS23100";NA;"2023-09-25 04:46:00";76007,7
"871877";"27:12:2";"Exp60_203_IS23100";"Exp60_203_IS23100";NA;"2023-09-25 05:17:00";76006,5
"871878";"27:12:2";"Exp60_203_IS23100";"Exp60_203_IS23100";NA;"2023-09-25 05:31:00";76000,9
"871879";"27:12:2";"Exp60_203_IS23100";"Exp60_203_IS23100";NA;"2023-09-25 05:47:00";75996,1
"871880";"27:12:2";"Exp60_203_IS23100";"Exp60_203_IS23100";NA;"2023-09-25 06:01:00";75987,8
"871881";"27:12:2";"Exp60_203_IS23100";"Exp60_203_IS23100";NA;"2023-09-25 06:17:00";75991,5
"871882";"27:12:2";"Exp60_203_IS23100";"Exp60_203_IS23100";NA;"2023-09-25 06:31:00";75998,4
"871883";"27:12:2";"Exp60_203_IS23100";"Exp60_203_IS23100";NA;"2023-09-25 06:47:00";76000,2
"871884";"27:12:2";"Exp60_203_IS23100";"Exp60_203_IS23100";NA;"2023-09-25 07:01:00";76014,2
"871885";"27:12:2";"Exp60_203_IS23100";"Exp60_203_IS23100";NA;"2023-09-25 07:17:00";76013,4
"871886";"27:12:2";"Exp60_203_IS23100";"Exp60_203_IS23100";NA;"2023-09-25 07:31:00";76014,7
"871887";"27:12:2";"Exp60_203_IS23100";"Exp60_203_IS23100";NA;"2023-09-25 07:47:00";76016,2
"871888";"27:12:2";"Exp60_203_IS23100";"Exp60_203_IS23100";NA;"2023-09-25 08:01:00";76018,5
"871889";"27:12:2";"Exp60_203_IS23100";"Exp60_203_IS23100";NA;"2023-09-25 14:46:00";75886,3
"871890";"27:12:2";"Exp60_203_IS23100";"Exp60_203_IS23100";NA;"2023-09-25 15:02:00";75864,8
"871891";"27:12:2";"Exp60_203_IS23100";"Exp60_203_IS23100";NA;"2023-09-25 15:16:00";75972,5
"871892";"27:12:2";"Exp60_203_IS23100";"Exp60_203_IS23100";NA;"2023-09-25 15:32:00";75986,4
"871893";"27:12:2";"Exp60_203_IS23100";"Exp60_203_IS23100";NA;"2023-09-25 15:46:00";75962,7
"871894";"27:12:2";"Exp60_203_IS23100";"Exp60_203_IS23100";NA;"2023-09-25 16:02:00";75866,3
"871895";"27:12:2";"Exp60_203_IS23100";"Exp60_203_IS23100";NA;"2023-09-25 17:16:00";75784,2
"871896";"27:12:2";"Exp60_203_IS23100";"Exp60_203_IS23100";NA;"2023-09-25 17:32:00";75763,4
"871897";"27:12:2";"Exp60_203_IS23100";"Exp60_203_IS23100";NA;"2023-09-25 17:46:00";75748,4
"871898";"27:12:2";"Exp60_203_IS23100";"Exp60_203_IS23100";NA;"2023-09-25 18:02:00";75735,6
"871899";"27:12:2";"Exp60_203_IS23100";"Exp60_203_IS23100";NA;"2023-09-25 19:01:00";75715,3
"871900";"27:12:2";"Exp60_203_IS23100";"Exp60_203_IS23100";NA;"2023-09-25 19:17:00";75711,7
"871901";"27:12:2";"Exp60_203_IS23100";"Exp60_203_IS23100";NA;"2023-09-25 19:31:00";75706,5
"871902";"27:12:2";"Exp60_203_IS23100";"Exp60_203_IS23100";NA;"2023-09-25 19:47:00";75703,1
"871903";"27:12:2";"Exp60_203_IS23100";"Exp60_203_IS23100";NA;"2023-09-25 20:01:00";75698,5
"871904";"27:12:2";"Exp60_203_IS23100";"Exp60_203_IS23100";NA;"2023-09-25 20:17:00";75695,9
"871905";"27:12:2";"Exp60_203_IS23100";"Exp60_203_IS23100";NA;"2023-09-25 20:31:00";75693,3
"871906";"27:12:2";"Exp60_203_IS23100";"Exp60_203_IS23100";NA;"2023-09-25 20:47:00";75690,9
"871907";"27:12:2";"Exp60_203_IS23100";"Exp60_203_IS23100";NA;"2023-09-25 21:16:00";75685,6
"871908";"27:12:2";"Exp60_203_IS23100";"Exp60_203_IS23100";NA;"2023-09-25 21:32:00";75683,7
"871909";"27:12:2";"Exp60_203_IS23100";"Exp60_203_IS23100";NA;"2023-09-25 21:46:00";75681,8
"871910";"27:12:2";"Exp60_203_IS23100";"Exp60_203_IS23100";NA;"2023-09-25 22:02:00";75683,1
"871911";"27:12:2";"Exp60_203_IS23100";"Exp60_203_IS23100";NA;"2023-09-25 22:16:00";75680,9
"871912";"27:12:2";"Exp60_203_IS23100";"Exp60_203_IS23100";NA;"2023-09-25 22:32:00";75680,3
"871913";"27:12:2";"Exp60_203_IS23100";"Exp60_203_IS23100";NA;"2023-09-25 22:46:00";75678
"871914";"27:12:2";"Exp60_203_IS23100";"Exp60_203_IS23100";NA;"2023-09-25 23:02:00";75676,6
"871915";"27:12:2";"Exp60_203_IS23100";"Exp60_203_IS23100";NA;"2023-09-25 23:16:00";75670,6
"871916";"27:12:2";"Exp60_203_IS23100";"Exp60_203_IS23100";NA;"2023-09-25 23:32:00";75666,2
"871917";"27:12:2";"Exp60_203_IS23100";"Exp60_203_IS23100";NA;"2023-09-25 23:46:00";75669,6
"871918";"27:12:2";"Exp60_203_IS23100";"Exp60_203_IS23100";NA;"2023-09-26 00:02:00";75682,6
"871919";"27:12:2";"Exp60_203_IS23100";"Exp60_203_IS23100";NA;"2023-09-26 00:16:00";75681,4
"871920";"27:12:2";"Exp60_203_IS23100";"Exp60_203_IS23100";NA;"2023-09-26 00:32:00";75674,2
"871921";"27:12:2";"Exp60_203_IS23100";"Exp60_203_IS23100";NA;"2023-09-26 00:46:00";75662,4
"871922";"27:12:2";"Exp60_203_IS23100";"Exp60_203_IS23100";NA;"2023-09-26 01:02:00";75657,5
"871923";"27:12:2";"Exp60_203_IS23100";"Exp60_203_IS23100";NA;"2023-09-26 01:16:00";75657,5
"871924";"27:12:2";"Exp60_203_IS23100";"Exp60_203_IS23100";NA;"2023-09-26 01:32:00";75654,2
"871925";"27:12:2";"Exp60_203_IS23100";"Exp60_203_IS23100";NA;"2023-09-26 01:46:00";75654,7
"871926";"27:12:2";"Exp60_203_IS23100";"Exp60_203_IS23100";NA;"2023-09-26 02:02:00";75657
"871927";"27:12:2";"Exp60_203_IS23100";"Exp60_203_IS23100";NA;"2023-09-26 02:16:00";75654,4
"871928";"27:12:2";"Exp60_203_IS23100";"Exp60_203_IS23100";NA;"2023-09-26 02:32:00";75652,3
"871929";"27:12:2";"Exp60_203_IS23100";"Exp60_203_IS23100";NA;"2023-09-26 02:46:00";75650,5
"871930";"27:12:2";"Exp60_203_IS23100";"Exp60_203_IS23100";NA;"2023-09-26 03:02:00";75648,7
"871931";"27:12:2";"Exp60_203_IS23100";"Exp60_203_IS23100";NA;"2023-09-26 03:16:00";75646,6
"871932";"27:12:2";"Exp60_203_IS23100";"Exp60_203_IS23100";NA;"2023-09-26 03:32:00";75637,3
"871933";"27:12:2";"Exp60_203_IS23100";"Exp60_203_IS23100";NA;"2023-09-26 03:46:00";75634,9
"871934";"27:12:2";"Exp60_203_IS23100";"Exp60_203_IS23100";NA;"2023-09-26 04:02:00";75639,5
"871935";"27:12:2";"Exp60_203_IS23100";"Exp60_203_IS23100";NA;"2023-09-26 04:16:00";75633,3
"871936";"27:12:2";"Exp60_203_IS23100";"Exp60_203_IS23100";NA;"2023-09-26 04:32:00";75632
"871937";"27:12:2";"Exp60_203_IS23100";"Exp60_203_IS23100";NA;"2023-09-26 04:46:00";75632,7
"871938";"27:12:2";"Exp60_203_IS23100";"Exp60_203_IS23100";NA;"2023-09-26 05:02:00";75629,8
"871939";"27:12:2";"Exp60_203_IS23100";"Exp60_203_IS23100";NA;"2023-09-26 05:16:00";75626,8
"871940";"27:12:2";"Exp60_203_IS23100";"Exp60_203_IS23100";NA;"2023-09-26 05:32:00";75630,4
"871941";"27:12:2";"Exp60_203_IS23100";"Exp60_203_IS23100";NA;"2023-09-26 05:46:00";75628,2
"871942";"27:12:2";"Exp60_203_IS23100";"Exp60_203_IS23100";NA;"2023-09-26 06:02:00";75625,9
"871943";"27:12:2";"Exp60_203_IS23100";"Exp60_203_IS23100";NA;"2023-09-26 06:16:00";75627,7
"871944";"27:12:2";"Exp60_203_IS23100";"Exp60_203_IS23100";NA;"2023-09-26 06:32:00";75632,4
"871945";"27:12:2";"Exp60_203_IS23100";"Exp60_203_IS23100";NA;"2023-09-26 06:46:00";75645,6
"871946";"27:12:2";"Exp60_203_IS23100";"Exp60_203_IS23100";NA;"2023-09-26 07:02:00";75650,4
"871947";"27:12:2";"Exp60_203_IS23100";"Exp60_203_IS23100";NA;"2023-09-26 07:16:00";75649,2
"871948";"27:12:2";"Exp60_203_IS23100";"Exp60_203_IS23100";NA;"2023-09-26 07:47:00";75650,3
"871949";"27:12:2";"Exp60_203_IS23100";"Exp60_203_IS23100";NA;"2023-09-26 08:01:00";75668,4
"871950";"27:12:2";"Exp60_203_IS23100";"Exp60_203_IS23100";NA;"2023-09-26 08:17:00";75671,4
"871951";"27:12:2";"Exp60_203_IS23100";"Exp60_203_IS23100";NA;"2023-09-26 08:31:00";75669,3
"871952";"27:12:2";"Exp60_203_IS23100";"Exp60_203_IS23100";NA;"2023-09-26 09:02:00";75690,4
"871953";"27:12:2";"Exp60_203_IS23100";"Exp60_203_IS23100";NA;"2023-09-26 09:16:00";75698,2
"871954";"27:12:2";"Exp60_203_IS23100";"Exp60_203_IS23100";NA;"2023-09-26 09:32:00";75710,8
"871955";"27:12:2";"Exp60_203_IS23100";"Exp60_203_IS23100";NA;"2023-09-26 09:46:00";75738,7
"871956";"27:12:2";"Exp60_203_IS23100";"Exp60_203_IS23100";NA;"2023-09-26 10:02:00";75754,4
"871957";"27:12:2";"Exp60_203_IS23100";"Exp60_203_IS23100";NA;"2023-09-26 10:16:00";75774,3
"871958";"27:12:2";"Exp60_203_IS23100";"Exp60_203_IS23100";NA;"2023-09-26 10:32:00";75786,7
"871959";"27:12:2";"Exp60_203_IS23100";"Exp60_203_IS23100";NA;"2023-09-26 10:46:00";75789,8
"871960";"27:12:2";"Exp60_203_IS23100";"Exp60_203_IS23100";NA;"2023-09-26 11:02:00";75534,8
"871961";"27:12:2";"Exp60_203_IS23100";"Exp60_203_IS23100";NA;"2023-09-26 11:16:00";75605
"871962";"27:12:2";"Exp60_203_IS23100";"Exp60_203_IS23100";NA;"2023-09-26 11:47:00";75627,3
"871963";"27:12:2";"Exp60_203_IS23100";"Exp60_203_IS23100";NA;"2023-09-26 12:01:00";75625,7
"871964";"27:12:2";"Exp60_203_IS23100";"Exp60_203_IS23100";NA;"2023-09-26 12:17:00";75593,1
"871965";"27:12:2";"Exp60_203_IS23100";"Exp60_203_IS23100";NA;"2023-09-26 12:31:00";75595
"871966";"27:12:2";"Exp60_203_IS23100";"Exp60_203_IS23100";NA;"2023-09-26 12:47:00";75632,3
"871967";"27:12:2";"Exp60_203_IS23100";"Exp60_203_IS23100";NA;"2023-09-26 13:01:00";75639,5
"871968";"27:12:2";"Exp60_203_IS23100";"Exp60_203_IS23100";NA;"2023-09-26 13:32:00";75595,6
"871969";"27:12:2";"Exp60_203_IS23100";"Exp60_203_IS23100";NA;"2023-09-26 13:46:00";75610,5
"871970";"27:12:2";"Exp60_203_IS23100";"Exp60_203_IS23100";NA;"2023-09-26 14:02:00";75619,2
"871971";"27:12:2";"Exp60_203_IS23100";"Exp60_203_IS23100";NA;"2023-09-26 14:16:00";75619,3
"871972";"27:12:2";"Exp60_203_IS23100";"Exp60_203_IS23100";NA;"2023-09-26 14:32:00";75641,6
"871973";"27:12:2";"Exp60_203_IS23100";"Exp60_203_IS23100";NA;"2023-09-26 14:46:00";75652,1
"871974";"27:12:2";"Exp60_203_IS23100";"Exp60_203_IS23100";NA;"2023-09-26 15:02:00";75575,2
"871975";"27:12:2";"Exp60_203_IS23100";"Exp60_203_IS23100";NA;"2023-09-26 15:16:00";75579,9
"871976";"27:12:2";"Exp60_203_IS23100";"Exp60_203_IS23100";NA;"2023-09-26 15:32:00";75547,7
"871977";"27:12:2";"Exp60_203_IS23100";"Exp60_203_IS23100";NA;"2023-09-26 15:46:00";75596,1
"871978";"27:12:2";"Exp60_203_IS23100";"Exp60_203_IS23100";NA;"2023-09-26 16:02:00";76252,2
"871979";"27:12:2";"Exp60_203_IS23100";"Exp60_203_IS23100";NA;"2023-09-26 16:16:00";76654,8
"871980";"27:12:2";"Exp60_203_IS23100";"Exp60_203_IS23100";NA;"2023-09-26 22:01:00";76382,3
"871981";"27:12:2";"Exp60_203_IS23100";"Exp60_203_IS23100";NA;"2023-09-26 22:17:00";76375,5
"871982";"27:12:2";"Exp60_203_IS23100";"Exp60_203_IS23100";NA;"2023-09-26 22:31:00";76368,8
"871983";"27:12:2";"Exp60_203_IS23100";"Exp60_203_IS23100";NA;"2023-09-26 22:47:00";76360,7
"871984";"27:12:2";"Exp60_203_IS23100";"Exp60_203_IS23100";NA;"2023-09-26 23:01:00";76352
"871985";"27:12:2";"Exp60_203_IS23100";"Exp60_203_IS23100";NA;"2023-09-26 23:17:00";76345,8
"871986";"27:12:2";"Exp60_203_IS23100";"Exp60_203_IS23100";NA;"2023-09-26 23:31:00";76346,3
"871987";"27:12:2";"Exp60_203_IS23100";"Exp60_203_IS23100";NA;"2023-09-26 23:47:00";76344
"871988";"27:12:2";"Exp60_203_IS23100";"Exp60_203_IS23100";NA;"2023-09-27 00:31:00";76329,2
"871989";"27:12:2";"Exp60_203_IS23100";"Exp60_203_IS23100";NA;"2023-09-27 00:47:00";76328,2
"871990";"27:12:2";"Exp60_203_IS23100";"Exp60_203_IS23100";NA;"2023-09-27 01:01:00";76326,4
"871991";"27:12:2";"Exp60_203_IS23100";"Exp60_203_IS23100";NA;"2023-09-27 01:17:00";76322,2
"871992";"27:12:2";"Exp60_203_IS23100";"Exp60_203_IS23100";NA;"2023-09-27 01:31:00";76320
"871993";"27:12:2";"Exp60_203_IS23100";"Exp60_203_IS23100";NA;"2023-09-27 01:47:00";76314,6
"871994";"27:12:2";"Exp60_203_IS23100";"Exp60_203_IS23100";NA;"2023-09-27 02:01:00";76304,4
"871995";"27:12:2";"Exp60_203_IS23100";"Exp60_203_IS23100";NA;"2023-09-27 02:17:00";76303,4
"871996";"27:12:2";"Exp60_203_IS23100";"Exp60_203_IS23100";NA;"2023-09-27 02:31:00";76298,2
"871997";"27:12:2";"Exp60_203_IS23100";"Exp60_203_IS23100";NA;"2023-09-27 02:47:00";76296,4
"871998";"27:12:2";"Exp60_203_IS23100";"Exp60_203_IS23100";NA;"2023-09-27 03:01:00";76292
"871999";"27:12:2";"Exp60_203_IS23100";"Exp60_203_IS23100";NA;"2023-09-27 03:17:00";76288,5
"872000";"27:12:2";"Exp60_203_IS23100";"Exp60_203_IS23100";NA;"2023-09-27 03:31:00";76285,9
"872001";"27:12:2";"Exp60_203_IS23100";"Exp60_203_IS23100";NA;"2023-09-27 03:47:00";76284,9
"872002";"27:12:2";"Exp60_203_IS23100";"Exp60_203_IS23100";NA;"2023-09-27 04:01:00";76284,3
"872003";"27:12:2";"Exp60_203_IS23100";"Exp60_203_IS23100";NA;"2023-09-27 04:17:00";76286,9
"872004";"27:12:2";"Exp60_203_IS23100";"Exp60_203_IS23100";NA;"2023-09-27 04:31:00";76286,7
"872005";"27:12:2";"Exp60_203_IS23100";"Exp60_203_IS23100";NA;"2023-09-27 04:47:00";76280,4
"872006";"27:12:2";"Exp60_203_IS23100";"Exp60_203_IS23100";NA;"2023-09-27 05:01:00";76278,6
"872007";"27:12:2";"Exp60_203_IS23100";"Exp60_203_IS23100";NA;"2023-09-27 05:17:00";76269,2
"872008";"27:12:2";"Exp60_203_IS23100";"Exp60_203_IS23100";NA;"2023-09-27 05:31:00";76272,5
"872009";"27:12:2";"Exp60_203_IS23100";"Exp60_203_IS23100";NA;"2023-09-27 05:47:00";76267,3
"872010";"27:12:2";"Exp60_203_IS23100";"Exp60_203_IS23100";NA;"2023-09-27 06:01:00";76269
"872011";"27:12:2";"Exp60_203_IS23100";"Exp60_203_IS23100";NA;"2023-09-27 06:17:00";76267,7
"872012";"27:12:2";"Exp60_203_IS23100";"Exp60_203_IS23100";NA;"2023-09-27 06:31:00";76270,3
"872013";"27:12:2";"Exp60_203_IS23100";"Exp60_203_IS23100";NA;"2023-09-27 06:47:00";76278,6
"872014";"27:12:2";"Exp60_203_IS23100";"Exp60_203_IS23100";NA;"2023-09-27 07:01:00";76291,3
"872015";"27:12:2";"Exp60_203_IS23100";"Exp60_203_IS23100";NA;"2023-09-27 07:32:00";76312,5
"872016";"27:12:2";"Exp60_203_IS23100";"Exp60_203_IS23100";NA;"2023-09-27 07:46:00";76315,1
"872017";"27:12:2";"Exp60_203_IS23100";"Exp60_203_IS23100";NA;"2023-09-27 08:02:00";76342,2
"872018";"27:12:2";"Exp60_203_IS23100";"Exp60_203_IS23100";NA;"2023-09-27 08:16:00";76352
"872019";"27:12:2";"Exp60_203_IS23100";"Exp60_203_IS23100";NA;"2023-09-27 08:32:00";76364,6
"872020";"27:12:2";"Exp60_203_IS23100";"Exp60_203_IS23100";NA;"2023-09-27 08:46:00";76405,2
"872021";"27:12:2";"Exp60_203_IS23100";"Exp60_203_IS23100";NA;"2023-09-27 09:02:00";76461,2
"872022";"27:12:2";"Exp60_203_IS23100";"Exp60_203_IS23100";NA;"2023-09-27 09:16:00";76471
"872023";"27:12:2";"Exp60_203_IS23100";"Exp60_203_IS23100";NA;"2023-09-27 15:46:00";76850,7
"872024";"27:12:2";"Exp60_203_IS23100";"Exp60_203_IS23100";NA;"2023-09-27 16:02:00";77456
"872025";"27:12:2";"Exp60_203_IS23100";"Exp60_203_IS23100";NA;"2023-09-27 16:16:00";77646,5
"872026";"27:12:2";"Exp60_203_IS23100";"Exp60_203_IS23100";NA;"2023-09-27 16:32:00";77502,2
"872027";"27:12:2";"Exp60_203_IS23100";"Exp60_203_IS23100";NA;"2023-09-27 16:46:00";77427,2
"872028";"27:12:2";"Exp60_203_IS23100";"Exp60_203_IS23100";NA;"2023-09-27 17:17:00";77162,1
"872029";"27:12:2";"Exp60_203_IS23100";"Exp60_203_IS23100";NA;"2023-09-27 17:31:00";77075,6
"872030";"27:12:2";"Exp60_203_IS23100";"Exp60_203_IS23100";NA;"2023-09-27 17:47:00";77010,8
"872031";"27:12:2";"Exp60_203_IS23100";"Exp60_203_IS23100";NA;"2023-09-27 18:01:00";76975
"872032";"27:12:2";"Exp60_203_IS23100";"Exp60_203_IS23100";NA;"2023-09-27 18:17:00";76925,4
"872033";"27:12:2";"Exp60_203_IS23100";"Exp60_203_IS23100";NA;"2023-09-27 18:31:00";76853,6
"872034";"27:12:2";"Exp60_203_IS23100";"Exp60_203_IS23100";NA;"2023-09-27 18:47:00";76794,3
"872035";"27:12:2";"Exp60_203_IS23100";"Exp60_203_IS23100";NA;"2023-09-27 19:01:00";76782,9
"872036";"27:12:2";"Exp60_203_IS23100";"Exp60_203_IS23100";NA;"2023-09-27 19:17:00";76792
"872037";"27:12:2";"Exp60_203_IS23100";"Exp60_203_IS23100";NA;"2023-09-27 19:31:00";76787,2
"872038";"27:12:2";"Exp60_203_IS23100";"Exp60_203_IS23100";NA;"2023-09-27 19:47:00";76822
"872039";"27:12:2";"Exp60_203_IS23100";"Exp60_203_IS23100";NA;"2023-09-27 20:01:00";76817,1
"872040";"27:12:2";"Exp60_203_IS23100";"Exp60_203_IS23100";NA;"2023-09-27 20:17:00";76822,1
"872041";"27:12:2";"Exp60_203_IS23100";"Exp60_203_IS23100";NA;"2023-09-27 20:31:00";76807,1
"872042";"27:12:2";"Exp60_203_IS23100";"Exp60_203_IS23100";NA;"2023-09-27 20:47:00";76797,4
"872043";"27:12:2";"Exp60_203_IS23100";"Exp60_203_IS23100";NA;"2023-09-27 21:01:00";76801,9
"872044";"27:12:2";"Exp60_203_IS23100";"Exp60_203_IS23100";NA;"2023-09-28 01:31:00";76655
"872045";"27:12:2";"Exp60_203_IS23100";"Exp60_203_IS23100";NA;"2023-09-28 01:47:00";76651,8
"872046";"27:12:2";"Exp60_203_IS23100";"Exp60_203_IS23100";NA;"2023-09-28 02:01:00";76654,6
"872047";"27:12:2";"Exp60_203_IS23100";"Exp60_203_IS23100";NA;"2023-09-28 02:17:00";76646,1
"872048";"27:12:2";"Exp60_203_IS23100";"Exp60_203_IS23100";NA;"2023-09-28 02:31:00";76634,3
"872049";"27:12:2";"Exp60_203_IS23100";"Exp60_203_IS23100";NA;"2023-09-28 03:17:00";76607,2
"872050";"27:12:2";"Exp60_203_IS23100";"Exp60_203_IS23100";NA;"2023-09-28 03:31:00";76595,5
"872051";"27:12:2";"Exp60_203_IS23100";"Exp60_203_IS23100";NA;"2023-09-28 03:47:00";76582
"872052";"27:12:2";"Exp60_203_IS23100";"Exp60_203_IS23100";NA;"2023-09-28 04:01:00";76583,3
"872053";"27:12:2";"Exp60_203_IS23100";"Exp60_203_IS23100";NA;"2023-09-28 04:17:00";76577,3
"872054";"27:12:2";"Exp60_203_IS23100";"Exp60_203_IS23100";NA;"2023-09-28 04:31:00";76566,1
"872055";"27:12:2";"Exp60_203_IS23100";"Exp60_203_IS23100";NA;"2023-09-28 04:47:00";76559,4
"872056";"27:12:2";"Exp60_203_IS23100";"Exp60_203_IS23100";NA;"2023-09-28 05:01:00";76558,7
"872057";"27:12:2";"Exp60_203_IS23100";"Exp60_203_IS23100";NA;"2023-09-28 05:17:00";76554,6
"872058";"27:12:2";"Exp60_203_IS23100";"Exp60_203_IS23100";NA;"2023-09-28 05:31:00";76554,1
"872059";"27:12:2";"Exp60_203_IS23100";"Exp60_203_IS23100";NA;"2023-09-28 05:47:00";76588,9
"872060";"27:12:2";"Exp60_203_IS23100";"Exp60_203_IS23100";NA;"2023-09-28 06:01:00";76583,8
"872061";"27:12:2";"Exp60_203_IS23100";"Exp60_203_IS23100";NA;"2023-09-28 06:17:00";76588,5
"872062";"27:12:2";"Exp60_203_IS23100";"Exp60_203_IS23100";NA;"2023-09-28 07:16:00";76616,3
"872063";"27:12:2";"Exp60_203_IS23100";"Exp60_203_IS23100";NA;"2023-09-28 07:32:00";76630,5
"872064";"27:12:2";"Exp60_203_IS23100";"Exp60_203_IS23100";NA;"2023-09-28 08:16:00";76657,1
"872065";"27:12:2";"Exp60_203_IS23100";"Exp60_203_IS23100";NA;"2023-09-28 08:47:00";76659
"872066";"27:12:2";"Exp60_203_IS23100";"Exp60_203_IS23100";NA;"2023-09-28 09:01:00";76657,6
"872067";"27:12:2";"Exp60_203_IS23100";"Exp60_203_IS23100";NA;"2023-09-28 16:16:00";76315,6
"872068";"27:12:2";"Exp60_203_IS23100";"Exp60_203_IS23100";NA;"2023-09-28 16:47:00";76237,9
"872069";"27:12:2";"Exp60_203_IS23100";"Exp60_203_IS23100";NA;"2023-09-28 17:01:00";76186
"872070";"27:12:2";"Exp60_203_IS23100";"Exp60_203_IS23100";NA;"2023-09-28 17:17:00";76138,3
"872071";"27:12:2";"Exp60_203_IS23100";"Exp60_203_IS23100";NA;"2023-09-28 17:31:00";76129
"872072";"27:12:2";"Exp60_203_IS23100";"Exp60_203_IS23100";NA;"2023-09-28 18:02:00";76095,4
"872073";"27:12:2";"Exp60_203_IS23100";"Exp60_203_IS23100";NA;"2023-09-28 18:16:00";76127
"872074";"27:12:2";"Exp60_203_IS23100";"Exp60_203_IS23100";NA;"2023-09-28 18:32:00";76197,3
"872075";"27:12:2";"Exp60_203_IS23100";"Exp60_203_IS23100";NA;"2023-09-28 18:46:00";76191,2
"872076";"27:12:2";"Exp60_203_IS23100";"Exp60_203_IS23100";NA;"2023-09-28 19:02:00";76178,4
"872077";"27:12:2";"Exp60_203_IS23100";"Exp60_203_IS23100";NA;"2023-09-28 19:16:00";76165
"872078";"27:12:2";"Exp60_203_IS23100";"Exp60_203_IS23100";NA;"2023-09-28 19:32:00";76144,6
"872079";"27:12:2";"Exp60_203_IS23100";"Exp60_203_IS23100";NA;"2023-09-28 19:46:00";76138,7
"872080";"27:12:2";"Exp60_203_IS23100";"Exp60_203_IS23100";NA;"2023-09-28 20:02:00";76128,1
"872081";"27:12:2";"Exp60_203_IS23100";"Exp60_203_IS23100";NA;"2023-09-28 20:16:00";76119,5
"872082";"27:12:2";"Exp60_203_IS23100";"Exp60_203_IS23100";NA;"2023-09-28 20:32:00";76119,7
"872083";"27:12:2";"Exp60_203_IS23100";"Exp60_203_IS23100";NA;"2023-09-28 20:46:00";76121,1
"872084";"27:12:2";"Exp60_203_IS23100";"Exp60_203_IS23100";NA;"2023-09-28 21:02:00";76116,9
"872085";"27:12:2";"Exp60_203_IS23100";"Exp60_203_IS23100";NA;"2023-09-28 21:16:00";76109,6
"872086";"27:12:2";"Exp60_203_IS23100";"Exp60_203_IS23100";NA;"2023-09-28 21:32:00";76106,3
"872087";"27:12:2";"Exp60_203_IS23100";"Exp60_203_IS23100";NA;"2023-09-28 21:46:00";76106,1
"872088";"27:12:2";"Exp60_203_IS23100";"Exp60_203_IS23100";NA;"2023-09-28 22:17:00";76089,7
"872089";"27:12:2";"Exp60_203_IS23100";"Exp60_203_IS23100";NA;"2023-09-28 22:31:00";76087,5
"872090";"27:12:2";"Exp60_203_IS23100";"Exp60_203_IS23100";NA;"2023-09-28 22:47:00";76080,3
"872091";"27:12:2";"Exp60_203_IS23100";"Exp60_203_IS23100";NA;"2023-09-28 23:01:00";76078,1
"872092";"27:12:2";"Exp60_203_IS23100";"Exp60_203_IS23100";NA;"2023-09-28 23:17:00";76069,7
"872093";"27:12:2";"Exp60_203_IS23100";"Exp60_203_IS23100";NA;"2023-09-28 23:31:00";76061,3
"872094";"27:12:2";"Exp60_203_IS23100";"Exp60_203_IS23100";NA;"2023-09-29 00:17:00";76034,2
"872095";"27:12:2";"Exp60_203_IS23100";"Exp60_203_IS23100";NA;"2023-09-29 00:31:00";76027,4
"872096";"27:12:2";"Exp60_203_IS23100";"Exp60_203_IS23100";NA;"2023-09-29 00:47:00";76023,7
"872097";"27:12:2";"Exp60_203_IS23100";"Exp60_203_IS23100";NA;"2023-09-29 01:01:00";76017
"872098";"27:12:2";"Exp60_203_IS23100";"Exp60_203_IS23100";NA;"2023-09-29 01:17:00";76010,8
"872099";"27:12:2";"Exp60_203_IS23100";"Exp60_203_IS23100";NA;"2023-09-29 01:31:00";76010,8
"872100";"27:12:2";"Exp60_203_IS23100";"Exp60_203_IS23100";NA;"2023-09-29 01:47:00";76005
"872101";"27:12:2";"Exp60_203_IS23100";"Exp60_203_IS23100";NA;"2023-09-29 02:01:00";76006,1
"872102";"27:12:2";"Exp60_203_IS23100";"Exp60_203_IS23100";NA;"2023-09-29 02:17:00";76006,2
"872103";"27:12:2";"Exp60_203_IS23100";"Exp60_203_IS23100";NA;"2023-09-29 02:31:00";76002,9
"872104";"27:12:2";"Exp60_203_IS23100";"Exp60_203_IS23100";NA;"2023-09-29 02:47:00";75996,4
"872105";"27:12:2";"Exp60_203_IS23100";"Exp60_203_IS23100";NA;"2023-09-29 03:01:00";75993,1
"872106";"27:12:2";"Exp60_203_IS23100";"Exp60_203_IS23100";NA;"2023-09-29 03:47:00";75976,9
"872107";"27:12:2";"Exp60_203_IS23100";"Exp60_203_IS23100";NA;"2023-09-29 04:01:00";75971,6
"872108";"27:12:2";"Exp60_203_IS23100";"Exp60_203_IS23100";NA;"2023-09-29 04:17:00";75971,1
"872109";"27:12:2";"Exp60_203_IS23100";"Exp60_203_IS23100";NA;"2023-09-29 04:31:00";75965,4
"872110";"27:12:2";"Exp60_203_IS23100";"Exp60_203_IS23100";NA;"2023-09-29 12:31:00";75868,2
"872111";"27:12:2";"Exp60_203_IS23100";"Exp60_203_IS23100";NA;"2023-09-29 18:46:00";75654,1
"872112";"27:12:2";"Exp60_203_IS23100";"Exp60_203_IS23100";NA;"2023-09-29 19:17:00";75642,7
"872113";"27:12:2";"Exp60_203_IS23100";"Exp60_203_IS23100";NA;"2023-09-29 19:31:00";75638,4
"872114";"27:12:2";"Exp60_203_IS23100";"Exp60_203_IS23100";NA;"2023-09-29 19:47:00";75635,6
"872115";"27:12:2";"Exp60_203_IS23100";"Exp60_203_IS23100";NA;"2023-09-29 20:01:00";75631,1
"872116";"27:12:2";"Exp60_203_IS23100";"Exp60_203_IS23100";NA;"2023-09-29 20:17:00";75627,4
"872117";"27:12:2";"Exp60_203_IS23100";"Exp60_203_IS23100";NA;"2023-09-29 20:31:00";75630,7
"872118";"27:12:2";"Exp60_203_IS23100";"Exp60_203_IS23100";NA;"2023-09-29 21:02:00";75625,9
"872119";"27:12:2";"Exp60_203_IS23100";"Exp60_203_IS23100";NA;"2023-09-29 21:16:00";75620,2
"872120";"27:12:2";"Exp60_203_IS23100";"Exp60_203_IS23100";NA;"2023-09-29 21:32:00";75620,8
"872121";"27:12:2";"Exp60_203_IS23100";"Exp60_203_IS23100";NA;"2023-09-29 21:46:00";75620,1
"872122";"27:12:2";"Exp60_203_IS23100";"Exp60_203_IS23100";NA;"2023-09-29 22:02:00";75619,4
"872123";"27:12:2";"Exp60_203_IS23100";"Exp60_203_IS23100";NA;"2023-09-29 22:16:00";75619,5
"872124";"27:12:2";"Exp60_203_IS23100";"Exp60_203_IS23100";NA;"2023-09-29 22:32:00";75617,2
"872125";"27:12:2";"Exp60_203_IS23100";"Exp60_203_IS23100";NA;"2023-09-29 22:46:00";75613
"872126";"27:12:2";"Exp60_203_IS23100";"Exp60_203_IS23100";NA;"2023-09-29 23:02:00";75612,8
"872127";"27:12:2";"Exp60_203_IS23100";"Exp60_203_IS23100";NA;"2023-09-29 23:16:00";75613,4
"872128";"27:12:2";"Exp60_203_IS23100";"Exp60_203_IS23100";NA;"2023-09-29 23:32:00";75611,5
"872129";"27:12:2";"Exp60_203_IS23100";"Exp60_203_IS23100";NA;"2023-09-29 23:46:00";75610,7
"872130";"27:12:2";"Exp60_203_IS23100";"Exp60_203_IS23100";NA;"2023-09-30 00:02:00";75609,6
"872131";"27:12:2";"Exp60_203_IS23100";"Exp60_203_IS23100";NA;"2023-09-30 00:16:00";75609,3
"872132";"27:12:2";"Exp60_203_IS23100";"Exp60_203_IS23100";NA;"2023-09-30 00:32:00";75607,9
"872133";"27:12:2";"Exp60_203_IS23100";"Exp60_203_IS23100";NA;"2023-09-30 00:46:00";75605,9
"872134";"27:12:2";"Exp60_203_IS23100";"Exp60_203_IS23100";NA;"2023-09-30 01:02:00";75603,5
"872135";"27:12:2";"Exp60_203_IS23100";"Exp60_203_IS23100";NA;"2023-09-30 01:16:00";75606,4
"872136";"27:12:2";"Exp60_203_IS23100";"Exp60_203_IS23100";NA;"2023-09-30 01:32:00";75608,4
"872137";"27:12:2";"Exp60_203_IS23100";"Exp60_203_IS23100";NA;"2023-09-30 01:46:00";75737,5
"872138";"27:12:2";"Exp60_203_IS23100";"Exp60_203_IS23100";NA;"2023-09-30 08:46:00";75748,1
"872139";"27:12:2";"Exp60_203_IS23100";"Exp60_203_IS23100";NA;"2023-09-30 09:02:00";75732,6
"872140";"27:12:2";"Exp60_203_IS23100";"Exp60_203_IS23100";NA;"2023-09-30 09:16:00";75714,4
"872141";"27:12:2";"Exp60_203_IS23100";"Exp60_203_IS23100";NA;"2023-09-30 09:32:00";75699,2
"872142";"27:12:2";"Exp60_203_IS23100";"Exp60_203_IS23100";NA;"2023-09-30 09:46:00";75687,4
"872143";"27:12:2";"Exp60_203_IS23100";"Exp60_203_IS23100";NA;"2023-09-30 10:02:00";75650,2
"872144";"27:12:2";"Exp60_203_IS23100";"Exp60_203_IS23100";NA;"2023-09-30 10:16:00";75640,7
"872145";"27:12:2";"Exp60_203_IS23100";"Exp60_203_IS23100";NA;"2023-09-30 10:32:00";75629,1
"872146";"27:12:2";"Exp60_203_IS23100";"Exp60_203_IS23100";NA;"2023-09-30 10:46:00";75611,6
"872147";"27:12:2";"Exp60_203_IS23100";"Exp60_203_IS23100";NA;"2023-09-30 11:02:00";75577,4
"872148";"27:12:2";"Exp60_203_IS23100";"Exp60_203_IS23100";NA;"2023-09-30 11:16:00";75553,7
"872149";"27:12:2";"Exp60_203_IS23100";"Exp60_203_IS23100";NA;"2023-09-30 11:32:00";75549,2
"872150";"27:12:2";"Exp60_203_IS23100";"Exp60_203_IS23100";NA;"2023-09-30 11:46:00";75522,6
"872151";"27:12:2";"Exp60_203_IS23100";"Exp60_203_IS23100";NA;"2023-09-30 19:01:00";76967,2
"872152";"27:12:2";"Exp60_203_IS23100";"Exp60_203_IS23100";NA;"2023-09-30 19:17:00";76946,2
"872153";"27:12:2";"Exp60_203_IS23100";"Exp60_203_IS23100";NA;"2023-09-30 19:31:00";76924,6
"872154";"27:12:2";"Exp60_203_IS23100";"Exp60_203_IS23100";NA;"2023-09-30 19:47:00";76906,7
"872155";"27:12:2";"Exp60_203_IS23100";"Exp60_203_IS23100";NA;"2023-09-30 20:01:00";76893,1
"872156";"27:12:2";"Exp60_203_IS23100";"Exp60_203_IS23100";NA;"2023-09-30 20:17:00";76877,4
"872157";"27:12:2";"Exp60_203_IS23100";"Exp60_203_IS23100";NA;"2023-09-30 20:31:00";76869,1
"872158";"27:12:2";"Exp60_203_IS23100";"Exp60_203_IS23100";NA;"2023-09-30 20:47:00";76854,4
"872159";"27:12:2";"Exp60_203_IS23100";"Exp60_203_IS23100";NA;"2023-09-30 21:01:00";76843,5
"872160";"27:12:2";"Exp60_203_IS23100";"Exp60_203_IS23100";NA;"2023-09-30 21:32:00";76828,6
"872161";"27:12:2";"Exp60_203_IS23100";"Exp60_203_IS23100";NA;"2023-09-30 21:46:00";76821,6
"872162";"27:12:2";"Exp60_203_IS23100";"Exp60_203_IS23100";NA;"2023-09-30 22:02:00";76804,1
"872163";"27:12:2";"Exp60_203_IS23100";"Exp60_203_IS23100";NA;"2023-09-30 22:16:00";76792
"872164";"27:12:2";"Exp60_203_IS23100";"Exp60_203_IS23100";NA;"2023-09-30 22:32:00";76781
"872165";"27:12:2";"Exp60_203_IS23100";"Exp60_203_IS23100";NA;"2023-09-30 22:46:00";76777,9
"872166";"27:12:2";"Exp60_203_IS23100";"Exp60_203_IS23100";NA;"2023-09-30 23:02:00";76778,8
"872167";"27:12:2";"Exp60_203_IS23100";"Exp60_203_IS23100";NA;"2023-09-30 23:16:00";76781,6
"872168";"27:12:2";"Exp60_203_IS23100";"Exp60_203_IS23100";NA;"2023-09-30 23:32:00";76773,7
"872169";"27:12:2";"Exp60_203_IS23100";"Exp60_203_IS23100";NA;"2023-09-30 23:46:00";76777,7
"872170";"27:12:2";"Exp60_203_IS23100";"Exp60_203_IS23100";NA;"2023-10-01 00:02:00";76768,4
"872171";"27:12:2";"Exp60_203_IS23100";"Exp60_203_IS23100";NA;"2023-10-01 00:16:00";76766,7
"872172";"27:12:2";"Exp60_203_IS23100";"Exp60_203_IS23100";NA;"2023-10-01 00:32:00";76762,9
"872173";"27:12:2";"Exp60_203_IS23100";"Exp60_203_IS23100";NA;"2023-10-01 01:16:00";76755,1
"872174";"27:12:2";"Exp60_203_IS23100";"Exp60_203_IS23100";NA;"2023-10-01 01:32:00";76758,2
"872175";"27:12:2";"Exp60_203_IS23100";"Exp60_203_IS23100";NA;"2023-10-01 01:46:00";76762,4
"872176";"27:12:2";"Exp60_203_IS23100";"Exp60_203_IS23100";NA;"2023-10-01 02:02:00";76757,3
"872177";"27:12:2";"Exp60_203_IS23100";"Exp60_203_IS23100";NA;"2023-10-01 02:16:00";76751,9
"872178";"27:12:2";"Exp60_203_IS23100";"Exp60_203_IS23100";NA;"2023-10-01 02:32:00";76749,2
"872179";"27:12:2";"Exp60_203_IS23100";"Exp60_203_IS23100";NA;"2023-10-01 02:46:00";76749,8
"872180";"27:12:2";"Exp60_203_IS23100";"Exp60_203_IS23100";NA;"2023-10-01 09:31:00";76663,9
"872181";"27:12:2";"Exp60_203_IS23100";"Exp60_203_IS23100";NA;"2023-10-01 09:47:00";76649,6
"872182";"27:12:2";"Exp60_203_IS23100";"Exp60_203_IS23100";NA;"2023-10-01 10:01:00";76651,5
"872183";"27:12:2";"Exp60_203_IS23100";"Exp60_203_IS23100";NA;"2023-10-01 10:17:00";76651,3
"872184";"27:12:2";"Exp60_203_IS23100";"Exp60_203_IS23100";NA;"2023-10-01 10:31:00";76565,6
"872185";"27:12:2";"Exp60_203_IS23100";"Exp60_203_IS23100";NA;"2023-10-01 10:47:00";76572,8
"872186";"27:12:2";"Exp60_203_IS23100";"Exp60_203_IS23100";NA;"2023-10-01 11:01:00";76522,5
"872187";"27:12:2";"Exp60_203_IS23100";"Exp60_203_IS23100";NA;"2023-10-01 17:46:00";76103,5
"872188";"27:12:2";"Exp60_203_IS23100";"Exp60_203_IS23100";NA;"2023-10-01 18:02:00";76101
"872189";"27:12:2";"Exp60_203_IS23100";"Exp60_203_IS23100";NA;"2023-10-01 18:16:00";76102,3
"872190";"27:12:2";"Exp60_203_IS23100";"Exp60_203_IS23100";NA;"2023-10-01 18:32:00";76100
"872191";"27:12:2";"Exp60_203_IS23100";"Exp60_203_IS23100";NA;"2023-10-01 18:46:00";76098
"872192";"27:12:2";"Exp60_203_IS23100";"Exp60_203_IS23100";NA;"2023-10-01 19:02:00";76097,1
"872193";"27:12:2";"Exp60_203_IS23100";"Exp60_203_IS23100";NA;"2023-10-01 19:16:00";76089,9
"872194";"27:12:2";"Exp60_203_IS23100";"Exp60_203_IS23100";NA;"2023-10-01 19:32:00";76087,7
"872195";"27:12:2";"Exp60_203_IS23100";"Exp60_203_IS23100";NA;"2023-10-01 19:46:00";76082,9
"872196";"27:12:2";"Exp60_203_IS23100";"Exp60_203_IS23100";NA;"2023-10-01 20:02:00";76084,1
"872197";"27:12:2";"Exp60_203_IS23100";"Exp60_203_IS23100";NA;"2023-10-01 20:16:00";76078,8
"872198";"27:12:2";"Exp60_203_IS23100";"Exp60_203_IS23100";NA;"2023-10-01 20:32:00";76076,5
"872199";"27:12:2";"Exp60_203_IS23100";"Exp60_203_IS23100";NA;"2023-10-01 20:46:00";76072,5
"872200";"27:12:2";"Exp60_203_IS23100";"Exp60_203_IS23100";NA;"2023-10-01 21:02:00";76069,6
"872201";"27:12:2";"Exp60_203_IS23100";"Exp60_203_IS23100";NA;"2023-10-01 21:16:00";76061,6
"872202";"27:12:2";"Exp60_203_IS23100";"Exp60_203_IS23100";NA;"2023-10-01 21:32:00";76068,2
"872203";"27:12:2";"Exp60_203_IS23100";"Exp60_203_IS23100";NA;"2023-10-01 21:46:00";76068,3
"872204";"27:12:2";"Exp60_203_IS23100";"Exp60_203_IS23100";NA;"2023-10-01 22:02:00";76062,1
"872205";"27:12:2";"Exp60_203_IS23100";"Exp60_203_IS23100";NA;"2023-10-01 22:16:00";76058,6
"872206";"27:12:2";"Exp60_203_IS23100";"Exp60_203_IS23100";NA;"2023-10-01 22:32:00";76056
"872207";"27:12:2";"Exp60_203_IS23100";"Exp60_203_IS23100";NA;"2023-10-01 22:46:00";76054,1
"872208";"27:12:2";"Exp60_203_IS23100";"Exp60_203_IS23100";NA;"2023-10-01 23:17:00";76051,6
"872209";"27:12:2";"Exp60_203_IS23100";"Exp60_203_IS23100";NA;"2023-10-01 23:31:00";76046,2
"872210";"27:12:2";"Exp60_203_IS23100";"Exp60_203_IS23100";NA;"2023-10-02 07:01:00";76042,9
"872211";"27:12:2";"Exp60_203_IS23100";"Exp60_203_IS23100";NA;"2023-10-02 07:17:00";76047,9
"872212";"27:12:2";"Exp60_203_IS23100";"Exp60_203_IS23100";NA;"2023-10-02 07:31:00";76047,5
"872213";"27:12:2";"Exp60_203_IS23100";"Exp60_203_IS23100";NA;"2023-10-02 07:47:00";76042,4
"872214";"27:12:2";"Exp60_203_IS23100";"Exp60_203_IS23100";NA;"2023-10-02 08:01:00";76040,5
"872215";"27:12:2";"Exp60_203_IS23100";"Exp60_203_IS23100";NA;"2023-10-02 08:17:00";76025
"872216";"27:12:2";"Exp60_203_IS23100";"Exp60_203_IS23100";NA;"2023-10-02 08:31:00";76027,5
"872217";"27:12:2";"Exp60_203_IS23100";"Exp60_203_IS23100";NA;"2023-10-02 08:47:00";76029,1
"872218";"27:12:2";"Exp60_203_IS23100";"Exp60_203_IS23100";NA;"2023-10-02 09:01:00";76022,6
"872219";"27:12:2";"Exp60_203_IS23100";"Exp60_203_IS23100";NA;"2023-10-02 09:17:00";76009,6
"872220";"27:12:2";"Exp60_203_IS23100";"Exp60_203_IS23100";NA;"2023-10-02 09:31:00";75985,3
"872221";"27:12:2";"Exp60_203_IS23100";"Exp60_203_IS23100";NA;"2023-10-02 09:47:00";75969,6
"872222";"27:12:2";"Exp60_203_IS23100";"Exp60_203_IS23100";NA;"2023-10-02 10:01:00";75967,7
"872223";"27:12:2";"Exp60_203_IS23100";"Exp60_203_IS23100";NA;"2023-10-02 10:32:00";75996
"872224";"27:12:2";"Exp60_203_IS23100";"Exp60_203_IS23100";NA;"2023-10-02 10:46:00";75981,7
"872225";"27:12:2";"Exp60_203_IS23100";"Exp60_203_IS23100";NA;"2023-10-02 11:17:00";75970
"872226";"27:12:2";"Exp60_203_IS23100";"Exp60_203_IS23100";NA;"2023-10-02 11:31:00";75974,6
"872227";"27:12:2";"Exp60_203_IS23100";"Exp60_203_IS23100";NA;"2023-10-02 11:47:00";75966
"872228";"27:12:2";"Exp60_203_IS23100";"Exp60_203_IS23100";NA;"2023-10-02 12:01:00";75940,2
"872229";"27:12:2";"Exp60_203_IS23100";"Exp60_203_IS23100";NA;"2023-10-02 12:17:00";75926,7
"872230";"27:12:2";"Exp60_203_IS23100";"Exp60_203_IS23100";NA;"2023-10-02 12:31:00";75921,4
"872231";"27:12:2";"Exp60_203_IS23100";"Exp60_203_IS23100";NA;"2023-10-02 12:47:00";75911,6
"872232";"27:12:2";"Exp60_203_IS23100";"Exp60_203_IS23100";NA;"2023-10-02 13:01:00";75904,9
"872233";"27:12:2";"Exp60_203_IS23100";"Exp60_203_IS23100";NA;"2023-10-02 13:17:00";75873,7
"872234";"27:12:2";"Exp60_203_IS23100";"Exp60_203_IS23100";NA;"2023-10-02 13:31:00";75849
"872235";"27:12:2";"Exp60_203_IS23100";"Exp60_203_IS23100";NA;"2023-10-02 13:47:00";75857,9
"872236";"27:12:2";"Exp60_203_IS23100";"Exp60_203_IS23100";NA;"2023-10-02 14:01:00";75814,6
"872237";"27:12:2";"Exp60_203_IS23100";"Exp60_203_IS23100";NA;"2023-10-02 14:17:00";75795
"872238";"27:12:2";"Exp60_203_IS23100";"Exp60_203_IS23100";NA;"2023-10-02 14:31:00";75811,1
"872239";"27:12:2";"Exp60_203_IS23100";"Exp60_203_IS23100";NA;"2023-10-02 14:47:00";75777,3
"872240";"27:12:2";"Exp60_203_IS23100";"Exp60_203_IS23100";NA;"2023-10-02 15:01:00";75757,7
"872241";"27:12:2";"Exp60_203_IS23100";"Exp60_203_IS23100";NA;"2023-10-02 15:32:00";75733
"872242";"27:12:2";"Exp60_203_IS23100";"Exp60_203_IS23100";NA;"2023-10-02 15:46:00";75734,1
"872243";"27:12:2";"Exp60_203_IS23100";"Exp60_203_IS23100";NA;"2023-10-02 16:02:00";75720
"872244";"27:12:2";"Exp60_203_IS23100";"Exp60_203_IS23100";NA;"2023-10-02 16:16:00";75708,1
"872245";"27:12:2";"Exp60_203_IS23100";"Exp60_203_IS23100";NA;"2023-10-02 23:01:00";75665,1
"872246";"27:12:2";"Exp60_203_IS23100";"Exp60_203_IS23100";NA;"2023-10-02 23:17:00";75662,9
"872247";"27:12:2";"Exp60_203_IS23100";"Exp60_203_IS23100";NA;"2023-10-02 23:31:00";75663,3
"872248";"27:12:2";"Exp60_203_IS23100";"Exp60_203_IS23100";NA;"2023-10-02 23:47:00";75661,2
"872249";"27:12:2";"Exp60_203_IS23100";"Exp60_203_IS23100";NA;"2023-10-03 00:01:00";75661,4
"872250";"27:12:2";"Exp60_203_IS23100";"Exp60_203_IS23100";NA;"2023-10-03 00:17:00";75663,8
"872251";"27:12:2";"Exp60_203_IS23100";"Exp60_203_IS23100";NA;"2023-10-03 00:31:00";75663,4
"872252";"27:12:2";"Exp60_203_IS23100";"Exp60_203_IS23100";NA;"2023-10-03 00:47:00";75660,2
"872253";"27:12:2";"Exp60_203_IS23100";"Exp60_203_IS23100";NA;"2023-10-03 01:01:00";75655,9
"872254";"27:12:2";"Exp60_203_IS23100";"Exp60_203_IS23100";NA;"2023-10-03 01:17:00";75652,7
"872255";"27:12:2";"Exp60_203_IS23100";"Exp60_203_IS23100";NA;"2023-10-03 01:31:00";75654,6
"872256";"27:12:2";"Exp60_203_IS23100";"Exp60_203_IS23100";NA;"2023-10-03 01:47:00";75653,4
"872257";"27:12:2";"Exp60_203_IS23100";"Exp60_203_IS23100";NA;"2023-10-03 02:01:00";75651
"872258";"27:12:2";"Exp60_203_IS23100";"Exp60_203_IS23100";NA;"2023-10-03 02:17:00";75650,5
"872259";"27:12:2";"Exp60_203_IS23100";"Exp60_203_IS23100";NA;"2023-10-03 02:31:00";75648,5
"872260";"27:12:2";"Exp60_203_IS23100";"Exp60_203_IS23100";NA;"2023-10-03 03:47:00";75643,7
"872261";"27:12:2";"Exp60_203_IS23100";"Exp60_203_IS23100";NA;"2023-10-03 04:01:00";75639,6
"872262";"27:12:2";"Exp60_203_IS23100";"Exp60_203_IS23100";NA;"2023-10-03 04:17:00";75641,3
"872263";"27:12:2";"Exp60_203_IS23100";"Exp60_203_IS23100";NA;"2023-10-03 04:31:00";75637,3
"872264";"27:12:2";"Exp60_203_IS23100";"Exp60_203_IS23100";NA;"2023-10-03 04:47:00";75639
"872265";"27:12:2";"Exp60_203_IS23100";"Exp60_203_IS23100";NA;"2023-10-03 05:01:00";75632,5
"872266";"27:12:2";"Exp60_203_IS23100";"Exp60_203_IS23100";NA;"2023-10-03 05:17:00";75630,4
"872267";"27:12:2";"Exp60_203_IS23100";"Exp60_203_IS23100";NA;"2023-10-03 06:01:00";75628,8
"872268";"27:12:2";"Exp60_203_IS23100";"Exp60_203_IS23100";NA;"2023-10-03 06:17:00";75628,8
"872269";"27:12:2";"Exp60_203_IS23100";"Exp60_203_IS23100";NA;"2023-10-03 06:31:00";75633,7
"872270";"27:12:2";"Exp60_203_IS23100";"Exp60_203_IS23100";NA;"2023-10-03 06:47:00";75642,1
"872271";"27:12:2";"Exp60_203_IS23100";"Exp60_203_IS23100";NA;"2023-10-03 07:01:00";75650
"872272";"27:12:2";"Exp60_203_IS23100";"Exp60_203_IS23100";NA;"2023-10-03 07:17:00";75657,2
"872273";"27:12:2";"Exp60_203_IS23100";"Exp60_203_IS23100";NA;"2023-10-03 07:31:00";75651,3
"872274";"27:12:2";"Exp60_203_IS23100";"Exp60_203_IS23100";NA;"2023-10-03 08:02:00";75660,2
"872275";"27:12:2";"Exp60_203_IS23100";"Exp60_203_IS23100";NA;"2023-10-03 08:16:00";75657,8
"872276";"27:12:2";"Exp60_203_IS23100";"Exp60_203_IS23100";NA;"2023-10-03 08:32:00";75650,2
"872277";"27:12:2";"Exp60_203_IS23100";"Exp60_203_IS23100";NA;"2023-10-03 08:46:00";75659,5
"872278";"27:12:2";"Exp60_203_IS23100";"Exp60_203_IS23100";NA;"2023-10-03 15:16:00";75236,4
"872279";"27:12:2";"Exp60_203_IS23100";"Exp60_203_IS23100";NA;"2023-10-03 21:16:00";76428,9
"872280";"27:12:2";"Exp60_203_IS23100";"Exp60_203_IS23100";NA;"2023-10-03 22:02:00";76427,5
"872281";"27:12:2";"Exp60_203_IS23100";"Exp60_203_IS23100";NA;"2023-10-03 22:16:00";76428
"872282";"27:12:2";"Exp60_203_IS23100";"Exp60_203_IS23100";NA;"2023-10-03 22:32:00";76426,1
"872283";"27:12:2";"Exp60_203_IS23100";"Exp60_203_IS23100";NA;"2023-10-03 22:46:00";76425,8
"872284";"27:12:2";"Exp60_203_IS23100";"Exp60_203_IS23100";NA;"2023-10-03 23:17:00";76422,6
"872285";"27:12:2";"Exp60_203_IS23100";"Exp60_203_IS23100";NA;"2023-10-03 23:31:00";76420,5
"872286";"27:12:2";"Exp60_203_IS23100";"Exp60_203_IS23100";NA;"2023-10-03 23:47:00";76420
"872287";"27:12:2";"Exp60_203_IS23100";"Exp60_203_IS23100";NA;"2023-10-04 00:16:00";76418,3
"872288";"27:12:2";"Exp60_203_IS23100";"Exp60_203_IS23100";NA;"2023-10-04 00:32:00";76417,1
"872289";"27:12:2";"Exp60_203_IS23100";"Exp60_203_IS23100";NA;"2023-10-04 00:46:00";76416,1
"872290";"27:12:2";"Exp60_203_IS23100";"Exp60_203_IS23100";NA;"2023-10-04 01:02:00";76414,8
"872291";"27:12:2";"Exp60_203_IS23100";"Exp60_203_IS23100";NA;"2023-10-04 01:16:00";76412,8
"872292";"27:12:2";"Exp60_203_IS23100";"Exp60_203_IS23100";NA;"2023-10-04 01:32:00";76410,9
"872293";"27:12:2";"Exp60_203_IS23100";"Exp60_203_IS23100";NA;"2023-10-04 01:46:00";76411,1
"872294";"27:12:2";"Exp60_203_IS23100";"Exp60_203_IS23100";NA;"2023-10-04 02:02:00";76407,6
"872295";"27:12:2";"Exp60_203_IS23100";"Exp60_203_IS23100";NA;"2023-10-04 02:16:00";76408,4
"872296";"27:12:2";"Exp60_203_IS23100";"Exp60_203_IS23100";NA;"2023-10-04 02:32:00";76407,6
"872297";"27:12:2";"Exp60_203_IS23100";"Exp60_203_IS23100";NA;"2023-10-04 02:46:00";76408,2
"872298";"27:12:2";"Exp60_203_IS23100";"Exp60_203_IS23100";NA;"2023-10-04 03:17:00";76403,3
"872299";"27:12:2";"Exp60_203_IS23100";"Exp60_203_IS23100";NA;"2023-10-04 03:31:00";76403,1
"872300";"27:12:2";"Exp60_203_IS23100";"Exp60_203_IS23100";NA;"2023-10-04 03:47:00";76401,6
"872301";"27:12:2";"Exp60_203_IS23100";"Exp60_203_IS23100";NA;"2023-10-04 04:01:00";76401,3
"872302";"27:12:2";"Exp60_203_IS23100";"Exp60_203_IS23100";NA;"2023-10-04 04:32:00";76397
"872303";"27:12:2";"Exp60_203_IS23100";"Exp60_203_IS23100";NA;"2023-10-04 04:46:00";76394,4
"872304";"27:12:2";"Exp60_203_IS23100";"Exp60_203_IS23100";NA;"2023-10-04 05:02:00";76392
"872305";"27:12:2";"Exp60_203_IS23100";"Exp60_203_IS23100";NA;"2023-10-04 05:16:00";76395,6
"872306";"27:12:2";"Exp60_203_IS23100";"Exp60_203_IS23100";NA;"2023-10-04 05:32:00";76394,4
"872307";"27:12:2";"Exp60_203_IS23100";"Exp60_203_IS23100";NA;"2023-10-04 05:46:00";76396
"872308";"27:12:2";"Exp60_203_IS23100";"Exp60_203_IS23100";NA;"2023-10-04 06:32:00";76392,2
"872309";"27:12:2";"Exp60_203_IS23100";"Exp60_203_IS23100";NA;"2023-10-04 06:46:00";76396,2
"872310";"27:12:2";"Exp60_203_IS23100";"Exp60_203_IS23100";NA;"2023-10-04 07:17:00";76411,8
"872311";"27:12:2";"Exp60_203_IS23100";"Exp60_203_IS23100";NA;"2023-10-04 07:31:00";76420,8
"872312";"27:12:2";"Exp60_203_IS23100";"Exp60_203_IS23100";NA;"2023-10-04 07:47:00";76426,7
"872313";"27:12:2";"Exp60_203_IS23100";"Exp60_203_IS23100";NA;"2023-10-04 08:01:00";76435,4
"872314";"27:12:2";"Exp60_203_IS23100";"Exp60_203_IS23100";NA;"2023-10-04 08:17:00";76439,7
"872315";"27:12:2";"Exp60_203_IS23100";"Exp60_203_IS23100";NA;"2023-10-04 08:31:00";76432,4
"872316";"27:12:2";"Exp60_203_IS23100";"Exp60_203_IS23100";NA;"2023-10-04 08:47:00";76405,2
"872317";"27:12:2";"Exp60_203_IS23100";"Exp60_203_IS23100";NA;"2023-10-04 09:01:00";76428,8
"872318";"27:12:2";"Exp60_203_IS23100";"Exp60_203_IS23100";NA;"2023-10-04 09:17:00";76436,8
"872319";"27:12:2";"Exp60_203_IS23100";"Exp60_203_IS23100";NA;"2023-10-04 09:31:00";76431,9
"872320";"27:12:2";"Exp60_203_IS23100";"Exp60_203_IS23100";NA;"2023-10-04 09:47:00";76407,9
"872321";"27:12:2";"Exp60_203_IS23100";"Exp60_203_IS23100";NA;"2023-10-04 10:01:00";76396
"872322";"27:12:2";"Exp60_203_IS23100";"Exp60_203_IS23100";NA;"2023-10-04 10:17:00";76405
"872323";"27:12:2";"Exp60_203_IS23100";"Exp60_203_IS23100";NA;"2023-10-04 10:31:00";76383,5
"872324";"27:12:2";"Exp60_203_IS23100";"Exp60_203_IS23100";NA;"2023-10-04 10:47:00";76349,5
"872325";"27:12:2";"Exp60_203_IS23100";"Exp60_203_IS23100";NA;"2023-10-04 11:01:00";76265,8
"872326";"27:12:2";"Exp60_203_IS23100";"Exp60_203_IS23100";NA;"2023-10-04 11:17:00";76203,5
"872327";"27:12:2";"Exp60_203_IS23100";"Exp60_203_IS23100";NA;"2023-10-04 11:31:00";76224,6
"872328";"27:12:2";"Exp60_203_IS23100";"Exp60_203_IS23100";NA;"2023-10-04 11:47:00";76207,5
"872329";"27:12:2";"Exp60_203_IS23100";"Exp60_203_IS23100";NA;"2023-10-04 12:01:00";76173,4
"872330";"27:12:2";"Exp60_203_IS23100";"Exp60_203_IS23100";NA;"2023-10-04 12:32:00";76188
"872331";"27:12:2";"Exp60_203_IS23100";"Exp60_203_IS23100";NA;"2023-10-04 12:46:00";76176,8
"872332";"27:12:2";"Exp60_203_IS23100";"Exp60_203_IS23100";NA;"2023-10-04 13:02:00";76137
"872333";"27:12:2";"Exp60_203_IS23100";"Exp60_203_IS23100";NA;"2023-10-04 13:16:00";76008,3
"872334";"27:12:2";"Exp60_203_IS23100";"Exp60_203_IS23100";NA;"2023-10-04 13:32:00";76024,9
"872335";"27:12:2";"Exp60_203_IS23100";"Exp60_203_IS23100";NA;"2023-10-04 13:46:00";76053,7
"872336";"27:12:2";"Exp60_203_IS23100";"Exp60_203_IS23100";NA;"2023-10-04 21:01:00";75697,4
"872337";"27:12:2";"Exp60_203_IS23100";"Exp60_203_IS23100";NA;"2023-10-05 03:31:00";75642,3
"872338";"27:12:2";"Exp60_203_IS23100";"Exp60_203_IS23100";NA;"2023-10-05 03:47:00";75641,1
"872339";"27:12:2";"Exp60_203_IS23100";"Exp60_203_IS23100";NA;"2023-10-05 04:01:00";75642,3
"872340";"27:12:2";"Exp60_203_IS23100";"Exp60_203_IS23100";NA;"2023-10-05 04:17:00";75638,6
"872341";"27:12:2";"Exp60_203_IS23100";"Exp60_203_IS23100";NA;"2023-10-05 04:31:00";75636,9
"872342";"27:12:2";"Exp60_203_IS23100";"Exp60_203_IS23100";NA;"2023-10-05 04:47:00";75637,3
"872343";"27:12:2";"Exp60_203_IS23100";"Exp60_203_IS23100";NA;"2023-10-05 05:01:00";75640,2
"872344";"27:12:2";"Exp60_203_IS23100";"Exp60_203_IS23100";NA;"2023-10-05 05:17:00";75639,9
"872345";"27:12:2";"Exp60_203_IS23100";"Exp60_203_IS23100";NA;"2023-10-05 05:31:00";75639,7
"872346";"27:12:2";"Exp60_203_IS23100";"Exp60_203_IS23100";NA;"2023-10-05 05:47:00";75639,3
"872347";"27:12:2";"Exp60_203_IS23100";"Exp60_203_IS23100";NA;"2023-10-05 06:01:00";75641,7
"872348";"27:12:2";"Exp60_203_IS23100";"Exp60_203_IS23100";NA;"2023-10-05 06:17:00";75640,5
"872349";"27:12:2";"Exp60_203_IS23100";"Exp60_203_IS23100";NA;"2023-10-05 06:31:00";75642,6
"872350";"27:12:2";"Exp60_203_IS23100";"Exp60_203_IS23100";NA;"2023-10-05 06:47:00";75643
"872351";"27:12:2";"Exp60_203_IS23100";"Exp60_203_IS23100";NA;"2023-10-05 07:01:00";75644,1
"872352";"27:12:2";"Exp60_203_IS23100";"Exp60_203_IS23100";NA;"2023-10-05 07:17:00";75649,3
"872353";"27:12:2";"Exp60_203_IS23100";"Exp60_203_IS23100";NA;"2023-10-05 07:31:00";75658,5
"872354";"27:12:2";"Exp60_203_IS23100";"Exp60_203_IS23100";NA;"2023-10-05 07:47:00";75664,3
"872355";"27:12:2";"Exp60_203_IS23100";"Exp60_203_IS23100";NA;"2023-10-05 08:01:00";75669,5
"872356";"27:12:2";"Exp60_203_IS23100";"Exp60_203_IS23100";NA;"2023-10-05 08:17:00";75672,6
"872357";"27:12:2";"Exp60_203_IS23100";"Exp60_203_IS23100";NA;"2023-10-05 08:31:00";75683,6
"872358";"27:12:2";"Exp60_203_IS23100";"Exp60_203_IS23100";NA;"2023-10-05 08:47:00";75687
"872359";"27:12:2";"Exp60_203_IS23100";"Exp60_203_IS23100";NA;"2023-10-05 09:01:00";75694,6
"872360";"27:12:2";"Exp60_203_IS23100";"Exp60_203_IS23100";NA;"2023-10-05 09:17:00";75683,1
"872361";"27:12:2";"Exp60_203_IS23100";"Exp60_203_IS23100";NA;"2023-10-05 09:31:00";75710,2
"872362";"27:12:2";"Exp60_203_IS23100";"Exp60_203_IS23100";NA;"2023-10-05 09:47:00";75691
"872363";"27:12:2";"Exp60_203_IS23100";"Exp60_203_IS23100";NA;"2023-10-05 10:01:00";75688,3
"872364";"27:12:2";"Exp60_203_IS23100";"Exp60_203_IS23100";NA;"2023-10-05 10:17:00";75664,8
"872365";"27:12:2";"Exp60_203_IS23100";"Exp60_203_IS23100";NA;"2023-10-05 10:31:00";75630
"872366";"27:12:2";"Exp60_203_IS23100";"Exp60_203_IS23100";NA;"2023-10-05 10:47:00";75637,3
"872367";"27:12:2";"Exp60_203_IS23100";"Exp60_203_IS23100";NA;"2023-10-05 11:01:00";75608,9
"872368";"27:12:2";"Exp60_203_IS23100";"Exp60_203_IS23100";NA;"2023-10-05 11:17:00";75527,8
"872369";"27:12:2";"Exp60_203_IS23100";"Exp60_203_IS23100";NA;"2023-10-05 11:31:00";75525,5
"872370";"27:12:2";"Exp60_203_IS23100";"Exp60_203_IS23100";NA;"2023-10-05 11:47:00";75493,5
"872371";"27:12:2";"Exp60_203_IS23100";"Exp60_203_IS23100";NA;"2023-10-05 12:01:00";75486,9
"872372";"27:12:2";"Exp60_203_IS23100";"Exp60_203_IS23100";NA;"2023-10-05 18:01:00";74975,1
"872373";"27:12:2";"Exp60_203_IS23100";"Exp60_203_IS23100";NA;"2023-10-05 18:17:00";74974,9
"872374";"27:12:2";"Exp60_203_IS23100";"Exp60_203_IS23100";NA;"2023-10-05 18:31:00";74973
"872375";"27:12:2";"Exp60_203_IS23100";"Exp60_203_IS23100";NA;"2023-10-06 00:31:00";74904,1
"872376";"27:12:2";"Exp60_203_IS23100";"Exp60_203_IS23100";NA;"2023-10-06 00:47:00";74907
"872377";"27:12:2";"Exp60_203_IS23100";"Exp60_203_IS23100";NA;"2023-10-06 01:01:00";74901,1
"872378";"27:12:2";"Exp60_203_IS23100";"Exp60_203_IS23100";NA;"2023-10-06 01:17:00";74895
"872379";"27:12:2";"Exp60_203_IS23100";"Exp60_203_IS23100";NA;"2023-10-06 01:31:00";74898
"872380";"27:12:2";"Exp60_203_IS23100";"Exp60_203_IS23100";NA;"2023-10-06 01:47:00";74895,4
"872381";"27:12:2";"Exp60_203_IS23100";"Exp60_203_IS23100";NA;"2023-10-06 02:01:00";74891,6
"872382";"27:12:2";"Exp60_203_IS23100";"Exp60_203_IS23100";NA;"2023-10-06 02:17:00";74891,9
"872383";"27:12:2";"Exp60_203_IS23100";"Exp60_203_IS23100";NA;"2023-10-06 02:31:00";74889,3
"872384";"27:12:2";"Exp60_203_IS23100";"Exp60_203_IS23100";NA;"2023-10-06 02:47:00";74886,2
"872385";"27:12:2";"Exp60_203_IS23100";"Exp60_203_IS23100";NA;"2023-10-06 03:16:00";74887
"872386";"27:12:2";"Exp60_203_IS23100";"Exp60_203_IS23100";NA;"2023-10-06 03:32:00";74885,5
"872387";"27:12:2";"Exp60_203_IS23100";"Exp60_203_IS23100";NA;"2023-10-06 03:46:00";74887,5
"872388";"27:12:2";"Exp60_203_IS23100";"Exp60_203_IS23100";NA;"2023-10-06 10:46:00";74889,2
"872389";"27:12:2";"Exp60_203_IS23100";"Exp60_203_IS23100";NA;"2023-10-06 11:02:00";74857,4
"872390";"27:12:2";"Exp60_203_IS23100";"Exp60_203_IS23100";NA;"2023-10-06 11:16:00";74842,2
"872391";"27:12:2";"Exp60_203_IS23100";"Exp60_203_IS23100";NA;"2023-10-06 11:47:00";74822,8
"872392";"27:12:2";"Exp60_203_IS23100";"Exp60_203_IS23100";NA;"2023-10-06 12:01:00";74789
"872393";"27:12:2";"Exp60_203_IS23100";"Exp60_203_IS23100";NA;"2023-10-06 20:01:00";76582,8
"872394";"27:12:2";"Exp60_203_IS23100";"Exp60_203_IS23100";NA;"2023-10-06 20:17:00";76573,9
"872395";"27:12:2";"Exp60_203_IS23100";"Exp60_203_IS23100";NA;"2023-10-06 20:31:00";76558,9
"872396";"27:12:2";"Exp60_203_IS23100";"Exp60_203_IS23100";NA;"2023-10-07 03:01:00";76469,1
"872397";"27:12:2";"Exp60_203_IS23100";"Exp60_203_IS23100";NA;"2023-10-07 03:17:00";76479,4
"872398";"27:12:2";"Exp60_203_IS23100";"Exp60_203_IS23100";NA;"2023-10-07 03:31:00";76474,9
"872399";"27:12:2";"Exp60_203_IS23100";"Exp60_203_IS23100";NA;"2023-10-07 03:47:00";76475,9
"872400";"27:12:2";"Exp60_203_IS23100";"Exp60_203_IS23100";NA;"2023-10-07 04:01:00";76471,7
"872401";"27:12:2";"Exp60_203_IS23100";"Exp60_203_IS23100";NA;"2023-10-07 11:01:00";76443,6
"872402";"27:12:2";"Exp60_203_IS23100";"Exp60_203_IS23100";NA;"2023-10-07 11:17:00";76411,6
"872403";"27:12:2";"Exp60_203_IS23100";"Exp60_203_IS23100";NA;"2023-10-07 11:31:00";76388
"872404";"27:12:2";"Exp60_203_IS23100";"Exp60_203_IS23100";NA;"2023-10-07 11:47:00";76369,7
"872405";"27:12:2";"Exp60_203_IS23100";"Exp60_203_IS23100";NA;"2023-10-07 12:01:00";76341,2
"872406";"27:12:2";"Exp60_203_IS23100";"Exp60_203_IS23100";NA;"2023-10-07 12:47:00";76200
"872407";"27:12:2";"Exp60_203_IS23100";"Exp60_203_IS23100";NA;"2023-10-07 13:01:00";76166,2
"872408";"27:12:2";"Exp60_203_IS23100";"Exp60_203_IS23100";NA;"2023-10-07 13:17:00";76141,3
"872409";"27:12:2";"Exp60_203_IS23100";"Exp60_203_IS23100";NA;"2023-10-07 13:31:00";76113,9
"872410";"27:12:2";"Exp60_203_IS23100";"Exp60_203_IS23100";NA;"2023-10-07 13:47:00";76084,9
"872411";"27:12:2";"Exp60_203_IS23100";"Exp60_203_IS23100";NA;"2023-10-07 14:01:00";76038,9
"872412";"27:12:2";"Exp60_203_IS23100";"Exp60_203_IS23100";NA;"2023-10-07 14:17:00";76031,9
"872413";"27:12:2";"Exp60_203_IS23100";"Exp60_203_IS23100";NA;"2023-10-07 14:31:00";75948,9
"872414";"27:12:2";"Exp60_203_IS23100";"Exp60_203_IS23100";NA;"2023-10-07 20:46:00";75701,7
"872415";"27:12:2";"Exp60_203_IS23100";"Exp60_203_IS23100";NA;"2023-10-07 21:02:00";75699,6
"872416";"27:12:2";"Exp60_203_IS23100";"Exp60_203_IS23100";NA;"2023-10-07 21:16:00";75692,9
"872417";"27:12:2";"Exp60_203_IS23100";"Exp60_203_IS23100";NA;"2023-10-07 21:32:00";75694,9
"872418";"27:12:2";"Exp60_203_IS23100";"Exp60_203_IS23100";NA;"2023-10-07 21:46:00";75691,1
"872419";"27:12:2";"Exp60_203_IS23100";"Exp60_203_IS23100";NA;"2023-10-07 22:02:00";75687,1
"872420";"27:12:2";"Exp60_203_IS23100";"Exp60_203_IS23100";NA;"2023-10-07 22:16:00";75683,3
"872421";"27:12:2";"Exp60_203_IS23100";"Exp60_203_IS23100";NA;"2023-10-07 22:32:00";75687,4
"872422";"27:12:2";"Exp60_203_IS23100";"Exp60_203_IS23100";NA;"2023-10-07 22:46:00";75681,6
"872423";"27:12:2";"Exp60_203_IS23100";"Exp60_203_IS23100";NA;"2023-10-07 23:02:00";75678,1
"872424";"27:12:2";"Exp60_203_IS23100";"Exp60_203_IS23100";NA;"2023-10-07 23:16:00";75681
"872425";"27:12:2";"Exp60_203_IS23100";"Exp60_203_IS23100";NA;"2023-10-07 23:32:00";75670,2
"872426";"27:12:2";"Exp60_203_IS23100";"Exp60_203_IS23100";NA;"2023-10-07 23:46:00";75660,7
"872427";"27:12:2";"Exp60_203_IS23100";"Exp60_203_IS23100";NA;"2023-10-08 00:02:00";75661,8
"872428";"27:12:2";"Exp60_203_IS23100";"Exp60_203_IS23100";NA;"2023-10-08 00:16:00";75659
"872429";"27:12:2";"Exp60_203_IS23100";"Exp60_203_IS23100";NA;"2023-10-08 00:32:00";75657,8
"872430";"27:12:2";"Exp60_203_IS23100";"Exp60_203_IS23100";NA;"2023-10-08 00:46:00";75658,2
"872431";"27:12:2";"Exp60_203_IS23100";"Exp60_203_IS23100";NA;"2023-10-08 01:02:00";75649,7
"872432";"27:12:2";"Exp60_203_IS23100";"Exp60_203_IS23100";NA;"2023-10-08 01:16:00";75648,5
"872433";"27:12:2";"Exp60_203_IS23100";"Exp60_203_IS23100";NA;"2023-10-08 01:32:00";75648,3
"872434";"27:12:2";"Exp60_203_IS23100";"Exp60_203_IS23100";NA;"2023-10-08 01:46:00";75645,2
"872435";"27:12:2";"Exp60_203_IS23100";"Exp60_203_IS23100";NA;"2023-10-08 02:02:00";75650,3
"872436";"27:12:2";"Exp60_203_IS23100";"Exp60_203_IS23100";NA;"2023-10-08 02:16:00";75641,9
"872437";"27:12:2";"Exp60_203_IS23100";"Exp60_203_IS23100";NA;"2023-10-08 02:32:00";75645
"872438";"27:12:2";"Exp60_203_IS23100";"Exp60_203_IS23100";NA;"2023-10-08 02:46:00";75646,3
"872439";"27:12:2";"Exp60_203_IS23100";"Exp60_203_IS23100";NA;"2023-10-08 03:02:00";75638,2
"872440";"27:12:2";"Exp60_203_IS23100";"Exp60_203_IS23100";NA;"2023-10-08 03:16:00";75635,4
"872441";"27:12:2";"Exp60_203_IS23100";"Exp60_203_IS23100";NA;"2023-10-08 03:32:00";75633,6
"872442";"27:12:2";"Exp60_203_IS23100";"Exp60_203_IS23100";NA;"2023-10-08 03:46:00";75632,3
"872443";"27:12:2";"Exp60_203_IS23100";"Exp60_203_IS23100";NA;"2023-10-08 04:02:00";75634
"872444";"27:12:2";"Exp60_203_IS23100";"Exp60_203_IS23100";NA;"2023-10-08 04:16:00";75637,9
"872445";"27:12:2";"Exp60_203_IS23100";"Exp60_203_IS23100";NA;"2023-10-08 04:32:00";75636,1
"872446";"27:12:2";"Exp60_203_IS23100";"Exp60_203_IS23100";NA;"2023-10-08 04:46:00";75631,7
"872447";"27:12:2";"Exp60_203_IS23100";"Exp60_203_IS23100";NA;"2023-10-08 05:02:00";75636,3
"872448";"27:12:2";"Exp60_203_IS23100";"Exp60_203_IS23100";NA;"2023-10-08 05:16:00";75629,4
"872449";"27:12:2";"Exp60_203_IS23100";"Exp60_203_IS23100";NA;"2023-10-08 05:32:00";75632,5
"872450";"27:12:2";"Exp60_203_IS23100";"Exp60_203_IS23100";NA;"2023-10-08 05:46:00";75631,6
"872451";"27:12:2";"Exp60_203_IS23100";"Exp60_203_IS23100";NA;"2023-10-08 06:02:00";75625,1
"872452";"27:12:2";"Exp60_203_IS23100";"Exp60_203_IS23100";NA;"2023-10-08 06:16:00";75624
"872453";"27:12:2";"Exp60_203_IS23100";"Exp60_203_IS23100";NA;"2023-10-08 06:32:00";75635,6
"872454";"27:12:2";"Exp60_203_IS23100";"Exp60_203_IS23100";NA;"2023-10-08 06:46:00";75647,9
"872455";"27:12:2";"Exp60_203_IS23100";"Exp60_203_IS23100";NA;"2023-10-08 07:02:00";75660,8
"872456";"27:12:2";"Exp60_203_IS23100";"Exp60_203_IS23100";NA;"2023-10-08 07:16:00";75672,2
"872457";"27:12:2";"Exp60_203_IS23100";"Exp60_203_IS23100";NA;"2023-10-08 07:32:00";75680
"872458";"27:12:2";"Exp60_203_IS23100";"Exp60_203_IS23100";NA;"2023-10-08 07:46:00";75684,6
"872459";"27:12:2";"Exp60_203_IS23100";"Exp60_203_IS23100";NA;"2023-10-08 08:02:00";75689,4
"872460";"27:12:2";"Exp60_203_IS23100";"Exp60_203_IS23100";NA;"2023-10-08 08:16:00";75686,9
"872461";"27:12:2";"Exp60_203_IS23100";"Exp60_203_IS23100";NA;"2023-10-08 08:32:00";75670,9
"872462";"27:12:2";"Exp60_203_IS23100";"Exp60_203_IS23100";NA;"2023-10-08 08:46:00";75672,2
"872463";"27:12:2";"Exp60_203_IS23100";"Exp60_203_IS23100";NA;"2023-10-08 09:02:00";75686,3
"872464";"27:12:2";"Exp60_203_IS23100";"Exp60_203_IS23100";NA;"2023-10-08 09:16:00";75689,1
"872465";"27:12:2";"Exp60_203_IS23100";"Exp60_203_IS23100";NA;"2023-10-08 09:32:00";75687,9
"872466";"27:12:2";"Exp60_203_IS23100";"Exp60_203_IS23100";NA;"2023-10-08 09:46:00";75676
"872467";"27:12:2";"Exp60_203_IS23100";"Exp60_203_IS23100";NA;"2023-10-08 10:32:00";75655,3
"872468";"27:12:2";"Exp60_203_IS23100";"Exp60_203_IS23100";NA;"2023-10-08 10:46:00";75638,1
"872469";"27:12:2";"Exp60_203_IS23100";"Exp60_203_IS23100";NA;"2023-10-08 11:17:00";75607
"872470";"27:12:2";"Exp60_203_IS23100";"Exp60_203_IS23100";NA;"2023-10-08 11:31:00";75626,1
"872471";"27:12:2";"Exp60_203_IS23100";"Exp60_203_IS23100";NA;"2023-10-08 12:02:00";75533,8
"872472";"27:12:2";"Exp60_203_IS23100";"Exp60_203_IS23100";NA;"2023-10-08 12:16:00";75493,7
"872473";"27:12:2";"Exp60_203_IS23100";"Exp60_203_IS23100";NA;"2023-10-08 12:32:00";75470,5
"872474";"27:12:2";"Exp60_203_IS23100";"Exp60_203_IS23100";NA;"2023-10-08 12:46:00";75455,8
"872475";"27:12:2";"Exp60_203_IS23100";"Exp60_203_IS23100";NA;"2023-10-08 13:02:00";75428,4
"872476";"27:12:2";"Exp60_203_IS23100";"Exp60_203_IS23100";NA;"2023-10-08 13:16:00";75362,9
"872477";"27:12:2";"Exp60_203_IS23100";"Exp60_203_IS23100";NA;"2023-10-08 13:47:00";75294,1
"872478";"27:12:2";"Exp60_203_IS23100";"Exp60_203_IS23100";NA;"2023-10-08 14:01:00";75286,9
"872479";"27:12:2";"Exp60_203_IS23100";"Exp60_203_IS23100";NA;"2023-10-08 14:17:00";75230,7
"872480";"27:12:2";"Exp60_203_IS23100";"Exp60_203_IS23100";NA;"2023-10-08 14:31:00";75194,5
"872481";"27:12:2";"Exp60_203_IS23100";"Exp60_203_IS23100";NA;"2023-10-08 14:47:00";75186,6
"872482";"27:12:2";"Exp60_203_IS23100";"Exp60_203_IS23100";NA;"2023-10-08 15:01:00";75182,3
"872483";"27:12:2";"Exp60_203_IS23100";"Exp60_203_IS23100";NA;"2023-10-08 22:46:00";74931,5
"872484";"27:12:2";"Exp60_203_IS23100";"Exp60_203_IS23100";NA;"2023-10-08 23:02:00";74923,3
"872485";"27:12:2";"Exp60_203_IS23100";"Exp60_203_IS23100";NA;"2023-10-08 23:16:00";74921,2
"872486";"27:12:2";"Exp60_203_IS23100";"Exp60_203_IS23100";NA;"2023-10-08 23:32:00";74919,4
"872487";"27:12:2";"Exp60_203_IS23100";"Exp60_203_IS23100";NA;"2023-10-08 23:46:00";74916,6
"872488";"27:12:2";"Exp60_203_IS23100";"Exp60_203_IS23100";NA;"2023-10-09 00:02:00";74917,7
"872489";"27:12:2";"Exp60_203_IS23100";"Exp60_203_IS23100";NA;"2023-10-09 00:16:00";74912,7
"872490";"27:12:2";"Exp60_203_IS23100";"Exp60_203_IS23100";NA;"2023-10-09 00:32:00";74909,4
"872491";"27:12:2";"Exp60_203_IS23100";"Exp60_203_IS23100";NA;"2023-10-09 00:46:00";74910,9
"872492";"27:12:2";"Exp60_203_IS23100";"Exp60_203_IS23100";NA;"2023-10-09 01:02:00";74905,1
"872493";"27:12:2";"Exp60_203_IS23100";"Exp60_203_IS23100";NA;"2023-10-09 01:16:00";74908,2
"872494";"27:12:2";"Exp60_203_IS23100";"Exp60_203_IS23100";NA;"2023-10-09 01:32:00";74907,7
"872495";"27:12:2";"Exp60_203_IS23100";"Exp60_203_IS23100";NA;"2023-10-09 01:46:00";74902,3
"872496";"27:12:2";"Exp60_203_IS23100";"Exp60_203_IS23100";NA;"2023-10-09 02:02:00";74898
"872497";"27:12:2";"Exp60_203_IS23100";"Exp60_203_IS23100";NA;"2023-10-09 02:16:00";74900,1
"872498";"27:12:2";"Exp60_203_IS23100";"Exp60_203_IS23100";NA;"2023-10-09 02:32:00";74898,6
"872499";"27:12:2";"Exp60_203_IS23100";"Exp60_203_IS23100";NA;"2023-10-09 02:46:00";74888,6
"872500";"27:12:2";"Exp60_203_IS23100";"Exp60_203_IS23100";NA;"2023-10-09 03:02:00";74888,1
"872501";"27:12:2";"Exp60_203_IS23100";"Exp60_203_IS23100";NA;"2023-10-09 03:16:00";74893,8
"872502";"27:12:2";"Exp60_203_IS23100";"Exp60_203_IS23100";NA;"2023-10-09 03:32:00";74887,5
"872503";"27:12:2";"Exp60_203_IS23100";"Exp60_203_IS23100";NA;"2023-10-09 03:46:00";74887,9
"872504";"27:12:2";"Exp60_203_IS23100";"Exp60_203_IS23100";NA;"2023-10-09 04:17:00";74883,3
"872505";"27:12:2";"Exp60_203_IS23100";"Exp60_203_IS23100";NA;"2023-10-09 04:31:00";74880,7
"872506";"27:12:2";"Exp60_203_IS23100";"Exp60_203_IS23100";NA;"2023-10-09 04:47:00";74877,2
"872507";"27:12:2";"Exp60_203_IS23100";"Exp60_203_IS23100";NA;"2023-10-09 05:01:00";74881,7
"872508";"27:12:2";"Exp60_203_IS23100";"Exp60_203_IS23100";NA;"2023-10-09 05:17:00";74883,9
"872509";"27:12:2";"Exp60_203_IS23100";"Exp60_203_IS23100";NA;"2023-10-09 05:31:00";74883,5
"872510";"27:12:2";"Exp60_203_IS23100";"Exp60_203_IS23100";NA;"2023-10-09 05:47:00";74877,9
"872511";"27:12:2";"Exp60_203_IS23100";"Exp60_203_IS23100";NA;"2023-10-09 06:01:00";74874,7
"872512";"27:12:2";"Exp60_203_IS23100";"Exp60_203_IS23100";NA;"2023-10-09 06:17:00";74876,7
"872513";"27:12:2";"Exp60_203_IS23100";"Exp60_203_IS23100";NA;"2023-10-09 06:31:00";74878,8
"872514";"27:12:2";"Exp60_203_IS23100";"Exp60_203_IS23100";NA;"2023-10-09 06:47:00";74891,7
"872515";"27:12:2";"Exp60_203_IS23100";"Exp60_203_IS23100";NA;"2023-10-09 07:01:00";74903,7
"872516";"27:12:2";"Exp60_203_IS23100";"Exp60_203_IS23100";NA;"2023-10-09 07:17:00";74940,3
"872517";"27:12:2";"Exp60_203_IS23100";"Exp60_203_IS23100";NA;"2023-10-09 07:31:00";74948,8
"872518";"27:12:2";"Exp60_203_IS23100";"Exp60_203_IS23100";NA;"2023-10-09 07:47:00";74959,6
"872519";"27:12:2";"Exp60_203_IS23100";"Exp60_203_IS23100";NA;"2023-10-09 08:01:00";74965,9
"872520";"27:12:2";"Exp60_203_IS23100";"Exp60_203_IS23100";NA;"2023-10-09 08:17:00";74961,3
"872521";"27:12:2";"Exp60_203_IS23100";"Exp60_203_IS23100";NA;"2023-10-09 08:31:00";74952
"872522";"27:12:2";"Exp60_203_IS23100";"Exp60_203_IS23100";NA;"2023-10-09 08:47:00";74942,9
"872523";"27:12:2";"Exp60_203_IS23100";"Exp60_203_IS23100";NA;"2023-10-09 09:01:00";74948,3
"872524";"27:12:2";"Exp60_203_IS23100";"Exp60_203_IS23100";NA;"2023-10-09 09:17:00";74952,1
"872525";"27:12:2";"Exp60_203_IS23100";"Exp60_203_IS23100";NA;"2023-10-09 09:31:00";74937,2
"872526";"27:12:2";"Exp60_203_IS23100";"Exp60_203_IS23100";NA;"2023-10-09 10:32:00";74909,5
"872527";"27:12:2";"Exp60_203_IS23100";"Exp60_203_IS23100";NA;"2023-10-09 10:46:00";74892,6
"872528";"27:12:2";"Exp60_203_IS23100";"Exp60_203_IS23100";NA;"2023-10-09 11:02:00";74861,1
"872529";"27:12:2";"Exp60_203_IS23100";"Exp60_203_IS23100";NA;"2023-10-09 11:16:00";74858,8
"872530";"27:12:2";"Exp60_203_IS23100";"Exp60_203_IS23100";NA;"2023-10-09 11:47:00";74842,9
"872531";"27:12:2";"Exp60_203_IS23100";"Exp60_203_IS23100";NA;"2023-10-09 12:01:00";74754,5
"872532";"27:12:2";"Exp60_203_IS23100";"Exp60_203_IS23100";NA;"2023-10-09 12:17:00";74763,2
"872533";"27:12:2";"Exp60_203_IS23100";"Exp60_203_IS23100";NA;"2023-10-09 12:31:00";74727,7
"872534";"27:12:2";"Exp60_203_IS23100";"Exp60_203_IS23100";NA;"2023-10-09 12:47:00";74706,8
"872535";"27:12:2";"Exp60_203_IS23100";"Exp60_203_IS23100";NA;"2023-10-09 13:01:00";74697,4
"872536";"27:12:2";"Exp60_203_IS23100";"Exp60_203_IS23100";NA;"2023-10-09 13:32:00";74605,9
"872537";"27:12:2";"Exp60_203_IS23100";"Exp60_203_IS23100";NA;"2023-10-09 13:46:00";74603,1
"872538";"27:12:2";"Exp60_203_IS23100";"Exp60_203_IS23100";NA;"2023-10-09 14:02:00";74522,9
"872539";"27:12:2";"Exp60_203_IS23100";"Exp60_203_IS23100";NA;"2023-10-09 14:16:00";74501,8
"872540";"27:12:2";"Exp60_203_IS23100";"Exp60_203_IS23100";NA;"2023-10-09 20:16:00";74294,6
"872541";"27:12:2";"Exp60_203_IS23100";"Exp60_203_IS23100";NA;"2023-10-09 20:32:00";74288
"872542";"27:12:2";"Exp60_203_IS23100";"Exp60_203_IS23100";NA;"2023-10-09 20:46:00";74287,5
"872543";"27:12:2";"Exp60_203_IS23100";"Exp60_203_IS23100";NA;"2023-10-09 21:02:00";74286,5
"872544";"27:12:2";"Exp60_203_IS23100";"Exp60_203_IS23100";NA;"2023-10-09 21:16:00";74287,9
"872545";"27:12:2";"Exp60_203_IS23100";"Exp60_203_IS23100";NA;"2023-10-09 21:32:00";74286,1
"872546";"27:12:2";"Exp60_203_IS23100";"Exp60_203_IS23100";NA;"2023-10-09 21:46:00";74286,9
"872547";"27:12:2";"Exp60_203_IS23100";"Exp60_203_IS23100";NA;"2023-10-09 22:32:00";74271,1
"872548";"27:12:2";"Exp60_203_IS23100";"Exp60_203_IS23100";NA;"2023-10-09 22:46:00";74272,7
"872549";"27:12:2";"Exp60_203_IS23100";"Exp60_203_IS23100";NA;"2023-10-09 23:17:00";74267,8
"872550";"27:12:2";"Exp60_203_IS23100";"Exp60_203_IS23100";NA;"2023-10-09 23:31:00";74265,3
"872551";"27:12:2";"Exp60_203_IS23100";"Exp60_203_IS23100";NA;"2023-10-09 23:47:00";74264,2
"872552";"27:12:2";"Exp60_203_IS23100";"Exp60_203_IS23100";NA;"2023-10-10 00:16:00";74261,2
"872553";"27:12:2";"Exp60_203_IS23100";"Exp60_203_IS23100";NA;"2023-10-10 00:47:00";74258,3
"872554";"27:12:2";"Exp60_203_IS23100";"Exp60_203_IS23100";NA;"2023-10-10 01:01:00";74249,9
"872555";"27:12:2";"Exp60_203_IS23100";"Exp60_203_IS23100";NA;"2023-10-10 01:17:00";74256,5
"872556";"27:12:2";"Exp60_203_IS23100";"Exp60_203_IS23100";NA;"2023-10-10 01:31:00";74252,6
"872557";"27:12:2";"Exp60_203_IS23100";"Exp60_203_IS23100";NA;"2023-10-10 01:47:00";74246,8
"872558";"27:12:2";"Exp60_203_IS23100";"Exp60_203_IS23100";NA;"2023-10-10 02:01:00";74253,8
"872559";"27:12:2";"Exp60_203_IS23100";"Exp60_203_IS23100";NA;"2023-10-10 02:17:00";74250,5
"872560";"27:12:2";"Exp60_203_IS23100";"Exp60_203_IS23100";NA;"2023-10-10 02:31:00";74246,6
"872561";"27:12:2";"Exp60_203_IS23100";"Exp60_203_IS23100";NA;"2023-10-10 02:47:00";74242,6
"872562";"27:12:2";"Exp60_203_IS23100";"Exp60_203_IS23100";NA;"2023-10-10 03:01:00";74240,4
"872563";"27:12:2";"Exp60_203_IS23100";"Exp60_203_IS23100";NA;"2023-10-10 03:17:00";74239,2
"872564";"27:12:2";"Exp60_203_IS23100";"Exp60_203_IS23100";NA;"2023-10-10 03:31:00";74239,9
"872565";"27:12:2";"Exp60_203_IS23100";"Exp60_203_IS23100";NA;"2023-10-10 03:47:00";74234,4
"872566";"27:12:2";"Exp60_203_IS23100";"Exp60_203_IS23100";NA;"2023-10-10 04:01:00";74231
"872567";"27:12:2";"Exp60_203_IS23100";"Exp60_203_IS23100";NA;"2023-10-10 04:17:00";74231,5
"872568";"27:12:2";"Exp60_203_IS23100";"Exp60_203_IS23100";NA;"2023-10-10 04:31:00";74234,6
"872569";"27:12:2";"Exp60_203_IS23100";"Exp60_203_IS23100";NA;"2023-10-10 04:47:00";74228,7
"872570";"27:12:2";"Exp60_203_IS23100";"Exp60_203_IS23100";NA;"2023-10-10 05:01:00";74227,5
"872571";"27:12:2";"Exp60_203_IS23100";"Exp60_203_IS23100";NA;"2023-10-10 05:17:00";74230,9
"872572";"27:12:2";"Exp60_203_IS23100";"Exp60_203_IS23100";NA;"2023-10-10 05:31:00";74225,6
"872573";"27:12:2";"Exp60_203_IS23100";"Exp60_203_IS23100";NA;"2023-10-10 05:47:00";74222,1
"872574";"27:12:2";"Exp60_203_IS23100";"Exp60_203_IS23100";NA;"2023-10-10 06:01:00";74223,2
"872575";"27:12:2";"Exp60_203_IS23100";"Exp60_203_IS23100";NA;"2023-10-10 06:17:00";74222,9
"872576";"27:12:2";"Exp60_203_IS23100";"Exp60_203_IS23100";NA;"2023-10-10 06:46:00";74231,7
"872577";"27:12:2";"Exp60_203_IS23100";"Exp60_203_IS23100";NA;"2023-10-10 07:17:00";74252,8
"872578";"27:12:2";"Exp60_203_IS23100";"Exp60_203_IS23100";NA;"2023-10-10 07:31:00";74259,9
"872579";"27:12:2";"Exp60_203_IS23100";"Exp60_203_IS23100";NA;"2023-10-10 08:02:00";74271,1
"872580";"27:12:2";"Exp60_203_IS23100";"Exp60_203_IS23100";NA;"2023-10-10 08:16:00";74275,9
"872581";"27:12:2";"Exp60_203_IS23100";"Exp60_203_IS23100";NA;"2023-10-10 08:32:00";74271,1
"872582";"27:12:2";"Exp60_203_IS23100";"Exp60_203_IS23100";NA;"2023-10-10 08:46:00";74264,7
"872583";"27:12:2";"Exp60_203_IS23100";"Exp60_203_IS23100";NA;"2023-10-10 09:02:00";74273,8
"872584";"27:12:2";"Exp60_203_IS23100";"Exp60_203_IS23100";NA;"2023-10-10 09:16:00";74253,9
"872585";"27:12:2";"Exp60_203_IS23100";"Exp60_203_IS23100";NA;"2023-10-10 09:32:00";74248,3
"872586";"27:12:2";"Exp60_203_IS23100";"Exp60_203_IS23100";NA;"2023-10-10 09:46:00";74248,4
"872587";"27:12:2";"Exp60_203_IS23100";"Exp60_203_IS23100";NA;"2023-10-10 10:02:00";74269,8
"872588";"27:12:2";"Exp60_203_IS23100";"Exp60_203_IS23100";NA;"2023-10-10 10:16:00";74265,5
"872589";"27:12:2";"Exp60_203_IS23100";"Exp60_203_IS23100";NA;"2023-10-10 10:32:00";74219,2
"872590";"27:12:2";"Exp60_203_IS23100";"Exp60_203_IS23100";NA;"2023-10-10 10:46:00";74221,5
"872591";"27:12:2";"Exp60_203_IS23100";"Exp60_203_IS23100";NA;"2023-10-10 11:02:00";74200,1
"872592";"27:12:2";"Exp60_203_IS23100";"Exp60_203_IS23100";NA;"2023-10-10 11:16:00";74164
"872593";"27:12:2";"Exp60_203_IS23100";"Exp60_203_IS23100";NA;"2023-10-10 15:46:00";73800,2
"872594";"27:12:2";"Exp60_203_IS23100";"Exp60_203_IS23100";NA;"2023-10-10 18:01:00";75824,3
"872595";"27:12:2";"Exp60_203_IS23100";"Exp60_203_IS23100";NA;"2023-10-10 18:17:00";75833,5
"872596";"27:12:2";"Exp60_203_IS23100";"Exp60_203_IS23100";NA;"2023-10-10 18:31:00";75824,5
"872597";"27:12:2";"Exp60_203_IS23100";"Exp60_203_IS23100";NA;"2023-10-10 18:47:00";75832
"872598";"27:12:2";"Exp60_203_IS23100";"Exp60_203_IS23100";NA;"2023-10-10 19:01:00";75829,9
"872599";"27:12:2";"Exp60_203_IS23100";"Exp60_203_IS23100";NA;"2023-10-10 19:17:00";75818,9
"872600";"27:12:2";"Exp60_203_IS23100";"Exp60_203_IS23100";NA;"2023-10-10 19:31:00";75815,6
"872601";"27:12:2";"Exp60_203_IS23100";"Exp60_203_IS23100";NA;"2023-10-10 19:47:00";75813
"872602";"27:12:2";"Exp60_203_IS23100";"Exp60_203_IS23100";NA;"2023-10-10 20:01:00";75815,2
"872603";"27:12:2";"Exp60_203_IS23100";"Exp60_203_IS23100";NA;"2023-10-10 20:17:00";75809,6
"872604";"27:12:2";"Exp60_203_IS23100";"Exp60_203_IS23100";NA;"2023-10-10 20:31:00";75806,5
"872605";"27:12:2";"Exp60_203_IS23100";"Exp60_203_IS23100";NA;"2023-10-10 20:47:00";75804,8
"872606";"27:12:2";"Exp60_203_IS23100";"Exp60_203_IS23100";NA;"2023-10-10 21:01:00";75807,5
"872607";"27:12:2";"Exp60_203_IS23100";"Exp60_203_IS23100";NA;"2023-10-10 21:17:00";75809,7
"872608";"27:12:2";"Exp60_203_IS23100";"Exp60_203_IS23100";NA;"2023-10-10 21:31:00";75808,6
"872609";"27:12:2";"Exp60_203_IS23100";"Exp60_203_IS23100";NA;"2023-10-10 21:47:00";75806,1
"872610";"27:12:2";"Exp60_203_IS23100";"Exp60_203_IS23100";NA;"2023-10-10 22:01:00";75799,2
"872611";"27:12:2";"Exp60_203_IS23100";"Exp60_203_IS23100";NA;"2023-10-10 22:32:00";75790,2
"872612";"27:12:2";"Exp60_203_IS23100";"Exp60_203_IS23100";NA;"2023-10-10 22:46:00";75787,2
"872613";"27:12:2";"Exp60_203_IS23100";"Exp60_203_IS23100";NA;"2023-10-10 23:02:00";75787,3
"872614";"27:12:2";"Exp60_203_IS23100";"Exp60_203_IS23100";NA;"2023-10-10 23:16:00";75785,1
"872615";"27:12:2";"Exp60_203_IS23100";"Exp60_203_IS23100";NA;"2023-10-10 23:32:00";75779,2
"872616";"27:12:2";"Exp60_203_IS23100";"Exp60_203_IS23100";NA;"2023-10-10 23:46:00";75780,5
"872617";"27:12:2";"Exp60_203_IS23100";"Exp60_203_IS23100";NA;"2023-10-11 00:02:00";75778,9
"872618";"27:12:2";"Exp60_203_IS23100";"Exp60_203_IS23100";NA;"2023-10-11 00:16:00";75776,9
"872619";"27:12:2";"Exp60_203_IS23100";"Exp60_203_IS23100";NA;"2023-10-11 00:32:00";75773,1
"872620";"27:12:2";"Exp60_203_IS23100";"Exp60_203_IS23100";NA;"2023-10-11 00:46:00";75776
"872621";"27:12:2";"Exp60_203_IS23100";"Exp60_203_IS23100";NA;"2023-10-11 06:31:00";75748,6
"872622";"27:12:2";"Exp60_203_IS23100";"Exp60_203_IS23100";NA;"2023-10-11 07:17:00";75773
"872623";"27:12:2";"Exp60_203_IS23100";"Exp60_203_IS23100";NA;"2023-10-11 07:31:00";75785,8
"872624";"27:12:2";"Exp60_203_IS23100";"Exp60_203_IS23100";NA;"2023-10-11 07:47:00";75791,3
"872625";"27:12:2";"Exp60_203_IS23100";"Exp60_203_IS23100";NA;"2023-10-11 08:01:00";75802,5
"872626";"27:12:2";"Exp60_203_IS23100";"Exp60_203_IS23100";NA;"2023-10-11 08:17:00";75809,5
"872627";"27:12:2";"Exp60_203_IS23100";"Exp60_203_IS23100";NA;"2023-10-11 08:31:00";75805,2
"872628";"27:12:2";"Exp60_203_IS23100";"Exp60_203_IS23100";NA;"2023-10-11 08:47:00";75802,6
"872629";"27:12:2";"Exp60_203_IS23100";"Exp60_203_IS23100";NA;"2023-10-11 09:01:00";75798,6
"872630";"27:12:2";"Exp60_203_IS23100";"Exp60_203_IS23100";NA;"2023-10-11 16:16:00";75144,6
"872631";"27:12:2";"Exp60_203_IS23100";"Exp60_203_IS23100";NA;"2023-10-11 16:32:00";75126,6
"872632";"27:12:2";"Exp60_203_IS23100";"Exp60_203_IS23100";NA;"2023-10-11 16:46:00";75123,4
"872633";"27:12:2";"Exp60_203_IS23100";"Exp60_203_IS23100";NA;"2023-10-11 17:02:00";75105,7
"872634";"27:12:2";"Exp60_203_IS23100";"Exp60_203_IS23100";NA;"2023-10-11 17:16:00";75088,5
"872635";"27:12:2";"Exp60_203_IS23100";"Exp60_203_IS23100";NA;"2023-10-11 17:32:00";75095,6
"872636";"27:12:2";"Exp60_203_IS23100";"Exp60_203_IS23100";NA;"2023-10-11 17:46:00";75080,8
"872637";"27:12:2";"Exp60_203_IS23100";"Exp60_203_IS23100";NA;"2023-10-11 18:02:00";75075,6
"872638";"27:12:2";"Exp60_203_IS23100";"Exp60_203_IS23100";NA;"2023-10-11 18:16:00";75082,5
"872639";"27:12:2";"Exp60_203_IS23100";"Exp60_203_IS23100";NA;"2023-10-11 18:32:00";75082,4
"872640";"27:12:2";"Exp60_203_IS23100";"Exp60_203_IS23100";NA;"2023-10-11 18:46:00";75075,4
"872641";"27:12:2";"Exp60_203_IS23100";"Exp60_203_IS23100";NA;"2023-10-11 19:02:00";75064,1
"872642";"27:12:2";"Exp60_203_IS23100";"Exp60_203_IS23100";NA;"2023-10-11 19:16:00";75059,9
"872643";"27:12:2";"Exp60_203_IS23100";"Exp60_203_IS23100";NA;"2023-10-11 19:32:00";75058,3
"872644";"27:12:2";"Exp60_203_IS23100";"Exp60_203_IS23100";NA;"2023-10-11 19:46:00";75056,9
"872645";"27:12:2";"Exp60_203_IS23100";"Exp60_203_IS23100";NA;"2023-10-11 20:02:00";75054
"872646";"27:12:2";"Exp60_203_IS23100";"Exp60_203_IS23100";NA;"2023-10-11 20:46:00";75046,4
"872647";"27:12:2";"Exp60_203_IS23100";"Exp60_203_IS23100";NA;"2023-10-11 21:02:00";75045,8
"872648";"27:12:2";"Exp60_203_IS23100";"Exp60_203_IS23100";NA;"2023-10-11 21:16:00";75040,7
"872649";"27:12:2";"Exp60_203_IS23100";"Exp60_203_IS23100";NA;"2023-10-11 21:32:00";75039,2
"872650";"27:12:2";"Exp60_203_IS23100";"Exp60_203_IS23100";NA;"2023-10-11 21:46:00";75033,1
"872651";"27:12:2";"Exp60_203_IS23100";"Exp60_203_IS23100";NA;"2023-10-11 22:17:00";75025,2
"872652";"27:12:2";"Exp60_203_IS23100";"Exp60_203_IS23100";NA;"2023-10-11 22:31:00";75026,4
"872653";"27:12:2";"Exp60_203_IS23100";"Exp60_203_IS23100";NA;"2023-10-11 22:47:00";75023,4
"872654";"27:12:2";"Exp60_203_IS23100";"Exp60_203_IS23100";NA;"2023-10-11 23:01:00";75017,5
"872655";"27:12:2";"Exp60_203_IS23100";"Exp60_203_IS23100";NA;"2023-10-11 23:17:00";75013,6
"872656";"27:12:2";"Exp60_203_IS23100";"Exp60_203_IS23100";NA;"2023-10-11 23:31:00";75013
"872657";"27:12:2";"Exp60_203_IS23100";"Exp60_203_IS23100";NA;"2023-10-11 23:47:00";75012,3
"872658";"27:12:2";"Exp60_203_IS23100";"Exp60_203_IS23100";NA;"2023-10-12 00:01:00";75012,1
"872659";"27:12:2";"Exp60_203_IS23100";"Exp60_203_IS23100";NA;"2023-10-12 00:17:00";75010,6
"872660";"27:12:2";"Exp60_203_IS23100";"Exp60_203_IS23100";NA;"2023-10-12 00:31:00";75008,1
"872661";"27:12:2";"Exp60_203_IS23100";"Exp60_203_IS23100";NA;"2023-10-12 00:47:00";75008,9
"872662";"27:12:2";"Exp60_203_IS23100";"Exp60_203_IS23100";NA;"2023-10-12 01:01:00";75006,5
"872663";"27:12:2";"Exp60_203_IS23100";"Exp60_203_IS23100";NA;"2023-10-12 01:17:00";75001,4
"872664";"27:12:2";"Exp60_203_IS23100";"Exp60_203_IS23100";NA;"2023-10-12 01:31:00";75002,7
"872665";"27:12:2";"Exp60_203_IS23100";"Exp60_203_IS23100";NA;"2023-10-12 01:47:00";75001,2
"872666";"27:12:2";"Exp60_203_IS23100";"Exp60_203_IS23100";NA;"2023-10-12 02:01:00";74991,4
"872667";"27:12:2";"Exp60_203_IS23100";"Exp60_203_IS23100";NA;"2023-10-12 02:17:00";74989,8
"872668";"27:12:2";"Exp60_203_IS23100";"Exp60_203_IS23100";NA;"2023-10-12 02:31:00";74991,8
"872669";"27:12:2";"Exp60_203_IS23100";"Exp60_203_IS23100";NA;"2023-10-12 02:47:00";74995,1
"872670";"27:12:2";"Exp60_203_IS23100";"Exp60_203_IS23100";NA;"2023-10-12 03:01:00";74989,1
"872671";"27:12:2";"Exp60_203_IS23100";"Exp60_203_IS23100";NA;"2023-10-12 03:17:00";74990,7
"872672";"27:12:2";"Exp60_203_IS23100";"Exp60_203_IS23100";NA;"2023-10-12 03:31:00";74987,6
"872673";"27:12:2";"Exp60_203_IS23100";"Exp60_203_IS23100";NA;"2023-10-12 03:47:00";74987,3
"872674";"27:12:2";"Exp60_203_IS23100";"Exp60_203_IS23100";NA;"2023-10-12 04:01:00";74994,3
"872675";"27:12:2";"Exp60_203_IS23100";"Exp60_203_IS23100";NA;"2023-10-12 04:17:00";74998,4
"872676";"27:12:2";"Exp60_203_IS23100";"Exp60_203_IS23100";NA;"2023-10-12 04:31:00";74993,1
"872677";"27:12:2";"Exp60_203_IS23100";"Exp60_203_IS23100";NA;"2023-10-12 04:47:00";74994,4
"872678";"27:12:2";"Exp60_203_IS23100";"Exp60_203_IS23100";NA;"2023-10-12 05:01:00";74981,8
"872679";"27:12:2";"Exp60_203_IS23100";"Exp60_203_IS23100";NA;"2023-10-12 05:32:00";74973,9
"872680";"27:12:2";"Exp60_203_IS23100";"Exp60_203_IS23100";NA;"2023-10-12 05:46:00";74974,4
"872681";"27:12:2";"Exp60_203_IS23100";"Exp60_203_IS23100";NA;"2023-10-12 06:02:00";74981,2
"872682";"27:12:2";"Exp60_203_IS23100";"Exp60_203_IS23100";NA;"2023-10-12 06:16:00";74972
"872683";"27:12:2";"Exp60_203_IS23100";"Exp60_203_IS23100";NA;"2023-10-12 06:47:00";74976,6
"872684";"27:12:2";"Exp60_203_IS23100";"Exp60_203_IS23100";NA;"2023-10-12 07:01:00";74988,3
"872685";"27:12:2";"Exp60_203_IS23100";"Exp60_203_IS23100";NA;"2023-10-12 07:17:00";75004,2
"872686";"27:12:2";"Exp60_203_IS23100";"Exp60_203_IS23100";NA;"2023-10-12 07:31:00";75018,6
"872687";"27:12:2";"Exp60_203_IS23100";"Exp60_203_IS23100";NA;"2023-10-12 07:47:00";75025,2
"872688";"27:12:2";"Exp60_203_IS23100";"Exp60_203_IS23100";NA;"2023-10-12 08:01:00";75037
"872689";"27:12:2";"Exp60_203_IS23100";"Exp60_203_IS23100";NA;"2023-10-12 08:17:00";75042,1
"872690";"27:12:2";"Exp60_203_IS23100";"Exp60_203_IS23100";NA;"2023-10-12 08:31:00";75034
"872691";"27:12:2";"Exp60_203_IS23100";"Exp60_203_IS23100";NA;"2023-10-12 08:47:00";75024,5
"872692";"27:12:2";"Exp60_203_IS23100";"Exp60_203_IS23100";NA;"2023-10-12 09:01:00";75023,1
"872693";"27:12:2";"Exp60_203_IS23100";"Exp60_203_IS23100";NA;"2023-10-12 09:17:00";75012,3
"872694";"27:12:2";"Exp60_203_IS23100";"Exp60_203_IS23100";NA;"2023-10-12 09:31:00";75017,2
"872695";"27:12:2";"Exp60_203_IS23100";"Exp60_203_IS23100";NA;"2023-10-12 09:47:00";75011,9
"872696";"27:12:2";"Exp60_203_IS23100";"Exp60_203_IS23100";NA;"2023-10-12 10:01:00";75012,2
"872697";"27:12:2";"Exp60_203_IS23100";"Exp60_203_IS23100";NA;"2023-10-12 15:01:00";74508
"872698";"27:12:2";"Exp60_203_IS23100";"Exp60_203_IS23100";NA;"2023-10-12 15:17:00";74507,1
"872699";"27:12:2";"Exp60_203_IS23100";"Exp60_203_IS23100";NA;"2023-10-12 15:31:00";74490,8
"872700";"27:12:2";"Exp60_203_IS23100";"Exp60_203_IS23100";NA;"2023-10-12 15:47:00";74459,6
"872701";"27:12:2";"Exp60_203_IS23100";"Exp60_203_IS23100";NA;"2023-10-12 16:01:00";74449
"872702";"27:12:2";"Exp60_203_IS23100";"Exp60_203_IS23100";NA;"2023-10-12 16:17:00";74429,2
"872703";"27:12:2";"Exp60_203_IS23100";"Exp60_203_IS23100";NA;"2023-10-12 16:31:00";74412,3
"872704";"27:12:2";"Exp60_203_IS23100";"Exp60_203_IS23100";NA;"2023-10-12 16:47:00";74393,7
"872705";"27:12:2";"Exp60_203_IS23100";"Exp60_203_IS23100";NA;"2023-10-12 17:01:00";74382,6
"872706";"27:12:2";"Exp60_203_IS23100";"Exp60_203_IS23100";NA;"2023-10-12 17:17:00";74379,9
"872707";"27:12:2";"Exp60_203_IS23100";"Exp60_203_IS23100";NA;"2023-10-12 17:31:00";74364,8
"872708";"27:12:2";"Exp60_203_IS23100";"Exp60_203_IS23100";NA;"2023-10-12 17:47:00";74369,3
"872709";"27:12:2";"Exp60_203_IS23100";"Exp60_203_IS23100";NA;"2023-10-12 18:01:00";74365,1
"872710";"27:12:2";"Exp60_203_IS23100";"Exp60_203_IS23100";NA;"2023-10-12 18:17:00";74363,2
"872711";"27:12:2";"Exp60_203_IS23100";"Exp60_203_IS23100";NA;"2023-10-12 18:31:00";74350,8
"872712";"27:12:2";"Exp60_203_IS23100";"Exp60_203_IS23100";NA;"2023-10-12 18:47:00";74354,5
"872713";"27:12:2";"Exp60_203_IS23100";"Exp60_203_IS23100";NA;"2023-10-12 19:01:00";74352,7
"872714";"27:12:2";"Exp60_203_IS23100";"Exp60_203_IS23100";NA;"2023-10-12 19:17:00";74355
"872715";"27:12:2";"Exp60_203_IS23100";"Exp60_203_IS23100";NA;"2023-10-12 19:31:00";74356
"872716";"27:12:2";"Exp60_203_IS23100";"Exp60_203_IS23100";NA;"2023-10-12 20:02:00";74328,4
"872717";"27:12:2";"Exp60_203_IS23100";"Exp60_203_IS23100";NA;"2023-10-12 20:16:00";74342,2
"872718";"27:12:2";"Exp60_203_IS23100";"Exp60_203_IS23100";NA;"2023-10-13 03:16:00";74277,4
"872719";"27:12:2";"Exp60_203_IS23100";"Exp60_203_IS23100";NA;"2023-10-13 03:32:00";74278,4
"872720";"27:12:2";"Exp60_203_IS23100";"Exp60_203_IS23100";NA;"2023-10-13 03:46:00";74274,3
"872721";"27:12:2";"Exp60_203_IS23100";"Exp60_203_IS23100";NA;"2023-10-13 04:02:00";74281,1
"872722";"27:12:2";"Exp60_203_IS23100";"Exp60_203_IS23100";NA;"2023-10-13 04:16:00";74281,6
"872723";"27:12:2";"Exp60_203_IS23100";"Exp60_203_IS23100";NA;"2023-10-13 04:32:00";74273,4
"872724";"27:12:2";"Exp60_203_IS23100";"Exp60_203_IS23100";NA;"2023-10-13 04:46:00";74274,5
"872725";"27:12:2";"Exp60_203_IS23100";"Exp60_203_IS23100";NA;"2023-10-13 05:02:00";74265,8
"872726";"27:12:2";"Exp60_203_IS23100";"Exp60_203_IS23100";NA;"2023-10-13 05:16:00";74270,1
"872727";"27:12:2";"Exp60_203_IS23100";"Exp60_203_IS23100";NA;"2023-10-13 05:32:00";74263,7
"872728";"27:12:2";"Exp60_203_IS23100";"Exp60_203_IS23100";NA;"2023-10-13 05:46:00";74272,9
"872729";"27:12:2";"Exp60_203_IS23100";"Exp60_203_IS23100";NA;"2023-10-13 06:02:00";74265,7
"872730";"27:12:2";"Exp60_203_IS23100";"Exp60_203_IS23100";NA;"2023-10-13 06:16:00";74265,5
"872731";"27:12:2";"Exp60_203_IS23100";"Exp60_203_IS23100";NA;"2023-10-13 06:32:00";74269,3
"872732";"27:12:2";"Exp60_203_IS23100";"Exp60_203_IS23100";NA;"2023-10-13 06:46:00";74268,5
"872733";"27:12:2";"Exp60_203_IS23100";"Exp60_203_IS23100";NA;"2023-10-13 12:46:00";74135,7
"872734";"27:12:2";"Exp60_203_IS23100";"Exp60_203_IS23100";NA;"2023-10-13 13:02:00";74090,5
"872735";"27:12:2";"Exp60_203_IS23100";"Exp60_203_IS23100";NA;"2023-10-13 13:16:00";74029,7
"872736";"27:12:2";"Exp60_203_IS23100";"Exp60_203_IS23100";NA;"2023-10-13 13:32:00";73970,1
"872737";"27:12:2";"Exp60_203_IS23100";"Exp60_203_IS23100";NA;"2023-10-13 13:46:00";73983,1
"872738";"27:12:2";"Exp60_203_IS23100";"Exp60_203_IS23100";NA;"2023-10-13 19:46:00";76919,6
"872739";"27:12:2";"Exp60_203_IS23100";"Exp60_203_IS23100";NA;"2023-10-13 20:02:00";76886,3
"872740";"27:12:2";"Exp60_203_IS23100";"Exp60_203_IS23100";NA;"2023-10-13 20:16:00";76855,1
"872741";"27:12:2";"Exp60_203_IS23100";"Exp60_203_IS23100";NA;"2023-10-13 20:32:00";76817,9
"872742";"27:12:2";"Exp60_203_IS23100";"Exp60_203_IS23100";NA;"2023-10-13 20:46:00";76800,6
"872743";"27:12:2";"Exp60_203_IS23100";"Exp60_203_IS23100";NA;"2023-10-13 21:02:00";76782,4
"872744";"27:12:2";"Exp60_203_IS23100";"Exp60_203_IS23100";NA;"2023-10-13 21:16:00";76756,1
"872745";"27:12:2";"Exp60_203_IS23100";"Exp60_203_IS23100";NA;"2023-10-13 21:32:00";76732,3
"872746";"27:12:2";"Exp60_203_IS23100";"Exp60_203_IS23100";NA;"2023-10-13 21:46:00";76721,6
"872747";"27:12:2";"Exp60_203_IS23100";"Exp60_203_IS23100";NA;"2023-10-13 22:02:00";76702,5
"872748";"27:12:2";"Exp60_203_IS23100";"Exp60_203_IS23100";NA;"2023-10-13 22:16:00";76694,2
"872749";"27:12:2";"Exp60_203_IS23100";"Exp60_203_IS23100";NA;"2023-10-13 22:32:00";76683,4
"872750";"27:12:2";"Exp60_203_IS23100";"Exp60_203_IS23100";NA;"2023-10-13 22:46:00";76675,3
"872751";"27:12:2";"Exp60_203_IS23100";"Exp60_203_IS23100";NA;"2023-10-13 23:02:00";76666,2
"872752";"27:12:2";"Exp60_203_IS23100";"Exp60_203_IS23100";NA;"2023-10-13 23:16:00";76654,6
"872753";"27:12:2";"Exp60_203_IS23100";"Exp60_203_IS23100";NA;"2023-10-13 23:47:00";76629,1
"872754";"27:12:2";"Exp60_203_IS23100";"Exp60_203_IS23100";NA;"2023-10-14 00:01:00";76625,2
"872755";"27:12:2";"Exp60_203_IS23100";"Exp60_203_IS23100";NA;"2023-10-14 00:17:00";76627
"872756";"27:12:2";"Exp60_203_IS23100";"Exp60_203_IS23100";NA;"2023-10-14 00:31:00";76612,6
"872757";"27:12:2";"Exp60_203_IS23100";"Exp60_203_IS23100";NA;"2023-10-14 00:47:00";76606,2
"872758";"27:12:2";"Exp60_203_IS23100";"Exp60_203_IS23100";NA;"2023-10-14 01:01:00";76607,2
"872759";"27:12:2";"Exp60_203_IS23100";"Exp60_203_IS23100";NA;"2023-10-14 01:17:00";76604,9
"872760";"27:12:2";"Exp60_203_IS23100";"Exp60_203_IS23100";NA;"2023-10-14 01:31:00";76599,7
"872761";"27:12:2";"Exp60_203_IS23100";"Exp60_203_IS23100";NA;"2023-10-14 01:47:00";76590,5
"872762";"27:12:2";"Exp60_203_IS23100";"Exp60_203_IS23100";NA;"2023-10-14 02:01:00";76590,6
"872763";"27:12:2";"Exp60_203_IS23100";"Exp60_203_IS23100";NA;"2023-10-14 02:17:00";76590,7
"872764";"27:12:2";"Exp60_203_IS23100";"Exp60_203_IS23100";NA;"2023-10-14 02:31:00";76593,7
"872765";"27:12:2";"Exp60_203_IS23100";"Exp60_203_IS23100";NA;"2023-10-14 02:47:00";76592,8
"872766";"27:12:2";"Exp60_203_IS23100";"Exp60_203_IS23100";NA;"2023-10-14 03:01:00";76597,9
"872767";"27:12:2";"Exp60_203_IS23100";"Exp60_203_IS23100";NA;"2023-10-14 03:17:00";76588,9
"872768";"27:12:2";"Exp60_203_IS23100";"Exp60_203_IS23100";NA;"2023-10-14 03:31:00";76598,7
"872769";"27:12:2";"Exp60_203_IS23100";"Exp60_203_IS23100";NA;"2023-10-14 04:17:00";76584,2
"872770";"27:12:2";"Exp60_203_IS23100";"Exp60_203_IS23100";NA;"2023-10-14 04:31:00";76588,8
"872771";"27:12:2";"Exp60_203_IS23100";"Exp60_203_IS23100";NA;"2023-10-14 04:47:00";76588,1
"872772";"27:12:2";"Exp60_203_IS23100";"Exp60_203_IS23100";NA;"2023-10-14 05:01:00";76584,5
"872773";"27:12:2";"Exp60_203_IS23100";"Exp60_203_IS23100";NA;"2023-10-14 05:17:00";76584,8
"872774";"27:12:2";"Exp60_203_IS23100";"Exp60_203_IS23100";NA;"2023-10-14 05:31:00";76581,2
"872775";"27:12:2";"Exp60_203_IS23100";"Exp60_203_IS23100";NA;"2023-10-14 05:47:00";76591,5
"872776";"27:12:2";"Exp60_203_IS23100";"Exp60_203_IS23100";NA;"2023-10-14 06:01:00";76589,1
"872777";"27:12:2";"Exp60_203_IS23100";"Exp60_203_IS23100";NA;"2023-10-14 06:17:00";76590
"872778";"27:12:2";"Exp60_203_IS23100";"Exp60_203_IS23100";NA;"2023-10-14 06:31:00";76595,8
"872779";"27:12:2";"Exp60_203_IS23100";"Exp60_203_IS23100";NA;"2023-10-14 07:02:00";76597,6
"872780";"27:12:2";"Exp60_203_IS23100";"Exp60_203_IS23100";NA;"2023-10-14 07:16:00";76607,1
"872781";"27:12:2";"Exp60_203_IS23100";"Exp60_203_IS23100";NA;"2023-10-14 07:32:00";76617,4
"872782";"27:12:2";"Exp60_203_IS23100";"Exp60_203_IS23100";NA;"2023-10-14 08:16:00";76645,7
"872783";"27:12:2";"Exp60_203_IS23100";"Exp60_203_IS23100";NA;"2023-10-14 08:32:00";76653,1
"872784";"27:12:2";"Exp60_203_IS23100";"Exp60_203_IS23100";NA;"2023-10-14 08:46:00";76657,3
"872785";"27:12:2";"Exp60_203_IS23100";"Exp60_203_IS23100";NA;"2023-10-14 09:02:00";76643,7
"872786";"27:12:2";"Exp60_203_IS23100";"Exp60_203_IS23100";NA;"2023-10-14 09:16:00";76646,6
"872787";"27:12:2";"Exp60_203_IS23100";"Exp60_203_IS23100";NA;"2023-10-14 09:32:00";76644,9
"872788";"27:12:2";"Exp60_203_IS23100";"Exp60_203_IS23100";NA;"2023-10-14 09:46:00";76627,4
"872789";"27:12:2";"Exp60_203_IS23100";"Exp60_203_IS23100";NA;"2023-10-14 10:02:00";76602,4
"872790";"27:12:2";"Exp60_203_IS23100";"Exp60_203_IS23100";NA;"2023-10-14 10:16:00";76590,3
"872791";"27:12:2";"Exp60_203_IS23100";"Exp60_203_IS23100";NA;"2023-10-14 10:32:00";76565,1
"872792";"27:12:2";"Exp60_203_IS23100";"Exp60_203_IS23100";NA;"2023-10-14 10:46:00";76542,1
"872793";"27:12:2";"Exp60_203_IS23100";"Exp60_203_IS23100";NA;"2023-10-14 11:02:00";76517
"872794";"27:12:2";"Exp60_203_IS23100";"Exp60_203_IS23100";NA;"2023-10-14 11:16:00";76487,9
"872795";"27:12:2";"Exp60_203_IS23100";"Exp60_203_IS23100";NA;"2023-10-14 11:32:00";76437,4
"872796";"27:12:2";"Exp60_203_IS23100";"Exp60_203_IS23100";NA;"2023-10-14 11:46:00";76404,6
"872797";"27:12:2";"Exp60_203_IS23100";"Exp60_203_IS23100";NA;"2023-10-14 12:02:00";76336,1
"872798";"27:12:2";"Exp60_203_IS23100";"Exp60_203_IS23100";NA;"2023-10-14 12:16:00";76260,3
"872799";"27:12:2";"Exp60_203_IS23100";"Exp60_203_IS23100";NA;"2023-10-14 12:32:00";76299,1
"872800";"27:12:2";"Exp60_203_IS23100";"Exp60_203_IS23100";NA;"2023-10-14 12:46:00";76201,9
"872801";"27:12:2";"Exp60_203_IS23100";"Exp60_203_IS23100";NA;"2023-10-14 13:02:00";76153,8
"872802";"27:12:2";"Exp60_203_IS23100";"Exp60_203_IS23100";NA;"2023-10-14 13:16:00";76171,3
"872803";"27:12:2";"Exp60_203_IS23100";"Exp60_203_IS23100";NA;"2023-10-14 13:32:00";76143
"872804";"27:12:2";"Exp60_203_IS23100";"Exp60_203_IS23100";NA;"2023-10-14 13:46:00";76183
"872805";"27:12:2";"Exp60_203_IS23100";"Exp60_203_IS23100";NA;"2023-10-14 19:31:00";75787,1
"872806";"27:12:2";"Exp60_203_IS23100";"Exp60_203_IS23100";NA;"2023-10-15 02:01:00";75727,3
"872807";"27:12:2";"Exp60_203_IS23100";"Exp60_203_IS23100";NA;"2023-10-15 02:17:00";75726,3
"872808";"27:12:2";"Exp60_203_IS23100";"Exp60_203_IS23100";NA;"2023-10-15 02:31:00";75723,5
"872809";"27:12:2";"Exp60_203_IS23100";"Exp60_203_IS23100";NA;"2023-10-15 02:47:00";75723,2
"872810";"27:12:2";"Exp60_203_IS23100";"Exp60_203_IS23100";NA;"2023-10-15 03:01:00";75726,4
"872811";"27:12:2";"Exp60_203_IS23100";"Exp60_203_IS23100";NA;"2023-10-15 03:17:00";75724,1
"872812";"27:12:2";"Exp60_203_IS23100";"Exp60_203_IS23100";NA;"2023-10-15 03:31:00";75714,8
"872813";"27:12:2";"Exp60_203_IS23100";"Exp60_203_IS23100";NA;"2023-10-15 03:47:00";75716,4
"872814";"27:12:2";"Exp60_203_IS23100";"Exp60_203_IS23100";NA;"2023-10-15 04:01:00";75718,4
"872815";"27:12:2";"Exp60_203_IS23100";"Exp60_203_IS23100";NA;"2023-10-15 04:32:00";75716,9
"872816";"27:12:2";"Exp60_203_IS23100";"Exp60_203_IS23100";NA;"2023-10-15 04:46:00";75716,4
"872817";"27:12:2";"Exp60_203_IS23100";"Exp60_203_IS23100";NA;"2023-10-15 05:32:00";75708,5
"872818";"27:12:2";"Exp60_203_IS23100";"Exp60_203_IS23100";NA;"2023-10-15 05:46:00";75708,6
"872819";"27:12:2";"Exp60_203_IS23100";"Exp60_203_IS23100";NA;"2023-10-15 06:17:00";75708,8
"872820";"27:12:2";"Exp60_203_IS23100";"Exp60_203_IS23100";NA;"2023-10-15 06:31:00";75708,6
"872821";"27:12:2";"Exp60_203_IS23100";"Exp60_203_IS23100";NA;"2023-10-15 07:02:00";75728,6
"872822";"27:12:2";"Exp60_203_IS23100";"Exp60_203_IS23100";NA;"2023-10-15 07:16:00";75740,8
"872823";"27:12:2";"Exp60_203_IS23100";"Exp60_203_IS23100";NA;"2023-10-15 07:32:00";75754,4
"872824";"27:12:2";"Exp60_203_IS23100";"Exp60_203_IS23100";NA;"2023-10-15 07:46:00";75764,5
"872825";"27:12:2";"Exp60_203_IS23100";"Exp60_203_IS23100";NA;"2023-10-15 08:17:00";75779,2
"872826";"27:12:2";"Exp60_203_IS23100";"Exp60_203_IS23100";NA;"2023-10-15 08:31:00";75783,5
"872827";"27:12:2";"Exp60_203_IS23100";"Exp60_203_IS23100";NA;"2023-10-15 08:47:00";75779,9
"872828";"27:12:2";"Exp60_203_IS23100";"Exp60_203_IS23100";NA;"2023-10-15 09:01:00";75779,3
"872829";"27:12:2";"Exp60_203_IS23100";"Exp60_203_IS23100";NA;"2023-10-15 09:17:00";75779,6
"872830";"27:12:2";"Exp60_203_IS23100";"Exp60_203_IS23100";NA;"2023-10-15 09:31:00";75792,2
"872831";"27:12:2";"Exp60_203_IS23100";"Exp60_203_IS23100";NA;"2023-10-15 09:47:00";75788,1
"872832";"27:12:2";"Exp60_203_IS23100";"Exp60_203_IS23100";NA;"2023-10-15 10:01:00";75762,1
"872833";"27:12:2";"Exp60_203_IS23100";"Exp60_203_IS23100";NA;"2023-10-15 10:17:00";75758
"872834";"27:12:2";"Exp60_203_IS23100";"Exp60_203_IS23100";NA;"2023-10-15 10:31:00";75742,5
"872835";"27:12:2";"Exp60_203_IS23100";"Exp60_203_IS23100";NA;"2023-10-15 10:47:00";75707,3
"872836";"27:12:2";"Exp60_203_IS23100";"Exp60_203_IS23100";NA;"2023-10-15 11:01:00";75707,6
"872837";"27:12:2";"Exp60_203_IS23100";"Exp60_203_IS23100";NA;"2023-10-15 18:01:00";75151,9
"872838";"27:12:2";"Exp60_203_IS23100";"Exp60_203_IS23100";NA;"2023-10-15 18:17:00";75148,3
"872839";"27:12:2";"Exp60_203_IS23100";"Exp60_203_IS23100";NA;"2023-10-15 18:31:00";75146,1
"872840";"27:12:2";"Exp60_203_IS23100";"Exp60_203_IS23100";NA;"2023-10-15 18:47:00";75144,9
"872841";"27:12:2";"Exp60_203_IS23100";"Exp60_203_IS23100";NA;"2023-10-15 19:01:00";75139,3
"872842";"27:12:2";"Exp60_203_IS23100";"Exp60_203_IS23100";NA;"2023-10-15 19:17:00";75132,2
"872843";"27:12:2";"Exp60_203_IS23100";"Exp60_203_IS23100";NA;"2023-10-15 19:31:00";75140,8
"872844";"27:12:2";"Exp60_203_IS23100";"Exp60_203_IS23100";NA;"2023-10-16 03:46:00";75069,3
"872845";"27:12:2";"Exp60_203_IS23100";"Exp60_203_IS23100";NA;"2023-10-16 04:02:00";75066,2
"872846";"27:12:2";"Exp60_203_IS23100";"Exp60_203_IS23100";NA;"2023-10-16 04:16:00";75065,4
"872847";"27:12:2";"Exp60_203_IS23100";"Exp60_203_IS23100";NA;"2023-10-16 04:32:00";75062,3
"872848";"27:12:2";"Exp60_203_IS23100";"Exp60_203_IS23100";NA;"2023-10-16 04:46:00";75059,4
"872849";"27:12:2";"Exp60_203_IS23100";"Exp60_203_IS23100";NA;"2023-10-16 05:02:00";75058,3
"872850";"27:12:2";"Exp60_203_IS23100";"Exp60_203_IS23100";NA;"2023-10-16 05:16:00";75056,8
"872851";"27:12:2";"Exp60_203_IS23100";"Exp60_203_IS23100";NA;"2023-10-16 05:32:00";75059,7
"872852";"27:12:2";"Exp60_203_IS23100";"Exp60_203_IS23100";NA;"2023-10-16 05:46:00";75059,2
"872853";"27:12:2";"Exp60_203_IS23100";"Exp60_203_IS23100";NA;"2023-10-16 06:02:00";75058,9
"872854";"27:12:2";"Exp60_203_IS23100";"Exp60_203_IS23100";NA;"2023-10-16 06:16:00";75057,9
"872855";"27:12:2";"Exp60_203_IS23100";"Exp60_203_IS23100";NA;"2023-10-16 06:32:00";75058,1
"872856";"27:12:2";"Exp60_203_IS23100";"Exp60_203_IS23100";NA;"2023-10-16 06:46:00";75066,2
"872857";"27:12:2";"Exp60_203_IS23100";"Exp60_203_IS23100";NA;"2023-10-16 07:02:00";75076,8
"872858";"27:12:2";"Exp60_203_IS23100";"Exp60_203_IS23100";NA;"2023-10-16 07:16:00";75086,3
"872859";"27:12:2";"Exp60_203_IS23100";"Exp60_203_IS23100";NA;"2023-10-16 07:47:00";75107,3
"872860";"27:12:2";"Exp60_203_IS23100";"Exp60_203_IS23100";NA;"2023-10-16 08:01:00";75119,2
"872861";"27:12:2";"Exp60_203_IS23100";"Exp60_203_IS23100";NA;"2023-10-16 08:17:00";75125,4
"872862";"27:12:2";"Exp60_203_IS23100";"Exp60_203_IS23100";NA;"2023-10-16 08:31:00";75129
"872863";"27:12:2";"Exp60_203_IS23100";"Exp60_203_IS23100";NA;"2023-10-16 08:47:00";75123,9
"872864";"27:12:2";"Exp60_203_IS23100";"Exp60_203_IS23100";NA;"2023-10-16 09:01:00";75130,9
"872865";"27:12:2";"Exp60_203_IS23100";"Exp60_203_IS23100";NA;"2023-10-16 09:17:00";75137
"872866";"27:12:2";"Exp60_203_IS23100";"Exp60_203_IS23100";NA;"2023-10-16 09:31:00";75130,4
"872867";"27:12:2";"Exp60_203_IS23100";"Exp60_203_IS23100";NA;"2023-10-16 09:47:00";75117,5
"872868";"27:12:2";"Exp60_203_IS23100";"Exp60_203_IS23100";NA;"2023-10-16 10:01:00";75091,9
"872869";"27:12:2";"Exp60_203_IS23100";"Exp60_203_IS23100";NA;"2023-10-16 10:17:00";75118,8
"872870";"27:12:2";"Exp60_203_IS23100";"Exp60_203_IS23100";NA;"2023-10-16 10:31:00";75103,1
"872871";"27:12:2";"Exp60_203_IS23100";"Exp60_203_IS23100";NA;"2023-10-16 10:47:00";75089,5
"872872";"27:12:2";"Exp60_203_IS23100";"Exp60_203_IS23100";NA;"2023-10-16 11:01:00";75075,5
"872873";"27:12:2";"Exp60_203_IS23100";"Exp60_203_IS23100";NA;"2023-10-16 11:32:00";74955,1
"872874";"27:12:2";"Exp60_203_IS23100";"Exp60_203_IS23100";NA;"2023-10-16 11:46:00";74993,9
"872875";"27:12:2";"Exp60_203_IS23100";"Exp60_203_IS23100";NA;"2023-10-16 12:17:00";74882,3
"872876";"27:12:2";"Exp60_203_IS23100";"Exp60_203_IS23100";NA;"2023-10-16 12:31:00";74948,6
"872877";"27:12:2";"Exp60_203_IS23100";"Exp60_203_IS23100";NA;"2023-10-16 13:02:00";74909,3
"872878";"27:12:2";"Exp60_203_IS23100";"Exp60_203_IS23100";NA;"2023-10-16 13:16:00";74900,3
"872879";"27:12:2";"Exp60_203_IS23100";"Exp60_203_IS23100";NA;"2023-10-16 13:32:00";74803,7
"872880";"27:12:2";"Exp60_203_IS23100";"Exp60_203_IS23100";NA;"2023-10-16 13:46:00";74793,8
"872881";"27:12:2";"Exp60_203_IS23100";"Exp60_203_IS23100";NA;"2023-10-16 14:02:00";74767,4
"872882";"27:12:2";"Exp60_203_IS23100";"Exp60_203_IS23100";NA;"2023-10-16 14:16:00";74742,7
"872883";"27:12:2";"Exp60_203_IS23100";"Exp60_203_IS23100";NA;"2023-10-16 14:32:00";74768,5
"872884";"27:12:2";"Exp60_203_IS23100";"Exp60_203_IS23100";NA;"2023-10-16 14:46:00";74767,2
"872885";"27:12:2";"Exp60_203_IS23100";"Exp60_203_IS23100";NA;"2023-10-16 22:16:00";74572,2
"872886";"27:12:2";"Exp60_203_IS23100";"Exp60_203_IS23100";NA;"2023-10-16 22:32:00";74568,4
"872887";"27:12:2";"Exp60_203_IS23100";"Exp60_203_IS23100";NA;"2023-10-16 22:46:00";74569
"872888";"27:12:2";"Exp60_203_IS23100";"Exp60_203_IS23100";NA;"2023-10-17 05:46:00";74520,2
"872889";"27:12:2";"Exp60_203_IS23100";"Exp60_203_IS23100";NA;"2023-10-17 06:02:00";74518,4
"872890";"27:12:2";"Exp60_203_IS23100";"Exp60_203_IS23100";NA;"2023-10-17 06:16:00";74518,1
"872891";"27:12:2";"Exp60_203_IS23100";"Exp60_203_IS23100";NA;"2023-10-17 06:32:00";74522,8
"872892";"27:12:2";"Exp60_203_IS23100";"Exp60_203_IS23100";NA;"2023-10-17 06:46:00";74532,4
"872893";"27:12:2";"Exp60_203_IS23100";"Exp60_203_IS23100";NA;"2023-10-17 12:46:00";74372
"872894";"27:12:2";"Exp60_203_IS23100";"Exp60_203_IS23100";NA;"2023-10-17 13:02:00";74349,8
"872895";"27:12:2";"Exp60_203_IS23100";"Exp60_203_IS23100";NA;"2023-10-17 13:16:00";74328,8
"872896";"27:12:2";"Exp60_203_IS23100";"Exp60_203_IS23100";NA;"2023-10-17 13:32:00";74309,7
"872897";"27:12:2";"Exp60_203_IS23100";"Exp60_203_IS23100";NA;"2023-10-17 13:46:00";74283,3
"872898";"27:12:2";"Exp60_203_IS23100";"Exp60_203_IS23100";NA;"2023-10-17 14:02:00";74244,8
"872899";"27:12:2";"Exp60_203_IS23100";"Exp60_203_IS23100";NA;"2023-10-17 14:16:00";74239,6
"872900";"27:12:2";"Exp60_203_IS23100";"Exp60_203_IS23100";NA;"2023-10-17 14:32:00";74247,2
"872901";"27:12:2";"Exp60_203_IS23100";"Exp60_203_IS23100";NA;"2023-10-17 14:46:00";74181,6
"872902";"27:12:2";"Exp60_203_IS23100";"Exp60_203_IS23100";NA;"2023-10-17 15:17:00";74177,5
"872903";"27:12:2";"Exp60_203_IS23100";"Exp60_203_IS23100";NA;"2023-10-17 15:31:00";74146,1
"872904";"27:12:2";"Exp60_203_IS23100";"Exp60_203_IS23100";NA;"2023-10-17 16:17:00";74111,7
"872905";"27:12:2";"Exp60_203_IS23100";"Exp60_203_IS23100";NA;"2023-10-17 16:31:00";74092,9
"872906";"27:12:2";"Exp60_203_IS23100";"Exp60_203_IS23100";NA;"2023-10-17 16:47:00";74079,6
"872907";"27:12:2";"Exp60_203_IS23100";"Exp60_203_IS23100";NA;"2023-10-17 17:01:00";74084,6
"872908";"27:12:2";"Exp60_203_IS23100";"Exp60_203_IS23100";NA;"2023-10-17 18:32:00";74039,3
"872909";"27:12:2";"Exp60_203_IS23100";"Exp60_203_IS23100";NA;"2023-10-17 18:46:00";74034,1
"872910";"27:12:2";"Exp60_203_IS23100";"Exp60_203_IS23100";NA;"2023-10-17 19:02:00";74028
"872911";"27:12:2";"Exp60_203_IS23100";"Exp60_203_IS23100";NA;"2023-10-17 19:16:00";74030,4
"872912";"27:12:2";"Exp60_203_IS23100";"Exp60_203_IS23100";NA;"2023-10-17 19:32:00";74034,3
"872913";"27:12:2";"Exp60_203_IS23100";"Exp60_203_IS23100";NA;"2023-10-17 19:46:00";74042,4
"872914";"27:12:2";"Exp60_203_IS23100";"Exp60_203_IS23100";NA;"2023-10-18 01:31:00";73984,7
"872915";"27:12:2";"Exp60_203_IS23100";"Exp60_203_IS23100";NA;"2023-10-18 02:02:00";73986
"872916";"27:12:2";"Exp60_203_IS23100";"Exp60_203_IS23100";NA;"2023-10-18 02:16:00";73987,7
"872917";"27:12:2";"Exp60_203_IS23100";"Exp60_203_IS23100";NA;"2023-10-18 02:32:00";73988,9
"872918";"27:12:2";"Exp60_203_IS23100";"Exp60_203_IS23100";NA;"2023-10-18 02:46:00";73985,8
"872919";"27:12:2";"Exp60_203_IS23100";"Exp60_203_IS23100";NA;"2023-10-18 03:02:00";73981,1
"872920";"27:12:2";"Exp60_203_IS23100";"Exp60_203_IS23100";NA;"2023-10-18 03:16:00";73985,4
"872921";"27:12:2";"Exp60_203_IS23100";"Exp60_203_IS23100";NA;"2023-10-18 03:32:00";73979,1
"872922";"27:12:2";"Exp60_203_IS23100";"Exp60_203_IS23100";NA;"2023-10-18 04:01:00";73980
"872923";"27:12:2";"Exp60_203_IS23100";"Exp60_203_IS23100";NA;"2023-10-18 04:17:00";73977,6
"872924";"27:12:2";"Exp60_203_IS23100";"Exp60_203_IS23100";NA;"2023-10-18 04:31:00";73972,1
"872925";"27:12:2";"Exp60_203_IS23100";"Exp60_203_IS23100";NA;"2023-10-18 04:47:00";73978,9
"872926";"27:12:2";"Exp60_203_IS23100";"Exp60_203_IS23100";NA;"2023-10-18 05:01:00";73977,8
"872927";"27:12:2";"Exp60_203_IS23100";"Exp60_203_IS23100";NA;"2023-10-18 05:17:00";73973,4
"872928";"27:12:2";"Exp60_203_IS23100";"Exp60_203_IS23100";NA;"2023-10-18 05:31:00";73974,5
"872929";"27:12:2";"Exp60_203_IS23100";"Exp60_203_IS23100";NA;"2023-10-18 05:47:00";73971,3
"872930";"27:12:2";"Exp60_203_IS23100";"Exp60_203_IS23100";NA;"2023-10-18 06:01:00";73971,8
"872931";"27:12:2";"Exp60_203_IS23100";"Exp60_203_IS23100";NA;"2023-10-18 06:17:00";73972,4
"872932";"27:12:2";"Exp60_203_IS23100";"Exp60_203_IS23100";NA;"2023-10-18 06:31:00";73973,5
"872933";"27:12:2";"Exp60_203_IS23100";"Exp60_203_IS23100";NA;"2023-10-18 07:32:00";74019,7
"872934";"27:12:2";"Exp60_203_IS23100";"Exp60_203_IS23100";NA;"2023-10-18 07:46:00";74028,7
"872935";"27:12:2";"Exp60_203_IS23100";"Exp60_203_IS23100";NA;"2023-10-18 08:02:00";74038,3
"872936";"27:12:2";"Exp60_203_IS23100";"Exp60_203_IS23100";NA;"2023-10-18 08:16:00";74043,6
"872937";"27:12:2";"Exp60_203_IS23100";"Exp60_203_IS23100";NA;"2023-10-18 08:47:00";74043
"872938";"27:12:2";"Exp60_203_IS23100";"Exp60_203_IS23100";NA;"2023-10-18 09:01:00";74067,3
"872939";"27:12:2";"Exp60_203_IS23100";"Exp60_203_IS23100";NA;"2023-10-18 09:17:00";74054
"872940";"27:12:2";"Exp60_203_IS23100";"Exp60_203_IS23100";NA;"2023-10-18 09:31:00";74053,2
"872941";"27:12:2";"Exp60_203_IS23100";"Exp60_203_IS23100";NA;"2023-10-18 15:31:00";73697
"872942";"27:12:2";"Exp60_203_IS23100";"Exp60_203_IS23100";NA;"2023-10-18 16:32:00";73652,5
"872943";"27:12:2";"Exp60_203_IS23100";"Exp60_203_IS23100";NA;"2023-10-18 16:46:00";73639,6
"872944";"27:12:2";"Exp60_203_IS23100";"Exp60_203_IS23100";NA;"2023-10-18 17:02:00";73633,8
"872945";"27:12:2";"Exp60_203_IS23100";"Exp60_203_IS23100";NA;"2023-10-18 17:16:00";73628,9
"872946";"27:12:2";"Exp60_203_IS23100";"Exp60_203_IS23100";NA;"2023-10-18 17:32:00";73619
"872947";"27:12:2";"Exp60_203_IS23100";"Exp60_203_IS23100";NA;"2023-10-18 17:46:00";73614,4
"872948";"27:12:2";"Exp60_203_IS23100";"Exp60_203_IS23100";NA;"2023-10-18 18:02:00";73604,4
"872949";"27:12:2";"Exp60_203_IS23100";"Exp60_203_IS23100";NA;"2023-10-18 18:16:00";73599,3
"872950";"27:12:2";"Exp60_203_IS23100";"Exp60_203_IS23100";NA;"2023-10-18 18:32:00";73594,1
"872951";"27:12:2";"Exp60_203_IS23100";"Exp60_203_IS23100";NA;"2023-10-18 18:46:00";73591,9
"872952";"27:12:2";"Exp60_203_IS23100";"Exp60_203_IS23100";NA;"2023-10-19 01:16:00";73555,7
"872953";"27:12:2";"Exp60_203_IS23100";"Exp60_203_IS23100";NA;"2023-10-19 01:32:00";73564,5
"872954";"27:12:2";"Exp60_203_IS23100";"Exp60_203_IS23100";NA;"2023-10-19 01:46:00";73556,7
"872955";"27:12:2";"Exp60_203_IS23100";"Exp60_203_IS23100";NA;"2023-10-19 02:02:00";73555,2
"872956";"27:12:2";"Exp60_203_IS23100";"Exp60_203_IS23100";NA;"2023-10-19 02:16:00";73554,9
"872957";"27:12:2";"Exp60_203_IS23100";"Exp60_203_IS23100";NA;"2023-10-19 02:32:00";73550,4
"872958";"27:12:2";"Exp60_203_IS23100";"Exp60_203_IS23100";NA;"2023-10-19 02:46:00";73551,1
"872959";"27:12:2";"Exp60_203_IS23100";"Exp60_203_IS23100";NA;"2023-10-19 03:17:00";73549,2
"872960";"27:12:2";"Exp60_203_IS23100";"Exp60_203_IS23100";NA;"2023-10-19 03:31:00";73546,8
"872961";"27:12:2";"Exp60_203_IS23100";"Exp60_203_IS23100";NA;"2023-10-19 03:47:00";73554,8
"872962";"27:12:2";"Exp60_203_IS23100";"Exp60_203_IS23100";NA;"2023-10-19 04:01:00";73550
"872963";"27:12:2";"Exp60_203_IS23100";"Exp60_203_IS23100";NA;"2023-10-19 04:17:00";73546,4
"872964";"27:12:2";"Exp60_203_IS23100";"Exp60_203_IS23100";NA;"2023-10-19 04:31:00";73543,1
"872965";"27:12:2";"Exp60_203_IS23100";"Exp60_203_IS23100";NA;"2023-10-19 04:47:00";73545,7
"872966";"27:12:2";"Exp60_203_IS23100";"Exp60_203_IS23100";NA;"2023-10-19 05:01:00";73546,5
"872967";"27:12:2";"Exp60_203_IS23100";"Exp60_203_IS23100";NA;"2023-10-19 05:17:00";73542,6
"872968";"27:12:2";"Exp60_203_IS23100";"Exp60_203_IS23100";NA;"2023-10-19 05:31:00";73538,9
"872969";"27:12:2";"Exp60_203_IS23100";"Exp60_203_IS23100";NA;"2023-10-19 05:47:00";73540,6
"872970";"27:12:2";"Exp60_203_IS23100";"Exp60_203_IS23100";NA;"2023-10-19 06:01:00";73543,9
"872971";"27:12:2";"Exp60_203_IS23100";"Exp60_203_IS23100";NA;"2023-10-19 06:17:00";73543,9
"872972";"27:12:2";"Exp60_203_IS23100";"Exp60_203_IS23100";NA;"2023-10-19 06:31:00";73547,9
"872973";"27:12:2";"Exp60_203_IS23100";"Exp60_203_IS23100";NA;"2023-10-19 06:47:00";73554,2
"872974";"27:12:2";"Exp60_203_IS23100";"Exp60_203_IS23100";NA;"2023-10-19 07:01:00";73563,8
"872975";"27:12:2";"Exp60_203_IS23100";"Exp60_203_IS23100";NA;"2023-10-19 13:46:00";73359,7
"872976";"27:12:2";"Exp60_203_IS23100";"Exp60_203_IS23100";NA;"2023-10-19 14:02:00";73331,1
"872977";"27:12:2";"Exp60_203_IS23100";"Exp60_203_IS23100";NA;"2023-10-19 14:16:00";73319,6
"872978";"27:12:2";"Exp60_203_IS23100";"Exp60_203_IS23100";NA;"2023-10-19 14:32:00";73235,8
"872979";"27:12:2";"Exp60_203_IS23100";"Exp60_203_IS23100";NA;"2023-10-19 14:46:00";73207
"872980";"27:12:2";"Exp60_203_IS23100";"Exp60_203_IS23100";NA;"2023-10-19 15:02:00";73186
"872981";"27:12:2";"Exp60_203_IS23100";"Exp60_203_IS23100";NA;"2023-10-19 15:16:00";73177,8
"872982";"27:12:2";"Exp60_203_IS23100";"Exp60_203_IS23100";NA;"2023-10-19 15:32:00";73371,3
"872983";"27:12:2";"Exp60_203_IS23100";"Exp60_203_IS23100";NA;"2023-10-19 15:46:00";74200,4
"872984";"27:12:2";"Exp60_203_IS23100";"Exp60_203_IS23100";NA;"2023-10-19 16:02:00";75186,2
"872985";"27:12:2";"Exp60_203_IS23100";"Exp60_203_IS23100";NA;"2023-10-19 16:16:00";76059,1
"872986";"27:12:2";"Exp60_203_IS23100";"Exp60_203_IS23100";NA;"2023-10-19 16:47:00";76810,4
"872987";"27:12:2";"Exp60_203_IS23100";"Exp60_203_IS23100";NA;"2023-10-19 17:01:00";76739,2
"872988";"27:12:2";"Exp60_203_IS23100";"Exp60_203_IS23100";NA;"2023-10-19 17:17:00";76689,3
"872989";"27:12:2";"Exp60_203_IS23100";"Exp60_203_IS23100";NA;"2023-10-19 17:31:00";76651,3
"872990";"27:12:2";"Exp60_203_IS23100";"Exp60_203_IS23100";NA;"2023-10-19 17:47:00";76596,5
"872991";"27:12:2";"Exp60_203_IS23100";"Exp60_203_IS23100";NA;"2023-10-19 18:01:00";76549,8
"872992";"27:12:2";"Exp60_203_IS23100";"Exp60_203_IS23100";NA;"2023-10-20 01:31:00";76260
"872993";"27:12:2";"Exp60_203_IS23100";"Exp60_203_IS23100";NA;"2023-10-20 01:47:00";76269,8
"872994";"27:12:2";"Exp60_203_IS23100";"Exp60_203_IS23100";NA;"2023-10-20 02:01:00";76276,9
"872995";"27:12:2";"Exp60_203_IS23100";"Exp60_203_IS23100";NA;"2023-10-20 02:17:00";76265
"872996";"27:12:2";"Exp60_203_IS23100";"Exp60_203_IS23100";NA;"2023-10-20 02:31:00";76260,1
"872997";"27:12:2";"Exp60_203_IS23100";"Exp60_203_IS23100";NA;"2023-10-20 02:47:00";76265,4
"872998";"27:12:2";"Exp60_203_IS23100";"Exp60_203_IS23100";NA;"2023-10-20 03:01:00";76270,7
"872999";"27:12:2";"Exp60_203_IS23100";"Exp60_203_IS23100";NA;"2023-10-20 03:47:00";76264,7
"873000";"27:12:2";"Exp60_203_IS23100";"Exp60_203_IS23100";NA;"2023-10-20 04:01:00";76271,9
"873001";"27:12:2";"Exp60_203_IS23100";"Exp60_203_IS23100";NA;"2023-10-20 04:32:00";76272,6
"873002";"27:12:2";"Exp60_203_IS23100";"Exp60_203_IS23100";NA;"2023-10-20 04:46:00";76272,7
"873003";"27:12:2";"Exp60_203_IS23100";"Exp60_203_IS23100";NA;"2023-10-20 05:02:00";76273,8
"873004";"27:12:2";"Exp60_203_IS23100";"Exp60_203_IS23100";NA;"2023-10-20 05:16:00";76278,4
"873005";"27:12:2";"Exp60_203_IS23100";"Exp60_203_IS23100";NA;"2023-10-20 05:32:00";76268,3
"873006";"27:12:2";"Exp60_203_IS23100";"Exp60_203_IS23100";NA;"2023-10-20 05:46:00";76268,9
"873007";"27:12:2";"Exp60_203_IS23100";"Exp60_203_IS23100";NA;"2023-10-20 06:02:00";76274,3
"873008";"27:12:2";"Exp60_203_IS23100";"Exp60_203_IS23100";NA;"2023-10-20 06:16:00";76275,6
"873009";"27:12:2";"Exp60_203_IS23100";"Exp60_203_IS23100";NA;"2023-10-20 06:32:00";76277,6
"873010";"27:12:2";"Exp60_203_IS23100";"Exp60_203_IS23100";NA;"2023-10-20 06:46:00";76278
"873011";"27:12:2";"Exp60_203_IS23100";"Exp60_203_IS23100";NA;"2023-10-20 07:02:00";76287,4
"873012";"27:12:2";"Exp60_203_IS23100";"Exp60_203_IS23100";NA;"2023-10-20 07:16:00";76299,1
"873013";"27:12:2";"Exp60_203_IS23100";"Exp60_203_IS23100";NA;"2023-10-20 07:47:00";76326,2
"873014";"27:12:2";"Exp60_203_IS23100";"Exp60_203_IS23100";NA;"2023-10-20 08:01:00";76338,1
"873015";"27:12:2";"Exp60_203_IS23100";"Exp60_203_IS23100";NA;"2023-10-20 08:17:00";76354
"873016";"27:12:2";"Exp60_203_IS23100";"Exp60_203_IS23100";NA;"2023-10-20 08:31:00";76356,7
"873017";"27:12:2";"Exp60_203_IS23100";"Exp60_203_IS23100";NA;"2023-10-20 08:47:00";76365,5
"873018";"27:12:2";"Exp60_203_IS23100";"Exp60_203_IS23100";NA;"2023-10-20 09:01:00";76358,4
"873019";"27:12:2";"Exp60_203_IS23100";"Exp60_203_IS23100";NA;"2023-10-20 13:46:00";75892,6
"873020";"27:12:2";"Exp60_203_IS23100";"Exp60_203_IS23100";NA;"2023-10-20 15:31:00";75744,4
"873021";"27:12:2";"Exp60_203_IS23100";"Exp60_203_IS23100";NA;"2023-10-20 15:47:00";75717,2
"873022";"27:12:2";"Exp60_203_IS23100";"Exp60_203_IS23100";NA;"2023-10-20 16:01:00";75720,1
"873023";"27:12:2";"Exp60_203_IS23100";"Exp60_203_IS23100";NA;"2023-10-20 16:17:00";75700,1
"873024";"27:12:2";"Exp60_203_IS23100";"Exp60_203_IS23100";NA;"2023-10-20 16:31:00";75671,4
"873025";"27:12:2";"Exp60_203_IS23100";"Exp60_203_IS23100";NA;"2023-10-20 16:47:00";75670,5
"873026";"27:12:2";"Exp60_203_IS23100";"Exp60_203_IS23100";NA;"2023-10-20 17:01:00";75645,4
"873027";"27:12:2";"Exp60_203_IS23100";"Exp60_203_IS23100";NA;"2023-10-20 23:31:00";75531,1
"873028";"27:12:2";"Exp60_203_IS23100";"Exp60_203_IS23100";NA;"2023-10-20 23:47:00";75545,3
"873029";"27:12:2";"Exp60_203_IS23100";"Exp60_203_IS23100";NA;"2023-10-21 00:01:00";75534,5
"873030";"27:12:2";"Exp60_203_IS23100";"Exp60_203_IS23100";NA;"2023-10-21 00:17:00";75525,8
"873031";"27:12:2";"Exp60_203_IS23100";"Exp60_203_IS23100";NA;"2023-10-21 00:31:00";75528,5
"873032";"27:12:2";"Exp60_203_IS23100";"Exp60_203_IS23100";NA;"2023-10-21 01:17:00";75534,5
"873033";"27:12:2";"Exp60_203_IS23100";"Exp60_203_IS23100";NA;"2023-10-21 01:31:00";75548,8
"873034";"27:12:2";"Exp60_203_IS23100";"Exp60_203_IS23100";NA;"2023-10-21 01:47:00";75529,5
"873035";"27:12:2";"Exp60_203_IS23100";"Exp60_203_IS23100";NA;"2023-10-21 02:01:00";75524
"873036";"27:12:2";"Exp60_203_IS23100";"Exp60_203_IS23100";NA;"2023-10-21 08:31:00";75577,9
"873037";"27:12:2";"Exp60_203_IS23100";"Exp60_203_IS23100";NA;"2023-10-21 08:47:00";75577,6
"873038";"27:12:2";"Exp60_203_IS23100";"Exp60_203_IS23100";NA;"2023-10-21 09:01:00";75579,5
"873039";"27:12:2";"Exp60_203_IS23100";"Exp60_203_IS23100";NA;"2023-10-21 09:17:00";75585,3
"873040";"27:12:2";"Exp60_203_IS23100";"Exp60_203_IS23100";NA;"2023-10-21 09:31:00";75608,3
"873041";"27:12:2";"Exp60_203_IS23100";"Exp60_203_IS23100";NA;"2023-10-21 09:47:00";75587,4
"873042";"27:12:2";"Exp60_203_IS23100";"Exp60_203_IS23100";NA;"2023-10-21 10:01:00";75551,7
"873043";"27:12:2";"Exp60_203_IS23100";"Exp60_203_IS23100";NA;"2023-10-21 10:32:00";75540,3
"873044";"27:12:2";"Exp60_203_IS23100";"Exp60_203_IS23100";NA;"2023-10-21 10:46:00";75550
"873045";"27:12:2";"Exp60_203_IS23100";"Exp60_203_IS23100";NA;"2023-10-21 17:01:00";77028,5
"873046";"27:12:2";"Exp60_203_IS23100";"Exp60_203_IS23100";NA;"2023-10-21 17:32:00";76953,1
"873047";"27:12:2";"Exp60_203_IS23100";"Exp60_203_IS23100";NA;"2023-10-21 17:46:00";76921,3
"873048";"27:12:2";"Exp60_203_IS23100";"Exp60_203_IS23100";NA;"2023-10-21 18:02:00";76881,2
"873049";"27:12:2";"Exp60_203_IS23100";"Exp60_203_IS23100";NA;"2023-10-21 18:16:00";76851
"873050";"27:12:2";"Exp60_203_IS23100";"Exp60_203_IS23100";NA;"2023-10-21 18:32:00";76820,6
"873051";"27:12:2";"Exp60_203_IS23100";"Exp60_203_IS23100";NA;"2023-10-21 18:46:00";76792,6
"873052";"27:12:2";"Exp60_203_IS23100";"Exp60_203_IS23100";NA;"2023-10-21 19:02:00";76762,9
"873053";"27:12:2";"Exp60_203_IS23100";"Exp60_203_IS23100";NA;"2023-10-21 19:16:00";76743,8
"873054";"27:12:2";"Exp60_203_IS23100";"Exp60_203_IS23100";NA;"2023-10-21 19:32:00";76719,1
"873055";"27:12:2";"Exp60_203_IS23100";"Exp60_203_IS23100";NA;"2023-10-21 19:46:00";76707,2
"873056";"27:12:2";"Exp60_203_IS23100";"Exp60_203_IS23100";NA;"2023-10-21 20:02:00";76688,2
"873057";"27:12:2";"Exp60_203_IS23100";"Exp60_203_IS23100";NA;"2023-10-21 20:16:00";76667,8
"873058";"27:12:2";"Exp60_203_IS23100";"Exp60_203_IS23100";NA;"2023-10-21 20:32:00";76661,6
"873059";"27:12:2";"Exp60_203_IS23100";"Exp60_203_IS23100";NA;"2023-10-21 20:46:00";76643,8
"873060";"27:1:1";"Exp60_133_IS18551";"Exp60_133_IS18551";NA;"2023-09-22 10:17:00";75340,3
"873061";"27:1:1";"Exp60_133_IS18551";"Exp60_133_IS18551";NA;"2023-09-22 10:31:00";75796,3
"873062";"27:1:1";"Exp60_133_IS18551";"Exp60_133_IS18551";NA;"2023-09-22 10:47:00";75800,8
"873063";"27:1:1";"Exp60_133_IS18551";"Exp60_133_IS18551";NA;"2023-09-22 11:01:00";76027,4
"873064";"27:1:1";"Exp60_133_IS18551";"Exp60_133_IS18551";NA;"2023-09-22 11:32:00";72910,2
"873065";"27:1:1";"Exp60_133_IS18551";"Exp60_133_IS18551";NA;"2023-09-22 11:46:00";74688,4
"873066";"27:1:1";"Exp60_133_IS18551";"Exp60_133_IS18551";NA;"2023-09-22 12:02:00";74693,9
"873067";"27:1:1";"Exp60_133_IS18551";"Exp60_133_IS18551";NA;"2023-09-22 12:16:00";75284
"873068";"27:1:1";"Exp60_133_IS18551";"Exp60_133_IS18551";NA;"2023-09-22 12:32:00";74976,4
"873069";"27:1:1";"Exp60_133_IS18551";"Exp60_133_IS18551";NA;"2023-09-22 12:46:00";74590,1
"873070";"27:1:1";"Exp60_133_IS18551";"Exp60_133_IS18551";NA;"2023-09-22 13:02:00";76090,1
"873071";"27:1:1";"Exp60_133_IS18551";"Exp60_133_IS18551";NA;"2023-09-22 13:16:00";76045,2
"873072";"27:1:1";"Exp60_133_IS18551";"Exp60_133_IS18551";NA;"2023-09-22 13:32:00";76022,8
"873073";"27:1:1";"Exp60_133_IS18551";"Exp60_133_IS18551";NA;"2023-09-22 13:46:00";76002,5
"873074";"27:1:1";"Exp60_133_IS18551";"Exp60_133_IS18551";NA;"2023-09-22 20:31:00";74365,5
"873075";"27:1:1";"Exp60_133_IS18551";"Exp60_133_IS18551";NA;"2023-09-22 20:47:00";74310,5
"873076";"27:1:1";"Exp60_133_IS18551";"Exp60_133_IS18551";NA;"2023-09-22 21:01:00";74327,9
"873077";"27:1:1";"Exp60_133_IS18551";"Exp60_133_IS18551";NA;"2023-09-22 21:17:00";74409,6
"873078";"27:1:1";"Exp60_133_IS18551";"Exp60_133_IS18551";NA;"2023-09-22 21:31:00";74451,6
"873079";"27:1:1";"Exp60_133_IS18551";"Exp60_133_IS18551";NA;"2023-09-22 21:47:00";74460,4
"873080";"27:1:1";"Exp60_133_IS18551";"Exp60_133_IS18551";NA;"2023-09-22 22:01:00";74476,4
"873081";"27:1:1";"Exp60_133_IS18551";"Exp60_133_IS18551";NA;"2023-09-22 22:17:00";74505,4
"873082";"27:1:1";"Exp60_133_IS18551";"Exp60_133_IS18551";NA;"2023-09-22 22:31:00";74510,6
"873083";"27:1:1";"Exp60_133_IS18551";"Exp60_133_IS18551";NA;"2023-09-22 22:47:00";74523,3
"873084";"27:1:1";"Exp60_133_IS18551";"Exp60_133_IS18551";NA;"2023-09-22 23:01:00";74527,2
"873085";"27:1:1";"Exp60_133_IS18551";"Exp60_133_IS18551";NA;"2023-09-22 23:17:00";74532,3
"873086";"27:1:1";"Exp60_133_IS18551";"Exp60_133_IS18551";NA;"2023-09-22 23:31:00";74532
"873087";"27:1:1";"Exp60_133_IS18551";"Exp60_133_IS18551";NA;"2023-09-22 23:47:00";74529,7
"873088";"27:1:1";"Exp60_133_IS18551";"Exp60_133_IS18551";NA;"2023-09-23 00:01:00";74531,1
"873089";"27:1:1";"Exp60_133_IS18551";"Exp60_133_IS18551";NA;"2023-09-23 00:17:00";74533,8
"873090";"27:1:1";"Exp60_133_IS18551";"Exp60_133_IS18551";NA;"2023-09-23 01:01:00";74526,5
"873091";"27:1:1";"Exp60_133_IS18551";"Exp60_133_IS18551";NA;"2023-09-23 01:17:00";74523,9
"873092";"27:1:1";"Exp60_133_IS18551";"Exp60_133_IS18551";NA;"2023-09-23 01:31:00";74516,3
"873093";"27:1:1";"Exp60_133_IS18551";"Exp60_133_IS18551";NA;"2023-09-23 01:47:00";74371,8
"873094";"27:1:1";"Exp60_133_IS18551";"Exp60_133_IS18551";NA;"2023-09-23 02:01:00";73697,3
"873095";"27:1:1";"Exp60_133_IS18551";"Exp60_133_IS18551";NA;"2023-09-23 02:17:00";73942,6
"873096";"27:1:1";"Exp60_133_IS18551";"Exp60_133_IS18551";NA;"2023-09-23 02:31:00";72061
"873097";"27:1:1";"Exp60_133_IS18551";"Exp60_133_IS18551";NA;"2023-09-23 02:47:00";74219,8
"873098";"27:1:1";"Exp60_133_IS18551";"Exp60_133_IS18551";NA;"2023-09-23 03:01:00";74384,3
"873099";"27:1:1";"Exp60_133_IS18551";"Exp60_133_IS18551";NA;"2023-09-23 03:17:00";74383,9
"873100";"27:1:1";"Exp60_133_IS18551";"Exp60_133_IS18551";NA;"2023-09-23 03:31:00";74376,9
"873101";"27:1:1";"Exp60_133_IS18551";"Exp60_133_IS18551";NA;"2023-09-23 03:47:00";74373,7
"873102";"27:1:1";"Exp60_133_IS18551";"Exp60_133_IS18551";NA;"2023-09-23 04:16:00";74294,1
"873103";"27:1:1";"Exp60_133_IS18551";"Exp60_133_IS18551";NA;"2023-09-23 04:32:00";74164,9
"873104";"27:1:1";"Exp60_133_IS18551";"Exp60_133_IS18551";NA;"2023-09-23 04:46:00";74229,6
"873105";"27:1:1";"Exp60_133_IS18551";"Exp60_133_IS18551";NA;"2023-09-23 05:02:00";73920,2
"873106";"27:1:1";"Exp60_133_IS18551";"Exp60_133_IS18551";NA;"2023-09-23 05:16:00";72704
"873107";"27:1:1";"Exp60_133_IS18551";"Exp60_133_IS18551";NA;"2023-09-23 05:32:00";72574,8
"873108";"27:1:1";"Exp60_133_IS18551";"Exp60_133_IS18551";NA;"2023-09-23 05:46:00";72854
"873109";"27:1:1";"Exp60_133_IS18551";"Exp60_133_IS18551";NA;"2023-09-23 06:02:00";72167,2
"873110";"27:1:1";"Exp60_133_IS18551";"Exp60_133_IS18551";NA;"2023-09-23 06:16:00";72278,6
"873111";"27:1:1";"Exp60_133_IS18551";"Exp60_133_IS18551";NA;"2023-09-23 06:32:00";72482,9
"873112";"27:1:1";"Exp60_133_IS18551";"Exp60_133_IS18551";NA;"2023-09-23 06:46:00";72441,9
"873113";"27:1:1";"Exp60_133_IS18551";"Exp60_133_IS18551";NA;"2023-09-23 07:02:00";72471,6
"873114";"27:1:1";"Exp60_133_IS18551";"Exp60_133_IS18551";NA;"2023-09-23 07:16:00";72464
"873115";"27:1:1";"Exp60_133_IS18551";"Exp60_133_IS18551";NA;"2023-09-23 07:32:00";72550,6
"873116";"27:1:1";"Exp60_133_IS18551";"Exp60_133_IS18551";NA;"2023-09-23 07:46:00";72585
"873117";"27:1:1";"Exp60_133_IS18551";"Exp60_133_IS18551";NA;"2023-09-23 08:02:00";72597,6
"873118";"27:1:1";"Exp60_133_IS18551";"Exp60_133_IS18551";NA;"2023-09-23 08:16:00";72596
"873119";"27:1:1";"Exp60_133_IS18551";"Exp60_133_IS18551";NA;"2023-09-23 08:32:00";69651
"873120";"27:1:1";"Exp60_133_IS18551";"Exp60_133_IS18551";NA;"2023-09-23 08:46:00";69180,4
"873121";"27:1:1";"Exp60_133_IS18551";"Exp60_133_IS18551";NA;"2023-09-23 09:02:00";73686,9
"873122";"27:1:1";"Exp60_133_IS18551";"Exp60_133_IS18551";NA;"2023-09-23 09:16:00";72928,3
"873123";"27:1:1";"Exp60_133_IS18551";"Exp60_133_IS18551";NA;"2023-09-23 14:01:00";71409
"873124";"27:1:1";"Exp60_133_IS18551";"Exp60_133_IS18551";NA;"2023-09-23 14:17:00";72458,7
"873125";"27:1:1";"Exp60_133_IS18551";"Exp60_133_IS18551";NA;"2023-09-23 14:31:00";72383,4
"873126";"27:1:1";"Exp60_133_IS18551";"Exp60_133_IS18551";NA;"2023-09-23 14:47:00";72396,1
"873127";"27:1:1";"Exp60_133_IS18551";"Exp60_133_IS18551";NA;"2023-09-23 15:01:00";72493
"873128";"27:1:1";"Exp60_133_IS18551";"Exp60_133_IS18551";NA;"2023-09-23 15:32:00";72419,5
"873129";"27:1:1";"Exp60_133_IS18551";"Exp60_133_IS18551";NA;"2023-09-23 15:46:00";72812,4
"873130";"27:1:1";"Exp60_133_IS18551";"Exp60_133_IS18551";NA;"2023-09-23 16:17:00";72905,3
"873131";"27:1:1";"Exp60_133_IS18551";"Exp60_133_IS18551";NA;"2023-09-23 16:31:00";72910,2
"873132";"27:1:1";"Exp60_133_IS18551";"Exp60_133_IS18551";NA;"2023-09-23 16:47:00";72152,7
"873133";"27:1:1";"Exp60_133_IS18551";"Exp60_133_IS18551";NA;"2023-09-23 17:01:00";72307,4
"873134";"27:1:1";"Exp60_133_IS18551";"Exp60_133_IS18551";NA;"2023-09-23 17:17:00";72171,7
"873135";"27:1:1";"Exp60_133_IS18551";"Exp60_133_IS18551";NA;"2023-09-23 17:31:00";72189,8
"873136";"27:1:1";"Exp60_133_IS18551";"Exp60_133_IS18551";NA;"2023-09-23 17:47:00";72751,3
"873137";"27:1:1";"Exp60_133_IS18551";"Exp60_133_IS18551";NA;"2023-09-23 18:01:00";72770,9
"873138";"27:1:1";"Exp60_133_IS18551";"Exp60_133_IS18551";NA;"2023-09-23 18:17:00";72824
"873139";"27:1:1";"Exp60_133_IS18551";"Exp60_133_IS18551";NA;"2023-09-23 18:31:00";71228,2
"873140";"27:1:1";"Exp60_133_IS18551";"Exp60_133_IS18551";NA;"2023-09-23 18:47:00";70170,8
"873141";"27:1:1";"Exp60_133_IS18551";"Exp60_133_IS18551";NA;"2023-09-23 19:01:00";70293,5
"873142";"27:1:1";"Exp60_133_IS18551";"Exp60_133_IS18551";NA;"2023-09-23 19:17:00";70185,2
"873143";"27:1:1";"Exp60_133_IS18551";"Exp60_133_IS18551";NA;"2023-09-23 19:31:00";69837,8
"873144";"27:1:1";"Exp60_133_IS18551";"Exp60_133_IS18551";NA;"2023-09-23 20:02:00";70542,9
"873145";"27:1:1";"Exp60_133_IS18551";"Exp60_133_IS18551";NA;"2023-09-23 20:16:00";72343,3
"873146";"27:1:1";"Exp60_133_IS18551";"Exp60_133_IS18551";NA;"2023-09-23 20:32:00";72485,8
"873147";"27:1:1";"Exp60_133_IS18551";"Exp60_133_IS18551";NA;"2023-09-23 20:46:00";72592
"873148";"27:1:1";"Exp60_133_IS18551";"Exp60_133_IS18551";NA;"2023-09-23 21:02:00";73692,8
"873149";"27:1:1";"Exp60_133_IS18551";"Exp60_133_IS18551";NA;"2023-09-23 21:16:00";72971,3
"873150";"27:1:1";"Exp60_133_IS18551";"Exp60_133_IS18551";NA;"2023-09-23 21:32:00";72974,3
"873151";"27:1:1";"Exp60_133_IS18551";"Exp60_133_IS18551";NA;"2023-09-23 21:46:00";73501,9
"873152";"27:1:1";"Exp60_133_IS18551";"Exp60_133_IS18551";NA;"2023-09-23 22:02:00";75178,7
"873153";"27:1:1";"Exp60_133_IS18551";"Exp60_133_IS18551";NA;"2023-09-23 22:16:00";75184,9
"873154";"27:1:1";"Exp60_133_IS18551";"Exp60_133_IS18551";NA;"2023-09-23 23:17:00";75355,9
"873155";"27:1:1";"Exp60_133_IS18551";"Exp60_133_IS18551";NA;"2023-09-23 23:31:00";75357,8
"873156";"27:1:1";"Exp60_133_IS18551";"Exp60_133_IS18551";NA;"2023-09-23 23:47:00";75358,7
"873157";"27:1:1";"Exp60_133_IS18551";"Exp60_133_IS18551";NA;"2023-09-24 00:01:00";75326,5
"873158";"27:1:1";"Exp60_133_IS18551";"Exp60_133_IS18551";NA;"2023-09-24 00:17:00";74039,1
"873159";"27:1:1";"Exp60_133_IS18551";"Exp60_133_IS18551";NA;"2023-09-24 00:31:00";74046,5
"873160";"27:1:1";"Exp60_133_IS18551";"Exp60_133_IS18551";NA;"2023-09-24 00:47:00";74140,1
"873161";"27:1:1";"Exp60_133_IS18551";"Exp60_133_IS18551";NA;"2023-09-24 01:01:00";74195,2
"873162";"27:1:1";"Exp60_133_IS18551";"Exp60_133_IS18551";NA;"2023-09-24 01:17:00";75013,5
"873163";"27:1:1";"Exp60_133_IS18551";"Exp60_133_IS18551";NA;"2023-09-24 01:31:00";75042,1
"873164";"27:1:1";"Exp60_133_IS18551";"Exp60_133_IS18551";NA;"2023-09-24 01:47:00";75051,1
"873165";"27:1:1";"Exp60_133_IS18551";"Exp60_133_IS18551";NA;"2023-09-24 02:01:00";75061,5
"873166";"27:1:1";"Exp60_133_IS18551";"Exp60_133_IS18551";NA;"2023-09-24 02:17:00";75077
"873167";"27:1:1";"Exp60_133_IS18551";"Exp60_133_IS18551";NA;"2023-09-24 02:31:00";75078,7
"873168";"27:1:1";"Exp60_133_IS18551";"Exp60_133_IS18551";NA;"2023-09-24 02:47:00";75117,2
"873169";"27:1:1";"Exp60_133_IS18551";"Exp60_133_IS18551";NA;"2023-09-24 03:01:00";75132,4
"873170";"27:1:1";"Exp60_133_IS18551";"Exp60_133_IS18551";NA;"2023-09-24 10:01:00";70997,8
"873171";"27:1:1";"Exp60_133_IS18551";"Exp60_133_IS18551";NA;"2023-09-24 10:17:00";71007,4
"873172";"27:1:1";"Exp60_133_IS18551";"Exp60_133_IS18551";NA;"2023-09-24 10:31:00";72992,5
"873173";"27:1:1";"Exp60_133_IS18551";"Exp60_133_IS18551";NA;"2023-09-24 10:47:00";74738,6
"873174";"27:1:1";"Exp60_133_IS18551";"Exp60_133_IS18551";NA;"2023-09-24 11:01:00";75748,1
"873175";"27:1:1";"Exp60_133_IS18551";"Exp60_133_IS18551";NA;"2023-09-24 11:17:00";75736,3
"873176";"27:1:1";"Exp60_133_IS18551";"Exp60_133_IS18551";NA;"2023-09-24 11:31:00";75719,1
"873177";"27:1:1";"Exp60_133_IS18551";"Exp60_133_IS18551";NA;"2023-09-24 11:47:00";75708,7
"873178";"27:1:1";"Exp60_133_IS18551";"Exp60_133_IS18551";NA;"2023-09-24 12:01:00";74436,2
"873179";"27:1:1";"Exp60_133_IS18551";"Exp60_133_IS18551";NA;"2023-09-24 12:17:00";68948,2
"873180";"27:1:1";"Exp60_133_IS18551";"Exp60_133_IS18551";NA;"2023-09-24 12:31:00";64342
"873181";"27:1:1";"Exp60_133_IS18551";"Exp60_133_IS18551";NA;"2023-09-24 12:47:00";71911,8
"873182";"27:1:1";"Exp60_133_IS18551";"Exp60_133_IS18551";NA;"2023-09-24 13:01:00";69444,6
"873183";"27:1:1";"Exp60_133_IS18551";"Exp60_133_IS18551";NA;"2023-09-24 13:17:00";71505,3
"873184";"27:1:1";"Exp60_133_IS18551";"Exp60_133_IS18551";NA;"2023-09-24 13:31:00";71705,8
"873185";"27:1:1";"Exp60_133_IS18551";"Exp60_133_IS18551";NA;"2023-09-24 13:47:00";72008,7
"873186";"27:1:1";"Exp60_133_IS18551";"Exp60_133_IS18551";NA;"2023-09-24 14:01:00";72029,3
"873187";"27:1:1";"Exp60_133_IS18551";"Exp60_133_IS18551";NA;"2023-09-24 14:17:00";71574,6
"873188";"27:1:1";"Exp60_133_IS18551";"Exp60_133_IS18551";NA;"2023-09-24 14:31:00";71401,2
"873189";"27:1:1";"Exp60_133_IS18551";"Exp60_133_IS18551";NA;"2023-09-24 14:47:00";66353
"873190";"27:1:1";"Exp60_133_IS18551";"Exp60_133_IS18551";NA;"2023-09-24 15:01:00";72977,4
"873191";"27:1:1";"Exp60_133_IS18551";"Exp60_133_IS18551";NA;"2023-09-24 15:17:00";72337,8
"873192";"27:1:1";"Exp60_133_IS18551";"Exp60_133_IS18551";NA;"2023-09-24 15:31:00";70272,2
"873193";"27:1:1";"Exp60_133_IS18551";"Exp60_133_IS18551";NA;"2023-09-24 15:47:00";71977,8
"873194";"27:1:1";"Exp60_133_IS18551";"Exp60_133_IS18551";NA;"2023-09-24 16:01:00";71291,6
"873195";"27:1:1";"Exp60_133_IS18551";"Exp60_133_IS18551";NA;"2023-09-24 22:31:00";75435,1
"873196";"27:1:1";"Exp60_133_IS18551";"Exp60_133_IS18551";NA;"2023-09-24 22:47:00";75438,8
"873197";"27:1:1";"Exp60_133_IS18551";"Exp60_133_IS18551";NA;"2023-09-24 23:01:00";75436,4
"873198";"27:1:1";"Exp60_133_IS18551";"Exp60_133_IS18551";NA;"2023-09-24 23:17:00";75439,4
"873199";"27:1:1";"Exp60_133_IS18551";"Exp60_133_IS18551";NA;"2023-09-24 23:31:00";75445,2
"873200";"27:1:1";"Exp60_133_IS18551";"Exp60_133_IS18551";NA;"2023-09-24 23:47:00";75452,4
"873201";"27:1:1";"Exp60_133_IS18551";"Exp60_133_IS18551";NA;"2023-09-25 00:01:00";75454,4
"873202";"27:1:1";"Exp60_133_IS18551";"Exp60_133_IS18551";NA;"2023-09-25 00:17:00";75455,5
"873203";"27:1:1";"Exp60_133_IS18551";"Exp60_133_IS18551";NA;"2023-09-25 00:31:00";75452,9
"873204";"27:1:1";"Exp60_133_IS18551";"Exp60_133_IS18551";NA;"2023-09-25 00:47:00";75462,6
"873205";"27:1:1";"Exp60_133_IS18551";"Exp60_133_IS18551";NA;"2023-09-25 01:01:00";75163,6
"873206";"27:1:1";"Exp60_133_IS18551";"Exp60_133_IS18551";NA;"2023-09-25 01:17:00";75110,4
"873207";"27:1:1";"Exp60_133_IS18551";"Exp60_133_IS18551";NA;"2023-09-25 01:31:00";75118
"873208";"27:1:1";"Exp60_133_IS18551";"Exp60_133_IS18551";NA;"2023-09-25 01:47:00";75123,4
"873209";"27:1:1";"Exp60_133_IS18551";"Exp60_133_IS18551";NA;"2023-09-25 02:01:00";75126,6
"873210";"27:1:1";"Exp60_133_IS18551";"Exp60_133_IS18551";NA;"2023-09-25 03:02:00";74633,6
"873211";"27:1:1";"Exp60_133_IS18551";"Exp60_133_IS18551";NA;"2023-09-25 03:16:00";75137,6
"873212";"27:1:1";"Exp60_133_IS18551";"Exp60_133_IS18551";NA;"2023-09-25 04:32:00";75182,3
"873213";"27:1:1";"Exp60_133_IS18551";"Exp60_133_IS18551";NA;"2023-09-25 04:46:00";75173,8
"873214";"27:1:1";"Exp60_133_IS18551";"Exp60_133_IS18551";NA;"2023-09-25 05:17:00";75182,7
"873215";"27:1:1";"Exp60_133_IS18551";"Exp60_133_IS18551";NA;"2023-09-25 05:31:00";75185,5
"873216";"27:1:1";"Exp60_133_IS18551";"Exp60_133_IS18551";NA;"2023-09-25 05:47:00";75188,8
"873217";"27:1:1";"Exp60_133_IS18551";"Exp60_133_IS18551";NA;"2023-09-25 06:01:00";75191
"873218";"27:1:1";"Exp60_133_IS18551";"Exp60_133_IS18551";NA;"2023-09-25 06:17:00";75190,7
"873219";"27:1:1";"Exp60_133_IS18551";"Exp60_133_IS18551";NA;"2023-09-25 06:31:00";75187,8
"873220";"27:1:1";"Exp60_133_IS18551";"Exp60_133_IS18551";NA;"2023-09-25 06:47:00";75182,5
"873221";"27:1:1";"Exp60_133_IS18551";"Exp60_133_IS18551";NA;"2023-09-25 07:01:00";75183
"873222";"27:1:1";"Exp60_133_IS18551";"Exp60_133_IS18551";NA;"2023-09-25 07:17:00";75168,8
"873223";"27:1:1";"Exp60_133_IS18551";"Exp60_133_IS18551";NA;"2023-09-25 07:31:00";75171,9
"873224";"27:1:1";"Exp60_133_IS18551";"Exp60_133_IS18551";NA;"2023-09-25 07:47:00";75161
"873225";"27:1:1";"Exp60_133_IS18551";"Exp60_133_IS18551";NA;"2023-09-25 08:01:00";75158,2
"873226";"27:1:1";"Exp60_133_IS18551";"Exp60_133_IS18551";NA;"2023-09-25 14:46:00";71494
"873227";"27:1:1";"Exp60_133_IS18551";"Exp60_133_IS18551";NA;"2023-09-25 15:02:00";68464,6
"873228";"27:1:1";"Exp60_133_IS18551";"Exp60_133_IS18551";NA;"2023-09-25 15:16:00";69473,7
"873229";"27:1:1";"Exp60_133_IS18551";"Exp60_133_IS18551";NA;"2023-09-25 15:32:00";69483,2
"873230";"27:1:1";"Exp60_133_IS18551";"Exp60_133_IS18551";NA;"2023-09-25 15:46:00";69515,4
"873231";"27:1:1";"Exp60_133_IS18551";"Exp60_133_IS18551";NA;"2023-09-25 16:02:00";68847,8
"873232";"27:1:1";"Exp60_133_IS18551";"Exp60_133_IS18551";NA;"2023-09-25 17:16:00";74406,4
"873233";"27:1:1";"Exp60_133_IS18551";"Exp60_133_IS18551";NA;"2023-09-25 17:32:00";74468,3
"873234";"27:1:1";"Exp60_133_IS18551";"Exp60_133_IS18551";NA;"2023-09-25 17:46:00";72434,4
"873235";"27:1:1";"Exp60_133_IS18551";"Exp60_133_IS18551";NA;"2023-09-25 18:02:00";71618
"873236";"27:1:1";"Exp60_133_IS18551";"Exp60_133_IS18551";NA;"2023-09-25 19:01:00";70466,9
"873237";"27:1:1";"Exp60_133_IS18551";"Exp60_133_IS18551";NA;"2023-09-25 19:17:00";69780
"873238";"27:1:1";"Exp60_133_IS18551";"Exp60_133_IS18551";NA;"2023-09-25 19:31:00";69819,7
"873239";"27:1:1";"Exp60_133_IS18551";"Exp60_133_IS18551";NA;"2023-09-25 19:47:00";70039,5
"873240";"27:1:1";"Exp60_133_IS18551";"Exp60_133_IS18551";NA;"2023-09-25 20:01:00";71792,9
"873241";"27:1:1";"Exp60_133_IS18551";"Exp60_133_IS18551";NA;"2023-09-25 20:17:00";71693,4
"873242";"27:1:1";"Exp60_133_IS18551";"Exp60_133_IS18551";NA;"2023-09-25 20:31:00";71828,4
"873243";"27:1:1";"Exp60_133_IS18551";"Exp60_133_IS18551";NA;"2023-09-25 20:47:00";71642,5
"873244";"27:1:1";"Exp60_133_IS18551";"Exp60_133_IS18551";NA;"2023-09-25 21:16:00";71096,6
"873245";"27:1:1";"Exp60_133_IS18551";"Exp60_133_IS18551";NA;"2023-09-25 21:32:00";70851,3
"873246";"27:1:1";"Exp60_133_IS18551";"Exp60_133_IS18551";NA;"2023-09-25 21:46:00";70402,9
"873247";"27:1:1";"Exp60_133_IS18551";"Exp60_133_IS18551";NA;"2023-09-25 22:02:00";71032,7
"873248";"27:1:1";"Exp60_133_IS18551";"Exp60_133_IS18551";NA;"2023-09-25 22:16:00";71270,4
"873249";"27:1:1";"Exp60_133_IS18551";"Exp60_133_IS18551";NA;"2023-09-25 22:32:00";71584,6
"873250";"27:1:1";"Exp60_133_IS18551";"Exp60_133_IS18551";NA;"2023-09-25 22:46:00";71756
"873251";"27:1:1";"Exp60_133_IS18551";"Exp60_133_IS18551";NA;"2023-09-25 23:02:00";71751,7
"873252";"27:1:1";"Exp60_133_IS18551";"Exp60_133_IS18551";NA;"2023-09-25 23:16:00";71738,9
"873253";"27:1:1";"Exp60_133_IS18551";"Exp60_133_IS18551";NA;"2023-09-25 23:32:00";71307,8
"873254";"27:1:1";"Exp60_133_IS18551";"Exp60_133_IS18551";NA;"2023-09-25 23:46:00";72312,1
"873255";"27:1:1";"Exp60_133_IS18551";"Exp60_133_IS18551";NA;"2023-09-26 00:02:00";72498,5
"873256";"27:1:1";"Exp60_133_IS18551";"Exp60_133_IS18551";NA;"2023-09-26 00:16:00";72579,3
"873257";"27:1:1";"Exp60_133_IS18551";"Exp60_133_IS18551";NA;"2023-09-26 00:32:00";72711,1
"873258";"27:1:1";"Exp60_133_IS18551";"Exp60_133_IS18551";NA;"2023-09-26 00:46:00";73273,2
"873259";"27:1:1";"Exp60_133_IS18551";"Exp60_133_IS18551";NA;"2023-09-26 01:02:00";75611,4
"873260";"27:1:1";"Exp60_133_IS18551";"Exp60_133_IS18551";NA;"2023-09-26 01:16:00";75659,9
"873261";"27:1:1";"Exp60_133_IS18551";"Exp60_133_IS18551";NA;"2023-09-26 01:32:00";75673,9
"873262";"27:1:1";"Exp60_133_IS18551";"Exp60_133_IS18551";NA;"2023-09-26 01:46:00";75675,6
"873263";"27:1:1";"Exp60_133_IS18551";"Exp60_133_IS18551";NA;"2023-09-26 02:02:00";75674,9
"873264";"27:1:1";"Exp60_133_IS18551";"Exp60_133_IS18551";NA;"2023-09-26 02:16:00";75675,2
"873265";"27:1:1";"Exp60_133_IS18551";"Exp60_133_IS18551";NA;"2023-09-26 02:32:00";75674,2
"873266";"27:1:1";"Exp60_133_IS18551";"Exp60_133_IS18551";NA;"2023-09-26 02:46:00";75668,9
"873267";"27:1:1";"Exp60_133_IS18551";"Exp60_133_IS18551";NA;"2023-09-26 03:02:00";75672,9
"873268";"27:1:1";"Exp60_133_IS18551";"Exp60_133_IS18551";NA;"2023-09-26 03:16:00";75675,4
"873269";"27:1:1";"Exp60_133_IS18551";"Exp60_133_IS18551";NA;"2023-09-26 03:32:00";75671,2
"873270";"27:1:1";"Exp60_133_IS18551";"Exp60_133_IS18551";NA;"2023-09-26 03:46:00";75674,2
"873271";"27:1:1";"Exp60_133_IS18551";"Exp60_133_IS18551";NA;"2023-09-26 04:02:00";75671,6
"873272";"27:1:1";"Exp60_133_IS18551";"Exp60_133_IS18551";NA;"2023-09-26 04:16:00";75668
"873273";"27:1:1";"Exp60_133_IS18551";"Exp60_133_IS18551";NA;"2023-09-26 04:32:00";75682,9
"873274";"27:1:1";"Exp60_133_IS18551";"Exp60_133_IS18551";NA;"2023-09-26 04:46:00";75685,2
"873275";"27:1:1";"Exp60_133_IS18551";"Exp60_133_IS18551";NA;"2023-09-26 05:02:00";75682,2
"873276";"27:1:1";"Exp60_133_IS18551";"Exp60_133_IS18551";NA;"2023-09-26 05:16:00";75683
"873277";"27:1:1";"Exp60_133_IS18551";"Exp60_133_IS18551";NA;"2023-09-26 05:32:00";75678,7
"873278";"27:1:1";"Exp60_133_IS18551";"Exp60_133_IS18551";NA;"2023-09-26 05:46:00";75679,1
"873279";"27:1:1";"Exp60_133_IS18551";"Exp60_133_IS18551";NA;"2023-09-26 06:02:00";75680,4
"873280";"27:1:1";"Exp60_133_IS18551";"Exp60_133_IS18551";NA;"2023-09-26 06:16:00";75679,2
"873281";"27:1:1";"Exp60_133_IS18551";"Exp60_133_IS18551";NA;"2023-09-26 06:32:00";75679,1
"873282";"27:1:1";"Exp60_133_IS18551";"Exp60_133_IS18551";NA;"2023-09-26 06:46:00";75678,2
"873283";"27:1:1";"Exp60_133_IS18551";"Exp60_133_IS18551";NA;"2023-09-26 07:02:00";75672,7
"873284";"27:1:1";"Exp60_133_IS18551";"Exp60_133_IS18551";NA;"2023-09-26 07:16:00";75670,9
"873285";"27:1:1";"Exp60_133_IS18551";"Exp60_133_IS18551";NA;"2023-09-26 07:47:00";75668,3
"873286";"27:1:1";"Exp60_133_IS18551";"Exp60_133_IS18551";NA;"2023-09-26 08:01:00";75663
"873287";"27:1:1";"Exp60_133_IS18551";"Exp60_133_IS18551";NA;"2023-09-26 08:17:00";75661,5
"873288";"27:1:1";"Exp60_133_IS18551";"Exp60_133_IS18551";NA;"2023-09-26 08:31:00";75653,4
"873289";"27:1:1";"Exp60_133_IS18551";"Exp60_133_IS18551";NA;"2023-09-26 09:02:00";75648,9
"873290";"27:1:1";"Exp60_133_IS18551";"Exp60_133_IS18551";NA;"2023-09-26 09:16:00";75646,6
"873291";"27:1:1";"Exp60_133_IS18551";"Exp60_133_IS18551";NA;"2023-09-26 09:32:00";75642,5
"873292";"27:1:1";"Exp60_133_IS18551";"Exp60_133_IS18551";NA;"2023-09-26 09:46:00";75633,2
"873293";"27:1:1";"Exp60_133_IS18551";"Exp60_133_IS18551";NA;"2023-09-26 10:02:00";75642,5
"873294";"27:1:1";"Exp60_133_IS18551";"Exp60_133_IS18551";NA;"2023-09-26 10:16:00";72358,5
"873295";"27:1:1";"Exp60_133_IS18551";"Exp60_133_IS18551";NA;"2023-09-26 10:32:00";72702,2
"873296";"27:1:1";"Exp60_133_IS18551";"Exp60_133_IS18551";NA;"2023-09-26 10:46:00";68249,6
"873297";"27:1:1";"Exp60_133_IS18551";"Exp60_133_IS18551";NA;"2023-09-26 11:02:00";68754,9
"873298";"27:1:1";"Exp60_133_IS18551";"Exp60_133_IS18551";NA;"2023-09-26 11:16:00";74610
"873299";"27:1:1";"Exp60_133_IS18551";"Exp60_133_IS18551";NA;"2023-09-26 11:47:00";75373,6
"873300";"27:1:1";"Exp60_133_IS18551";"Exp60_133_IS18551";NA;"2023-09-26 12:01:00";75331,6
"873301";"27:1:1";"Exp60_133_IS18551";"Exp60_133_IS18551";NA;"2023-09-26 12:17:00";75325,7
"873302";"27:1:1";"Exp60_133_IS18551";"Exp60_133_IS18551";NA;"2023-09-26 12:31:00";75311,2
"873303";"27:1:1";"Exp60_133_IS18551";"Exp60_133_IS18551";NA;"2023-09-26 12:47:00";75286,6
"873304";"27:1:1";"Exp60_133_IS18551";"Exp60_133_IS18551";NA;"2023-09-26 13:01:00";75266,7
"873305";"27:1:1";"Exp60_133_IS18551";"Exp60_133_IS18551";NA;"2023-09-26 13:32:00";75238
"873306";"27:1:1";"Exp60_133_IS18551";"Exp60_133_IS18551";NA;"2023-09-26 13:46:00";75221,8
"873307";"27:1:1";"Exp60_133_IS18551";"Exp60_133_IS18551";NA;"2023-09-26 14:02:00";75190,7
"873308";"27:1:1";"Exp60_133_IS18551";"Exp60_133_IS18551";NA;"2023-09-26 14:16:00";75173,9
"873309";"27:1:1";"Exp60_133_IS18551";"Exp60_133_IS18551";NA;"2023-09-26 14:32:00";75156,4
"873310";"27:1:1";"Exp60_133_IS18551";"Exp60_133_IS18551";NA;"2023-09-26 14:46:00";75123,4
"873311";"27:1:1";"Exp60_133_IS18551";"Exp60_133_IS18551";NA;"2023-09-26 15:02:00";75111,4
"873312";"27:1:1";"Exp60_133_IS18551";"Exp60_133_IS18551";NA;"2023-09-26 15:16:00";74884,5
"873313";"27:1:1";"Exp60_133_IS18551";"Exp60_133_IS18551";NA;"2023-09-26 15:32:00";72940,6
"873314";"27:1:1";"Exp60_133_IS18551";"Exp60_133_IS18551";NA;"2023-09-26 15:46:00";72719,1
"873315";"27:1:1";"Exp60_133_IS18551";"Exp60_133_IS18551";NA;"2023-09-26 16:02:00";73844,1
"873316";"27:1:1";"Exp60_133_IS18551";"Exp60_133_IS18551";NA;"2023-09-26 16:16:00";74230,1
"873317";"27:1:1";"Exp60_133_IS18551";"Exp60_133_IS18551";NA;"2023-09-26 22:01:00";73581,3
"873318";"27:1:1";"Exp60_133_IS18551";"Exp60_133_IS18551";NA;"2023-09-26 22:17:00";73542,6
"873319";"27:1:1";"Exp60_133_IS18551";"Exp60_133_IS18551";NA;"2023-09-26 22:31:00";73516,6
"873320";"27:1:1";"Exp60_133_IS18551";"Exp60_133_IS18551";NA;"2023-09-26 22:47:00";72891,6
"873321";"27:1:1";"Exp60_133_IS18551";"Exp60_133_IS18551";NA;"2023-09-26 23:01:00";73080,3
"873322";"27:1:1";"Exp60_133_IS18551";"Exp60_133_IS18551";NA;"2023-09-26 23:17:00";73041,4
"873323";"27:1:1";"Exp60_133_IS18551";"Exp60_133_IS18551";NA;"2023-09-26 23:31:00";72997
"873324";"27:1:1";"Exp60_133_IS18551";"Exp60_133_IS18551";NA;"2023-09-26 23:47:00";72939,8
"873325";"27:1:1";"Exp60_133_IS18551";"Exp60_133_IS18551";NA;"2023-09-27 00:31:00";74523,9
"873326";"27:1:1";"Exp60_133_IS18551";"Exp60_133_IS18551";NA;"2023-09-27 00:47:00";73805,3
"873327";"27:1:1";"Exp60_133_IS18551";"Exp60_133_IS18551";NA;"2023-09-27 01:01:00";74539,3
"873328";"27:1:1";"Exp60_133_IS18551";"Exp60_133_IS18551";NA;"2023-09-27 01:17:00";73502,2
"873329";"27:1:1";"Exp60_133_IS18551";"Exp60_133_IS18551";NA;"2023-09-27 01:31:00";73482,7
"873330";"27:1:1";"Exp60_133_IS18551";"Exp60_133_IS18551";NA;"2023-09-27 01:47:00";73461,4
"873331";"27:1:1";"Exp60_133_IS18551";"Exp60_133_IS18551";NA;"2023-09-27 02:01:00";76214,7
"873332";"27:1:1";"Exp60_133_IS18551";"Exp60_133_IS18551";NA;"2023-09-27 02:17:00";76310
"873333";"27:1:1";"Exp60_133_IS18551";"Exp60_133_IS18551";NA;"2023-09-27 02:31:00";76348,6
"873334";"27:1:1";"Exp60_133_IS18551";"Exp60_133_IS18551";NA;"2023-09-27 02:47:00";76409,7
"873335";"27:1:1";"Exp60_133_IS18551";"Exp60_133_IS18551";NA;"2023-09-27 03:01:00";76426,1
"873336";"27:1:1";"Exp60_133_IS18551";"Exp60_133_IS18551";NA;"2023-09-27 03:17:00";76430
"873337";"27:1:1";"Exp60_133_IS18551";"Exp60_133_IS18551";NA;"2023-09-27 03:31:00";76432
"873338";"27:1:1";"Exp60_133_IS18551";"Exp60_133_IS18551";NA;"2023-09-27 03:47:00";76432,3
"873339";"27:1:1";"Exp60_133_IS18551";"Exp60_133_IS18551";NA;"2023-09-27 04:01:00";76434,5
"873340";"27:1:1";"Exp60_133_IS18551";"Exp60_133_IS18551";NA;"2023-09-27 04:17:00";76433,9
"873341";"27:1:1";"Exp60_133_IS18551";"Exp60_133_IS18551";NA;"2023-09-27 04:31:00";76433,2
"873342";"27:1:1";"Exp60_133_IS18551";"Exp60_133_IS18551";NA;"2023-09-27 04:47:00";76437,2
"873343";"27:1:1";"Exp60_133_IS18551";"Exp60_133_IS18551";NA;"2023-09-27 05:01:00";76438
"873344";"27:1:1";"Exp60_133_IS18551";"Exp60_133_IS18551";NA;"2023-09-27 05:17:00";76440
"873345";"27:1:1";"Exp60_133_IS18551";"Exp60_133_IS18551";NA;"2023-09-27 05:31:00";76442
"873346";"27:1:1";"Exp60_133_IS18551";"Exp60_133_IS18551";NA;"2023-09-27 05:47:00";76444,2
"873347";"27:1:1";"Exp60_133_IS18551";"Exp60_133_IS18551";NA;"2023-09-27 06:01:00";76444,3
"873348";"27:1:1";"Exp60_133_IS18551";"Exp60_133_IS18551";NA;"2023-09-27 06:17:00";76446,9
"873349";"27:1:1";"Exp60_133_IS18551";"Exp60_133_IS18551";NA;"2023-09-27 06:31:00";76447,5
"873350";"27:1:1";"Exp60_133_IS18551";"Exp60_133_IS18551";NA;"2023-09-27 06:47:00";76448,2
"873351";"27:1:1";"Exp60_133_IS18551";"Exp60_133_IS18551";NA;"2023-09-27 07:01:00";76446,6
"873352";"27:1:1";"Exp60_133_IS18551";"Exp60_133_IS18551";NA;"2023-09-27 07:32:00";76443,2
"873353";"27:1:1";"Exp60_133_IS18551";"Exp60_133_IS18551";NA;"2023-09-27 07:46:00";76438,3
"873354";"27:1:1";"Exp60_133_IS18551";"Exp60_133_IS18551";NA;"2023-09-27 08:02:00";76430
"873355";"27:1:1";"Exp60_133_IS18551";"Exp60_133_IS18551";NA;"2023-09-27 08:16:00";76424
"873356";"27:1:1";"Exp60_133_IS18551";"Exp60_133_IS18551";NA;"2023-09-27 08:32:00";76412
"873357";"27:1:1";"Exp60_133_IS18551";"Exp60_133_IS18551";NA;"2023-09-27 08:46:00";76394,2
"873358";"27:1:1";"Exp60_133_IS18551";"Exp60_133_IS18551";NA;"2023-09-27 09:02:00";76372,1
"873359";"27:1:1";"Exp60_133_IS18551";"Exp60_133_IS18551";NA;"2023-09-27 09:16:00";76344,6
"873360";"27:1:1";"Exp60_133_IS18551";"Exp60_133_IS18551";NA;"2023-09-27 15:46:00";69609,2
"873361";"27:1:1";"Exp60_133_IS18551";"Exp60_133_IS18551";NA;"2023-09-27 16:02:00";71406,7
"873362";"27:1:1";"Exp60_133_IS18551";"Exp60_133_IS18551";NA;"2023-09-27 16:16:00";77113,2
"873363";"27:1:1";"Exp60_133_IS18551";"Exp60_133_IS18551";NA;"2023-09-27 16:32:00";77209,4
"873364";"27:1:1";"Exp60_133_IS18551";"Exp60_133_IS18551";NA;"2023-09-27 16:46:00";77152,2
"873365";"27:1:1";"Exp60_133_IS18551";"Exp60_133_IS18551";NA;"2023-09-27 17:17:00";77000,9
"873366";"27:1:1";"Exp60_133_IS18551";"Exp60_133_IS18551";NA;"2023-09-27 17:31:00";76933,2
"873367";"27:1:1";"Exp60_133_IS18551";"Exp60_133_IS18551";NA;"2023-09-27 17:47:00";76738,7
"873368";"27:1:1";"Exp60_133_IS18551";"Exp60_133_IS18551";NA;"2023-09-27 18:01:00";71307,6
"873369";"27:1:1";"Exp60_133_IS18551";"Exp60_133_IS18551";NA;"2023-09-27 18:17:00";69980
"873370";"27:1:1";"Exp60_133_IS18551";"Exp60_133_IS18551";NA;"2023-09-27 18:31:00";71759,1
"873371";"27:1:1";"Exp60_133_IS18551";"Exp60_133_IS18551";NA;"2023-09-27 18:47:00";74152,1
"873372";"27:1:1";"Exp60_133_IS18551";"Exp60_133_IS18551";NA;"2023-09-27 19:01:00";75904,4
"873373";"27:1:1";"Exp60_133_IS18551";"Exp60_133_IS18551";NA;"2023-09-27 19:17:00";75840,4
"873374";"27:1:1";"Exp60_133_IS18551";"Exp60_133_IS18551";NA;"2023-09-27 19:31:00";74678,8
"873375";"27:1:1";"Exp60_133_IS18551";"Exp60_133_IS18551";NA;"2023-09-27 19:47:00";74821,8
"873376";"27:1:1";"Exp60_133_IS18551";"Exp60_133_IS18551";NA;"2023-09-27 20:01:00";75113,6
"873377";"27:1:1";"Exp60_133_IS18551";"Exp60_133_IS18551";NA;"2023-09-27 20:17:00";72359,8
"873378";"27:1:1";"Exp60_133_IS18551";"Exp60_133_IS18551";NA;"2023-09-27 20:31:00";70406,1
"873379";"27:1:1";"Exp60_133_IS18551";"Exp60_133_IS18551";NA;"2023-09-27 20:47:00";75105,5
"873380";"27:1:1";"Exp60_133_IS18551";"Exp60_133_IS18551";NA;"2023-09-27 21:01:00";75113,5
"873381";"27:1:1";"Exp60_133_IS18551";"Exp60_133_IS18551";NA;"2023-09-28 01:31:00";74948,1
"873382";"27:1:1";"Exp60_133_IS18551";"Exp60_133_IS18551";NA;"2023-09-28 01:47:00";74942,2
"873383";"27:1:1";"Exp60_133_IS18551";"Exp60_133_IS18551";NA;"2023-09-28 02:01:00";74940
"873384";"27:1:1";"Exp60_133_IS18551";"Exp60_133_IS18551";NA;"2023-09-28 02:17:00";74935,6
"873385";"27:1:1";"Exp60_133_IS18551";"Exp60_133_IS18551";NA;"2023-09-28 02:31:00";74929,2
"873386";"27:1:1";"Exp60_133_IS18551";"Exp60_133_IS18551";NA;"2023-09-28 03:17:00";74926,7
"873387";"27:1:1";"Exp60_133_IS18551";"Exp60_133_IS18551";NA;"2023-09-28 03:31:00";74919,9
"873388";"27:1:1";"Exp60_133_IS18551";"Exp60_133_IS18551";NA;"2023-09-28 03:47:00";74913,6
"873389";"27:1:1";"Exp60_133_IS18551";"Exp60_133_IS18551";NA;"2023-09-28 04:01:00";74912,1
"873390";"27:1:1";"Exp60_133_IS18551";"Exp60_133_IS18551";NA;"2023-09-28 04:17:00";74909,7
"873391";"27:1:1";"Exp60_133_IS18551";"Exp60_133_IS18551";NA;"2023-09-28 04:31:00";74906
"873392";"27:1:1";"Exp60_133_IS18551";"Exp60_133_IS18551";NA;"2023-09-28 04:47:00";74902,8
"873393";"27:1:1";"Exp60_133_IS18551";"Exp60_133_IS18551";NA;"2023-09-28 05:01:00";74900,8
"873394";"27:1:1";"Exp60_133_IS18551";"Exp60_133_IS18551";NA;"2023-09-28 05:17:00";74894,1
"873395";"27:1:1";"Exp60_133_IS18551";"Exp60_133_IS18551";NA;"2023-09-28 05:31:00";74889,7
"873396";"27:1:1";"Exp60_133_IS18551";"Exp60_133_IS18551";NA;"2023-09-28 05:47:00";74885,2
"873397";"27:1:1";"Exp60_133_IS18551";"Exp60_133_IS18551";NA;"2023-09-28 06:01:00";74882,6
"873398";"27:1:1";"Exp60_133_IS18551";"Exp60_133_IS18551";NA;"2023-09-28 06:17:00";74875,3
"873399";"27:1:1";"Exp60_133_IS18551";"Exp60_133_IS18551";NA;"2023-09-28 07:16:00";74856,3
"873400";"27:1:1";"Exp60_133_IS18551";"Exp60_133_IS18551";NA;"2023-09-28 07:32:00";74832,3
"873401";"27:1:1";"Exp60_133_IS18551";"Exp60_133_IS18551";NA;"2023-09-28 08:16:00";74466,2
"873402";"27:1:1";"Exp60_133_IS18551";"Exp60_133_IS18551";NA;"2023-09-28 08:47:00";74041,5
"873403";"27:1:1";"Exp60_133_IS18551";"Exp60_133_IS18551";NA;"2023-09-28 09:01:00";69085,8
"873404";"27:1:1";"Exp60_133_IS18551";"Exp60_133_IS18551";NA;"2023-09-28 16:16:00";72131,9
"873405";"27:1:1";"Exp60_133_IS18551";"Exp60_133_IS18551";NA;"2023-09-28 16:47:00";71476,7
"873406";"27:1:1";"Exp60_133_IS18551";"Exp60_133_IS18551";NA;"2023-09-28 17:01:00";72240,4
"873407";"27:1:1";"Exp60_133_IS18551";"Exp60_133_IS18551";NA;"2023-09-28 17:17:00";74305,3
"873408";"27:1:1";"Exp60_133_IS18551";"Exp60_133_IS18551";NA;"2023-09-28 17:31:00";72022,5
"873409";"27:1:1";"Exp60_133_IS18551";"Exp60_133_IS18551";NA;"2023-09-28 18:02:00";75945,1
"873410";"27:1:1";"Exp60_133_IS18551";"Exp60_133_IS18551";NA;"2023-09-28 18:16:00";74869,5
"873411";"27:1:1";"Exp60_133_IS18551";"Exp60_133_IS18551";NA;"2023-09-28 18:32:00";74609,4
"873412";"27:1:1";"Exp60_133_IS18551";"Exp60_133_IS18551";NA;"2023-09-28 18:46:00";73751,2
"873413";"27:1:1";"Exp60_133_IS18551";"Exp60_133_IS18551";NA;"2023-09-28 19:02:00";73398,5
"873414";"27:1:1";"Exp60_133_IS18551";"Exp60_133_IS18551";NA;"2023-09-28 19:16:00";73238,5
"873415";"27:1:1";"Exp60_133_IS18551";"Exp60_133_IS18551";NA;"2023-09-28 19:32:00";73640,7
"873416";"27:1:1";"Exp60_133_IS18551";"Exp60_133_IS18551";NA;"2023-09-28 19:46:00";72458,2
"873417";"27:1:1";"Exp60_133_IS18551";"Exp60_133_IS18551";NA;"2023-09-28 20:02:00";74451,4
"873418";"27:1:1";"Exp60_133_IS18551";"Exp60_133_IS18551";NA;"2023-09-28 20:16:00";74461,3
"873419";"27:1:1";"Exp60_133_IS18551";"Exp60_133_IS18551";NA;"2023-09-28 20:32:00";74457,9
"873420";"27:1:1";"Exp60_133_IS18551";"Exp60_133_IS18551";NA;"2023-09-28 20:46:00";74453,9
"873421";"27:1:1";"Exp60_133_IS18551";"Exp60_133_IS18551";NA;"2023-09-28 21:02:00";74447,5
"873422";"27:1:1";"Exp60_133_IS18551";"Exp60_133_IS18551";NA;"2023-09-28 21:16:00";74428,7
"873423";"27:1:1";"Exp60_133_IS18551";"Exp60_133_IS18551";NA;"2023-09-28 21:32:00";74414,9
"873424";"27:1:1";"Exp60_133_IS18551";"Exp60_133_IS18551";NA;"2023-09-28 21:46:00";74411,7
"873425";"27:1:1";"Exp60_133_IS18551";"Exp60_133_IS18551";NA;"2023-09-28 22:17:00";74401
"873426";"27:1:1";"Exp60_133_IS18551";"Exp60_133_IS18551";NA;"2023-09-28 22:31:00";74393
"873427";"27:1:1";"Exp60_133_IS18551";"Exp60_133_IS18551";NA;"2023-09-28 22:47:00";74382,9
"873428";"27:1:1";"Exp60_133_IS18551";"Exp60_133_IS18551";NA;"2023-09-28 23:01:00";74379,7
"873429";"27:1:1";"Exp60_133_IS18551";"Exp60_133_IS18551";NA;"2023-09-28 23:17:00";74372,8
"873430";"27:1:1";"Exp60_133_IS18551";"Exp60_133_IS18551";NA;"2023-09-28 23:31:00";74373,6
"873431";"27:1:1";"Exp60_133_IS18551";"Exp60_133_IS18551";NA;"2023-09-29 00:17:00";74386,9
"873432";"27:1:1";"Exp60_133_IS18551";"Exp60_133_IS18551";NA;"2023-09-29 00:31:00";74379,9
"873433";"27:1:1";"Exp60_133_IS18551";"Exp60_133_IS18551";NA;"2023-09-29 00:47:00";74296,5
"873434";"27:1:1";"Exp60_133_IS18551";"Exp60_133_IS18551";NA;"2023-09-29 01:01:00";73584,1
"873435";"27:1:1";"Exp60_133_IS18551";"Exp60_133_IS18551";NA;"2023-09-29 01:17:00";74084,8
"873436";"27:1:1";"Exp60_133_IS18551";"Exp60_133_IS18551";NA;"2023-09-29 01:31:00";73939,4
"873437";"27:1:1";"Exp60_133_IS18551";"Exp60_133_IS18551";NA;"2023-09-29 01:47:00";73984
"873438";"27:1:1";"Exp60_133_IS18551";"Exp60_133_IS18551";NA;"2023-09-29 02:01:00";74043
"873439";"27:1:1";"Exp60_133_IS18551";"Exp60_133_IS18551";NA;"2023-09-29 02:17:00";73895,9
"873440";"27:1:1";"Exp60_133_IS18551";"Exp60_133_IS18551";NA;"2023-09-29 02:31:00";73950,9
"873441";"27:1:1";"Exp60_133_IS18551";"Exp60_133_IS18551";NA;"2023-09-29 02:47:00";74164,6
"873442";"27:1:1";"Exp60_133_IS18551";"Exp60_133_IS18551";NA;"2023-09-29 03:01:00";74317,1
"873443";"27:1:1";"Exp60_133_IS18551";"Exp60_133_IS18551";NA;"2023-09-29 03:47:00";74306,6
"873444";"27:1:1";"Exp60_133_IS18551";"Exp60_133_IS18551";NA;"2023-09-29 04:01:00";73967
"873445";"27:1:1";"Exp60_133_IS18551";"Exp60_133_IS18551";NA;"2023-09-29 04:17:00";74203,4
"873446";"27:1:1";"Exp60_133_IS18551";"Exp60_133_IS18551";NA;"2023-09-29 04:31:00";74394
"873447";"27:1:1";"Exp60_133_IS18551";"Exp60_133_IS18551";NA;"2023-09-29 12:31:00";73114,3
"873448";"27:1:1";"Exp60_133_IS18551";"Exp60_133_IS18551";NA;"2023-09-29 18:46:00";75301,1
"873449";"27:1:1";"Exp60_133_IS18551";"Exp60_133_IS18551";NA;"2023-09-29 19:17:00";74720,1
"873450";"27:1:1";"Exp60_133_IS18551";"Exp60_133_IS18551";NA;"2023-09-29 19:31:00";74703,2
"873451";"27:1:1";"Exp60_133_IS18551";"Exp60_133_IS18551";NA;"2023-09-29 19:47:00";73711
"873452";"27:1:1";"Exp60_133_IS18551";"Exp60_133_IS18551";NA;"2023-09-29 20:01:00";74965,6
"873453";"27:1:1";"Exp60_133_IS18551";"Exp60_133_IS18551";NA;"2023-09-29 20:17:00";74814,1
"873454";"27:1:1";"Exp60_133_IS18551";"Exp60_133_IS18551";NA;"2023-09-29 20:31:00";75190,2
"873455";"27:1:1";"Exp60_133_IS18551";"Exp60_133_IS18551";NA;"2023-09-29 21:02:00";74651,1
"873456";"27:1:1";"Exp60_133_IS18551";"Exp60_133_IS18551";NA;"2023-09-29 21:16:00";74895,7
"873457";"27:1:1";"Exp60_133_IS18551";"Exp60_133_IS18551";NA;"2023-09-29 21:32:00";74908,7
"873458";"27:1:1";"Exp60_133_IS18551";"Exp60_133_IS18551";NA;"2023-09-29 21:46:00";74922,9
"873459";"27:1:1";"Exp60_133_IS18551";"Exp60_133_IS18551";NA;"2023-09-29 22:02:00";74992,5
"873460";"27:1:1";"Exp60_133_IS18551";"Exp60_133_IS18551";NA;"2023-09-29 22:16:00";75039,9
"873461";"27:1:1";"Exp60_133_IS18551";"Exp60_133_IS18551";NA;"2023-09-29 22:32:00";75037,1
"873462";"27:1:1";"Exp60_133_IS18551";"Exp60_133_IS18551";NA;"2023-09-29 22:46:00";75033
"873463";"27:1:1";"Exp60_133_IS18551";"Exp60_133_IS18551";NA;"2023-09-29 23:02:00";75607,5
"873464";"27:1:1";"Exp60_133_IS18551";"Exp60_133_IS18551";NA;"2023-09-29 23:16:00";75626,7
"873465";"27:1:1";"Exp60_133_IS18551";"Exp60_133_IS18551";NA;"2023-09-29 23:32:00";75430,8
"873466";"27:1:1";"Exp60_133_IS18551";"Exp60_133_IS18551";NA;"2023-09-29 23:46:00";75419,7
"873467";"27:1:1";"Exp60_133_IS18551";"Exp60_133_IS18551";NA;"2023-09-30 00:02:00";75423,2
"873468";"27:1:1";"Exp60_133_IS18551";"Exp60_133_IS18551";NA;"2023-09-30 00:16:00";75427,6
"873469";"27:1:1";"Exp60_133_IS18551";"Exp60_133_IS18551";NA;"2023-09-30 00:32:00";75422,9
"873470";"27:1:1";"Exp60_133_IS18551";"Exp60_133_IS18551";NA;"2023-09-30 00:46:00";75375,5
"873471";"27:1:1";"Exp60_133_IS18551";"Exp60_133_IS18551";NA;"2023-09-30 01:02:00";75380,5
"873472";"27:1:1";"Exp60_133_IS18551";"Exp60_133_IS18551";NA;"2023-09-30 01:16:00";75377,5
"873473";"27:1:1";"Exp60_133_IS18551";"Exp60_133_IS18551";NA;"2023-09-30 01:32:00";75376
"873474";"27:1:1";"Exp60_133_IS18551";"Exp60_133_IS18551";NA;"2023-09-30 01:46:00";75482,8
"873475";"27:1:1";"Exp60_133_IS18551";"Exp60_133_IS18551";NA;"2023-09-30 08:46:00";75391,4
"873476";"27:1:1";"Exp60_133_IS18551";"Exp60_133_IS18551";NA;"2023-09-30 09:02:00";75356,3
"873477";"27:1:1";"Exp60_133_IS18551";"Exp60_133_IS18551";NA;"2023-09-30 09:16:00";75343,6
"873478";"27:1:1";"Exp60_133_IS18551";"Exp60_133_IS18551";NA;"2023-09-30 09:32:00";75276,9
"873479";"27:1:1";"Exp60_133_IS18551";"Exp60_133_IS18551";NA;"2023-09-30 09:46:00";74777,1
"873480";"27:1:1";"Exp60_133_IS18551";"Exp60_133_IS18551";NA;"2023-09-30 10:02:00";74817,5
"873481";"27:1:1";"Exp60_133_IS18551";"Exp60_133_IS18551";NA;"2023-09-30 10:16:00";74826,7
"873482";"27:1:1";"Exp60_133_IS18551";"Exp60_133_IS18551";NA;"2023-09-30 10:32:00";74648,4
"873483";"27:1:1";"Exp60_133_IS18551";"Exp60_133_IS18551";NA;"2023-09-30 10:46:00";75651,9
"873484";"27:1:1";"Exp60_133_IS18551";"Exp60_133_IS18551";NA;"2023-09-30 11:02:00";75522,6
"873485";"27:1:1";"Exp60_133_IS18551";"Exp60_133_IS18551";NA;"2023-09-30 11:16:00";75514,5
"873486";"27:1:1";"Exp60_133_IS18551";"Exp60_133_IS18551";NA;"2023-09-30 11:32:00";75483,3
"873487";"27:1:1";"Exp60_133_IS18551";"Exp60_133_IS18551";NA;"2023-09-30 11:46:00";74442,4
"873488";"27:1:1";"Exp60_133_IS18551";"Exp60_133_IS18551";NA;"2023-09-30 19:01:00";76619,6
"873489";"27:1:1";"Exp60_133_IS18551";"Exp60_133_IS18551";NA;"2023-09-30 19:17:00";76602,1
"873490";"27:1:1";"Exp60_133_IS18551";"Exp60_133_IS18551";NA;"2023-09-30 19:31:00";76590
"873491";"27:1:1";"Exp60_133_IS18551";"Exp60_133_IS18551";NA;"2023-09-30 19:47:00";76577,8
"873492";"27:1:1";"Exp60_133_IS18551";"Exp60_133_IS18551";NA;"2023-09-30 20:01:00";76568,7
"873493";"27:1:1";"Exp60_133_IS18551";"Exp60_133_IS18551";NA;"2023-09-30 20:17:00";76560,1
"873494";"27:1:1";"Exp60_133_IS18551";"Exp60_133_IS18551";NA;"2023-09-30 20:31:00";76553,8
"873495";"27:1:1";"Exp60_133_IS18551";"Exp60_133_IS18551";NA;"2023-09-30 20:47:00";76608,1
"873496";"27:1:1";"Exp60_133_IS18551";"Exp60_133_IS18551";NA;"2023-09-30 21:01:00";76785,1
"873497";"27:1:1";"Exp60_133_IS18551";"Exp60_133_IS18551";NA;"2023-09-30 21:32:00";76779,8
"873498";"27:1:1";"Exp60_133_IS18551";"Exp60_133_IS18551";NA;"2023-09-30 21:46:00";76773,4
"873499";"27:1:1";"Exp60_133_IS18551";"Exp60_133_IS18551";NA;"2023-09-30 22:02:00";76768,6
"873500";"27:1:1";"Exp60_133_IS18551";"Exp60_133_IS18551";NA;"2023-09-30 22:16:00";76827,2
"873501";"27:1:1";"Exp60_133_IS18551";"Exp60_133_IS18551";NA;"2023-09-30 22:32:00";76579
"873502";"27:1:1";"Exp60_133_IS18551";"Exp60_133_IS18551";NA;"2023-09-30 22:46:00";76304,5
"873503";"27:1:1";"Exp60_133_IS18551";"Exp60_133_IS18551";NA;"2023-09-30 23:02:00";76370,9
"873504";"27:1:1";"Exp60_133_IS18551";"Exp60_133_IS18551";NA;"2023-09-30 23:16:00";76366,1
"873505";"27:1:1";"Exp60_133_IS18551";"Exp60_133_IS18551";NA;"2023-09-30 23:32:00";76355,6
"873506";"27:1:1";"Exp60_133_IS18551";"Exp60_133_IS18551";NA;"2023-09-30 23:46:00";76353,2
"873507";"27:1:1";"Exp60_133_IS18551";"Exp60_133_IS18551";NA;"2023-10-01 00:02:00";76348,9
"873508";"27:1:1";"Exp60_133_IS18551";"Exp60_133_IS18551";NA;"2023-10-01 00:16:00";76344,2
"873509";"27:1:1";"Exp60_133_IS18551";"Exp60_133_IS18551";NA;"2023-10-01 00:32:00";76337,3
"873510";"27:1:1";"Exp60_133_IS18551";"Exp60_133_IS18551";NA;"2023-10-01 01:16:00";76087,4
"873511";"27:1:1";"Exp60_133_IS18551";"Exp60_133_IS18551";NA;"2023-10-01 01:32:00";76070,6
"873512";"27:1:1";"Exp60_133_IS18551";"Exp60_133_IS18551";NA;"2023-10-01 01:46:00";76062,8
"873513";"27:1:1";"Exp60_133_IS18551";"Exp60_133_IS18551";NA;"2023-10-01 02:02:00";76057,3
"873514";"27:1:1";"Exp60_133_IS18551";"Exp60_133_IS18551";NA;"2023-10-01 02:16:00";76052,9
"873515";"27:1:1";"Exp60_133_IS18551";"Exp60_133_IS18551";NA;"2023-10-01 02:32:00";76048,2
"873516";"27:1:1";"Exp60_133_IS18551";"Exp60_133_IS18551";NA;"2023-10-01 02:46:00";76040,3
"873517";"27:1:1";"Exp60_133_IS18551";"Exp60_133_IS18551";NA;"2023-10-01 09:31:00";74915,7
"873518";"27:1:1";"Exp60_133_IS18551";"Exp60_133_IS18551";NA;"2023-10-01 09:47:00";75022
"873519";"27:1:1";"Exp60_133_IS18551";"Exp60_133_IS18551";NA;"2023-10-01 10:01:00";74843,2
"873520";"27:1:1";"Exp60_133_IS18551";"Exp60_133_IS18551";NA;"2023-10-01 10:17:00";75365,5
"873521";"27:1:1";"Exp60_133_IS18551";"Exp60_133_IS18551";NA;"2023-10-01 10:31:00";74095,8
"873522";"27:1:1";"Exp60_133_IS18551";"Exp60_133_IS18551";NA;"2023-10-01 10:47:00";74851,3
"873523";"27:1:1";"Exp60_133_IS18551";"Exp60_133_IS18551";NA;"2023-10-01 11:01:00";73909,8
"873524";"27:1:1";"Exp60_133_IS18551";"Exp60_133_IS18551";NA;"2023-10-01 17:46:00";75387,3
"873525";"27:1:1";"Exp60_133_IS18551";"Exp60_133_IS18551";NA;"2023-10-01 18:02:00";75438,7
"873526";"27:1:1";"Exp60_133_IS18551";"Exp60_133_IS18551";NA;"2023-10-01 18:16:00";75428,5
"873527";"27:1:1";"Exp60_133_IS18551";"Exp60_133_IS18551";NA;"2023-10-01 18:32:00";75452,6
"873528";"27:1:1";"Exp60_133_IS18551";"Exp60_133_IS18551";NA;"2023-10-01 18:46:00";75456,2
"873529";"27:1:1";"Exp60_133_IS18551";"Exp60_133_IS18551";NA;"2023-10-01 19:02:00";75319,5
"873530";"27:1:1";"Exp60_133_IS18551";"Exp60_133_IS18551";NA;"2023-10-01 19:16:00";74251
"873531";"27:1:1";"Exp60_133_IS18551";"Exp60_133_IS18551";NA;"2023-10-01 19:32:00";75016,6
"873532";"27:1:1";"Exp60_133_IS18551";"Exp60_133_IS18551";NA;"2023-10-01 19:46:00";74092,3
"873533";"27:1:1";"Exp60_133_IS18551";"Exp60_133_IS18551";NA;"2023-10-01 20:02:00";72273,1
"873534";"27:1:1";"Exp60_133_IS18551";"Exp60_133_IS18551";NA;"2023-10-01 20:16:00";73609,2
"873535";"27:1:1";"Exp60_133_IS18551";"Exp60_133_IS18551";NA;"2023-10-01 20:32:00";73915,4
"873536";"27:1:1";"Exp60_133_IS18551";"Exp60_133_IS18551";NA;"2023-10-01 20:46:00";73838,5
"873537";"27:1:1";"Exp60_133_IS18551";"Exp60_133_IS18551";NA;"2023-10-01 21:02:00";72985,6
"873538";"27:1:1";"Exp60_133_IS18551";"Exp60_133_IS18551";NA;"2023-10-01 21:16:00";74477
"873539";"27:1:1";"Exp60_133_IS18551";"Exp60_133_IS18551";NA;"2023-10-01 21:32:00";75689,7
"873540";"27:1:1";"Exp60_133_IS18551";"Exp60_133_IS18551";NA;"2023-10-01 21:46:00";75746,3
"873541";"27:1:1";"Exp60_133_IS18551";"Exp60_133_IS18551";NA;"2023-10-01 22:02:00";75805,7
"873542";"27:1:1";"Exp60_133_IS18551";"Exp60_133_IS18551";NA;"2023-10-01 22:16:00";75811,7
"873543";"27:1:1";"Exp60_133_IS18551";"Exp60_133_IS18551";NA;"2023-10-01 22:32:00";75812,5
"873544";"27:1:1";"Exp60_133_IS18551";"Exp60_133_IS18551";NA;"2023-10-01 22:46:00";75822,3
"873545";"27:1:1";"Exp60_133_IS18551";"Exp60_133_IS18551";NA;"2023-10-01 23:17:00";75840,4
"873546";"27:1:1";"Exp60_133_IS18551";"Exp60_133_IS18551";NA;"2023-10-01 23:31:00";75839,7
"873547";"27:1:1";"Exp60_133_IS18551";"Exp60_133_IS18551";NA;"2023-10-02 07:01:00";73916,9
"873548";"27:1:1";"Exp60_133_IS18551";"Exp60_133_IS18551";NA;"2023-10-02 07:17:00";74678,8
"873549";"27:1:1";"Exp60_133_IS18551";"Exp60_133_IS18551";NA;"2023-10-02 07:31:00";73713,8
"873550";"27:1:1";"Exp60_133_IS18551";"Exp60_133_IS18551";NA;"2023-10-02 07:47:00";73679,5
"873551";"27:1:1";"Exp60_133_IS18551";"Exp60_133_IS18551";NA;"2023-10-02 08:01:00";73722,3
"873552";"27:1:1";"Exp60_133_IS18551";"Exp60_133_IS18551";NA;"2023-10-02 08:17:00";73781,2
"873553";"27:1:1";"Exp60_133_IS18551";"Exp60_133_IS18551";NA;"2023-10-02 08:31:00";73824,2
"873554";"27:1:1";"Exp60_133_IS18551";"Exp60_133_IS18551";NA;"2023-10-02 08:47:00";73926
"873555";"27:1:1";"Exp60_133_IS18551";"Exp60_133_IS18551";NA;"2023-10-02 09:01:00";73942,9
"873556";"27:1:1";"Exp60_133_IS18551";"Exp60_133_IS18551";NA;"2023-10-02 09:17:00";73933,2
"873557";"27:1:1";"Exp60_133_IS18551";"Exp60_133_IS18551";NA;"2023-10-02 09:31:00";74003,1
"873558";"27:1:1";"Exp60_133_IS18551";"Exp60_133_IS18551";NA;"2023-10-02 09:47:00";74024,2
"873559";"27:1:1";"Exp60_133_IS18551";"Exp60_133_IS18551";NA;"2023-10-02 10:01:00";74030
"873560";"27:1:1";"Exp60_133_IS18551";"Exp60_133_IS18551";NA;"2023-10-02 10:32:00";74092,5
"873561";"27:1:1";"Exp60_133_IS18551";"Exp60_133_IS18551";NA;"2023-10-02 10:46:00";74607,9
"873562";"27:1:1";"Exp60_133_IS18551";"Exp60_133_IS18551";NA;"2023-10-02 11:17:00";74090,7
"873563";"27:1:1";"Exp60_133_IS18551";"Exp60_133_IS18551";NA;"2023-10-02 11:31:00";74187,1
"873564";"27:1:1";"Exp60_133_IS18551";"Exp60_133_IS18551";NA;"2023-10-02 11:47:00";73848,6
"873565";"27:1:1";"Exp60_133_IS18551";"Exp60_133_IS18551";NA;"2023-10-02 12:01:00";75248,3
"873566";"27:1:1";"Exp60_133_IS18551";"Exp60_133_IS18551";NA;"2023-10-02 12:17:00";75134,1
"873567";"27:1:1";"Exp60_133_IS18551";"Exp60_133_IS18551";NA;"2023-10-02 12:31:00";74989,2
"873568";"27:1:1";"Exp60_133_IS18551";"Exp60_133_IS18551";NA;"2023-10-02 12:47:00";73851
"873569";"27:1:1";"Exp60_133_IS18551";"Exp60_133_IS18551";NA;"2023-10-02 13:01:00";75216,6
"873570";"27:1:1";"Exp60_133_IS18551";"Exp60_133_IS18551";NA;"2023-10-02 13:17:00";75370,8
"873571";"27:1:1";"Exp60_133_IS18551";"Exp60_133_IS18551";NA;"2023-10-02 13:31:00";75287,8
"873572";"27:1:1";"Exp60_133_IS18551";"Exp60_133_IS18551";NA;"2023-10-02 13:47:00";75192,2
"873573";"27:1:1";"Exp60_133_IS18551";"Exp60_133_IS18551";NA;"2023-10-02 14:01:00";75027,1
"873574";"27:1:1";"Exp60_133_IS18551";"Exp60_133_IS18551";NA;"2023-10-02 14:17:00";75017,1
"873575";"27:1:1";"Exp60_133_IS18551";"Exp60_133_IS18551";NA;"2023-10-02 14:31:00";74993,6
"873576";"27:1:1";"Exp60_133_IS18551";"Exp60_133_IS18551";NA;"2023-10-02 14:47:00";74977,8
"873577";"27:1:1";"Exp60_133_IS18551";"Exp60_133_IS18551";NA;"2023-10-02 15:01:00";74961,7
"873578";"27:1:1";"Exp60_133_IS18551";"Exp60_133_IS18551";NA;"2023-10-02 15:32:00";74939,8
"873579";"27:1:1";"Exp60_133_IS18551";"Exp60_133_IS18551";NA;"2023-10-02 15:46:00";74932,2
"873580";"27:1:1";"Exp60_133_IS18551";"Exp60_133_IS18551";NA;"2023-10-02 16:02:00";74936,4
"873581";"27:1:1";"Exp60_133_IS18551";"Exp60_133_IS18551";NA;"2023-10-02 16:16:00";74931,7
"873582";"27:1:1";"Exp60_133_IS18551";"Exp60_133_IS18551";NA;"2023-10-02 23:01:00";73807,5
"873583";"27:1:1";"Exp60_133_IS18551";"Exp60_133_IS18551";NA;"2023-10-02 23:17:00";74076,9
"873584";"27:1:1";"Exp60_133_IS18551";"Exp60_133_IS18551";NA;"2023-10-02 23:31:00";74055,5
"873585";"27:1:1";"Exp60_133_IS18551";"Exp60_133_IS18551";NA;"2023-10-02 23:47:00";74465,6
"873586";"27:1:1";"Exp60_133_IS18551";"Exp60_133_IS18551";NA;"2023-10-03 00:01:00";74594,6
"873587";"27:1:1";"Exp60_133_IS18551";"Exp60_133_IS18551";NA;"2023-10-03 00:17:00";74487,1
"873588";"27:1:1";"Exp60_133_IS18551";"Exp60_133_IS18551";NA;"2023-10-03 00:31:00";74464
"873589";"27:1:1";"Exp60_133_IS18551";"Exp60_133_IS18551";NA;"2023-10-03 00:47:00";74457,2
"873590";"27:1:1";"Exp60_133_IS18551";"Exp60_133_IS18551";NA;"2023-10-03 01:01:00";74476,4
"873591";"27:1:1";"Exp60_133_IS18551";"Exp60_133_IS18551";NA;"2023-10-03 01:17:00";74847,4
"873592";"27:1:1";"Exp60_133_IS18551";"Exp60_133_IS18551";NA;"2023-10-03 01:31:00";74815,7
"873593";"27:1:1";"Exp60_133_IS18551";"Exp60_133_IS18551";NA;"2023-10-03 01:47:00";74336,7
"873594";"27:1:1";"Exp60_133_IS18551";"Exp60_133_IS18551";NA;"2023-10-03 02:01:00";73617
"873595";"27:1:1";"Exp60_133_IS18551";"Exp60_133_IS18551";NA;"2023-10-03 02:17:00";74279,2
"873596";"27:1:1";"Exp60_133_IS18551";"Exp60_133_IS18551";NA;"2023-10-03 02:31:00";74312,4
"873597";"27:1:1";"Exp60_133_IS18551";"Exp60_133_IS18551";NA;"2023-10-03 03:47:00";74370,6
"873598";"27:1:1";"Exp60_133_IS18551";"Exp60_133_IS18551";NA;"2023-10-03 04:01:00";74373,7
"873599";"27:1:1";"Exp60_133_IS18551";"Exp60_133_IS18551";NA;"2023-10-03 04:17:00";74373
"873600";"27:1:1";"Exp60_133_IS18551";"Exp60_133_IS18551";NA;"2023-10-03 04:31:00";74347,9
"873601";"27:1:1";"Exp60_133_IS18551";"Exp60_133_IS18551";NA;"2023-10-03 04:47:00";74228,8
"873602";"27:1:1";"Exp60_133_IS18551";"Exp60_133_IS18551";NA;"2023-10-03 05:01:00";74385,9
"873603";"27:1:1";"Exp60_133_IS18551";"Exp60_133_IS18551";NA;"2023-10-03 05:17:00";74939,3
"873604";"27:1:1";"Exp60_133_IS18551";"Exp60_133_IS18551";NA;"2023-10-03 06:01:00";74433,5
"873605";"27:1:1";"Exp60_133_IS18551";"Exp60_133_IS18551";NA;"2023-10-03 06:17:00";74089,4
"873606";"27:1:1";"Exp60_133_IS18551";"Exp60_133_IS18551";NA;"2023-10-03 06:31:00";73528
"873607";"27:1:1";"Exp60_133_IS18551";"Exp60_133_IS18551";NA;"2023-10-03 06:47:00";73636,9
"873608";"27:1:1";"Exp60_133_IS18551";"Exp60_133_IS18551";NA;"2023-10-03 07:01:00";73654,2
"873609";"27:1:1";"Exp60_133_IS18551";"Exp60_133_IS18551";NA;"2023-10-03 07:17:00";73657,5
"873610";"27:1:1";"Exp60_133_IS18551";"Exp60_133_IS18551";NA;"2023-10-03 07:31:00";73646,1
"873611";"27:1:1";"Exp60_133_IS18551";"Exp60_133_IS18551";NA;"2023-10-03 08:02:00";73587,3
"873612";"27:1:1";"Exp60_133_IS18551";"Exp60_133_IS18551";NA;"2023-10-03 08:16:00";73612,9
"873613";"27:1:1";"Exp60_133_IS18551";"Exp60_133_IS18551";NA;"2023-10-03 08:32:00";73742,7
"873614";"27:1:1";"Exp60_133_IS18551";"Exp60_133_IS18551";NA;"2023-10-03 08:46:00";73946,2
"873615";"27:1:1";"Exp60_133_IS18551";"Exp60_133_IS18551";NA;"2023-10-03 15:16:00";73398,5
"873616";"27:1:1";"Exp60_133_IS18551";"Exp60_133_IS18551";NA;"2023-10-03 21:16:00";74925,5
"873617";"27:1:1";"Exp60_133_IS18551";"Exp60_133_IS18551";NA;"2023-10-03 22:02:00";74007
"873618";"27:1:1";"Exp60_133_IS18551";"Exp60_133_IS18551";NA;"2023-10-03 22:16:00";74683,5
"873619";"27:1:1";"Exp60_133_IS18551";"Exp60_133_IS18551";NA;"2023-10-03 22:32:00";74509,1
"873620";"27:1:1";"Exp60_133_IS18551";"Exp60_133_IS18551";NA;"2023-10-03 22:46:00";69948,4
"873621";"27:1:1";"Exp60_133_IS18551";"Exp60_133_IS18551";NA;"2023-10-03 23:17:00";73811,9
"873622";"27:1:1";"Exp60_133_IS18551";"Exp60_133_IS18551";NA;"2023-10-03 23:31:00";73919,2
"873623";"27:1:1";"Exp60_133_IS18551";"Exp60_133_IS18551";NA;"2023-10-03 23:47:00";73968,6
"873624";"27:1:1";"Exp60_133_IS18551";"Exp60_133_IS18551";NA;"2023-10-04 00:16:00";74025,6
"873625";"27:1:1";"Exp60_133_IS18551";"Exp60_133_IS18551";NA;"2023-10-04 00:32:00";74035,7
"873626";"27:1:1";"Exp60_133_IS18551";"Exp60_133_IS18551";NA;"2023-10-04 00:46:00";74040,1
"873627";"27:1:1";"Exp60_133_IS18551";"Exp60_133_IS18551";NA;"2023-10-04 01:02:00";72982,4
"873628";"27:1:1";"Exp60_133_IS18551";"Exp60_133_IS18551";NA;"2023-10-04 01:16:00";70816,8
"873629";"27:1:1";"Exp60_133_IS18551";"Exp60_133_IS18551";NA;"2023-10-04 01:32:00";75902,6
"873630";"27:1:1";"Exp60_133_IS18551";"Exp60_133_IS18551";NA;"2023-10-04 01:46:00";76095,1
"873631";"27:1:1";"Exp60_133_IS18551";"Exp60_133_IS18551";NA;"2023-10-04 02:02:00";76141,7
"873632";"27:1:1";"Exp60_133_IS18551";"Exp60_133_IS18551";NA;"2023-10-04 02:16:00";76150,2
"873633";"27:1:1";"Exp60_133_IS18551";"Exp60_133_IS18551";NA;"2023-10-04 02:32:00";76167,4
"873634";"27:1:1";"Exp60_133_IS18551";"Exp60_133_IS18551";NA;"2023-10-04 02:46:00";76115,7
"873635";"27:1:1";"Exp60_133_IS18551";"Exp60_133_IS18551";NA;"2023-10-04 03:17:00";76094,7
"873636";"27:1:1";"Exp60_133_IS18551";"Exp60_133_IS18551";NA;"2023-10-04 03:31:00";76131,2
"873637";"27:1:1";"Exp60_133_IS18551";"Exp60_133_IS18551";NA;"2023-10-04 03:47:00";76146,3
"873638";"27:1:1";"Exp60_133_IS18551";"Exp60_133_IS18551";NA;"2023-10-04 04:01:00";76148,6
"873639";"27:1:1";"Exp60_133_IS18551";"Exp60_133_IS18551";NA;"2023-10-04 04:32:00";75703,9
"873640";"27:1:1";"Exp60_133_IS18551";"Exp60_133_IS18551";NA;"2023-10-04 04:46:00";74934,2
"873641";"27:1:1";"Exp60_133_IS18551";"Exp60_133_IS18551";NA;"2023-10-04 05:02:00";74598,8
"873642";"27:1:1";"Exp60_133_IS18551";"Exp60_133_IS18551";NA;"2023-10-04 05:16:00";74749,2
"873643";"27:1:1";"Exp60_133_IS18551";"Exp60_133_IS18551";NA;"2023-10-04 05:32:00";74788,4
"873644";"27:1:1";"Exp60_133_IS18551";"Exp60_133_IS18551";NA;"2023-10-04 05:46:00";74903,5
"873645";"27:1:1";"Exp60_133_IS18551";"Exp60_133_IS18551";NA;"2023-10-04 06:32:00";74210,4
"873646";"27:1:1";"Exp60_133_IS18551";"Exp60_133_IS18551";NA;"2023-10-04 06:46:00";74183,8
"873647";"27:1:1";"Exp60_133_IS18551";"Exp60_133_IS18551";NA;"2023-10-04 07:17:00";74308,5
"873648";"27:1:1";"Exp60_133_IS18551";"Exp60_133_IS18551";NA;"2023-10-04 07:31:00";74371,7
"873649";"27:1:1";"Exp60_133_IS18551";"Exp60_133_IS18551";NA;"2023-10-04 07:47:00";74438,8
"873650";"27:1:1";"Exp60_133_IS18551";"Exp60_133_IS18551";NA;"2023-10-04 08:01:00";74481,8
"873651";"27:1:1";"Exp60_133_IS18551";"Exp60_133_IS18551";NA;"2023-10-04 08:17:00";74542,6
"873652";"27:1:1";"Exp60_133_IS18551";"Exp60_133_IS18551";NA;"2023-10-04 08:31:00";74563,4
"873653";"27:1:1";"Exp60_133_IS18551";"Exp60_133_IS18551";NA;"2023-10-04 08:47:00";74570,3
"873654";"27:1:1";"Exp60_133_IS18551";"Exp60_133_IS18551";NA;"2023-10-04 09:01:00";74561,8
"873655";"27:1:1";"Exp60_133_IS18551";"Exp60_133_IS18551";NA;"2023-10-04 09:17:00";74475
"873656";"27:1:1";"Exp60_133_IS18551";"Exp60_133_IS18551";NA;"2023-10-04 09:31:00";74108,1
"873657";"27:1:1";"Exp60_133_IS18551";"Exp60_133_IS18551";NA;"2023-10-04 09:47:00";73363,4
"873658";"27:1:1";"Exp60_133_IS18551";"Exp60_133_IS18551";NA;"2023-10-04 10:01:00";74023,2
"873659";"27:1:1";"Exp60_133_IS18551";"Exp60_133_IS18551";NA;"2023-10-04 10:17:00";73858,4
"873660";"27:1:1";"Exp60_133_IS18551";"Exp60_133_IS18551";NA;"2023-10-04 10:31:00";73974
"873661";"27:1:1";"Exp60_133_IS18551";"Exp60_133_IS18551";NA;"2023-10-04 10:47:00";73078,7
"873662";"27:1:1";"Exp60_133_IS18551";"Exp60_133_IS18551";NA;"2023-10-04 11:01:00";73597,1
"873663";"27:1:1";"Exp60_133_IS18551";"Exp60_133_IS18551";NA;"2023-10-04 11:17:00";72785,9
"873664";"27:1:1";"Exp60_133_IS18551";"Exp60_133_IS18551";NA;"2023-10-04 11:31:00";72833,6
"873665";"27:1:1";"Exp60_133_IS18551";"Exp60_133_IS18551";NA;"2023-10-04 11:47:00";73714
"873666";"27:1:1";"Exp60_133_IS18551";"Exp60_133_IS18551";NA;"2023-10-04 12:01:00";70617,6
"873667";"27:1:1";"Exp60_133_IS18551";"Exp60_133_IS18551";NA;"2023-10-04 12:32:00";71927,1
"873668";"27:1:1";"Exp60_133_IS18551";"Exp60_133_IS18551";NA;"2023-10-04 12:46:00";71855,4
"873669";"27:1:1";"Exp60_133_IS18551";"Exp60_133_IS18551";NA;"2023-10-04 13:02:00";73470,4
"873670";"27:1:1";"Exp60_133_IS18551";"Exp60_133_IS18551";NA;"2023-10-04 13:16:00";74103,8
"873671";"27:1:1";"Exp60_133_IS18551";"Exp60_133_IS18551";NA;"2023-10-04 13:32:00";74141,3
"873672";"27:1:1";"Exp60_133_IS18551";"Exp60_133_IS18551";NA;"2023-10-04 13:46:00";74099
"873673";"27:1:1";"Exp60_133_IS18551";"Exp60_133_IS18551";NA;"2023-10-04 21:01:00";74377,2
"873674";"27:1:1";"Exp60_133_IS18551";"Exp60_133_IS18551";NA;"2023-10-05 03:31:00";71769,6
"873675";"27:1:1";"Exp60_133_IS18551";"Exp60_133_IS18551";NA;"2023-10-05 03:47:00";71924,4
"873676";"27:1:1";"Exp60_133_IS18551";"Exp60_133_IS18551";NA;"2023-10-05 04:01:00";71975,2
"873677";"27:1:1";"Exp60_133_IS18551";"Exp60_133_IS18551";NA;"2023-10-05 04:17:00";71994,1
"873678";"27:1:1";"Exp60_133_IS18551";"Exp60_133_IS18551";NA;"2023-10-05 04:31:00";74805,2
"873679";"27:1:1";"Exp60_133_IS18551";"Exp60_133_IS18551";NA;"2023-10-05 04:47:00";75481,4
"873680";"27:1:1";"Exp60_133_IS18551";"Exp60_133_IS18551";NA;"2023-10-05 05:01:00";75640,2
"873681";"27:1:1";"Exp60_133_IS18551";"Exp60_133_IS18551";NA;"2023-10-05 05:17:00";75631,7
"873682";"27:1:1";"Exp60_133_IS18551";"Exp60_133_IS18551";NA;"2023-10-05 05:31:00";75618,4
"873683";"27:1:1";"Exp60_133_IS18551";"Exp60_133_IS18551";NA;"2023-10-05 05:47:00";75621,3
"873684";"27:1:1";"Exp60_133_IS18551";"Exp60_133_IS18551";NA;"2023-10-05 06:01:00";75622
"873685";"27:1:1";"Exp60_133_IS18551";"Exp60_133_IS18551";NA;"2023-10-05 06:17:00";75624,6
"873686";"27:1:1";"Exp60_133_IS18551";"Exp60_133_IS18551";NA;"2023-10-05 06:31:00";75625,9
"873687";"27:1:1";"Exp60_133_IS18551";"Exp60_133_IS18551";NA;"2023-10-05 06:47:00";75623,3
"873688";"27:1:1";"Exp60_133_IS18551";"Exp60_133_IS18551";NA;"2023-10-05 07:01:00";75619,3
"873689";"27:1:1";"Exp60_133_IS18551";"Exp60_133_IS18551";NA;"2023-10-05 07:17:00";75613
"873690";"27:1:1";"Exp60_133_IS18551";"Exp60_133_IS18551";NA;"2023-10-05 07:31:00";75603,8
"873691";"27:1:1";"Exp60_133_IS18551";"Exp60_133_IS18551";NA;"2023-10-05 07:47:00";75598,3
"873692";"27:1:1";"Exp60_133_IS18551";"Exp60_133_IS18551";NA;"2023-10-05 08:01:00";75585
"873693";"27:1:1";"Exp60_133_IS18551";"Exp60_133_IS18551";NA;"2023-10-05 08:17:00";75569,9
"873694";"27:1:1";"Exp60_133_IS18551";"Exp60_133_IS18551";NA;"2023-10-05 08:31:00";75547,2
"873695";"27:1:1";"Exp60_133_IS18551";"Exp60_133_IS18551";NA;"2023-10-05 08:47:00";75541,9
"873696";"27:1:1";"Exp60_133_IS18551";"Exp60_133_IS18551";NA;"2023-10-05 09:01:00";75510,7
"873697";"27:1:1";"Exp60_133_IS18551";"Exp60_133_IS18551";NA;"2023-10-05 09:17:00";75493,1
"873698";"27:1:1";"Exp60_133_IS18551";"Exp60_133_IS18551";NA;"2023-10-05 09:31:00";75477,3
"873699";"27:1:1";"Exp60_133_IS18551";"Exp60_133_IS18551";NA;"2023-10-05 09:47:00";75445,6
"873700";"27:1:1";"Exp60_133_IS18551";"Exp60_133_IS18551";NA;"2023-10-05 10:01:00";75430,8
"873701";"27:1:1";"Exp60_133_IS18551";"Exp60_133_IS18551";NA;"2023-10-05 10:17:00";74942,6
"873702";"27:1:1";"Exp60_133_IS18551";"Exp60_133_IS18551";NA;"2023-10-05 10:31:00";75056,2
"873703";"27:1:1";"Exp60_133_IS18551";"Exp60_133_IS18551";NA;"2023-10-05 10:47:00";74921,2
"873704";"27:1:1";"Exp60_133_IS18551";"Exp60_133_IS18551";NA;"2023-10-05 11:01:00";74504,8
"873705";"27:1:1";"Exp60_133_IS18551";"Exp60_133_IS18551";NA;"2023-10-05 11:17:00";74371,1
"873706";"27:1:1";"Exp60_133_IS18551";"Exp60_133_IS18551";NA;"2023-10-05 11:31:00";73405,1
"873707";"27:1:1";"Exp60_133_IS18551";"Exp60_133_IS18551";NA;"2023-10-05 11:47:00";72121,2
"873708";"27:1:1";"Exp60_133_IS18551";"Exp60_133_IS18551";NA;"2023-10-05 12:01:00";72293,7
"873709";"27:1:1";"Exp60_133_IS18551";"Exp60_133_IS18551";NA;"2023-10-05 18:01:00";73645,6
"873710";"27:1:1";"Exp60_133_IS18551";"Exp60_133_IS18551";NA;"2023-10-05 18:17:00";73743,9
"873711";"27:1:1";"Exp60_133_IS18551";"Exp60_133_IS18551";NA;"2023-10-05 18:31:00";74142
"873712";"27:1:1";"Exp60_133_IS18551";"Exp60_133_IS18551";NA;"2023-10-06 00:31:00";74774
"873713";"27:1:1";"Exp60_133_IS18551";"Exp60_133_IS18551";NA;"2023-10-06 00:47:00";74776,8
"873714";"27:1:1";"Exp60_133_IS18551";"Exp60_133_IS18551";NA;"2023-10-06 01:01:00";74803,1
"873715";"27:1:1";"Exp60_133_IS18551";"Exp60_133_IS18551";NA;"2023-10-06 01:17:00";74647,8
"873716";"27:1:1";"Exp60_133_IS18551";"Exp60_133_IS18551";NA;"2023-10-06 01:31:00";74495,7
"873717";"27:1:1";"Exp60_133_IS18551";"Exp60_133_IS18551";NA;"2023-10-06 01:47:00";74491,4
"873718";"27:1:1";"Exp60_133_IS18551";"Exp60_133_IS18551";NA;"2023-10-06 02:01:00";74497,5
"873719";"27:1:1";"Exp60_133_IS18551";"Exp60_133_IS18551";NA;"2023-10-06 02:17:00";74506,3
"873720";"27:1:1";"Exp60_133_IS18551";"Exp60_133_IS18551";NA;"2023-10-06 02:31:00";73967,9
"873721";"27:1:1";"Exp60_133_IS18551";"Exp60_133_IS18551";NA;"2023-10-06 02:47:00";73872,9
"873722";"27:1:1";"Exp60_133_IS18551";"Exp60_133_IS18551";NA;"2023-10-06 03:16:00";73817
"873723";"27:1:1";"Exp60_133_IS18551";"Exp60_133_IS18551";NA;"2023-10-06 03:32:00";73799,4
"873724";"27:1:1";"Exp60_133_IS18551";"Exp60_133_IS18551";NA;"2023-10-06 03:46:00";73782,4
"873725";"27:1:1";"Exp60_133_IS18551";"Exp60_133_IS18551";NA;"2023-10-06 10:46:00";72538
"873726";"27:1:1";"Exp60_133_IS18551";"Exp60_133_IS18551";NA;"2023-10-06 11:02:00";73493,2
"873727";"27:1:1";"Exp60_133_IS18551";"Exp60_133_IS18551";NA;"2023-10-06 11:16:00";73591,5
"873728";"27:1:1";"Exp60_133_IS18551";"Exp60_133_IS18551";NA;"2023-10-06 11:47:00";73818,2
"873729";"27:1:1";"Exp60_133_IS18551";"Exp60_133_IS18551";NA;"2023-10-06 12:01:00";73780,8
"873730";"27:1:1";"Exp60_133_IS18551";"Exp60_133_IS18551";NA;"2023-10-06 20:01:00";76685,9
"873731";"27:1:1";"Exp60_133_IS18551";"Exp60_133_IS18551";NA;"2023-10-06 20:17:00";76682,6
"873732";"27:1:1";"Exp60_133_IS18551";"Exp60_133_IS18551";NA;"2023-10-06 20:31:00";76680,6
"873733";"27:1:1";"Exp60_133_IS18551";"Exp60_133_IS18551";NA;"2023-10-07 03:01:00";73833,3
"873734";"27:1:1";"Exp60_133_IS18551";"Exp60_133_IS18551";NA;"2023-10-07 03:17:00";73771,8
"873735";"27:1:1";"Exp60_133_IS18551";"Exp60_133_IS18551";NA;"2023-10-07 03:31:00";74431,1
"873736";"27:1:1";"Exp60_133_IS18551";"Exp60_133_IS18551";NA;"2023-10-07 03:47:00";74683,2
"873737";"27:1:1";"Exp60_133_IS18551";"Exp60_133_IS18551";NA;"2023-10-07 04:01:00";74718,8
"873738";"27:1:1";"Exp60_133_IS18551";"Exp60_133_IS18551";NA;"2023-10-07 11:01:00";75801,2
"873739";"27:1:1";"Exp60_133_IS18551";"Exp60_133_IS18551";NA;"2023-10-07 11:17:00";76118,5
"873740";"27:1:1";"Exp60_133_IS18551";"Exp60_133_IS18551";NA;"2023-10-07 11:31:00";76082,2
"873741";"27:1:1";"Exp60_133_IS18551";"Exp60_133_IS18551";NA;"2023-10-07 11:47:00";75576
"873742";"27:1:1";"Exp60_133_IS18551";"Exp60_133_IS18551";NA;"2023-10-07 12:01:00";75485
"873743";"27:1:1";"Exp60_133_IS18551";"Exp60_133_IS18551";NA;"2023-10-07 12:47:00";75199,8
"873744";"27:1:1";"Exp60_133_IS18551";"Exp60_133_IS18551";NA;"2023-10-07 13:01:00";75108,3
"873745";"27:1:1";"Exp60_133_IS18551";"Exp60_133_IS18551";NA;"2023-10-07 13:17:00";73283,5
"873746";"27:1:1";"Exp60_133_IS18551";"Exp60_133_IS18551";NA;"2023-10-07 13:31:00";73823,6
"873747";"27:1:1";"Exp60_133_IS18551";"Exp60_133_IS18551";NA;"2023-10-07 13:47:00";73852,3
"873748";"27:1:1";"Exp60_133_IS18551";"Exp60_133_IS18551";NA;"2023-10-07 14:01:00";73857,1
"873749";"27:1:1";"Exp60_133_IS18551";"Exp60_133_IS18551";NA;"2023-10-07 14:17:00";73937,8
"873750";"27:1:1";"Exp60_133_IS18551";"Exp60_133_IS18551";NA;"2023-10-07 14:31:00";74052,2
"873751";"27:1:1";"Exp60_133_IS18551";"Exp60_133_IS18551";NA;"2023-10-07 20:46:00";75635,6
"873752";"27:1:1";"Exp60_133_IS18551";"Exp60_133_IS18551";NA;"2023-10-07 21:02:00";75640,2
"873753";"27:1:1";"Exp60_133_IS18551";"Exp60_133_IS18551";NA;"2023-10-07 21:16:00";75644,2
"873754";"27:1:1";"Exp60_133_IS18551";"Exp60_133_IS18551";NA;"2023-10-07 21:32:00";75651,5
"873755";"27:1:1";"Exp60_133_IS18551";"Exp60_133_IS18551";NA;"2023-10-07 21:46:00";75710
"873756";"27:1:1";"Exp60_133_IS18551";"Exp60_133_IS18551";NA;"2023-10-07 22:02:00";75693
"873757";"27:1:1";"Exp60_133_IS18551";"Exp60_133_IS18551";NA;"2023-10-07 22:16:00";75691,6
"873758";"27:1:1";"Exp60_133_IS18551";"Exp60_133_IS18551";NA;"2023-10-07 22:32:00";75692,4
"873759";"27:1:1";"Exp60_133_IS18551";"Exp60_133_IS18551";NA;"2023-10-07 22:46:00";75691,7
"873760";"27:1:1";"Exp60_133_IS18551";"Exp60_133_IS18551";NA;"2023-10-07 23:02:00";75694
"873761";"27:1:1";"Exp60_133_IS18551";"Exp60_133_IS18551";NA;"2023-10-07 23:16:00";75614,2
"873762";"27:1:1";"Exp60_133_IS18551";"Exp60_133_IS18551";NA;"2023-10-07 23:32:00";75491,9
"873763";"27:1:1";"Exp60_133_IS18551";"Exp60_133_IS18551";NA;"2023-10-07 23:46:00";75392,3
"873764";"27:1:1";"Exp60_133_IS18551";"Exp60_133_IS18551";NA;"2023-10-08 00:02:00";75393,5
"873765";"27:1:1";"Exp60_133_IS18551";"Exp60_133_IS18551";NA;"2023-10-08 00:16:00";75221,5
"873766";"27:1:1";"Exp60_133_IS18551";"Exp60_133_IS18551";NA;"2023-10-08 00:32:00";75186
"873767";"27:1:1";"Exp60_133_IS18551";"Exp60_133_IS18551";NA;"2023-10-08 00:46:00";73814,1
"873768";"27:1:1";"Exp60_133_IS18551";"Exp60_133_IS18551";NA;"2023-10-08 01:02:00";74504,8
"873769";"27:1:1";"Exp60_133_IS18551";"Exp60_133_IS18551";NA;"2023-10-08 01:16:00";74511,6
"873770";"27:1:1";"Exp60_133_IS18551";"Exp60_133_IS18551";NA;"2023-10-08 01:32:00";74516,8
"873771";"27:1:1";"Exp60_133_IS18551";"Exp60_133_IS18551";NA;"2023-10-08 01:46:00";73240
"873772";"27:1:1";"Exp60_133_IS18551";"Exp60_133_IS18551";NA;"2023-10-08 02:02:00";73936,4
"873773";"27:1:1";"Exp60_133_IS18551";"Exp60_133_IS18551";NA;"2023-10-08 02:16:00";73992,3
"873774";"27:1:1";"Exp60_133_IS18551";"Exp60_133_IS18551";NA;"2023-10-08 02:32:00";73958,2
"873775";"27:1:1";"Exp60_133_IS18551";"Exp60_133_IS18551";NA;"2023-10-08 02:46:00";73940,4
"873776";"27:1:1";"Exp60_133_IS18551";"Exp60_133_IS18551";NA;"2023-10-08 03:02:00";72973,8
"873777";"27:1:1";"Exp60_133_IS18551";"Exp60_133_IS18551";NA;"2023-10-08 03:16:00";72986,2
"873778";"27:1:1";"Exp60_133_IS18551";"Exp60_133_IS18551";NA;"2023-10-08 03:32:00";73055,2
"873779";"27:1:1";"Exp60_133_IS18551";"Exp60_133_IS18551";NA;"2023-10-08 03:46:00";72933,6
"873780";"27:1:1";"Exp60_133_IS18551";"Exp60_133_IS18551";NA;"2023-10-08 04:02:00";72816,6
"873781";"27:1:1";"Exp60_133_IS18551";"Exp60_133_IS18551";NA;"2023-10-08 04:16:00";72819,6
"873782";"27:1:1";"Exp60_133_IS18551";"Exp60_133_IS18551";NA;"2023-10-08 04:32:00";72816,6
"873783";"27:1:1";"Exp60_133_IS18551";"Exp60_133_IS18551";NA;"2023-10-08 04:46:00";72735,1
"873784";"27:1:1";"Exp60_133_IS18551";"Exp60_133_IS18551";NA;"2023-10-08 05:02:00";72360,6
"873785";"27:1:1";"Exp60_133_IS18551";"Exp60_133_IS18551";NA;"2023-10-08 05:16:00";71874
"873786";"27:1:1";"Exp60_133_IS18551";"Exp60_133_IS18551";NA;"2023-10-08 05:32:00";73808
"873787";"27:1:1";"Exp60_133_IS18551";"Exp60_133_IS18551";NA;"2023-10-08 05:46:00";72991,8
"873788";"27:1:1";"Exp60_133_IS18551";"Exp60_133_IS18551";NA;"2023-10-08 06:02:00";72958,4
"873789";"27:1:1";"Exp60_133_IS18551";"Exp60_133_IS18551";NA;"2023-10-08 06:16:00";73684,1
"873790";"27:1:1";"Exp60_133_IS18551";"Exp60_133_IS18551";NA;"2023-10-08 06:32:00";73680,2
"873791";"27:1:1";"Exp60_133_IS18551";"Exp60_133_IS18551";NA;"2023-10-08 06:46:00";73679
"873792";"27:1:1";"Exp60_133_IS18551";"Exp60_133_IS18551";NA;"2023-10-08 07:02:00";73677,6
"873793";"27:1:1";"Exp60_133_IS18551";"Exp60_133_IS18551";NA;"2023-10-08 07:16:00";73676,6
"873794";"27:1:1";"Exp60_133_IS18551";"Exp60_133_IS18551";NA;"2023-10-08 07:32:00";73675,4
"873795";"27:1:1";"Exp60_133_IS18551";"Exp60_133_IS18551";NA;"2023-10-08 07:46:00";73670
"873796";"27:1:1";"Exp60_133_IS18551";"Exp60_133_IS18551";NA;"2023-10-08 08:02:00";73665,7
"873797";"27:1:1";"Exp60_133_IS18551";"Exp60_133_IS18551";NA;"2023-10-08 08:16:00";73676,5
"873798";"27:1:1";"Exp60_133_IS18551";"Exp60_133_IS18551";NA;"2023-10-08 08:32:00";73670,2
"873799";"27:1:1";"Exp60_133_IS18551";"Exp60_133_IS18551";NA;"2023-10-08 08:46:00";73668,4
"873800";"27:1:1";"Exp60_133_IS18551";"Exp60_133_IS18551";NA;"2023-10-08 09:02:00";73656,8
"873801";"27:1:1";"Exp60_133_IS18551";"Exp60_133_IS18551";NA;"2023-10-08 09:16:00";73616,1
"873802";"27:1:1";"Exp60_133_IS18551";"Exp60_133_IS18551";NA;"2023-10-08 09:32:00";73416,9
"873803";"27:1:1";"Exp60_133_IS18551";"Exp60_133_IS18551";NA;"2023-10-08 09:46:00";72453,5
"873804";"27:1:1";"Exp60_133_IS18551";"Exp60_133_IS18551";NA;"2023-10-08 10:32:00";71559
"873805";"27:1:1";"Exp60_133_IS18551";"Exp60_133_IS18551";NA;"2023-10-08 10:46:00";73497,7
"873806";"27:1:1";"Exp60_133_IS18551";"Exp60_133_IS18551";NA;"2023-10-08 11:17:00";73489,2
"873807";"27:1:1";"Exp60_133_IS18551";"Exp60_133_IS18551";NA;"2023-10-08 11:31:00";73781,4
"873808";"27:1:1";"Exp60_133_IS18551";"Exp60_133_IS18551";NA;"2023-10-08 12:02:00";73693,7
"873809";"27:1:1";"Exp60_133_IS18551";"Exp60_133_IS18551";NA;"2023-10-08 12:16:00";73673,5
"873810";"27:1:1";"Exp60_133_IS18551";"Exp60_133_IS18551";NA;"2023-10-08 12:32:00";73633,2
"873811";"27:1:1";"Exp60_133_IS18551";"Exp60_133_IS18551";NA;"2023-10-08 12:46:00";73605,8
"873812";"27:1:1";"Exp60_133_IS18551";"Exp60_133_IS18551";NA;"2023-10-08 13:02:00";71403,5
"873813";"27:1:1";"Exp60_133_IS18551";"Exp60_133_IS18551";NA;"2023-10-08 13:16:00";72714,3
"873814";"27:1:1";"Exp60_133_IS18551";"Exp60_133_IS18551";NA;"2023-10-08 13:47:00";73082,8
"873815";"27:1:1";"Exp60_133_IS18551";"Exp60_133_IS18551";NA;"2023-10-08 14:01:00";73079,4
"873816";"27:1:1";"Exp60_133_IS18551";"Exp60_133_IS18551";NA;"2023-10-08 14:17:00";73080,1
"873817";"27:1:1";"Exp60_133_IS18551";"Exp60_133_IS18551";NA;"2023-10-08 14:31:00";73126,2
"873818";"27:1:1";"Exp60_133_IS18551";"Exp60_133_IS18551";NA;"2023-10-08 14:47:00";73154,7
"873819";"27:1:1";"Exp60_133_IS18551";"Exp60_133_IS18551";NA;"2023-10-08 15:01:00";73151,2
"873820";"27:1:1";"Exp60_133_IS18551";"Exp60_133_IS18551";NA;"2023-10-08 22:46:00";74632,4
"873821";"27:1:1";"Exp60_133_IS18551";"Exp60_133_IS18551";NA;"2023-10-08 23:02:00";74634,3
"873822";"27:1:1";"Exp60_133_IS18551";"Exp60_133_IS18551";NA;"2023-10-08 23:16:00";74636,8
"873823";"27:1:1";"Exp60_133_IS18551";"Exp60_133_IS18551";NA;"2023-10-08 23:32:00";74640,3
"873824";"27:1:1";"Exp60_133_IS18551";"Exp60_133_IS18551";NA;"2023-10-08 23:46:00";74641,3
"873825";"27:1:1";"Exp60_133_IS18551";"Exp60_133_IS18551";NA;"2023-10-09 00:02:00";74487,6
"873826";"27:1:1";"Exp60_133_IS18551";"Exp60_133_IS18551";NA;"2023-10-09 00:16:00";73193,2
"873827";"27:1:1";"Exp60_133_IS18551";"Exp60_133_IS18551";NA;"2023-10-09 00:32:00";71611
"873828";"27:1:1";"Exp60_133_IS18551";"Exp60_133_IS18551";NA;"2023-10-09 00:46:00";72422,2
"873829";"27:1:1";"Exp60_133_IS18551";"Exp60_133_IS18551";NA;"2023-10-09 01:02:00";73197,7
"873830";"27:1:1";"Exp60_133_IS18551";"Exp60_133_IS18551";NA;"2023-10-09 01:16:00";73209,5
"873831";"27:1:1";"Exp60_133_IS18551";"Exp60_133_IS18551";NA;"2023-10-09 01:32:00";73208,6
"873832";"27:1:1";"Exp60_133_IS18551";"Exp60_133_IS18551";NA;"2023-10-09 01:46:00";73210
"873833";"27:1:1";"Exp60_133_IS18551";"Exp60_133_IS18551";NA;"2023-10-09 02:02:00";73203,5
"873834";"27:1:1";"Exp60_133_IS18551";"Exp60_133_IS18551";NA;"2023-10-09 02:16:00";73206,5
"873835";"27:1:1";"Exp60_133_IS18551";"Exp60_133_IS18551";NA;"2023-10-09 02:32:00";72235,8
"873836";"27:1:1";"Exp60_133_IS18551";"Exp60_133_IS18551";NA;"2023-10-09 02:46:00";72831,6
"873837";"27:1:1";"Exp60_133_IS18551";"Exp60_133_IS18551";NA;"2023-10-09 03:02:00";72826,9
"873838";"27:1:1";"Exp60_133_IS18551";"Exp60_133_IS18551";NA;"2023-10-09 03:16:00";73215,5
"873839";"27:1:1";"Exp60_133_IS18551";"Exp60_133_IS18551";NA;"2023-10-09 03:32:00";73470,4
"873840";"27:1:1";"Exp60_133_IS18551";"Exp60_133_IS18551";NA;"2023-10-09 03:46:00";73485,5
"873841";"27:1:1";"Exp60_133_IS18551";"Exp60_133_IS18551";NA;"2023-10-09 04:17:00";73503,8
"873842";"27:1:1";"Exp60_133_IS18551";"Exp60_133_IS18551";NA;"2023-10-09 04:31:00";73494,8
"873843";"27:1:1";"Exp60_133_IS18551";"Exp60_133_IS18551";NA;"2023-10-09 04:47:00";73546,2
"873844";"27:1:1";"Exp60_133_IS18551";"Exp60_133_IS18551";NA;"2023-10-09 05:01:00";73561,4
"873845";"27:1:1";"Exp60_133_IS18551";"Exp60_133_IS18551";NA;"2023-10-09 05:17:00";73571,5
"873846";"27:1:1";"Exp60_133_IS18551";"Exp60_133_IS18551";NA;"2023-10-09 05:31:00";73578,2
"873847";"27:1:1";"Exp60_133_IS18551";"Exp60_133_IS18551";NA;"2023-10-09 05:47:00";73575,7
"873848";"27:1:1";"Exp60_133_IS18551";"Exp60_133_IS18551";NA;"2023-10-09 06:01:00";73568,9
"873849";"27:1:1";"Exp60_133_IS18551";"Exp60_133_IS18551";NA;"2023-10-09 06:17:00";74453
"873850";"27:1:1";"Exp60_133_IS18551";"Exp60_133_IS18551";NA;"2023-10-09 06:31:00";74474,8
"873851";"27:1:1";"Exp60_133_IS18551";"Exp60_133_IS18551";NA;"2023-10-09 06:47:00";74308,2
"873852";"27:1:1";"Exp60_133_IS18551";"Exp60_133_IS18551";NA;"2023-10-09 07:01:00";74297,4
"873853";"27:1:1";"Exp60_133_IS18551";"Exp60_133_IS18551";NA;"2023-10-09 07:17:00";74294,5
"873854";"27:1:1";"Exp60_133_IS18551";"Exp60_133_IS18551";NA;"2023-10-09 07:31:00";74298,6
"873855";"27:1:1";"Exp60_133_IS18551";"Exp60_133_IS18551";NA;"2023-10-09 07:47:00";74302,5
"873856";"27:1:1";"Exp60_133_IS18551";"Exp60_133_IS18551";NA;"2023-10-09 08:01:00";74291,2
"873857";"27:1:1";"Exp60_133_IS18551";"Exp60_133_IS18551";NA;"2023-10-09 08:17:00";74221,4
"873858";"27:1:1";"Exp60_133_IS18551";"Exp60_133_IS18551";NA;"2023-10-09 08:31:00";74085,1
"873859";"27:1:1";"Exp60_133_IS18551";"Exp60_133_IS18551";NA;"2023-10-09 08:47:00";73690,6
"873860";"27:1:1";"Exp60_133_IS18551";"Exp60_133_IS18551";NA;"2023-10-09 09:01:00";73042,6
"873861";"27:1:1";"Exp60_133_IS18551";"Exp60_133_IS18551";NA;"2023-10-09 09:17:00";72953,5
"873862";"27:1:1";"Exp60_133_IS18551";"Exp60_133_IS18551";NA;"2023-10-09 09:31:00";72727
"873863";"27:1:1";"Exp60_133_IS18551";"Exp60_133_IS18551";NA;"2023-10-09 10:32:00";72361,2
"873864";"27:1:1";"Exp60_133_IS18551";"Exp60_133_IS18551";NA;"2023-10-09 10:46:00";71573
"873865";"27:1:1";"Exp60_133_IS18551";"Exp60_133_IS18551";NA;"2023-10-09 11:02:00";71278,1
"873866";"27:1:1";"Exp60_133_IS18551";"Exp60_133_IS18551";NA;"2023-10-09 11:16:00";71153,4
"873867";"27:1:1";"Exp60_133_IS18551";"Exp60_133_IS18551";NA;"2023-10-09 11:47:00";72448,7
"873868";"27:1:1";"Exp60_133_IS18551";"Exp60_133_IS18551";NA;"2023-10-09 12:01:00";72553,7
"873869";"27:1:1";"Exp60_133_IS18551";"Exp60_133_IS18551";NA;"2023-10-09 12:17:00";72568,5
"873870";"27:1:1";"Exp60_133_IS18551";"Exp60_133_IS18551";NA;"2023-10-09 12:31:00";72555,8
"873871";"27:1:1";"Exp60_133_IS18551";"Exp60_133_IS18551";NA;"2023-10-09 12:47:00";73079,3
"873872";"27:1:1";"Exp60_133_IS18551";"Exp60_133_IS18551";NA;"2023-10-09 13:01:00";73767,2
"873873";"27:1:1";"Exp60_133_IS18551";"Exp60_133_IS18551";NA;"2023-10-09 13:32:00";73720,8
"873874";"27:1:1";"Exp60_133_IS18551";"Exp60_133_IS18551";NA;"2023-10-09 13:46:00";73707,8
"873875";"27:1:1";"Exp60_133_IS18551";"Exp60_133_IS18551";NA;"2023-10-09 14:02:00";73677,9
"873876";"27:1:1";"Exp60_133_IS18551";"Exp60_133_IS18551";NA;"2023-10-09 14:16:00";73666,1
"873877";"27:1:1";"Exp60_133_IS18551";"Exp60_133_IS18551";NA;"2023-10-09 20:16:00";73574,6
"873878";"27:1:1";"Exp60_133_IS18551";"Exp60_133_IS18551";NA;"2023-10-09 20:32:00";73580,1
"873879";"27:1:1";"Exp60_133_IS18551";"Exp60_133_IS18551";NA;"2023-10-09 20:46:00";73568,7
"873880";"27:1:1";"Exp60_133_IS18551";"Exp60_133_IS18551";NA;"2023-10-09 21:02:00";73676,8
"873881";"27:1:1";"Exp60_133_IS18551";"Exp60_133_IS18551";NA;"2023-10-09 21:16:00";73713,2
"873882";"27:1:1";"Exp60_133_IS18551";"Exp60_133_IS18551";NA;"2023-10-09 21:32:00";73723,5
"873883";"27:1:1";"Exp60_133_IS18551";"Exp60_133_IS18551";NA;"2023-10-09 21:46:00";73721,8
"873884";"27:1:1";"Exp60_133_IS18551";"Exp60_133_IS18551";NA;"2023-10-09 22:32:00";73621,6
"873885";"27:1:1";"Exp60_133_IS18551";"Exp60_133_IS18551";NA;"2023-10-09 22:46:00";72910,5
"873886";"27:1:1";"Exp60_133_IS18551";"Exp60_133_IS18551";NA;"2023-10-09 23:17:00";70667,7
"873887";"27:1:1";"Exp60_133_IS18551";"Exp60_133_IS18551";NA;"2023-10-09 23:31:00";71742,2
"873888";"27:1:1";"Exp60_133_IS18551";"Exp60_133_IS18551";NA;"2023-10-09 23:47:00";72079,8
"873889";"27:1:1";"Exp60_133_IS18551";"Exp60_133_IS18551";NA;"2023-10-10 00:16:00";72098,9
"873890";"27:1:1";"Exp60_133_IS18551";"Exp60_133_IS18551";NA;"2023-10-10 00:47:00";72009,1
"873891";"27:1:1";"Exp60_133_IS18551";"Exp60_133_IS18551";NA;"2023-10-10 01:01:00";71976,8
"873892";"27:1:1";"Exp60_133_IS18551";"Exp60_133_IS18551";NA;"2023-10-10 01:17:00";73748,2
"873893";"27:1:1";"Exp60_133_IS18551";"Exp60_133_IS18551";NA;"2023-10-10 01:31:00";73838,9
"873894";"27:1:1";"Exp60_133_IS18551";"Exp60_133_IS18551";NA;"2023-10-10 01:47:00";73866,8
"873895";"27:1:1";"Exp60_133_IS18551";"Exp60_133_IS18551";NA;"2023-10-10 02:01:00";73870,8
"873896";"27:1:1";"Exp60_133_IS18551";"Exp60_133_IS18551";NA;"2023-10-10 02:17:00";73874,8
"873897";"27:1:1";"Exp60_133_IS18551";"Exp60_133_IS18551";NA;"2023-10-10 02:31:00";73883,4
"873898";"27:1:1";"Exp60_133_IS18551";"Exp60_133_IS18551";NA;"2023-10-10 02:47:00";73886,2
"873899";"27:1:1";"Exp60_133_IS18551";"Exp60_133_IS18551";NA;"2023-10-10 03:01:00";73887,2
"873900";"27:1:1";"Exp60_133_IS18551";"Exp60_133_IS18551";NA;"2023-10-10 03:17:00";73894
"873901";"27:1:1";"Exp60_133_IS18551";"Exp60_133_IS18551";NA;"2023-10-10 03:31:00";73877,7
"873902";"27:1:1";"Exp60_133_IS18551";"Exp60_133_IS18551";NA;"2023-10-10 03:47:00";73870
"873903";"27:1:1";"Exp60_133_IS18551";"Exp60_133_IS18551";NA;"2023-10-10 04:01:00";73851,2
"873904";"27:1:1";"Exp60_133_IS18551";"Exp60_133_IS18551";NA;"2023-10-10 04:17:00";73850,7
"873905";"27:1:1";"Exp60_133_IS18551";"Exp60_133_IS18551";NA;"2023-10-10 04:31:00";73851,6
"873906";"27:1:1";"Exp60_133_IS18551";"Exp60_133_IS18551";NA;"2023-10-10 04:47:00";73853,3
"873907";"27:1:1";"Exp60_133_IS18551";"Exp60_133_IS18551";NA;"2023-10-10 05:01:00";73854,4
"873908";"27:1:1";"Exp60_133_IS18551";"Exp60_133_IS18551";NA;"2023-10-10 05:17:00";73838,5
"873909";"27:1:1";"Exp60_133_IS18551";"Exp60_133_IS18551";NA;"2023-10-10 05:31:00";73737,7
"873910";"27:1:1";"Exp60_133_IS18551";"Exp60_133_IS18551";NA;"2023-10-10 05:47:00";73078
"873911";"27:1:1";"Exp60_133_IS18551";"Exp60_133_IS18551";NA;"2023-10-10 06:01:00";73497,2
"873912";"27:1:1";"Exp60_133_IS18551";"Exp60_133_IS18551";NA;"2023-10-10 06:17:00";73505,7
"873913";"27:1:1";"Exp60_133_IS18551";"Exp60_133_IS18551";NA;"2023-10-10 06:46:00";73506,9
"873914";"27:1:1";"Exp60_133_IS18551";"Exp60_133_IS18551";NA;"2023-10-10 07:17:00";73507,7
"873915";"27:1:1";"Exp60_133_IS18551";"Exp60_133_IS18551";NA;"2023-10-10 07:31:00";73513,4
"873916";"27:1:1";"Exp60_133_IS18551";"Exp60_133_IS18551";NA;"2023-10-10 08:02:00";73493,6
"873917";"27:1:1";"Exp60_133_IS18551";"Exp60_133_IS18551";NA;"2023-10-10 08:16:00";73488,3
"873918";"27:1:1";"Exp60_133_IS18551";"Exp60_133_IS18551";NA;"2023-10-10 08:32:00";73481
"873919";"27:1:1";"Exp60_133_IS18551";"Exp60_133_IS18551";NA;"2023-10-10 08:46:00";73430,8
"873920";"27:1:1";"Exp60_133_IS18551";"Exp60_133_IS18551";NA;"2023-10-10 09:02:00";73258,7
"873921";"27:1:1";"Exp60_133_IS18551";"Exp60_133_IS18551";NA;"2023-10-10 09:16:00";72578,6
"873922";"27:1:1";"Exp60_133_IS18551";"Exp60_133_IS18551";NA;"2023-10-10 09:32:00";72169,4
"873923";"27:1:1";"Exp60_133_IS18551";"Exp60_133_IS18551";NA;"2023-10-10 09:46:00";71183,3
"873924";"27:1:1";"Exp60_133_IS18551";"Exp60_133_IS18551";NA;"2023-10-10 10:02:00";72002,7
"873925";"27:1:1";"Exp60_133_IS18551";"Exp60_133_IS18551";NA;"2023-10-10 10:16:00";71572
"873926";"27:1:1";"Exp60_133_IS18551";"Exp60_133_IS18551";NA;"2023-10-10 10:32:00";72083,1
"873927";"27:1:1";"Exp60_133_IS18551";"Exp60_133_IS18551";NA;"2023-10-10 10:46:00";71592,4
"873928";"27:1:1";"Exp60_133_IS18551";"Exp60_133_IS18551";NA;"2023-10-10 11:02:00";69909,1
"873929";"27:1:1";"Exp60_133_IS18551";"Exp60_133_IS18551";NA;"2023-10-10 11:16:00";70326,1
"873930";"27:1:1";"Exp60_133_IS18551";"Exp60_133_IS18551";NA;"2023-10-10 15:46:00";70865,3
"873931";"27:1:1";"Exp60_133_IS18551";"Exp60_133_IS18551";NA;"2023-10-10 18:01:00";73174,1
"873932";"27:1:1";"Exp60_133_IS18551";"Exp60_133_IS18551";NA;"2023-10-10 18:17:00";73246
"873933";"27:1:1";"Exp60_133_IS18551";"Exp60_133_IS18551";NA;"2023-10-10 18:31:00";73349,5
"873934";"27:1:1";"Exp60_133_IS18551";"Exp60_133_IS18551";NA;"2023-10-10 18:47:00";73436,2
"873935";"27:1:1";"Exp60_133_IS18551";"Exp60_133_IS18551";NA;"2023-10-10 19:01:00";73492,5
"873936";"27:1:1";"Exp60_133_IS18551";"Exp60_133_IS18551";NA;"2023-10-10 19:17:00";73536,3
"873937";"27:1:1";"Exp60_133_IS18551";"Exp60_133_IS18551";NA;"2023-10-10 19:31:00";73558,8
"873938";"27:1:1";"Exp60_133_IS18551";"Exp60_133_IS18551";NA;"2023-10-10 19:47:00";73615,7
"873939";"27:1:1";"Exp60_133_IS18551";"Exp60_133_IS18551";NA;"2023-10-10 20:01:00";73638,4
"873940";"27:1:1";"Exp60_133_IS18551";"Exp60_133_IS18551";NA;"2023-10-10 20:17:00";73761,6
"873941";"27:1:1";"Exp60_133_IS18551";"Exp60_133_IS18551";NA;"2023-10-10 20:31:00";73986,1
"873942";"27:1:1";"Exp60_133_IS18551";"Exp60_133_IS18551";NA;"2023-10-10 20:47:00";74163,7
"873943";"27:1:1";"Exp60_133_IS18551";"Exp60_133_IS18551";NA;"2023-10-10 21:01:00";74182,3
"873944";"27:1:1";"Exp60_133_IS18551";"Exp60_133_IS18551";NA;"2023-10-10 21:17:00";74189,5
"873945";"27:1:1";"Exp60_133_IS18551";"Exp60_133_IS18551";NA;"2023-10-10 21:31:00";74199,4
"873946";"27:1:1";"Exp60_133_IS18551";"Exp60_133_IS18551";NA;"2023-10-10 21:47:00";74214,1
"873947";"27:1:1";"Exp60_133_IS18551";"Exp60_133_IS18551";NA;"2023-10-10 22:01:00";74228,5
"873948";"27:1:1";"Exp60_133_IS18551";"Exp60_133_IS18551";NA;"2023-10-10 22:32:00";75080,9
"873949";"27:1:1";"Exp60_133_IS18551";"Exp60_133_IS18551";NA;"2023-10-10 22:46:00";75136,1
"873950";"27:1:1";"Exp60_133_IS18551";"Exp60_133_IS18551";NA;"2023-10-10 23:02:00";75147,7
"873951";"27:1:1";"Exp60_133_IS18551";"Exp60_133_IS18551";NA;"2023-10-10 23:16:00";75148,1
"873952";"27:1:1";"Exp60_133_IS18551";"Exp60_133_IS18551";NA;"2023-10-10 23:32:00";75168
"873953";"27:1:1";"Exp60_133_IS18551";"Exp60_133_IS18551";NA;"2023-10-10 23:46:00";75168,5
"873954";"27:1:1";"Exp60_133_IS18551";"Exp60_133_IS18551";NA;"2023-10-11 00:02:00";75159,6
"873955";"27:1:1";"Exp60_133_IS18551";"Exp60_133_IS18551";NA;"2023-10-11 00:16:00";73767,7
"873956";"27:1:1";"Exp60_133_IS18551";"Exp60_133_IS18551";NA;"2023-10-11 00:32:00";73763
"873957";"27:1:1";"Exp60_133_IS18551";"Exp60_133_IS18551";NA;"2023-10-11 00:46:00";73643
"873958";"27:1:1";"Exp60_133_IS18551";"Exp60_133_IS18551";NA;"2023-10-11 06:31:00";75325,2
"873959";"27:1:1";"Exp60_133_IS18551";"Exp60_133_IS18551";NA;"2023-10-11 07:17:00";75327
"873960";"27:1:1";"Exp60_133_IS18551";"Exp60_133_IS18551";NA;"2023-10-11 07:31:00";75324,3
"873961";"27:1:1";"Exp60_133_IS18551";"Exp60_133_IS18551";NA;"2023-10-11 07:47:00";75320,2
"873962";"27:1:1";"Exp60_133_IS18551";"Exp60_133_IS18551";NA;"2023-10-11 08:01:00";75316,2
"873963";"27:1:1";"Exp60_133_IS18551";"Exp60_133_IS18551";NA;"2023-10-11 08:17:00";75302,5
"873964";"27:1:1";"Exp60_133_IS18551";"Exp60_133_IS18551";NA;"2023-10-11 08:31:00";75275,2
"873965";"27:1:1";"Exp60_133_IS18551";"Exp60_133_IS18551";NA;"2023-10-11 08:47:00";75149,9
"873966";"27:1:1";"Exp60_133_IS18551";"Exp60_133_IS18551";NA;"2023-10-11 09:01:00";74880,5
"873967";"27:1:1";"Exp60_133_IS18551";"Exp60_133_IS18551";NA;"2023-10-11 16:16:00";72362,5
"873968";"27:1:1";"Exp60_133_IS18551";"Exp60_133_IS18551";NA;"2023-10-11 16:32:00";72341,5
"873969";"27:1:1";"Exp60_133_IS18551";"Exp60_133_IS18551";NA;"2023-10-11 16:46:00";72340,2
"873970";"27:1:1";"Exp60_133_IS18551";"Exp60_133_IS18551";NA;"2023-10-11 17:02:00";72327,1
"873971";"27:1:1";"Exp60_133_IS18551";"Exp60_133_IS18551";NA;"2023-10-11 17:16:00";72341,1
"873972";"27:1:1";"Exp60_133_IS18551";"Exp60_133_IS18551";NA;"2023-10-11 17:32:00";72385,8
"873973";"27:1:1";"Exp60_133_IS18551";"Exp60_133_IS18551";NA;"2023-10-11 17:46:00";72413,8
"873974";"27:1:1";"Exp60_133_IS18551";"Exp60_133_IS18551";NA;"2023-10-11 18:02:00";72451
"873975";"27:1:1";"Exp60_133_IS18551";"Exp60_133_IS18551";NA;"2023-10-11 18:16:00";72489,8
"873976";"27:1:1";"Exp60_133_IS18551";"Exp60_133_IS18551";NA;"2023-10-11 18:32:00";72562,9
"873977";"27:1:1";"Exp60_133_IS18551";"Exp60_133_IS18551";NA;"2023-10-11 18:46:00";73469,1
"873978";"27:1:1";"Exp60_133_IS18551";"Exp60_133_IS18551";NA;"2023-10-11 19:02:00";73418,6
"873979";"27:1:1";"Exp60_133_IS18551";"Exp60_133_IS18551";NA;"2023-10-11 19:16:00";73495,2
"873980";"27:1:1";"Exp60_133_IS18551";"Exp60_133_IS18551";NA;"2023-10-11 19:32:00";73687
"873981";"27:1:1";"Exp60_133_IS18551";"Exp60_133_IS18551";NA;"2023-10-11 19:46:00";73966,6
"873982";"27:1:1";"Exp60_133_IS18551";"Exp60_133_IS18551";NA;"2023-10-11 20:02:00";74080,8
"873983";"27:1:1";"Exp60_133_IS18551";"Exp60_133_IS18551";NA;"2023-10-11 20:46:00";74318,6
"873984";"27:1:1";"Exp60_133_IS18551";"Exp60_133_IS18551";NA;"2023-10-11 21:02:00";74325,8
"873985";"27:1:1";"Exp60_133_IS18551";"Exp60_133_IS18551";NA;"2023-10-11 21:16:00";74330,6
"873986";"27:1:1";"Exp60_133_IS18551";"Exp60_133_IS18551";NA;"2023-10-11 21:32:00";74262,7
"873987";"27:1:1";"Exp60_133_IS18551";"Exp60_133_IS18551";NA;"2023-10-11 21:46:00";74284,9
"873988";"27:1:1";"Exp60_133_IS18551";"Exp60_133_IS18551";NA;"2023-10-11 22:17:00";74286,5
"873989";"27:1:1";"Exp60_133_IS18551";"Exp60_133_IS18551";NA;"2023-10-11 22:31:00";74287,8
"873990";"27:1:1";"Exp60_133_IS18551";"Exp60_133_IS18551";NA;"2023-10-11 22:47:00";74302,8
"873991";"27:1:1";"Exp60_133_IS18551";"Exp60_133_IS18551";NA;"2023-10-11 23:01:00";74330,1
"873992";"27:1:1";"Exp60_133_IS18551";"Exp60_133_IS18551";NA;"2023-10-11 23:17:00";74292,5
"873993";"27:1:1";"Exp60_133_IS18551";"Exp60_133_IS18551";NA;"2023-10-11 23:31:00";73911,3
"873994";"27:1:1";"Exp60_133_IS18551";"Exp60_133_IS18551";NA;"2023-10-11 23:47:00";74513,8
"873995";"27:1:1";"Exp60_133_IS18551";"Exp60_133_IS18551";NA;"2023-10-12 00:01:00";74524,8
"873996";"27:1:1";"Exp60_133_IS18551";"Exp60_133_IS18551";NA;"2023-10-12 00:17:00";74530,8
"873997";"27:1:1";"Exp60_133_IS18551";"Exp60_133_IS18551";NA;"2023-10-12 00:31:00";74535,2
"873998";"27:1:1";"Exp60_133_IS18551";"Exp60_133_IS18551";NA;"2023-10-12 00:47:00";74535,9
"873999";"27:1:1";"Exp60_133_IS18551";"Exp60_133_IS18551";NA;"2023-10-12 01:01:00";74539
"874000";"27:1:1";"Exp60_133_IS18551";"Exp60_133_IS18551";NA;"2023-10-12 01:17:00";74543,1
"874001";"27:1:1";"Exp60_133_IS18551";"Exp60_133_IS18551";NA;"2023-10-12 01:31:00";74543,6
"874002";"27:1:1";"Exp60_133_IS18551";"Exp60_133_IS18551";NA;"2023-10-12 01:47:00";74547,2
"874003";"27:1:1";"Exp60_133_IS18551";"Exp60_133_IS18551";NA;"2023-10-12 02:01:00";74550,1
"874004";"27:1:1";"Exp60_133_IS18551";"Exp60_133_IS18551";NA;"2023-10-12 02:17:00";74524,9
"874005";"27:1:1";"Exp60_133_IS18551";"Exp60_133_IS18551";NA;"2023-10-12 02:31:00";74522,8
"874006";"27:1:1";"Exp60_133_IS18551";"Exp60_133_IS18551";NA;"2023-10-12 02:47:00";74567,3
"874007";"27:1:1";"Exp60_133_IS18551";"Exp60_133_IS18551";NA;"2023-10-12 03:01:00";74579,6
"874008";"27:1:1";"Exp60_133_IS18551";"Exp60_133_IS18551";NA;"2023-10-12 03:17:00";74580,2
"874009";"27:1:1";"Exp60_133_IS18551";"Exp60_133_IS18551";NA;"2023-10-12 03:31:00";74596,4
"874010";"27:1:1";"Exp60_133_IS18551";"Exp60_133_IS18551";NA;"2023-10-12 03:47:00";74599,5
"874011";"27:1:1";"Exp60_133_IS18551";"Exp60_133_IS18551";NA;"2023-10-12 04:01:00";74601
"874012";"27:1:1";"Exp60_133_IS18551";"Exp60_133_IS18551";NA;"2023-10-12 04:17:00";74601,6
"874013";"27:1:1";"Exp60_133_IS18551";"Exp60_133_IS18551";NA;"2023-10-12 04:31:00";74600,8
"874014";"27:1:1";"Exp60_133_IS18551";"Exp60_133_IS18551";NA;"2023-10-12 04:47:00";74600,6
"874015";"27:1:1";"Exp60_133_IS18551";"Exp60_133_IS18551";NA;"2023-10-12 05:01:00";74599,6
"874016";"27:1:1";"Exp60_133_IS18551";"Exp60_133_IS18551";NA;"2023-10-12 05:32:00";74627,5
"874017";"27:1:1";"Exp60_133_IS18551";"Exp60_133_IS18551";NA;"2023-10-12 05:46:00";74636,4
"874018";"27:1:1";"Exp60_133_IS18551";"Exp60_133_IS18551";NA;"2023-10-12 06:02:00";74643,3
"874019";"27:1:1";"Exp60_133_IS18551";"Exp60_133_IS18551";NA;"2023-10-12 06:16:00";74645,8
"874020";"27:1:1";"Exp60_133_IS18551";"Exp60_133_IS18551";NA;"2023-10-12 06:47:00";74644,5
"874021";"27:1:1";"Exp60_133_IS18551";"Exp60_133_IS18551";NA;"2023-10-12 07:01:00";74648,2
"874022";"27:1:1";"Exp60_133_IS18551";"Exp60_133_IS18551";NA;"2023-10-12 07:17:00";74649,2
"874023";"27:1:1";"Exp60_133_IS18551";"Exp60_133_IS18551";NA;"2023-10-12 07:31:00";74647,8
"874024";"27:1:1";"Exp60_133_IS18551";"Exp60_133_IS18551";NA;"2023-10-12 07:47:00";74643,6
"874025";"27:1:1";"Exp60_133_IS18551";"Exp60_133_IS18551";NA;"2023-10-12 08:01:00";74636,7
"874026";"27:1:1";"Exp60_133_IS18551";"Exp60_133_IS18551";NA;"2023-10-12 08:17:00";74620,2
"874027";"27:1:1";"Exp60_133_IS18551";"Exp60_133_IS18551";NA;"2023-10-12 08:31:00";74602,6
"874028";"27:1:1";"Exp60_133_IS18551";"Exp60_133_IS18551";NA;"2023-10-12 08:47:00";74560,5
"874029";"27:1:1";"Exp60_133_IS18551";"Exp60_133_IS18551";NA;"2023-10-12 09:01:00";74503,1
"874030";"27:1:1";"Exp60_133_IS18551";"Exp60_133_IS18551";NA;"2023-10-12 09:17:00";74368,1
"874031";"27:1:1";"Exp60_133_IS18551";"Exp60_133_IS18551";NA;"2023-10-12 09:31:00";72085,6
"874032";"27:1:1";"Exp60_133_IS18551";"Exp60_133_IS18551";NA;"2023-10-12 09:47:00";73053,6
"874033";"27:1:1";"Exp60_133_IS18551";"Exp60_133_IS18551";NA;"2023-10-12 10:01:00";69019,7
"874034";"27:1:1";"Exp60_133_IS18551";"Exp60_133_IS18551";NA;"2023-10-12 15:01:00";71283,5
"874035";"27:1:1";"Exp60_133_IS18551";"Exp60_133_IS18551";NA;"2023-10-12 15:17:00";71304,9
"874036";"27:1:1";"Exp60_133_IS18551";"Exp60_133_IS18551";NA;"2023-10-12 15:31:00";71283,5
"874037";"27:1:1";"Exp60_133_IS18551";"Exp60_133_IS18551";NA;"2023-10-12 15:47:00";71140,4
"874038";"27:1:1";"Exp60_133_IS18551";"Exp60_133_IS18551";NA;"2023-10-12 16:01:00";71400,7
"874039";"27:1:1";"Exp60_133_IS18551";"Exp60_133_IS18551";NA;"2023-10-12 16:17:00";71449,7
"874040";"27:1:1";"Exp60_133_IS18551";"Exp60_133_IS18551";NA;"2023-10-12 16:31:00";71496,6
"874041";"27:1:1";"Exp60_133_IS18551";"Exp60_133_IS18551";NA;"2023-10-12 16:47:00";71495,4
"874042";"27:1:1";"Exp60_133_IS18551";"Exp60_133_IS18551";NA;"2023-10-12 17:01:00";71538,2
"874043";"27:1:1";"Exp60_133_IS18551";"Exp60_133_IS18551";NA;"2023-10-12 17:17:00";71597,4
"874044";"27:1:1";"Exp60_133_IS18551";"Exp60_133_IS18551";NA;"2023-10-12 17:31:00";71757,9
"874045";"27:1:1";"Exp60_133_IS18551";"Exp60_133_IS18551";NA;"2023-10-12 17:47:00";71923,6
"874046";"27:1:1";"Exp60_133_IS18551";"Exp60_133_IS18551";NA;"2023-10-12 18:01:00";72157,3
"874047";"27:1:1";"Exp60_133_IS18551";"Exp60_133_IS18551";NA;"2023-10-12 18:17:00";72318,8
"874048";"27:1:1";"Exp60_133_IS18551";"Exp60_133_IS18551";NA;"2023-10-12 18:31:00";72454,2
"874049";"27:1:1";"Exp60_133_IS18551";"Exp60_133_IS18551";NA;"2023-10-12 18:47:00";72554,8
"874050";"27:1:1";"Exp60_133_IS18551";"Exp60_133_IS18551";NA;"2023-10-12 19:01:00";72638,5
"874051";"27:1:1";"Exp60_133_IS18551";"Exp60_133_IS18551";NA;"2023-10-12 19:17:00";72796,9
"874052";"27:1:1";"Exp60_133_IS18551";"Exp60_133_IS18551";NA;"2023-10-12 19:31:00";72906,2
"874053";"27:1:1";"Exp60_133_IS18551";"Exp60_133_IS18551";NA;"2023-10-12 20:02:00";73235,6
"874054";"27:1:1";"Exp60_133_IS18551";"Exp60_133_IS18551";NA;"2023-10-12 20:16:00";73243,8
"874055";"27:1:1";"Exp60_133_IS18551";"Exp60_133_IS18551";NA;"2023-10-13 03:16:00";73665,4
"874056";"27:1:1";"Exp60_133_IS18551";"Exp60_133_IS18551";NA;"2023-10-13 03:32:00";73666,9
"874057";"27:1:1";"Exp60_133_IS18551";"Exp60_133_IS18551";NA;"2023-10-13 03:46:00";73670,1
"874058";"27:1:1";"Exp60_133_IS18551";"Exp60_133_IS18551";NA;"2023-10-13 04:02:00";73632,3
"874059";"27:1:1";"Exp60_133_IS18551";"Exp60_133_IS18551";NA;"2023-10-13 04:16:00";73538,4
"874060";"27:1:1";"Exp60_133_IS18551";"Exp60_133_IS18551";NA;"2023-10-13 04:32:00";73543,9
"874061";"27:1:1";"Exp60_133_IS18551";"Exp60_133_IS18551";NA;"2023-10-13 04:46:00";73528,4
"874062";"27:1:1";"Exp60_133_IS18551";"Exp60_133_IS18551";NA;"2023-10-13 05:02:00";73534,5
"874063";"27:1:1";"Exp60_133_IS18551";"Exp60_133_IS18551";NA;"2023-10-13 05:16:00";73536,8
"874064";"27:1:1";"Exp60_133_IS18551";"Exp60_133_IS18551";NA;"2023-10-13 05:32:00";73540,4
"874065";"27:1:1";"Exp60_133_IS18551";"Exp60_133_IS18551";NA;"2023-10-13 05:46:00";73541,7
"874066";"27:1:1";"Exp60_133_IS18551";"Exp60_133_IS18551";NA;"2023-10-13 06:02:00";73543,2
"874067";"27:1:1";"Exp60_133_IS18551";"Exp60_133_IS18551";NA;"2023-10-13 06:16:00";73543,6
"874068";"27:1:1";"Exp60_133_IS18551";"Exp60_133_IS18551";NA;"2023-10-13 06:32:00";73544,7
"874069";"27:1:1";"Exp60_133_IS18551";"Exp60_133_IS18551";NA;"2023-10-13 06:46:00";73543,8
"874070";"27:1:1";"Exp60_133_IS18551";"Exp60_133_IS18551";NA;"2023-10-13 12:46:00";72458,8
"874071";"27:1:1";"Exp60_133_IS18551";"Exp60_133_IS18551";NA;"2023-10-13 13:02:00";72390,2
"874072";"27:1:1";"Exp60_133_IS18551";"Exp60_133_IS18551";NA;"2023-10-13 13:16:00";72390
"874073";"27:1:1";"Exp60_133_IS18551";"Exp60_133_IS18551";NA;"2023-10-13 13:32:00";72351,2
"874074";"27:1:1";"Exp60_133_IS18551";"Exp60_133_IS18551";NA;"2023-10-13 13:46:00";72254,1
"874075";"27:1:1";"Exp60_133_IS18551";"Exp60_133_IS18551";NA;"2023-10-13 19:46:00";77089,3
"874076";"27:1:1";"Exp60_133_IS18551";"Exp60_133_IS18551";NA;"2023-10-13 20:02:00";77073,9
"874077";"27:1:1";"Exp60_133_IS18551";"Exp60_133_IS18551";NA;"2023-10-13 20:16:00";77059,9
"874078";"27:1:1";"Exp60_133_IS18551";"Exp60_133_IS18551";NA;"2023-10-13 20:32:00";77047,1
"874079";"27:1:1";"Exp60_133_IS18551";"Exp60_133_IS18551";NA;"2023-10-13 20:46:00";77040,8
"874080";"27:1:1";"Exp60_133_IS18551";"Exp60_133_IS18551";NA;"2023-10-13 21:02:00";77032
"874081";"27:1:1";"Exp60_133_IS18551";"Exp60_133_IS18551";NA;"2023-10-13 21:16:00";77018,4
"874082";"27:1:1";"Exp60_133_IS18551";"Exp60_133_IS18551";NA;"2023-10-13 21:32:00";77006,8
"874083";"27:1:1";"Exp60_133_IS18551";"Exp60_133_IS18551";NA;"2023-10-13 21:46:00";76993,4
"874084";"27:1:1";"Exp60_133_IS18551";"Exp60_133_IS18551";NA;"2023-10-13 22:02:00";76981,7
"874085";"27:1:1";"Exp60_133_IS18551";"Exp60_133_IS18551";NA;"2023-10-13 22:16:00";76970,4
"874086";"27:1:1";"Exp60_133_IS18551";"Exp60_133_IS18551";NA;"2023-10-13 22:32:00";76958,9
"874087";"27:1:1";"Exp60_133_IS18551";"Exp60_133_IS18551";NA;"2023-10-13 22:46:00";76928,8
"874088";"27:1:1";"Exp60_133_IS18551";"Exp60_133_IS18551";NA;"2023-10-13 23:02:00";76926,3
"874089";"27:1:1";"Exp60_133_IS18551";"Exp60_133_IS18551";NA;"2023-10-13 23:16:00";76921,1
"874090";"27:1:1";"Exp60_133_IS18551";"Exp60_133_IS18551";NA;"2023-10-13 23:47:00";76915,1
"874091";"27:1:1";"Exp60_133_IS18551";"Exp60_133_IS18551";NA;"2023-10-14 00:01:00";76935
"874092";"27:1:1";"Exp60_133_IS18551";"Exp60_133_IS18551";NA;"2023-10-14 00:17:00";76931,1
"874093";"27:1:1";"Exp60_133_IS18551";"Exp60_133_IS18551";NA;"2023-10-14 00:31:00";76908,5
"874094";"27:1:1";"Exp60_133_IS18551";"Exp60_133_IS18551";NA;"2023-10-14 00:47:00";76905,5
"874095";"27:1:1";"Exp60_133_IS18551";"Exp60_133_IS18551";NA;"2023-10-14 01:01:00";76899
"874096";"27:1:1";"Exp60_133_IS18551";"Exp60_133_IS18551";NA;"2023-10-14 01:17:00";76891
"874097";"27:1:1";"Exp60_133_IS18551";"Exp60_133_IS18551";NA;"2023-10-14 01:31:00";76875,4
"874098";"27:1:1";"Exp60_133_IS18551";"Exp60_133_IS18551";NA;"2023-10-14 01:47:00";76874,7
"874099";"27:1:1";"Exp60_133_IS18551";"Exp60_133_IS18551";NA;"2023-10-14 02:01:00";76871,4
"874100";"27:1:1";"Exp60_133_IS18551";"Exp60_133_IS18551";NA;"2023-10-14 02:17:00";76827,4
"874101";"27:1:1";"Exp60_133_IS18551";"Exp60_133_IS18551";NA;"2023-10-14 02:31:00";76844,6
"874102";"27:1:1";"Exp60_133_IS18551";"Exp60_133_IS18551";NA;"2023-10-14 02:47:00";76843,8
"874103";"27:1:1";"Exp60_133_IS18551";"Exp60_133_IS18551";NA;"2023-10-14 03:01:00";76841,8
"874104";"27:1:1";"Exp60_133_IS18551";"Exp60_133_IS18551";NA;"2023-10-14 03:17:00";76842,4
"874105";"27:1:1";"Exp60_133_IS18551";"Exp60_133_IS18551";NA;"2023-10-14 03:31:00";76842,4
"874106";"27:1:1";"Exp60_133_IS18551";"Exp60_133_IS18551";NA;"2023-10-14 04:17:00";76841,8
"874107";"27:1:1";"Exp60_133_IS18551";"Exp60_133_IS18551";NA;"2023-10-14 04:31:00";76842,1
"874108";"27:1:1";"Exp60_133_IS18551";"Exp60_133_IS18551";NA;"2023-10-14 04:47:00";76840,8
"874109";"27:1:1";"Exp60_133_IS18551";"Exp60_133_IS18551";NA;"2023-10-14 05:01:00";76841,3
"874110";"27:1:1";"Exp60_133_IS18551";"Exp60_133_IS18551";NA;"2023-10-14 05:17:00";76841,7
"874111";"27:1:1";"Exp60_133_IS18551";"Exp60_133_IS18551";NA;"2023-10-14 05:31:00";76843,3
"874112";"27:1:1";"Exp60_133_IS18551";"Exp60_133_IS18551";NA;"2023-10-14 05:47:00";76845,4
"874113";"27:1:1";"Exp60_133_IS18551";"Exp60_133_IS18551";NA;"2023-10-14 06:01:00";76847,5
"874114";"27:1:1";"Exp60_133_IS18551";"Exp60_133_IS18551";NA;"2023-10-14 06:17:00";76847,9
"874115";"27:1:1";"Exp60_133_IS18551";"Exp60_133_IS18551";NA;"2023-10-14 06:31:00";76848
"874116";"27:1:1";"Exp60_133_IS18551";"Exp60_133_IS18551";NA;"2023-10-14 07:02:00";76847,6
"874117";"27:1:1";"Exp60_133_IS18551";"Exp60_133_IS18551";NA;"2023-10-14 07:16:00";76849,6
"874118";"27:1:1";"Exp60_133_IS18551";"Exp60_133_IS18551";NA;"2023-10-14 07:32:00";76844,8
"874119";"27:1:1";"Exp60_133_IS18551";"Exp60_133_IS18551";NA;"2023-10-14 08:16:00";76815,5
"874120";"27:1:1";"Exp60_133_IS18551";"Exp60_133_IS18551";NA;"2023-10-14 08:32:00";76804,8
"874121";"27:1:1";"Exp60_133_IS18551";"Exp60_133_IS18551";NA;"2023-10-14 08:46:00";76741,6
"874122";"27:1:1";"Exp60_133_IS18551";"Exp60_133_IS18551";NA;"2023-10-14 09:02:00";76590,9
"874123";"27:1:1";"Exp60_133_IS18551";"Exp60_133_IS18551";NA;"2023-10-14 09:16:00";75744,6
"874124";"27:1:1";"Exp60_133_IS18551";"Exp60_133_IS18551";NA;"2023-10-14 09:32:00";75309,1
"874125";"27:1:1";"Exp60_133_IS18551";"Exp60_133_IS18551";NA;"2023-10-14 09:46:00";75661
"874126";"27:1:1";"Exp60_133_IS18551";"Exp60_133_IS18551";NA;"2023-10-14 10:02:00";75604,4
"874127";"27:1:1";"Exp60_133_IS18551";"Exp60_133_IS18551";NA;"2023-10-14 10:16:00";75981,5
"874128";"27:1:1";"Exp60_133_IS18551";"Exp60_133_IS18551";NA;"2023-10-14 10:32:00";75915
"874129";"27:1:1";"Exp60_133_IS18551";"Exp60_133_IS18551";NA;"2023-10-14 10:46:00";75540,8
"874130";"27:1:1";"Exp60_133_IS18551";"Exp60_133_IS18551";NA;"2023-10-14 11:02:00";76218,7
"874131";"27:1:1";"Exp60_133_IS18551";"Exp60_133_IS18551";NA;"2023-10-14 11:16:00";75908,7
"874132";"27:1:1";"Exp60_133_IS18551";"Exp60_133_IS18551";NA;"2023-10-14 11:32:00";75929,7
"874133";"27:1:1";"Exp60_133_IS18551";"Exp60_133_IS18551";NA;"2023-10-14 11:46:00";75898,4
"874134";"27:1:1";"Exp60_133_IS18551";"Exp60_133_IS18551";NA;"2023-10-14 12:02:00";75851
"874135";"27:1:1";"Exp60_133_IS18551";"Exp60_133_IS18551";NA;"2023-10-14 12:16:00";75822,3
"874136";"27:1:1";"Exp60_133_IS18551";"Exp60_133_IS18551";NA;"2023-10-14 12:32:00";75776,2
"874137";"27:1:1";"Exp60_133_IS18551";"Exp60_133_IS18551";NA;"2023-10-14 12:46:00";75724,3
"874138";"27:1:1";"Exp60_133_IS18551";"Exp60_133_IS18551";NA;"2023-10-14 13:02:00";75691,7
"874139";"27:1:1";"Exp60_133_IS18551";"Exp60_133_IS18551";NA;"2023-10-14 13:16:00";75663,9
"874140";"27:1:1";"Exp60_133_IS18551";"Exp60_133_IS18551";NA;"2023-10-14 13:32:00";75630,1
"874141";"27:1:1";"Exp60_133_IS18551";"Exp60_133_IS18551";NA;"2023-10-14 13:46:00";75593,3
"874142";"27:1:1";"Exp60_133_IS18551";"Exp60_133_IS18551";NA;"2023-10-14 19:31:00";75347,4
"874143";"27:1:1";"Exp60_133_IS18551";"Exp60_133_IS18551";NA;"2023-10-15 02:01:00";75758,4
"874144";"27:1:1";"Exp60_133_IS18551";"Exp60_133_IS18551";NA;"2023-10-15 02:17:00";75759,6
"874145";"27:1:1";"Exp60_133_IS18551";"Exp60_133_IS18551";NA;"2023-10-15 02:31:00";75759
"874146";"27:1:1";"Exp60_133_IS18551";"Exp60_133_IS18551";NA;"2023-10-15 02:47:00";75760,7
"874147";"27:1:1";"Exp60_133_IS18551";"Exp60_133_IS18551";NA;"2023-10-15 03:01:00";75756,1
"874148";"27:1:1";"Exp60_133_IS18551";"Exp60_133_IS18551";NA;"2023-10-15 03:17:00";75722,3
"874149";"27:1:1";"Exp60_133_IS18551";"Exp60_133_IS18551";NA;"2023-10-15 03:31:00";75669,7
"874150";"27:1:1";"Exp60_133_IS18551";"Exp60_133_IS18551";NA;"2023-10-15 03:47:00";75655
"874151";"27:1:1";"Exp60_133_IS18551";"Exp60_133_IS18551";NA;"2023-10-15 04:01:00";75653,7
"874152";"27:1:1";"Exp60_133_IS18551";"Exp60_133_IS18551";NA;"2023-10-15 04:32:00";75654,4
"874153";"27:1:1";"Exp60_133_IS18551";"Exp60_133_IS18551";NA;"2023-10-15 04:46:00";75651,9
"874154";"27:1:1";"Exp60_133_IS18551";"Exp60_133_IS18551";NA;"2023-10-15 05:32:00";74928,7
"874155";"27:1:1";"Exp60_133_IS18551";"Exp60_133_IS18551";NA;"2023-10-15 05:46:00";74928,7
"874156";"27:1:1";"Exp60_133_IS18551";"Exp60_133_IS18551";NA;"2023-10-15 06:17:00";74923,9
"874157";"27:1:1";"Exp60_133_IS18551";"Exp60_133_IS18551";NA;"2023-10-15 06:31:00";74930,6
"874158";"27:1:1";"Exp60_133_IS18551";"Exp60_133_IS18551";NA;"2023-10-15 07:02:00";74950,3
"874159";"27:1:1";"Exp60_133_IS18551";"Exp60_133_IS18551";NA;"2023-10-15 07:16:00";74948,8
"874160";"27:1:1";"Exp60_133_IS18551";"Exp60_133_IS18551";NA;"2023-10-15 07:32:00";74944,6
"874161";"27:1:1";"Exp60_133_IS18551";"Exp60_133_IS18551";NA;"2023-10-15 07:46:00";74937,8
"874162";"27:1:1";"Exp60_133_IS18551";"Exp60_133_IS18551";NA;"2023-10-15 08:17:00";74883,3
"874163";"27:1:1";"Exp60_133_IS18551";"Exp60_133_IS18551";NA;"2023-10-15 08:31:00";74802,3
"874164";"27:1:1";"Exp60_133_IS18551";"Exp60_133_IS18551";NA;"2023-10-15 08:47:00";74708,7
"874165";"27:1:1";"Exp60_133_IS18551";"Exp60_133_IS18551";NA;"2023-10-15 09:01:00";74523,2
"874166";"27:1:1";"Exp60_133_IS18551";"Exp60_133_IS18551";NA;"2023-10-15 09:17:00";74595,7
"874167";"27:1:1";"Exp60_133_IS18551";"Exp60_133_IS18551";NA;"2023-10-15 09:31:00";73809,4
"874168";"27:1:1";"Exp60_133_IS18551";"Exp60_133_IS18551";NA;"2023-10-15 09:47:00";74585,9
"874169";"27:1:1";"Exp60_133_IS18551";"Exp60_133_IS18551";NA;"2023-10-15 10:01:00";75295,7
"874170";"27:1:1";"Exp60_133_IS18551";"Exp60_133_IS18551";NA;"2023-10-15 10:17:00";72212,5
"874171";"27:1:1";"Exp60_133_IS18551";"Exp60_133_IS18551";NA;"2023-10-15 10:31:00";71569
"874172";"27:1:1";"Exp60_133_IS18551";"Exp60_133_IS18551";NA;"2023-10-15 10:47:00";71723,6
"874173";"27:1:1";"Exp60_133_IS18551";"Exp60_133_IS18551";NA;"2023-10-15 11:01:00";74896
"874174";"27:1:1";"Exp60_133_IS18551";"Exp60_133_IS18551";NA;"2023-10-15 18:01:00";73554,3
"874175";"27:1:1";"Exp60_133_IS18551";"Exp60_133_IS18551";NA;"2023-10-15 18:17:00";73519,6
"874176";"27:1:1";"Exp60_133_IS18551";"Exp60_133_IS18551";NA;"2023-10-15 18:31:00";73426,3
"874177";"27:1:1";"Exp60_133_IS18551";"Exp60_133_IS18551";NA;"2023-10-15 18:47:00";73489,9
"874178";"27:1:1";"Exp60_133_IS18551";"Exp60_133_IS18551";NA;"2023-10-15 19:01:00";73941,6
"874179";"27:1:1";"Exp60_133_IS18551";"Exp60_133_IS18551";NA;"2023-10-15 19:17:00";73780,2
"874180";"27:1:1";"Exp60_133_IS18551";"Exp60_133_IS18551";NA;"2023-10-15 19:31:00";72695,5
"874181";"27:1:1";"Exp60_133_IS18551";"Exp60_133_IS18551";NA;"2023-10-16 03:46:00";73072,4
"874182";"27:1:1";"Exp60_133_IS18551";"Exp60_133_IS18551";NA;"2023-10-16 04:02:00";73891,1
"874183";"27:1:1";"Exp60_133_IS18551";"Exp60_133_IS18551";NA;"2023-10-16 04:16:00";73828
"874184";"27:1:1";"Exp60_133_IS18551";"Exp60_133_IS18551";NA;"2023-10-16 04:32:00";73846
"874185";"27:1:1";"Exp60_133_IS18551";"Exp60_133_IS18551";NA;"2023-10-16 04:46:00";73888,4
"874186";"27:1:1";"Exp60_133_IS18551";"Exp60_133_IS18551";NA;"2023-10-16 05:02:00";73913,9
"874187";"27:1:1";"Exp60_133_IS18551";"Exp60_133_IS18551";NA;"2023-10-16 05:16:00";73933,2
"874188";"27:1:1";"Exp60_133_IS18551";"Exp60_133_IS18551";NA;"2023-10-16 05:32:00";73969,2
"874189";"27:1:1";"Exp60_133_IS18551";"Exp60_133_IS18551";NA;"2023-10-16 05:46:00";73977,7
"874190";"27:1:1";"Exp60_133_IS18551";"Exp60_133_IS18551";NA;"2023-10-16 06:02:00";73989,9
"874191";"27:1:1";"Exp60_133_IS18551";"Exp60_133_IS18551";NA;"2023-10-16 06:16:00";73995,2
"874192";"27:1:1";"Exp60_133_IS18551";"Exp60_133_IS18551";NA;"2023-10-16 06:32:00";74009,5
"874193";"27:1:1";"Exp60_133_IS18551";"Exp60_133_IS18551";NA;"2023-10-16 06:46:00";74018
"874194";"27:1:1";"Exp60_133_IS18551";"Exp60_133_IS18551";NA;"2023-10-16 07:02:00";74024,7
"874195";"27:1:1";"Exp60_133_IS18551";"Exp60_133_IS18551";NA;"2023-10-16 07:16:00";74025,5
"874196";"27:1:1";"Exp60_133_IS18551";"Exp60_133_IS18551";NA;"2023-10-16 07:47:00";74026,7
"874197";"27:1:1";"Exp60_133_IS18551";"Exp60_133_IS18551";NA;"2023-10-16 08:01:00";74021,5
"874198";"27:1:1";"Exp60_133_IS18551";"Exp60_133_IS18551";NA;"2023-10-16 08:17:00";74020,6
"874199";"27:1:1";"Exp60_133_IS18551";"Exp60_133_IS18551";NA;"2023-10-16 08:31:00";74018,4
"874200";"27:1:1";"Exp60_133_IS18551";"Exp60_133_IS18551";NA;"2023-10-16 08:47:00";74049,1
"874201";"27:1:1";"Exp60_133_IS18551";"Exp60_133_IS18551";NA;"2023-10-16 09:01:00";74114,9
"874202";"27:1:1";"Exp60_133_IS18551";"Exp60_133_IS18551";NA;"2023-10-16 09:17:00";74205,6
"874203";"27:1:1";"Exp60_133_IS18551";"Exp60_133_IS18551";NA;"2023-10-16 09:31:00";74031
"874204";"27:1:1";"Exp60_133_IS18551";"Exp60_133_IS18551";NA;"2023-10-16 09:47:00";72281,2
"874205";"27:1:1";"Exp60_133_IS18551";"Exp60_133_IS18551";NA;"2023-10-16 10:01:00";73044,4
"874206";"27:1:1";"Exp60_133_IS18551";"Exp60_133_IS18551";NA;"2023-10-16 10:17:00";70816,5
"874207";"27:1:1";"Exp60_133_IS18551";"Exp60_133_IS18551";NA;"2023-10-16 10:31:00";72937,1
"874208";"27:1:1";"Exp60_133_IS18551";"Exp60_133_IS18551";NA;"2023-10-16 10:47:00";73904,4
"874209";"27:1:1";"Exp60_133_IS18551";"Exp60_133_IS18551";NA;"2023-10-16 11:01:00";71757,6
"874210";"27:1:1";"Exp60_133_IS18551";"Exp60_133_IS18551";NA;"2023-10-16 11:32:00";72669,3
"874211";"27:1:1";"Exp60_133_IS18551";"Exp60_133_IS18551";NA;"2023-10-16 11:46:00";72634,4
"874212";"27:1:1";"Exp60_133_IS18551";"Exp60_133_IS18551";NA;"2023-10-16 12:17:00";72592,4
"874213";"27:1:1";"Exp60_133_IS18551";"Exp60_133_IS18551";NA;"2023-10-16 12:31:00";72585,4
"874214";"27:1:1";"Exp60_133_IS18551";"Exp60_133_IS18551";NA;"2023-10-16 13:02:00";72562,7
"874215";"27:1:1";"Exp60_133_IS18551";"Exp60_133_IS18551";NA;"2023-10-16 13:16:00";72835,4
"874216";"27:1:1";"Exp60_133_IS18551";"Exp60_133_IS18551";NA;"2023-10-16 13:32:00";73590,7
"874217";"27:1:1";"Exp60_133_IS18551";"Exp60_133_IS18551";NA;"2023-10-16 13:46:00";73570,7
"874218";"27:1:1";"Exp60_133_IS18551";"Exp60_133_IS18551";NA;"2023-10-16 14:02:00";73549,8
"874219";"27:1:1";"Exp60_133_IS18551";"Exp60_133_IS18551";NA;"2023-10-16 14:16:00";73542,7
"874220";"27:1:1";"Exp60_133_IS18551";"Exp60_133_IS18551";NA;"2023-10-16 14:32:00";73528,6
"874221";"27:1:1";"Exp60_133_IS18551";"Exp60_133_IS18551";NA;"2023-10-16 14:46:00";73499
"874222";"27:1:1";"Exp60_133_IS18551";"Exp60_133_IS18551";NA;"2023-10-16 22:16:00";73958,7
"874223";"27:1:1";"Exp60_133_IS18551";"Exp60_133_IS18551";NA;"2023-10-16 22:32:00";74008,6
"874224";"27:1:1";"Exp60_133_IS18551";"Exp60_133_IS18551";NA;"2023-10-16 22:46:00";74025,2
"874225";"27:1:1";"Exp60_133_IS18551";"Exp60_133_IS18551";NA;"2023-10-17 05:46:00";72532,6
"874226";"27:1:1";"Exp60_133_IS18551";"Exp60_133_IS18551";NA;"2023-10-17 06:02:00";72819,2
"874227";"27:1:1";"Exp60_133_IS18551";"Exp60_133_IS18551";NA;"2023-10-17 06:16:00";73658,9
"874228";"27:1:1";"Exp60_133_IS18551";"Exp60_133_IS18551";NA;"2023-10-17 06:32:00";73821,6
"874229";"27:1:1";"Exp60_133_IS18551";"Exp60_133_IS18551";NA;"2023-10-17 06:46:00";73827,9
"874230";"27:1:1";"Exp60_133_IS18551";"Exp60_133_IS18551";NA;"2023-10-17 12:46:00";73590,1
"874231";"27:1:1";"Exp60_133_IS18551";"Exp60_133_IS18551";NA;"2023-10-17 13:02:00";73558,1
"874232";"27:1:1";"Exp60_133_IS18551";"Exp60_133_IS18551";NA;"2023-10-17 13:16:00";73525,7
"874233";"27:1:1";"Exp60_133_IS18551";"Exp60_133_IS18551";NA;"2023-10-17 13:32:00";73483,7
"874234";"27:1:1";"Exp60_133_IS18551";"Exp60_133_IS18551";NA;"2023-10-17 13:46:00";73461,6
"874235";"27:1:1";"Exp60_133_IS18551";"Exp60_133_IS18551";NA;"2023-10-17 14:02:00";73435,8
"874236";"27:1:1";"Exp60_133_IS18551";"Exp60_133_IS18551";NA;"2023-10-17 14:16:00";73410,2
"874237";"27:1:1";"Exp60_133_IS18551";"Exp60_133_IS18551";NA;"2023-10-17 14:32:00";73389,4
"874238";"27:1:1";"Exp60_133_IS18551";"Exp60_133_IS18551";NA;"2023-10-17 14:46:00";73368,8
"874239";"27:1:1";"Exp60_133_IS18551";"Exp60_133_IS18551";NA;"2023-10-17 15:17:00";73327,4
"874240";"27:1:1";"Exp60_133_IS18551";"Exp60_133_IS18551";NA;"2023-10-17 15:31:00";73315,3
"874241";"27:1:1";"Exp60_133_IS18551";"Exp60_133_IS18551";NA;"2023-10-17 16:17:00";73271,6
"874242";"27:1:1";"Exp60_133_IS18551";"Exp60_133_IS18551";NA;"2023-10-17 16:31:00";73259
"874243";"27:1:1";"Exp60_133_IS18551";"Exp60_133_IS18551";NA;"2023-10-17 16:47:00";73254,7
"874244";"27:1:1";"Exp60_133_IS18551";"Exp60_133_IS18551";NA;"2023-10-17 17:01:00";73247,6
"874245";"27:1:1";"Exp60_133_IS18551";"Exp60_133_IS18551";NA;"2023-10-17 18:32:00";73340,6
"874246";"27:1:1";"Exp60_133_IS18551";"Exp60_133_IS18551";NA;"2023-10-17 18:46:00";73318,5
"874247";"27:1:1";"Exp60_133_IS18551";"Exp60_133_IS18551";NA;"2023-10-17 19:02:00";73368,8
"874248";"27:1:1";"Exp60_133_IS18551";"Exp60_133_IS18551";NA;"2023-10-17 19:16:00";73355,4
"874249";"27:1:1";"Exp60_133_IS18551";"Exp60_133_IS18551";NA;"2023-10-17 19:32:00";73296,2
"874250";"27:1:1";"Exp60_133_IS18551";"Exp60_133_IS18551";NA;"2023-10-17 19:46:00";73302,4
"874251";"27:1:1";"Exp60_133_IS18551";"Exp60_133_IS18551";NA;"2023-10-18 01:31:00";73384
"874252";"27:1:1";"Exp60_133_IS18551";"Exp60_133_IS18551";NA;"2023-10-18 02:02:00";73358,2
"874253";"27:1:1";"Exp60_133_IS18551";"Exp60_133_IS18551";NA;"2023-10-18 02:16:00";73346,5
"874254";"27:1:1";"Exp60_133_IS18551";"Exp60_133_IS18551";NA;"2023-10-18 02:32:00";73347,6
"874255";"27:1:1";"Exp60_133_IS18551";"Exp60_133_IS18551";NA;"2023-10-18 02:46:00";73351,2
"874256";"27:1:1";"Exp60_133_IS18551";"Exp60_133_IS18551";NA;"2023-10-18 03:02:00";73028,9
"874257";"27:1:1";"Exp60_133_IS18551";"Exp60_133_IS18551";NA;"2023-10-18 03:16:00";73192,1
"874258";"27:1:1";"Exp60_133_IS18551";"Exp60_133_IS18551";NA;"2023-10-18 03:32:00";73194
"874259";"27:1:1";"Exp60_133_IS18551";"Exp60_133_IS18551";NA;"2023-10-18 04:01:00";73197,1
"874260";"27:1:1";"Exp60_133_IS18551";"Exp60_133_IS18551";NA;"2023-10-18 04:17:00";73197,4
"874261";"27:1:1";"Exp60_133_IS18551";"Exp60_133_IS18551";NA;"2023-10-18 04:31:00";73197,7
"874262";"27:1:1";"Exp60_133_IS18551";"Exp60_133_IS18551";NA;"2023-10-18 04:47:00";72903,1
"874263";"27:1:1";"Exp60_133_IS18551";"Exp60_133_IS18551";NA;"2023-10-18 05:01:00";72910,8
"874264";"27:1:1";"Exp60_133_IS18551";"Exp60_133_IS18551";NA;"2023-10-18 05:17:00";72906,4
"874265";"27:1:1";"Exp60_133_IS18551";"Exp60_133_IS18551";NA;"2023-10-18 05:31:00";72907,6
"874266";"27:1:1";"Exp60_133_IS18551";"Exp60_133_IS18551";NA;"2023-10-18 05:47:00";72910
"874267";"27:1:1";"Exp60_133_IS18551";"Exp60_133_IS18551";NA;"2023-10-18 06:01:00";72939,3
"874268";"27:1:1";"Exp60_133_IS18551";"Exp60_133_IS18551";NA;"2023-10-18 06:17:00";73275,3
"874269";"27:1:1";"Exp60_133_IS18551";"Exp60_133_IS18551";NA;"2023-10-18 06:31:00";73353,2
"874270";"27:1:1";"Exp60_133_IS18551";"Exp60_133_IS18551";NA;"2023-10-18 07:32:00";73347
"874271";"27:1:1";"Exp60_133_IS18551";"Exp60_133_IS18551";NA;"2023-10-18 07:46:00";73344,1
"874272";"27:1:1";"Exp60_133_IS18551";"Exp60_133_IS18551";NA;"2023-10-18 08:02:00";73342
"874273";"27:1:1";"Exp60_133_IS18551";"Exp60_133_IS18551";NA;"2023-10-18 08:16:00";73333
"874274";"27:1:1";"Exp60_133_IS18551";"Exp60_133_IS18551";NA;"2023-10-18 08:47:00";73308,3
"874275";"27:1:1";"Exp60_133_IS18551";"Exp60_133_IS18551";NA;"2023-10-18 09:01:00";72830
"874276";"27:1:1";"Exp60_133_IS18551";"Exp60_133_IS18551";NA;"2023-10-18 09:17:00";72345,5
"874277";"27:1:1";"Exp60_133_IS18551";"Exp60_133_IS18551";NA;"2023-10-18 09:31:00";72370
"874278";"27:1:1";"Exp60_133_IS18551";"Exp60_133_IS18551";NA;"2023-10-18 15:31:00";71727,3
"874279";"27:1:1";"Exp60_133_IS18551";"Exp60_133_IS18551";NA;"2023-10-18 16:32:00";71693,7
"874280";"27:1:1";"Exp60_133_IS18551";"Exp60_133_IS18551";NA;"2023-10-18 16:46:00";71730,4
"874281";"27:1:1";"Exp60_133_IS18551";"Exp60_133_IS18551";NA;"2023-10-18 17:02:00";71867,4
"874282";"27:1:1";"Exp60_133_IS18551";"Exp60_133_IS18551";NA;"2023-10-18 17:16:00";71990,8
"874283";"27:1:1";"Exp60_133_IS18551";"Exp60_133_IS18551";NA;"2023-10-18 17:32:00";72053,6
"874284";"27:1:1";"Exp60_133_IS18551";"Exp60_133_IS18551";NA;"2023-10-18 17:46:00";72117
"874285";"27:1:1";"Exp60_133_IS18551";"Exp60_133_IS18551";NA;"2023-10-18 18:02:00";72159,5
"874286";"27:1:1";"Exp60_133_IS18551";"Exp60_133_IS18551";NA;"2023-10-18 18:16:00";72188
"874287";"27:1:1";"Exp60_133_IS18551";"Exp60_133_IS18551";NA;"2023-10-18 18:32:00";72143,3
"874288";"27:1:1";"Exp60_133_IS18551";"Exp60_133_IS18551";NA;"2023-10-18 18:46:00";72166,8
"874289";"27:1:1";"Exp60_133_IS18551";"Exp60_133_IS18551";NA;"2023-10-19 01:16:00";72784,6
"874290";"27:1:1";"Exp60_133_IS18551";"Exp60_133_IS18551";NA;"2023-10-19 01:32:00";72789,3
"874291";"27:1:1";"Exp60_133_IS18551";"Exp60_133_IS18551";NA;"2023-10-19 01:46:00";72793,6
"874292";"27:1:1";"Exp60_133_IS18551";"Exp60_133_IS18551";NA;"2023-10-19 02:02:00";72865,8
"874293";"27:1:1";"Exp60_133_IS18551";"Exp60_133_IS18551";NA;"2023-10-19 02:16:00";72876,7
"874294";"27:1:1";"Exp60_133_IS18551";"Exp60_133_IS18551";NA;"2023-10-19 02:32:00";72923,3
"874295";"27:1:1";"Exp60_133_IS18551";"Exp60_133_IS18551";NA;"2023-10-19 02:46:00";72934,6
"874296";"27:1:1";"Exp60_133_IS18551";"Exp60_133_IS18551";NA;"2023-10-19 03:17:00";72965,3
"874297";"27:1:1";"Exp60_133_IS18551";"Exp60_133_IS18551";NA;"2023-10-19 03:31:00";72968,5
"874298";"27:1:1";"Exp60_133_IS18551";"Exp60_133_IS18551";NA;"2023-10-19 03:47:00";72973
"874299";"27:1:1";"Exp60_133_IS18551";"Exp60_133_IS18551";NA;"2023-10-19 04:01:00";72972,2
"874300";"27:1:1";"Exp60_133_IS18551";"Exp60_133_IS18551";NA;"2023-10-19 04:17:00";72901
"874301";"27:1:1";"Exp60_133_IS18551";"Exp60_133_IS18551";NA;"2023-10-19 04:31:00";72902
"874302";"27:1:1";"Exp60_133_IS18551";"Exp60_133_IS18551";NA;"2023-10-19 04:47:00";72904,7
"874303";"27:1:1";"Exp60_133_IS18551";"Exp60_133_IS18551";NA;"2023-10-19 05:01:00";72906,6
"874304";"27:1:1";"Exp60_133_IS18551";"Exp60_133_IS18551";NA;"2023-10-19 05:17:00";72907,6
"874305";"27:1:1";"Exp60_133_IS18551";"Exp60_133_IS18551";NA;"2023-10-19 05:31:00";72909,7
"874306";"27:1:1";"Exp60_133_IS18551";"Exp60_133_IS18551";NA;"2023-10-19 05:47:00";72399,1
"874307";"27:1:1";"Exp60_133_IS18551";"Exp60_133_IS18551";NA;"2023-10-19 06:01:00";72303,5
"874308";"27:1:1";"Exp60_133_IS18551";"Exp60_133_IS18551";NA;"2023-10-19 06:17:00";72243,6
"874309";"27:1:1";"Exp60_133_IS18551";"Exp60_133_IS18551";NA;"2023-10-19 06:31:00";72231,4
"874310";"27:1:1";"Exp60_133_IS18551";"Exp60_133_IS18551";NA;"2023-10-19 06:47:00";72222,7
"874311";"27:1:1";"Exp60_133_IS18551";"Exp60_133_IS18551";NA;"2023-10-19 07:01:00";72217,1
"874312";"27:1:1";"Exp60_133_IS18551";"Exp60_133_IS18551";NA;"2023-10-19 13:46:00";70801,2
"874313";"27:1:1";"Exp60_133_IS18551";"Exp60_133_IS18551";NA;"2023-10-19 14:02:00";70772,7
"874314";"27:1:1";"Exp60_133_IS18551";"Exp60_133_IS18551";NA;"2023-10-19 14:16:00";70073,4
"874315";"27:1:1";"Exp60_133_IS18551";"Exp60_133_IS18551";NA;"2023-10-19 14:32:00";69126
"874316";"27:1:1";"Exp60_133_IS18551";"Exp60_133_IS18551";NA;"2023-10-19 14:46:00";69442,4
"874317";"27:1:1";"Exp60_133_IS18551";"Exp60_133_IS18551";NA;"2023-10-19 15:02:00";69333,5
"874318";"27:1:1";"Exp60_133_IS18551";"Exp60_133_IS18551";NA;"2023-10-19 15:16:00";70016,3
"874319";"27:1:1";"Exp60_133_IS18551";"Exp60_133_IS18551";NA;"2023-10-19 15:32:00";70120,9
"874320";"27:1:1";"Exp60_133_IS18551";"Exp60_133_IS18551";NA;"2023-10-19 15:46:00";70941,9
"874321";"27:1:1";"Exp60_133_IS18551";"Exp60_133_IS18551";NA;"2023-10-19 16:02:00";71902,3
"874322";"27:1:1";"Exp60_133_IS18551";"Exp60_133_IS18551";NA;"2023-10-19 16:16:00";72726,2
"874323";"27:1:1";"Exp60_133_IS18551";"Exp60_133_IS18551";NA;"2023-10-19 16:47:00";73107,7
"874324";"27:1:1";"Exp60_133_IS18551";"Exp60_133_IS18551";NA;"2023-10-19 17:01:00";72959,4
"874325";"27:1:1";"Exp60_133_IS18551";"Exp60_133_IS18551";NA;"2023-10-19 17:17:00";72876,1
"874326";"27:1:1";"Exp60_133_IS18551";"Exp60_133_IS18551";NA;"2023-10-19 17:31:00";73195,2
"874327";"27:1:1";"Exp60_133_IS18551";"Exp60_133_IS18551";NA;"2023-10-19 17:47:00";72904,7
"874328";"27:1:1";"Exp60_133_IS18551";"Exp60_133_IS18551";NA;"2023-10-19 18:01:00";72348,2
"874329";"27:1:1";"Exp60_133_IS18551";"Exp60_133_IS18551";NA;"2023-10-20 01:31:00";75828,4
"874330";"27:1:1";"Exp60_133_IS18551";"Exp60_133_IS18551";NA;"2023-10-20 01:47:00";75829,3
"874331";"27:1:1";"Exp60_133_IS18551";"Exp60_133_IS18551";NA;"2023-10-20 02:01:00";75830,8
"874332";"27:1:1";"Exp60_133_IS18551";"Exp60_133_IS18551";NA;"2023-10-20 02:17:00";75833,7
"874333";"27:1:1";"Exp60_133_IS18551";"Exp60_133_IS18551";NA;"2023-10-20 02:31:00";75836,9
"874334";"27:1:1";"Exp60_133_IS18551";"Exp60_133_IS18551";NA;"2023-10-20 02:47:00";75500,7
"874335";"27:1:1";"Exp60_133_IS18551";"Exp60_133_IS18551";NA;"2023-10-20 03:01:00";75225
"874336";"27:1:1";"Exp60_133_IS18551";"Exp60_133_IS18551";NA;"2023-10-20 03:47:00";74979,4
"874337";"27:1:1";"Exp60_133_IS18551";"Exp60_133_IS18551";NA;"2023-10-20 04:01:00";74672,2
"874338";"27:1:1";"Exp60_133_IS18551";"Exp60_133_IS18551";NA;"2023-10-20 04:32:00";74956,2
"874339";"27:1:1";"Exp60_133_IS18551";"Exp60_133_IS18551";NA;"2023-10-20 04:46:00";74942
"874340";"27:1:1";"Exp60_133_IS18551";"Exp60_133_IS18551";NA;"2023-10-20 05:02:00";74933,6
"874341";"27:1:1";"Exp60_133_IS18551";"Exp60_133_IS18551";NA;"2023-10-20 05:16:00";74926,5
"874342";"27:1:1";"Exp60_133_IS18551";"Exp60_133_IS18551";NA;"2023-10-20 05:32:00";74914
"874343";"27:1:1";"Exp60_133_IS18551";"Exp60_133_IS18551";NA;"2023-10-20 05:46:00";74697,7
"874344";"27:1:1";"Exp60_133_IS18551";"Exp60_133_IS18551";NA;"2023-10-20 06:02:00";75153,4
"874345";"27:1:1";"Exp60_133_IS18551";"Exp60_133_IS18551";NA;"2023-10-20 06:16:00";75136,3
"874346";"27:1:1";"Exp60_133_IS18551";"Exp60_133_IS18551";NA;"2023-10-20 06:32:00";75129,5
"874347";"27:1:1";"Exp60_133_IS18551";"Exp60_133_IS18551";NA;"2023-10-20 06:46:00";75125,3
"874348";"27:1:1";"Exp60_133_IS18551";"Exp60_133_IS18551";NA;"2023-10-20 07:02:00";75124,2
"874349";"27:1:1";"Exp60_133_IS18551";"Exp60_133_IS18551";NA;"2023-10-20 07:16:00";75118,8
"874350";"27:1:1";"Exp60_133_IS18551";"Exp60_133_IS18551";NA;"2023-10-20 07:47:00";75102,8
"874351";"27:1:1";"Exp60_133_IS18551";"Exp60_133_IS18551";NA;"2023-10-20 08:01:00";75093,4
"874352";"27:1:1";"Exp60_133_IS18551";"Exp60_133_IS18551";NA;"2023-10-20 08:17:00";75080,2
"874353";"27:1:1";"Exp60_133_IS18551";"Exp60_133_IS18551";NA;"2023-10-20 08:31:00";75058,6
"874354";"27:1:1";"Exp60_133_IS18551";"Exp60_133_IS18551";NA;"2023-10-20 08:47:00";74752,9
"874355";"27:1:1";"Exp60_133_IS18551";"Exp60_133_IS18551";NA;"2023-10-20 09:01:00";73907,2
"874356";"27:1:1";"Exp60_133_IS18551";"Exp60_133_IS18551";NA;"2023-10-20 13:46:00";72526,7
"874357";"27:1:1";"Exp60_133_IS18551";"Exp60_133_IS18551";NA;"2023-10-20 15:31:00";72093
"874358";"27:1:1";"Exp60_133_IS18551";"Exp60_133_IS18551";NA;"2023-10-20 15:47:00";72346,4
"874359";"27:1:1";"Exp60_133_IS18551";"Exp60_133_IS18551";NA;"2023-10-20 16:01:00";72497,1
"874360";"27:1:1";"Exp60_133_IS18551";"Exp60_133_IS18551";NA;"2023-10-20 16:17:00";72607
"874361";"27:1:1";"Exp60_133_IS18551";"Exp60_133_IS18551";NA;"2023-10-20 16:31:00";72687,9
"874362";"27:1:1";"Exp60_133_IS18551";"Exp60_133_IS18551";NA;"2023-10-20 16:47:00";72610,6
"874363";"27:1:1";"Exp60_133_IS18551";"Exp60_133_IS18551";NA;"2023-10-20 17:01:00";72364,2
"874364";"27:1:1";"Exp60_133_IS18551";"Exp60_133_IS18551";NA;"2023-10-20 23:31:00";73169,9
"874365";"27:1:1";"Exp60_133_IS18551";"Exp60_133_IS18551";NA;"2023-10-20 23:47:00";73435,3
"874366";"27:1:1";"Exp60_133_IS18551";"Exp60_133_IS18551";NA;"2023-10-21 00:01:00";74074,3
"874367";"27:1:1";"Exp60_133_IS18551";"Exp60_133_IS18551";NA;"2023-10-21 00:17:00";74332,2
"874368";"27:1:1";"Exp60_133_IS18551";"Exp60_133_IS18551";NA;"2023-10-21 00:31:00";74288,1
"874369";"27:1:1";"Exp60_133_IS18551";"Exp60_133_IS18551";NA;"2023-10-21 01:17:00";74850,4
"874370";"27:1:1";"Exp60_133_IS18551";"Exp60_133_IS18551";NA;"2023-10-21 01:31:00";74869,8
"874371";"27:1:1";"Exp60_133_IS18551";"Exp60_133_IS18551";NA;"2023-10-21 01:47:00";74843,6
"874372";"27:1:1";"Exp60_133_IS18551";"Exp60_133_IS18551";NA;"2023-10-21 02:01:00";74848,4
"874373";"27:1:1";"Exp60_133_IS18551";"Exp60_133_IS18551";NA;"2023-10-21 08:31:00";74604,8
"874374";"27:1:1";"Exp60_133_IS18551";"Exp60_133_IS18551";NA;"2023-10-21 08:47:00";74585,2
"874375";"27:1:1";"Exp60_133_IS18551";"Exp60_133_IS18551";NA;"2023-10-21 09:01:00";74534,1
"874376";"27:1:1";"Exp60_133_IS18551";"Exp60_133_IS18551";NA;"2023-10-21 09:17:00";74427,1
"874377";"27:1:1";"Exp60_133_IS18551";"Exp60_133_IS18551";NA;"2023-10-21 09:31:00";73312,9
"874378";"27:1:1";"Exp60_133_IS18551";"Exp60_133_IS18551";NA;"2023-10-21 09:47:00";72546,1
"874379";"27:1:1";"Exp60_133_IS18551";"Exp60_133_IS18551";NA;"2023-10-21 10:01:00";73046,2
"874380";"27:1:1";"Exp60_133_IS18551";"Exp60_133_IS18551";NA;"2023-10-21 10:32:00";72692,4
"874381";"27:1:1";"Exp60_133_IS18551";"Exp60_133_IS18551";NA;"2023-10-21 10:46:00";73220,5
"874382";"27:1:1";"Exp60_133_IS18551";"Exp60_133_IS18551";NA;"2023-10-21 17:01:00";74862,5
"874383";"27:1:1";"Exp60_133_IS18551";"Exp60_133_IS18551";NA;"2023-10-21 17:32:00";74914,3
"874384";"27:1:1";"Exp60_133_IS18551";"Exp60_133_IS18551";NA;"2023-10-21 17:46:00";74914,6
"874385";"27:1:1";"Exp60_133_IS18551";"Exp60_133_IS18551";NA;"2023-10-21 18:02:00";74887,2
"874386";"27:1:1";"Exp60_133_IS18551";"Exp60_133_IS18551";NA;"2023-10-21 18:16:00";74957,9
"874387";"27:1:1";"Exp60_133_IS18551";"Exp60_133_IS18551";NA;"2023-10-21 18:32:00";74713,7
"874388";"27:1:1";"Exp60_133_IS18551";"Exp60_133_IS18551";NA;"2023-10-21 18:46:00";75177,3
"874389";"27:1:1";"Exp60_133_IS18551";"Exp60_133_IS18551";NA;"2023-10-21 19:02:00";75684,5
"874390";"27:1:1";"Exp60_133_IS18551";"Exp60_133_IS18551";NA;"2023-10-21 19:16:00";75644,8
"874391";"27:1:1";"Exp60_133_IS18551";"Exp60_133_IS18551";NA;"2023-10-21 19:32:00";75300,7
"874392";"27:1:1";"Exp60_133_IS18551";"Exp60_133_IS18551";NA;"2023-10-21 19:46:00";74361,1
"874393";"27:1:1";"Exp60_133_IS18551";"Exp60_133_IS18551";NA;"2023-10-21 20:02:00";75471,8
"874394";"27:1:1";"Exp60_133_IS18551";"Exp60_133_IS18551";NA;"2023-10-21 20:16:00";75750,5
"874395";"27:1:1";"Exp60_133_IS18551";"Exp60_133_IS18551";NA;"2023-10-21 20:32:00";76070,9
"874396";"27:1:1";"Exp60_133_IS18551";"Exp60_133_IS18551";NA;"2023-10-21 20:46:00";76168,5
"874397";"27:1:2";"Exp60_67_IS8347";"Exp60_67_IS8347";NA;"2023-09-22 10:17:00";78940,7
"874398";"27:1:2";"Exp60_67_IS8347";"Exp60_67_IS8347";NA;"2023-09-22 10:31:00";78927,9
"874399";"27:1:2";"Exp60_67_IS8347";"Exp60_67_IS8347";NA;"2023-09-22 10:47:00";78899,2
"874400";"27:1:2";"Exp60_67_IS8347";"Exp60_67_IS8347";NA;"2023-09-22 11:01:00";78881,9
"874401";"27:1:2";"Exp60_67_IS8347";"Exp60_67_IS8347";NA;"2023-09-22 11:32:00";78843,6
"874402";"27:1:2";"Exp60_67_IS8347";"Exp60_67_IS8347";NA;"2023-09-22 11:46:00";78820,5
"874403";"27:1:2";"Exp60_67_IS8347";"Exp60_67_IS8347";NA;"2023-09-22 12:02:00";78788,6
"874404";"27:1:2";"Exp60_67_IS8347";"Exp60_67_IS8347";NA;"2023-09-22 12:16:00";78776,4
"874405";"27:1:2";"Exp60_67_IS8347";"Exp60_67_IS8347";NA;"2023-09-22 12:32:00";78728,4
"874406";"27:1:2";"Exp60_67_IS8347";"Exp60_67_IS8347";NA;"2023-09-22 12:46:00";78714,6
"874407";"27:1:2";"Exp60_67_IS8347";"Exp60_67_IS8347";NA;"2023-09-22 13:02:00";78716
"874408";"27:1:2";"Exp60_67_IS8347";"Exp60_67_IS8347";NA;"2023-09-22 13:16:00";78683,2
"874409";"27:1:2";"Exp60_67_IS8347";"Exp60_67_IS8347";NA;"2023-09-22 13:32:00";78663,3
"874410";"27:1:2";"Exp60_67_IS8347";"Exp60_67_IS8347";NA;"2023-09-22 13:46:00";78654,9
"874411";"27:1:2";"Exp60_67_IS8347";"Exp60_67_IS8347";NA;"2023-09-22 20:31:00";78504,8
"874412";"27:1:2";"Exp60_67_IS8347";"Exp60_67_IS8347";NA;"2023-09-22 20:47:00";78503,4
"874413";"27:1:2";"Exp60_67_IS8347";"Exp60_67_IS8347";NA;"2023-09-22 21:01:00";78505
"874414";"27:1:2";"Exp60_67_IS8347";"Exp60_67_IS8347";NA;"2023-09-22 21:17:00";78504,6
"874415";"27:1:2";"Exp60_67_IS8347";"Exp60_67_IS8347";NA;"2023-09-22 21:31:00";78505,8
"874416";"27:1:2";"Exp60_67_IS8347";"Exp60_67_IS8347";NA;"2023-09-22 21:47:00";78505,5
"874417";"27:1:2";"Exp60_67_IS8347";"Exp60_67_IS8347";NA;"2023-09-22 22:01:00";78505,3
"874418";"27:1:2";"Exp60_67_IS8347";"Exp60_67_IS8347";NA;"2023-09-22 22:17:00";78505,5
"874419";"27:1:2";"Exp60_67_IS8347";"Exp60_67_IS8347";NA;"2023-09-22 22:31:00";78504,8
"874420";"27:1:2";"Exp60_67_IS8347";"Exp60_67_IS8347";NA;"2023-09-22 22:47:00";78505
"874421";"27:1:2";"Exp60_67_IS8347";"Exp60_67_IS8347";NA;"2023-09-22 23:01:00";78506,8
"874422";"27:1:2";"Exp60_67_IS8347";"Exp60_67_IS8347";NA;"2023-09-22 23:17:00";78506,6
"874423";"27:1:2";"Exp60_67_IS8347";"Exp60_67_IS8347";NA;"2023-09-22 23:31:00";78509,1
"874424";"27:1:2";"Exp60_67_IS8347";"Exp60_67_IS8347";NA;"2023-09-22 23:47:00";78507,2
"874425";"27:1:2";"Exp60_67_IS8347";"Exp60_67_IS8347";NA;"2023-09-23 00:01:00";78507,3
"874426";"27:1:2";"Exp60_67_IS8347";"Exp60_67_IS8347";NA;"2023-09-23 00:17:00";78505,9
"874427";"27:1:2";"Exp60_67_IS8347";"Exp60_67_IS8347";NA;"2023-09-23 01:01:00";78506,8
"874428";"27:1:2";"Exp60_67_IS8347";"Exp60_67_IS8347";NA;"2023-09-23 01:17:00";78505,4
"874429";"27:1:2";"Exp60_67_IS8347";"Exp60_67_IS8347";NA;"2023-09-23 01:31:00";78498,8
"874430";"27:1:2";"Exp60_67_IS8347";"Exp60_67_IS8347";NA;"2023-09-23 01:47:00";78490,3
"874431";"27:1:2";"Exp60_67_IS8347";"Exp60_67_IS8347";NA;"2023-09-23 02:01:00";78499,9
"874432";"27:1:2";"Exp60_67_IS8347";"Exp60_67_IS8347";NA;"2023-09-23 02:17:00";78494,1
"874433";"27:1:2";"Exp60_67_IS8347";"Exp60_67_IS8347";NA;"2023-09-23 02:31:00";78487,6
"874434";"27:1:2";"Exp60_67_IS8347";"Exp60_67_IS8347";NA;"2023-09-23 02:47:00";78489,5
"874435";"27:1:2";"Exp60_67_IS8347";"Exp60_67_IS8347";NA;"2023-09-23 03:01:00";78489
"874436";"27:1:2";"Exp60_67_IS8347";"Exp60_67_IS8347";NA;"2023-09-23 03:17:00";78488,9
"874437";"27:1:2";"Exp60_67_IS8347";"Exp60_67_IS8347";NA;"2023-09-23 03:31:00";78488,6
"874438";"27:1:2";"Exp60_67_IS8347";"Exp60_67_IS8347";NA;"2023-09-23 03:47:00";78487,2
"874439";"27:1:2";"Exp60_67_IS8347";"Exp60_67_IS8347";NA;"2023-09-23 04:16:00";78482,3
"874440";"27:1:2";"Exp60_67_IS8347";"Exp60_67_IS8347";NA;"2023-09-23 04:32:00";78485,8
"874441";"27:1:2";"Exp60_67_IS8347";"Exp60_67_IS8347";NA;"2023-09-23 04:46:00";78486,9
"874442";"27:1:2";"Exp60_67_IS8347";"Exp60_67_IS8347";NA;"2023-09-23 05:02:00";78485,5
"874443";"27:1:2";"Exp60_67_IS8347";"Exp60_67_IS8347";NA;"2023-09-23 05:16:00";78477
"874444";"27:1:2";"Exp60_67_IS8347";"Exp60_67_IS8347";NA;"2023-09-23 05:32:00";78480,1
"874445";"27:1:2";"Exp60_67_IS8347";"Exp60_67_IS8347";NA;"2023-09-23 05:46:00";78468,9
"874446";"27:1:2";"Exp60_67_IS8347";"Exp60_67_IS8347";NA;"2023-09-23 06:02:00";78483,6
"874447";"27:1:2";"Exp60_67_IS8347";"Exp60_67_IS8347";NA;"2023-09-23 06:16:00";78484,1
"874448";"27:1:2";"Exp60_67_IS8347";"Exp60_67_IS8347";NA;"2023-09-23 06:32:00";78484,1
"874449";"27:1:2";"Exp60_67_IS8347";"Exp60_67_IS8347";NA;"2023-09-23 06:46:00";78485,2
"874450";"27:1:2";"Exp60_67_IS8347";"Exp60_67_IS8347";NA;"2023-09-23 07:02:00";78481,7
"874451";"27:1:2";"Exp60_67_IS8347";"Exp60_67_IS8347";NA;"2023-09-23 07:16:00";78479,2
"874452";"27:1:2";"Exp60_67_IS8347";"Exp60_67_IS8347";NA;"2023-09-23 07:32:00";78476,1
"874453";"27:1:2";"Exp60_67_IS8347";"Exp60_67_IS8347";NA;"2023-09-23 07:46:00";78464,6
"874454";"27:1:2";"Exp60_67_IS8347";"Exp60_67_IS8347";NA;"2023-09-23 08:02:00";78458,2
"874455";"27:1:2";"Exp60_67_IS8347";"Exp60_67_IS8347";NA;"2023-09-23 08:16:00";78459,3
"874456";"27:1:2";"Exp60_67_IS8347";"Exp60_67_IS8347";NA;"2023-09-23 08:32:00";78430,1
"874457";"27:1:2";"Exp60_67_IS8347";"Exp60_67_IS8347";NA;"2023-09-23 08:46:00";78421,6
"874458";"27:1:2";"Exp60_67_IS8347";"Exp60_67_IS8347";NA;"2023-09-23 09:02:00";78403,1
"874459";"27:1:2";"Exp60_67_IS8347";"Exp60_67_IS8347";NA;"2023-09-23 09:16:00";78406,9
"874460";"27:1:2";"Exp60_67_IS8347";"Exp60_67_IS8347";NA;"2023-09-23 14:01:00";78008,4
"874461";"27:1:2";"Exp60_67_IS8347";"Exp60_67_IS8347";NA;"2023-09-23 14:17:00";78023,8
"874462";"27:1:2";"Exp60_67_IS8347";"Exp60_67_IS8347";NA;"2023-09-23 14:31:00";78006,4
"874463";"27:1:2";"Exp60_67_IS8347";"Exp60_67_IS8347";NA;"2023-09-23 14:47:00";78000,8
"874464";"27:1:2";"Exp60_67_IS8347";"Exp60_67_IS8347";NA;"2023-09-23 15:01:00";77993
"874465";"27:1:2";"Exp60_67_IS8347";"Exp60_67_IS8347";NA;"2023-09-23 15:32:00";77970,1
"874466";"27:1:2";"Exp60_67_IS8347";"Exp60_67_IS8347";NA;"2023-09-23 15:46:00";77962,4
"874467";"27:1:2";"Exp60_67_IS8347";"Exp60_67_IS8347";NA;"2023-09-23 16:17:00";77945,7
"874468";"27:1:2";"Exp60_67_IS8347";"Exp60_67_IS8347";NA;"2023-09-23 16:31:00";77936,5
"874469";"27:1:2";"Exp60_67_IS8347";"Exp60_67_IS8347";NA;"2023-09-23 16:47:00";77929,8
"874470";"27:1:2";"Exp60_67_IS8347";"Exp60_67_IS8347";NA;"2023-09-23 17:01:00";77916,2
"874471";"27:1:2";"Exp60_67_IS8347";"Exp60_67_IS8347";NA;"2023-09-23 17:17:00";77914,8
"874472";"27:1:2";"Exp60_67_IS8347";"Exp60_67_IS8347";NA;"2023-09-23 17:31:00";77913,5
"874473";"27:1:2";"Exp60_67_IS8347";"Exp60_67_IS8347";NA;"2023-09-23 17:47:00";77911,4
"874474";"27:1:2";"Exp60_67_IS8347";"Exp60_67_IS8347";NA;"2023-09-23 18:01:00";77910,4
"874475";"27:1:2";"Exp60_67_IS8347";"Exp60_67_IS8347";NA;"2023-09-23 18:17:00";77910,2
"874476";"27:1:2";"Exp60_67_IS8347";"Exp60_67_IS8347";NA;"2023-09-23 18:31:00";77909,2
"874477";"27:1:2";"Exp60_67_IS8347";"Exp60_67_IS8347";NA;"2023-09-23 18:47:00";77908,4
"874478";"27:1:2";"Exp60_67_IS8347";"Exp60_67_IS8347";NA;"2023-09-23 19:01:00";77907,6
"874479";"27:1:2";"Exp60_67_IS8347";"Exp60_67_IS8347";NA;"2023-09-23 19:17:00";77907,9
"874480";"27:1:2";"Exp60_67_IS8347";"Exp60_67_IS8347";NA;"2023-09-23 19:31:00";77908,9
"874481";"27:1:2";"Exp60_67_IS8347";"Exp60_67_IS8347";NA;"2023-09-23 20:02:00";77910,1
"874482";"27:1:2";"Exp60_67_IS8347";"Exp60_67_IS8347";NA;"2023-09-23 20:16:00";77909,5
"874483";"27:1:2";"Exp60_67_IS8347";"Exp60_67_IS8347";NA;"2023-09-23 20:32:00";77909,5
"874484";"27:1:2";"Exp60_67_IS8347";"Exp60_67_IS8347";NA;"2023-09-23 20:46:00";77908,4
"874485";"27:1:2";"Exp60_67_IS8347";"Exp60_67_IS8347";NA;"2023-09-23 21:02:00";77908,8
"874486";"27:1:2";"Exp60_67_IS8347";"Exp60_67_IS8347";NA;"2023-09-23 21:16:00";77908,7
"874487";"27:1:2";"Exp60_67_IS8347";"Exp60_67_IS8347";NA;"2023-09-23 21:32:00";77908,6
"874488";"27:1:2";"Exp60_67_IS8347";"Exp60_67_IS8347";NA;"2023-09-23 21:46:00";77907,2
"874489";"27:1:2";"Exp60_67_IS8347";"Exp60_67_IS8347";NA;"2023-09-23 22:02:00";77908,6
"874490";"27:1:2";"Exp60_67_IS8347";"Exp60_67_IS8347";NA;"2023-09-23 22:16:00";77908,8
"874491";"27:1:2";"Exp60_67_IS8347";"Exp60_67_IS8347";NA;"2023-09-23 23:17:00";77909,6
"874492";"27:1:2";"Exp60_67_IS8347";"Exp60_67_IS8347";NA;"2023-09-23 23:31:00";77909,4
"874493";"27:1:2";"Exp60_67_IS8347";"Exp60_67_IS8347";NA;"2023-09-23 23:47:00";77910,1
"874494";"27:1:2";"Exp60_67_IS8347";"Exp60_67_IS8347";NA;"2023-09-24 00:01:00";77907,2
"874495";"27:1:2";"Exp60_67_IS8347";"Exp60_67_IS8347";NA;"2023-09-24 00:17:00";77907,3
"874496";"27:1:2";"Exp60_67_IS8347";"Exp60_67_IS8347";NA;"2023-09-24 00:31:00";77907,6
"874497";"27:1:2";"Exp60_67_IS8347";"Exp60_67_IS8347";NA;"2023-09-24 00:47:00";77907,3
"874498";"27:1:2";"Exp60_67_IS8347";"Exp60_67_IS8347";NA;"2023-09-24 01:01:00";77905,3
"874499";"27:1:2";"Exp60_67_IS8347";"Exp60_67_IS8347";NA;"2023-09-24 01:17:00";77903,7
"874500";"27:1:2";"Exp60_67_IS8347";"Exp60_67_IS8347";NA;"2023-09-24 01:31:00";77907,4
"874501";"27:1:2";"Exp60_67_IS8347";"Exp60_67_IS8347";NA;"2023-09-24 01:47:00";77907,8
"874502";"27:1:2";"Exp60_67_IS8347";"Exp60_67_IS8347";NA;"2023-09-24 02:01:00";77907
"874503";"27:1:2";"Exp60_67_IS8347";"Exp60_67_IS8347";NA;"2023-09-24 02:17:00";77907,6
"874504";"27:1:2";"Exp60_67_IS8347";"Exp60_67_IS8347";NA;"2023-09-24 02:31:00";77907,3
"874505";"27:1:2";"Exp60_67_IS8347";"Exp60_67_IS8347";NA;"2023-09-24 02:47:00";77903,9
"874506";"27:1:2";"Exp60_67_IS8347";"Exp60_67_IS8347";NA;"2023-09-24 03:01:00";77906,7
"874507";"27:1:2";"Exp60_67_IS8347";"Exp60_67_IS8347";NA;"2023-09-24 10:01:00";77817
"874508";"27:1:2";"Exp60_67_IS8347";"Exp60_67_IS8347";NA;"2023-09-24 10:17:00";77802,7
"874509";"27:1:2";"Exp60_67_IS8347";"Exp60_67_IS8347";NA;"2023-09-24 10:31:00";77821,2
"874510";"27:1:2";"Exp60_67_IS8347";"Exp60_67_IS8347";NA;"2023-09-24 10:47:00";77802,2
"874511";"27:1:2";"Exp60_67_IS8347";"Exp60_67_IS8347";NA;"2023-09-24 11:01:00";77773,9
"874512";"27:1:2";"Exp60_67_IS8347";"Exp60_67_IS8347";NA;"2023-09-24 11:17:00";77762
"874513";"27:1:2";"Exp60_67_IS8347";"Exp60_67_IS8347";NA;"2023-09-24 11:31:00";77744
"874514";"27:1:2";"Exp60_67_IS8347";"Exp60_67_IS8347";NA;"2023-09-24 11:47:00";77726,3
"874515";"27:1:2";"Exp60_67_IS8347";"Exp60_67_IS8347";NA;"2023-09-24 12:01:00";77709
"874516";"27:1:2";"Exp60_67_IS8347";"Exp60_67_IS8347";NA;"2023-09-24 12:17:00";77702,9
"874517";"27:1:2";"Exp60_67_IS8347";"Exp60_67_IS8347";NA;"2023-09-24 12:31:00";77689,4
"874518";"27:1:2";"Exp60_67_IS8347";"Exp60_67_IS8347";NA;"2023-09-24 12:47:00";77678,9
"874519";"27:1:2";"Exp60_67_IS8347";"Exp60_67_IS8347";NA;"2023-09-24 13:01:00";77648,9
"874520";"27:1:2";"Exp60_67_IS8347";"Exp60_67_IS8347";NA;"2023-09-24 13:17:00";77661,3
"874521";"27:1:2";"Exp60_67_IS8347";"Exp60_67_IS8347";NA;"2023-09-24 13:31:00";77630,5
"874522";"27:1:2";"Exp60_67_IS8347";"Exp60_67_IS8347";NA;"2023-09-24 13:47:00";77642,4
"874523";"27:1:2";"Exp60_67_IS8347";"Exp60_67_IS8347";NA;"2023-09-24 14:01:00";77613,4
"874524";"27:1:2";"Exp60_67_IS8347";"Exp60_67_IS8347";NA;"2023-09-24 14:17:00";77632,4
"874525";"27:1:2";"Exp60_67_IS8347";"Exp60_67_IS8347";NA;"2023-09-24 14:31:00";77693,4
"874526";"27:1:2";"Exp60_67_IS8347";"Exp60_67_IS8347";NA;"2023-09-24 14:47:00";77743,6
"874527";"27:1:2";"Exp60_67_IS8347";"Exp60_67_IS8347";NA;"2023-09-24 15:01:00";77734,5
"874528";"27:1:2";"Exp60_67_IS8347";"Exp60_67_IS8347";NA;"2023-09-24 15:17:00";77727,1
"874529";"27:1:2";"Exp60_67_IS8347";"Exp60_67_IS8347";NA;"2023-09-24 15:31:00";77721,9
"874530";"27:1:2";"Exp60_67_IS8347";"Exp60_67_IS8347";NA;"2023-09-24 15:47:00";77704,7
"874531";"27:1:2";"Exp60_67_IS8347";"Exp60_67_IS8347";NA;"2023-09-24 16:01:00";77707,1
"874532";"27:1:2";"Exp60_67_IS8347";"Exp60_67_IS8347";NA;"2023-09-24 22:31:00";77812,1
"874533";"27:1:2";"Exp60_67_IS8347";"Exp60_67_IS8347";NA;"2023-09-24 22:47:00";77812
"874534";"27:1:2";"Exp60_67_IS8347";"Exp60_67_IS8347";NA;"2023-09-24 23:01:00";77811,5
"874535";"27:1:2";"Exp60_67_IS8347";"Exp60_67_IS8347";NA;"2023-09-24 23:17:00";77812
"874536";"27:1:2";"Exp60_67_IS8347";"Exp60_67_IS8347";NA;"2023-09-24 23:31:00";77811,8
"874537";"27:1:2";"Exp60_67_IS8347";"Exp60_67_IS8347";NA;"2023-09-24 23:47:00";77812,1
"874538";"27:1:2";"Exp60_67_IS8347";"Exp60_67_IS8347";NA;"2023-09-25 00:01:00";77812,4
"874539";"27:1:2";"Exp60_67_IS8347";"Exp60_67_IS8347";NA;"2023-09-25 00:17:00";77811,7
"874540";"27:1:2";"Exp60_67_IS8347";"Exp60_67_IS8347";NA;"2023-09-25 00:31:00";77809,8
"874541";"27:1:2";"Exp60_67_IS8347";"Exp60_67_IS8347";NA;"2023-09-25 00:47:00";77807,8
"874542";"27:1:2";"Exp60_67_IS8347";"Exp60_67_IS8347";NA;"2023-09-25 01:01:00";77803
"874543";"27:1:2";"Exp60_67_IS8347";"Exp60_67_IS8347";NA;"2023-09-25 01:17:00";77808,6
"874544";"27:1:2";"Exp60_67_IS8347";"Exp60_67_IS8347";NA;"2023-09-25 01:31:00";77807,2
"874545";"27:1:2";"Exp60_67_IS8347";"Exp60_67_IS8347";NA;"2023-09-25 01:47:00";77807,4
"874546";"27:1:2";"Exp60_67_IS8347";"Exp60_67_IS8347";NA;"2023-09-25 02:01:00";77806,8
"874547";"27:1:2";"Exp60_67_IS8347";"Exp60_67_IS8347";NA;"2023-09-25 03:02:00";77800,1
"874548";"27:1:2";"Exp60_67_IS8347";"Exp60_67_IS8347";NA;"2023-09-25 03:16:00";77802,6
"874549";"27:1:2";"Exp60_67_IS8347";"Exp60_67_IS8347";NA;"2023-09-25 04:32:00";77796,9
"874550";"27:1:2";"Exp60_67_IS8347";"Exp60_67_IS8347";NA;"2023-09-25 04:46:00";77793,1
"874551";"27:1:2";"Exp60_67_IS8347";"Exp60_67_IS8347";NA;"2023-09-25 05:17:00";77794,4
"874552";"27:1:2";"Exp60_67_IS8347";"Exp60_67_IS8347";NA;"2023-09-25 05:31:00";77795,6
"874553";"27:1:2";"Exp60_67_IS8347";"Exp60_67_IS8347";NA;"2023-09-25 05:47:00";77796,3
"874554";"27:1:2";"Exp60_67_IS8347";"Exp60_67_IS8347";NA;"2023-09-25 06:01:00";77796,2
"874555";"27:1:2";"Exp60_67_IS8347";"Exp60_67_IS8347";NA;"2023-09-25 06:17:00";77797,1
"874556";"27:1:2";"Exp60_67_IS8347";"Exp60_67_IS8347";NA;"2023-09-25 06:31:00";77797,6
"874557";"27:1:2";"Exp60_67_IS8347";"Exp60_67_IS8347";NA;"2023-09-25 06:47:00";77792,7
"874558";"27:1:2";"Exp60_67_IS8347";"Exp60_67_IS8347";NA;"2023-09-25 07:01:00";77790
"874559";"27:1:2";"Exp60_67_IS8347";"Exp60_67_IS8347";NA;"2023-09-25 07:17:00";77781,9
"874560";"27:1:2";"Exp60_67_IS8347";"Exp60_67_IS8347";NA;"2023-09-25 07:31:00";77779
"874561";"27:1:2";"Exp60_67_IS8347";"Exp60_67_IS8347";NA;"2023-09-25 07:47:00";77781,5
"874562";"27:1:2";"Exp60_67_IS8347";"Exp60_67_IS8347";NA;"2023-09-25 08:01:00";77773,6
"874563";"27:1:2";"Exp60_67_IS8347";"Exp60_67_IS8347";NA;"2023-09-25 14:46:00";77455,4
"874564";"27:1:2";"Exp60_67_IS8347";"Exp60_67_IS8347";NA;"2023-09-25 15:02:00";77447,5
"874565";"27:1:2";"Exp60_67_IS8347";"Exp60_67_IS8347";NA;"2023-09-25 15:16:00";77443,5
"874566";"27:1:2";"Exp60_67_IS8347";"Exp60_67_IS8347";NA;"2023-09-25 15:32:00";77432,5
"874567";"27:1:2";"Exp60_67_IS8347";"Exp60_67_IS8347";NA;"2023-09-25 15:46:00";77418,6
"874568";"27:1:2";"Exp60_67_IS8347";"Exp60_67_IS8347";NA;"2023-09-25 16:02:00";77389,7
"874569";"27:1:2";"Exp60_67_IS8347";"Exp60_67_IS8347";NA;"2023-09-25 17:16:00";77398,2
"874570";"27:1:2";"Exp60_67_IS8347";"Exp60_67_IS8347";NA;"2023-09-25 17:32:00";77390,9
"874571";"27:1:2";"Exp60_67_IS8347";"Exp60_67_IS8347";NA;"2023-09-25 17:46:00";77392,5
"874572";"27:1:2";"Exp60_67_IS8347";"Exp60_67_IS8347";NA;"2023-09-25 18:02:00";77396,7
"874573";"27:1:2";"Exp60_67_IS8347";"Exp60_67_IS8347";NA;"2023-09-25 19:01:00";77398,8
"874574";"27:1:2";"Exp60_67_IS8347";"Exp60_67_IS8347";NA;"2023-09-25 19:17:00";77399
"874575";"27:1:2";"Exp60_67_IS8347";"Exp60_67_IS8347";NA;"2023-09-25 19:31:00";77398,6
"874576";"27:1:2";"Exp60_67_IS8347";"Exp60_67_IS8347";NA;"2023-09-25 19:47:00";77398
"874577";"27:1:2";"Exp60_67_IS8347";"Exp60_67_IS8347";NA;"2023-09-25 20:01:00";77398,9
"874578";"27:1:2";"Exp60_67_IS8347";"Exp60_67_IS8347";NA;"2023-09-25 20:17:00";77399,5
"874579";"27:1:2";"Exp60_67_IS8347";"Exp60_67_IS8347";NA;"2023-09-25 20:31:00";77399,6
"874580";"27:1:2";"Exp60_67_IS8347";"Exp60_67_IS8347";NA;"2023-09-25 20:47:00";77398,8
"874581";"27:1:2";"Exp60_67_IS8347";"Exp60_67_IS8347";NA;"2023-09-25 21:16:00";77400,2
"874582";"27:1:2";"Exp60_67_IS8347";"Exp60_67_IS8347";NA;"2023-09-25 21:32:00";77400
"874583";"27:1:2";"Exp60_67_IS8347";"Exp60_67_IS8347";NA;"2023-09-25 21:46:00";77399,9
"874584";"27:1:2";"Exp60_67_IS8347";"Exp60_67_IS8347";NA;"2023-09-25 22:02:00";77399,9
"874585";"27:1:2";"Exp60_67_IS8347";"Exp60_67_IS8347";NA;"2023-09-25 22:16:00";77397
"874586";"27:1:2";"Exp60_67_IS8347";"Exp60_67_IS8347";NA;"2023-09-25 22:32:00";77398
"874587";"27:1:2";"Exp60_67_IS8347";"Exp60_67_IS8347";NA;"2023-09-25 22:46:00";77398,5
"874588";"27:1:2";"Exp60_67_IS8347";"Exp60_67_IS8347";NA;"2023-09-25 23:02:00";77397,2
"874589";"27:1:2";"Exp60_67_IS8347";"Exp60_67_IS8347";NA;"2023-09-25 23:16:00";77397
"874590";"27:1:2";"Exp60_67_IS8347";"Exp60_67_IS8347";NA;"2023-09-25 23:32:00";77396,2
"874591";"27:1:2";"Exp60_67_IS8347";"Exp60_67_IS8347";NA;"2023-09-25 23:46:00";77397,6
"874592";"27:1:2";"Exp60_67_IS8347";"Exp60_67_IS8347";NA;"2023-09-26 00:02:00";77397,6
"874593";"27:1:2";"Exp60_67_IS8347";"Exp60_67_IS8347";NA;"2023-09-26 00:16:00";77398
"874594";"27:1:2";"Exp60_67_IS8347";"Exp60_67_IS8347";NA;"2023-09-26 00:32:00";77394,4
"874595";"27:1:2";"Exp60_67_IS8347";"Exp60_67_IS8347";NA;"2023-09-26 00:46:00";77388,3
"874596";"27:1:2";"Exp60_67_IS8347";"Exp60_67_IS8347";NA;"2023-09-26 01:02:00";77387,1
"874597";"27:1:2";"Exp60_67_IS8347";"Exp60_67_IS8347";NA;"2023-09-26 01:16:00";77387,3
"874598";"27:1:2";"Exp60_67_IS8347";"Exp60_67_IS8347";NA;"2023-09-26 01:32:00";77386,3
"874599";"27:1:2";"Exp60_67_IS8347";"Exp60_67_IS8347";NA;"2023-09-26 01:46:00";77388,2
"874600";"27:1:2";"Exp60_67_IS8347";"Exp60_67_IS8347";NA;"2023-09-26 02:02:00";77380,9
"874601";"27:1:2";"Exp60_67_IS8347";"Exp60_67_IS8347";NA;"2023-09-26 02:16:00";77383,9
"874602";"27:1:2";"Exp60_67_IS8347";"Exp60_67_IS8347";NA;"2023-09-26 02:32:00";77382,3
"874603";"27:1:2";"Exp60_67_IS8347";"Exp60_67_IS8347";NA;"2023-09-26 02:46:00";77380,1
"874604";"27:1:2";"Exp60_67_IS8347";"Exp60_67_IS8347";NA;"2023-09-26 03:02:00";77380,5
"874605";"27:1:2";"Exp60_67_IS8347";"Exp60_67_IS8347";NA;"2023-09-26 03:16:00";77374,8
"874606";"27:1:2";"Exp60_67_IS8347";"Exp60_67_IS8347";NA;"2023-09-26 03:32:00";77376,7
"874607";"27:1:2";"Exp60_67_IS8347";"Exp60_67_IS8347";NA;"2023-09-26 03:46:00";77379,5
"874608";"27:1:2";"Exp60_67_IS8347";"Exp60_67_IS8347";NA;"2023-09-26 04:02:00";77375,7
"874609";"27:1:2";"Exp60_67_IS8347";"Exp60_67_IS8347";NA;"2023-09-26 04:16:00";77375,7
"874610";"27:1:2";"Exp60_67_IS8347";"Exp60_67_IS8347";NA;"2023-09-26 04:32:00";77371,2
"874611";"27:1:2";"Exp60_67_IS8347";"Exp60_67_IS8347";NA;"2023-09-26 04:46:00";77371,6
"874612";"27:1:2";"Exp60_67_IS8347";"Exp60_67_IS8347";NA;"2023-09-26 05:02:00";77369,8
"874613";"27:1:2";"Exp60_67_IS8347";"Exp60_67_IS8347";NA;"2023-09-26 05:16:00";77364,7
"874614";"27:1:2";"Exp60_67_IS8347";"Exp60_67_IS8347";NA;"2023-09-26 05:32:00";77365
"874615";"27:1:2";"Exp60_67_IS8347";"Exp60_67_IS8347";NA;"2023-09-26 05:46:00";77367
"874616";"27:1:2";"Exp60_67_IS8347";"Exp60_67_IS8347";NA;"2023-09-26 06:02:00";77365,8
"874617";"27:1:2";"Exp60_67_IS8347";"Exp60_67_IS8347";NA;"2023-09-26 06:16:00";77366,6
"874618";"27:1:2";"Exp60_67_IS8347";"Exp60_67_IS8347";NA;"2023-09-26 06:32:00";77365,2
"874619";"27:1:2";"Exp60_67_IS8347";"Exp60_67_IS8347";NA;"2023-09-26 06:46:00";77365,2
"874620";"27:1:2";"Exp60_67_IS8347";"Exp60_67_IS8347";NA;"2023-09-26 07:02:00";77357,2
"874621";"27:1:2";"Exp60_67_IS8347";"Exp60_67_IS8347";NA;"2023-09-26 07:16:00";77360,6
"874622";"27:1:2";"Exp60_67_IS8347";"Exp60_67_IS8347";NA;"2023-09-26 07:47:00";77351,1
"874623";"27:1:2";"Exp60_67_IS8347";"Exp60_67_IS8347";NA;"2023-09-26 08:01:00";77350,3
"874624";"27:1:2";"Exp60_67_IS8347";"Exp60_67_IS8347";NA;"2023-09-26 08:17:00";77348,1
"874625";"27:1:2";"Exp60_67_IS8347";"Exp60_67_IS8347";NA;"2023-09-26 08:31:00";77339
"874626";"27:1:2";"Exp60_67_IS8347";"Exp60_67_IS8347";NA;"2023-09-26 09:02:00";77337,3
"874627";"27:1:2";"Exp60_67_IS8347";"Exp60_67_IS8347";NA;"2023-09-26 09:16:00";77330,7
"874628";"27:1:2";"Exp60_67_IS8347";"Exp60_67_IS8347";NA;"2023-09-26 09:32:00";77322,6
"874629";"27:1:2";"Exp60_67_IS8347";"Exp60_67_IS8347";NA;"2023-09-26 09:46:00";77314,2
"874630";"27:1:2";"Exp60_67_IS8347";"Exp60_67_IS8347";NA;"2023-09-26 10:02:00";77305,5
"874631";"27:1:2";"Exp60_67_IS8347";"Exp60_67_IS8347";NA;"2023-09-26 10:16:00";77294,5
"874632";"27:1:2";"Exp60_67_IS8347";"Exp60_67_IS8347";NA;"2023-09-26 10:32:00";77282,9
"874633";"27:1:2";"Exp60_67_IS8347";"Exp60_67_IS8347";NA;"2023-09-26 10:46:00";77272,2
"874634";"27:1:2";"Exp60_67_IS8347";"Exp60_67_IS8347";NA;"2023-09-26 11:02:00";77252,1
"874635";"27:1:2";"Exp60_67_IS8347";"Exp60_67_IS8347";NA;"2023-09-26 11:16:00";77232,9
"874636";"27:1:2";"Exp60_67_IS8347";"Exp60_67_IS8347";NA;"2023-09-26 11:47:00";77192,7
"874637";"27:1:2";"Exp60_67_IS8347";"Exp60_67_IS8347";NA;"2023-09-26 12:01:00";77171,2
"874638";"27:1:2";"Exp60_67_IS8347";"Exp60_67_IS8347";NA;"2023-09-26 12:17:00";77165,9
"874639";"27:1:2";"Exp60_67_IS8347";"Exp60_67_IS8347";NA;"2023-09-26 12:31:00";77147,1
"874640";"27:1:2";"Exp60_67_IS8347";"Exp60_67_IS8347";NA;"2023-09-26 12:47:00";77133,6
"874641";"27:1:2";"Exp60_67_IS8347";"Exp60_67_IS8347";NA;"2023-09-26 13:01:00";77115,6
"874642";"27:1:2";"Exp60_67_IS8347";"Exp60_67_IS8347";NA;"2023-09-26 13:32:00";77089,1
"874643";"27:1:2";"Exp60_67_IS8347";"Exp60_67_IS8347";NA;"2023-09-26 13:46:00";77064,6
"874644";"27:1:2";"Exp60_67_IS8347";"Exp60_67_IS8347";NA;"2023-09-26 14:02:00";77059,2
"874645";"27:1:2";"Exp60_67_IS8347";"Exp60_67_IS8347";NA;"2023-09-26 14:16:00";77053,3
"874646";"27:1:2";"Exp60_67_IS8347";"Exp60_67_IS8347";NA;"2023-09-26 14:32:00";77037,9
"874647";"27:1:2";"Exp60_67_IS8347";"Exp60_67_IS8347";NA;"2023-09-26 14:46:00";77036,7
"874648";"27:1:2";"Exp60_67_IS8347";"Exp60_67_IS8347";NA;"2023-09-26 15:02:00";77026,9
"874649";"27:1:2";"Exp60_67_IS8347";"Exp60_67_IS8347";NA;"2023-09-26 15:16:00";77005,9
"874650";"27:1:2";"Exp60_67_IS8347";"Exp60_67_IS8347";NA;"2023-09-26 15:32:00";76998,6
"874651";"27:1:2";"Exp60_67_IS8347";"Exp60_67_IS8347";NA;"2023-09-26 15:46:00";77073,8
"874652";"27:1:2";"Exp60_67_IS8347";"Exp60_67_IS8347";NA;"2023-09-26 16:02:00";77829,4
"874653";"27:1:2";"Exp60_67_IS8347";"Exp60_67_IS8347";NA;"2023-09-26 16:16:00";78276,9
"874654";"27:1:2";"Exp60_67_IS8347";"Exp60_67_IS8347";NA;"2023-09-26 22:01:00";78224,3
"874655";"27:1:2";"Exp60_67_IS8347";"Exp60_67_IS8347";NA;"2023-09-26 22:17:00";78224
"874656";"27:1:2";"Exp60_67_IS8347";"Exp60_67_IS8347";NA;"2023-09-26 22:31:00";78224,1
"874657";"27:1:2";"Exp60_67_IS8347";"Exp60_67_IS8347";NA;"2023-09-26 22:47:00";78223,1
"874658";"27:1:2";"Exp60_67_IS8347";"Exp60_67_IS8347";NA;"2023-09-26 23:01:00";78223,1
"874659";"27:1:2";"Exp60_67_IS8347";"Exp60_67_IS8347";NA;"2023-09-26 23:17:00";78223,8
"874660";"27:1:2";"Exp60_67_IS8347";"Exp60_67_IS8347";NA;"2023-09-26 23:31:00";78224,1
"874661";"27:1:2";"Exp60_67_IS8347";"Exp60_67_IS8347";NA;"2023-09-26 23:47:00";78223
"874662";"27:1:2";"Exp60_67_IS8347";"Exp60_67_IS8347";NA;"2023-09-27 00:31:00";78223,1
"874663";"27:1:2";"Exp60_67_IS8347";"Exp60_67_IS8347";NA;"2023-09-27 00:47:00";78222,6
"874664";"27:1:2";"Exp60_67_IS8347";"Exp60_67_IS8347";NA;"2023-09-27 01:01:00";78222,8
"874665";"27:1:2";"Exp60_67_IS8347";"Exp60_67_IS8347";NA;"2023-09-27 01:17:00";78222,5
"874666";"27:1:2";"Exp60_67_IS8347";"Exp60_67_IS8347";NA;"2023-09-27 01:31:00";78223
"874667";"27:1:2";"Exp60_67_IS8347";"Exp60_67_IS8347";NA;"2023-09-27 01:47:00";78220,6
"874668";"27:1:2";"Exp60_67_IS8347";"Exp60_67_IS8347";NA;"2023-09-27 02:01:00";78222,2
"874669";"27:1:2";"Exp60_67_IS8347";"Exp60_67_IS8347";NA;"2023-09-27 02:17:00";78222,2
"874670";"27:1:2";"Exp60_67_IS8347";"Exp60_67_IS8347";NA;"2023-09-27 02:31:00";78221,7
"874671";"27:1:2";"Exp60_67_IS8347";"Exp60_67_IS8347";NA;"2023-09-27 02:47:00";78222,2
"874672";"27:1:2";"Exp60_67_IS8347";"Exp60_67_IS8347";NA;"2023-09-27 03:01:00";78222
"874673";"27:1:2";"Exp60_67_IS8347";"Exp60_67_IS8347";NA;"2023-09-27 03:17:00";78223,8
"874674";"27:1:2";"Exp60_67_IS8347";"Exp60_67_IS8347";NA;"2023-09-27 03:31:00";78222,8
"874675";"27:1:2";"Exp60_67_IS8347";"Exp60_67_IS8347";NA;"2023-09-27 03:47:00";78223,9
"874676";"27:1:2";"Exp60_67_IS8347";"Exp60_67_IS8347";NA;"2023-09-27 04:01:00";78223,8
"874677";"27:1:2";"Exp60_67_IS8347";"Exp60_67_IS8347";NA;"2023-09-27 04:17:00";78223,9
"874678";"27:1:2";"Exp60_67_IS8347";"Exp60_67_IS8347";NA;"2023-09-27 04:31:00";78222,6
"874679";"27:1:2";"Exp60_67_IS8347";"Exp60_67_IS8347";NA;"2023-09-27 04:47:00";78223,3
"874680";"27:1:2";"Exp60_67_IS8347";"Exp60_67_IS8347";NA;"2023-09-27 05:01:00";78224,3
"874681";"27:1:2";"Exp60_67_IS8347";"Exp60_67_IS8347";NA;"2023-09-27 05:17:00";78225
"874682";"27:1:2";"Exp60_67_IS8347";"Exp60_67_IS8347";NA;"2023-09-27 05:31:00";78224,7
"874683";"27:1:2";"Exp60_67_IS8347";"Exp60_67_IS8347";NA;"2023-09-27 05:47:00";78224,2
"874684";"27:1:2";"Exp60_67_IS8347";"Exp60_67_IS8347";NA;"2023-09-27 06:01:00";78225,2
"874685";"27:1:2";"Exp60_67_IS8347";"Exp60_67_IS8347";NA;"2023-09-27 06:17:00";78225,7
"874686";"27:1:2";"Exp60_67_IS8347";"Exp60_67_IS8347";NA;"2023-09-27 06:31:00";78225,3
"874687";"27:1:2";"Exp60_67_IS8347";"Exp60_67_IS8347";NA;"2023-09-27 06:47:00";78224,7
"874688";"27:1:2";"Exp60_67_IS8347";"Exp60_67_IS8347";NA;"2023-09-27 07:01:00";78222,8
"874689";"27:1:2";"Exp60_67_IS8347";"Exp60_67_IS8347";NA;"2023-09-27 07:32:00";78218,4
"874690";"27:1:2";"Exp60_67_IS8347";"Exp60_67_IS8347";NA;"2023-09-27 07:46:00";78211,8
"874691";"27:1:2";"Exp60_67_IS8347";"Exp60_67_IS8347";NA;"2023-09-27 08:02:00";78207,6
"874692";"27:1:2";"Exp60_67_IS8347";"Exp60_67_IS8347";NA;"2023-09-27 08:16:00";78199,9
"874693";"27:1:2";"Exp60_67_IS8347";"Exp60_67_IS8347";NA;"2023-09-27 08:32:00";78191,3
"874694";"27:1:2";"Exp60_67_IS8347";"Exp60_67_IS8347";NA;"2023-09-27 08:46:00";78183,6
"874695";"27:1:2";"Exp60_67_IS8347";"Exp60_67_IS8347";NA;"2023-09-27 09:02:00";78167,3
"874696";"27:1:2";"Exp60_67_IS8347";"Exp60_67_IS8347";NA;"2023-09-27 09:16:00";78142
"874697";"27:1:2";"Exp60_67_IS8347";"Exp60_67_IS8347";NA;"2023-09-27 15:46:00";78489,7
"874698";"27:1:2";"Exp60_67_IS8347";"Exp60_67_IS8347";NA;"2023-09-27 16:02:00";79230,9
"874699";"27:1:2";"Exp60_67_IS8347";"Exp60_67_IS8347";NA;"2023-09-27 16:16:00";79454,9
"874700";"27:1:2";"Exp60_67_IS8347";"Exp60_67_IS8347";NA;"2023-09-27 16:32:00";79252,7
"874701";"27:1:2";"Exp60_67_IS8347";"Exp60_67_IS8347";NA;"2023-09-27 16:46:00";79117,6
"874702";"27:1:2";"Exp60_67_IS8347";"Exp60_67_IS8347";NA;"2023-09-27 17:17:00";78889,1
"874703";"27:1:2";"Exp60_67_IS8347";"Exp60_67_IS8347";NA;"2023-09-27 17:31:00";78817,3
"874704";"27:1:2";"Exp60_67_IS8347";"Exp60_67_IS8347";NA;"2023-09-27 17:47:00";78760,1
"874705";"27:1:2";"Exp60_67_IS8347";"Exp60_67_IS8347";NA;"2023-09-27 18:01:00";78715,7
"874706";"27:1:2";"Exp60_67_IS8347";"Exp60_67_IS8347";NA;"2023-09-27 18:17:00";78673,5
"874707";"27:1:2";"Exp60_67_IS8347";"Exp60_67_IS8347";NA;"2023-09-27 18:31:00";78643,8
"874708";"27:1:2";"Exp60_67_IS8347";"Exp60_67_IS8347";NA;"2023-09-27 18:47:00";78625,5
"874709";"27:1:2";"Exp60_67_IS8347";"Exp60_67_IS8347";NA;"2023-09-27 19:01:00";78595,8
"874710";"27:1:2";"Exp60_67_IS8347";"Exp60_67_IS8347";NA;"2023-09-27 19:17:00";78579
"874711";"27:1:2";"Exp60_67_IS8347";"Exp60_67_IS8347";NA;"2023-09-27 19:31:00";78574,7
"874712";"27:1:2";"Exp60_67_IS8347";"Exp60_67_IS8347";NA;"2023-09-27 19:47:00";78587,3
"874713";"27:1:2";"Exp60_67_IS8347";"Exp60_67_IS8347";NA;"2023-09-27 20:01:00";78583,1
"874714";"27:1:2";"Exp60_67_IS8347";"Exp60_67_IS8347";NA;"2023-09-27 20:17:00";78581,6
"874715";"27:1:2";"Exp60_67_IS8347";"Exp60_67_IS8347";NA;"2023-09-27 20:31:00";78573,7
"874716";"27:1:2";"Exp60_67_IS8347";"Exp60_67_IS8347";NA;"2023-09-27 20:47:00";78562,5
"874717";"27:1:2";"Exp60_67_IS8347";"Exp60_67_IS8347";NA;"2023-09-27 21:01:00";78551,5
"874718";"27:1:2";"Exp60_67_IS8347";"Exp60_67_IS8347";NA;"2023-09-28 01:31:00";78452,5
"874719";"27:1:2";"Exp60_67_IS8347";"Exp60_67_IS8347";NA;"2023-09-28 01:47:00";78450,1
"874720";"27:1:2";"Exp60_67_IS8347";"Exp60_67_IS8347";NA;"2023-09-28 02:01:00";78447,7
"874721";"27:1:2";"Exp60_67_IS8347";"Exp60_67_IS8347";NA;"2023-09-28 02:17:00";78445,6
"874722";"27:1:2";"Exp60_67_IS8347";"Exp60_67_IS8347";NA;"2023-09-28 02:31:00";78443
"874723";"27:1:2";"Exp60_67_IS8347";"Exp60_67_IS8347";NA;"2023-09-28 03:17:00";78438,2
"874724";"27:1:2";"Exp60_67_IS8347";"Exp60_67_IS8347";NA;"2023-09-28 03:31:00";78435,5
"874725";"27:1:2";"Exp60_67_IS8347";"Exp60_67_IS8347";NA;"2023-09-28 03:47:00";78432,6
"874726";"27:1:2";"Exp60_67_IS8347";"Exp60_67_IS8347";NA;"2023-09-28 04:01:00";78430,9
"874727";"27:1:2";"Exp60_67_IS8347";"Exp60_67_IS8347";NA;"2023-09-28 04:17:00";78429,1
"874728";"27:1:2";"Exp60_67_IS8347";"Exp60_67_IS8347";NA;"2023-09-28 04:31:00";78425,4
"874729";"27:1:2";"Exp60_67_IS8347";"Exp60_67_IS8347";NA;"2023-09-28 04:47:00";78425,1
"874730";"27:1:2";"Exp60_67_IS8347";"Exp60_67_IS8347";NA;"2023-09-28 05:01:00";78424,2
"874731";"27:1:2";"Exp60_67_IS8347";"Exp60_67_IS8347";NA;"2023-09-28 05:17:00";78423,8
"874732";"27:1:2";"Exp60_67_IS8347";"Exp60_67_IS8347";NA;"2023-09-28 05:31:00";78423,2
"874733";"27:1:2";"Exp60_67_IS8347";"Exp60_67_IS8347";NA;"2023-09-28 05:47:00";78422
"874734";"27:1:2";"Exp60_67_IS8347";"Exp60_67_IS8347";NA;"2023-09-28 06:01:00";78420,2
"874735";"27:1:2";"Exp60_67_IS8347";"Exp60_67_IS8347";NA;"2023-09-28 06:17:00";78419,5
"874736";"27:1:2";"Exp60_67_IS8347";"Exp60_67_IS8347";NA;"2023-09-28 07:16:00";78407,8
"874737";"27:1:2";"Exp60_67_IS8347";"Exp60_67_IS8347";NA;"2023-09-28 07:32:00";78400,4
"874738";"27:1:2";"Exp60_67_IS8347";"Exp60_67_IS8347";NA;"2023-09-28 08:16:00";78370,2
"874739";"27:1:2";"Exp60_67_IS8347";"Exp60_67_IS8347";NA;"2023-09-28 08:47:00";78339,3
"874740";"27:1:2";"Exp60_67_IS8347";"Exp60_67_IS8347";NA;"2023-09-28 09:01:00";78315,3
"874741";"27:1:2";"Exp60_67_IS8347";"Exp60_67_IS8347";NA;"2023-09-28 16:16:00";77800,1
"874742";"27:1:2";"Exp60_67_IS8347";"Exp60_67_IS8347";NA;"2023-09-28 16:47:00";77790,3
"874743";"27:1:2";"Exp60_67_IS8347";"Exp60_67_IS8347";NA;"2023-09-28 17:01:00";77785,6
"874744";"27:1:2";"Exp60_67_IS8347";"Exp60_67_IS8347";NA;"2023-09-28 17:17:00";77778
"874745";"27:1:2";"Exp60_67_IS8347";"Exp60_67_IS8347";NA;"2023-09-28 17:31:00";77781
"874746";"27:1:2";"Exp60_67_IS8347";"Exp60_67_IS8347";NA;"2023-09-28 18:02:00";77773,1
"874747";"27:1:2";"Exp60_67_IS8347";"Exp60_67_IS8347";NA;"2023-09-28 18:16:00";77838,3
"874748";"27:1:2";"Exp60_67_IS8347";"Exp60_67_IS8347";NA;"2023-09-28 18:32:00";77894,5
"874749";"27:1:2";"Exp60_67_IS8347";"Exp60_67_IS8347";NA;"2023-09-28 18:46:00";77917,4
"874750";"27:1:2";"Exp60_67_IS8347";"Exp60_67_IS8347";NA;"2023-09-28 19:02:00";77913,5
"874751";"27:1:2";"Exp60_67_IS8347";"Exp60_67_IS8347";NA;"2023-09-28 19:16:00";77911,7
"874752";"27:1:2";"Exp60_67_IS8347";"Exp60_67_IS8347";NA;"2023-09-28 19:32:00";77902
"874753";"27:1:2";"Exp60_67_IS8347";"Exp60_67_IS8347";NA;"2023-09-28 19:46:00";77901,1
"874754";"27:1:2";"Exp60_67_IS8347";"Exp60_67_IS8347";NA;"2023-09-28 20:02:00";77897
"874755";"27:1:2";"Exp60_67_IS8347";"Exp60_67_IS8347";NA;"2023-09-28 20:16:00";77894,1
"874756";"27:1:2";"Exp60_67_IS8347";"Exp60_67_IS8347";NA;"2023-09-28 20:32:00";77892,2
"874757";"27:1:2";"Exp60_67_IS8347";"Exp60_67_IS8347";NA;"2023-09-28 20:46:00";77889,8
"874758";"27:1:2";"Exp60_67_IS8347";"Exp60_67_IS8347";NA;"2023-09-28 21:02:00";77888,4
"874759";"27:1:2";"Exp60_67_IS8347";"Exp60_67_IS8347";NA;"2023-09-28 21:16:00";77883,3
"874760";"27:1:2";"Exp60_67_IS8347";"Exp60_67_IS8347";NA;"2023-09-28 21:32:00";77884,7
"874761";"27:1:2";"Exp60_67_IS8347";"Exp60_67_IS8347";NA;"2023-09-28 21:46:00";77883,2
"874762";"27:1:2";"Exp60_67_IS8347";"Exp60_67_IS8347";NA;"2023-09-28 22:17:00";77878,8
"874763";"27:1:2";"Exp60_67_IS8347";"Exp60_67_IS8347";NA;"2023-09-28 22:31:00";77877,7
"874764";"27:1:2";"Exp60_67_IS8347";"Exp60_67_IS8347";NA;"2023-09-28 22:47:00";77875,8
"874765";"27:1:2";"Exp60_67_IS8347";"Exp60_67_IS8347";NA;"2023-09-28 23:01:00";77875,2
"874766";"27:1:2";"Exp60_67_IS8347";"Exp60_67_IS8347";NA;"2023-09-28 23:17:00";77874,7
"874767";"27:1:2";"Exp60_67_IS8347";"Exp60_67_IS8347";NA;"2023-09-28 23:31:00";77873,1
"874768";"27:1:2";"Exp60_67_IS8347";"Exp60_67_IS8347";NA;"2023-09-29 00:17:00";77869,7
"874769";"27:1:2";"Exp60_67_IS8347";"Exp60_67_IS8347";NA;"2023-09-29 00:31:00";77869,4
"874770";"27:1:2";"Exp60_67_IS8347";"Exp60_67_IS8347";NA;"2023-09-29 00:47:00";77869,1
"874771";"27:1:2";"Exp60_67_IS8347";"Exp60_67_IS8347";NA;"2023-09-29 01:01:00";77867,5
"874772";"27:1:2";"Exp60_67_IS8347";"Exp60_67_IS8347";NA;"2023-09-29 01:17:00";77867,7
"874773";"27:1:2";"Exp60_67_IS8347";"Exp60_67_IS8347";NA;"2023-09-29 01:31:00";77866,9
"874774";"27:1:2";"Exp60_67_IS8347";"Exp60_67_IS8347";NA;"2023-09-29 01:47:00";77866,5
"874775";"27:1:2";"Exp60_67_IS8347";"Exp60_67_IS8347";NA;"2023-09-29 02:01:00";77866,4
"874776";"27:1:2";"Exp60_67_IS8347";"Exp60_67_IS8347";NA;"2023-09-29 02:17:00";77865,3
"874777";"27:1:2";"Exp60_67_IS8347";"Exp60_67_IS8347";NA;"2023-09-29 02:31:00";77864
"874778";"27:1:2";"Exp60_67_IS8347";"Exp60_67_IS8347";NA;"2023-09-29 02:47:00";77864
"874779";"27:1:2";"Exp60_67_IS8347";"Exp60_67_IS8347";NA;"2023-09-29 03:01:00";77863,4
"874780";"27:1:2";"Exp60_67_IS8347";"Exp60_67_IS8347";NA;"2023-09-29 03:47:00";77861,7
"874781";"27:1:2";"Exp60_67_IS8347";"Exp60_67_IS8347";NA;"2023-09-29 04:01:00";77860,5
"874782";"27:1:2";"Exp60_67_IS8347";"Exp60_67_IS8347";NA;"2023-09-29 04:17:00";77860
"874783";"27:1:2";"Exp60_67_IS8347";"Exp60_67_IS8347";NA;"2023-09-29 04:31:00";77860,6
"874784";"27:1:2";"Exp60_67_IS8347";"Exp60_67_IS8347";NA;"2023-09-29 12:31:00";77539,4
"874785";"27:1:2";"Exp60_67_IS8347";"Exp60_67_IS8347";NA;"2023-09-29 18:46:00";77393,9
"874786";"27:1:2";"Exp60_67_IS8347";"Exp60_67_IS8347";NA;"2023-09-29 19:17:00";77393,8
"874787";"27:1:2";"Exp60_67_IS8347";"Exp60_67_IS8347";NA;"2023-09-29 19:31:00";77392,1
"874788";"27:1:2";"Exp60_67_IS8347";"Exp60_67_IS8347";NA;"2023-09-29 19:47:00";77382,7
"874789";"27:1:2";"Exp60_67_IS8347";"Exp60_67_IS8347";NA;"2023-09-29 20:01:00";77390,4
"874790";"27:1:2";"Exp60_67_IS8347";"Exp60_67_IS8347";NA;"2023-09-29 20:17:00";77388,9
"874791";"27:1:2";"Exp60_67_IS8347";"Exp60_67_IS8347";NA;"2023-09-29 20:31:00";77386,5
"874792";"27:1:2";"Exp60_67_IS8347";"Exp60_67_IS8347";NA;"2023-09-29 21:02:00";77383,7
"874793";"27:1:2";"Exp60_67_IS8347";"Exp60_67_IS8347";NA;"2023-09-29 21:16:00";77383,7
"874794";"27:1:2";"Exp60_67_IS8347";"Exp60_67_IS8347";NA;"2023-09-29 21:32:00";77384,8
"874795";"27:1:2";"Exp60_67_IS8347";"Exp60_67_IS8347";NA;"2023-09-29 21:46:00";77382,2
"874796";"27:1:2";"Exp60_67_IS8347";"Exp60_67_IS8347";NA;"2023-09-29 22:02:00";77384,5
"874797";"27:1:2";"Exp60_67_IS8347";"Exp60_67_IS8347";NA;"2023-09-29 22:16:00";77382
"874798";"27:1:2";"Exp60_67_IS8347";"Exp60_67_IS8347";NA;"2023-09-29 22:32:00";77382,2
"874799";"27:1:2";"Exp60_67_IS8347";"Exp60_67_IS8347";NA;"2023-09-29 22:46:00";77380,7
"874800";"27:1:2";"Exp60_67_IS8347";"Exp60_67_IS8347";NA;"2023-09-29 23:02:00";77380,5
"874801";"27:1:2";"Exp60_67_IS8347";"Exp60_67_IS8347";NA;"2023-09-29 23:16:00";77373,5
"874802";"27:1:2";"Exp60_67_IS8347";"Exp60_67_IS8347";NA;"2023-09-29 23:32:00";77375,9
"874803";"27:1:2";"Exp60_67_IS8347";"Exp60_67_IS8347";NA;"2023-09-29 23:46:00";77378
"874804";"27:1:2";"Exp60_67_IS8347";"Exp60_67_IS8347";NA;"2023-09-30 00:02:00";77379,3
"874805";"27:1:2";"Exp60_67_IS8347";"Exp60_67_IS8347";NA;"2023-09-30 00:16:00";77380,2
"874806";"27:1:2";"Exp60_67_IS8347";"Exp60_67_IS8347";NA;"2023-09-30 00:32:00";77376,1
"874807";"27:1:2";"Exp60_67_IS8347";"Exp60_67_IS8347";NA;"2023-09-30 00:46:00";77367,7
"874808";"27:1:2";"Exp60_67_IS8347";"Exp60_67_IS8347";NA;"2023-09-30 01:02:00";77381
"874809";"27:1:2";"Exp60_67_IS8347";"Exp60_67_IS8347";NA;"2023-09-30 01:16:00";77376,3
"874810";"27:1:2";"Exp60_67_IS8347";"Exp60_67_IS8347";NA;"2023-09-30 01:32:00";77376,7
"874811";"27:1:2";"Exp60_67_IS8347";"Exp60_67_IS8347";NA;"2023-09-30 01:46:00";77493,8
"874812";"27:1:2";"Exp60_67_IS8347";"Exp60_67_IS8347";NA;"2023-09-30 08:46:00";77453,2
"874813";"27:1:2";"Exp60_67_IS8347";"Exp60_67_IS8347";NA;"2023-09-30 09:02:00";77430,4
"874814";"27:1:2";"Exp60_67_IS8347";"Exp60_67_IS8347";NA;"2023-09-30 09:16:00";77396,4
"874815";"27:1:2";"Exp60_67_IS8347";"Exp60_67_IS8347";NA;"2023-09-30 09:32:00";77385,3
"874816";"27:1:2";"Exp60_67_IS8347";"Exp60_67_IS8347";NA;"2023-09-30 09:46:00";77368,2
"874817";"27:1:2";"Exp60_67_IS8347";"Exp60_67_IS8347";NA;"2023-09-30 10:02:00";77343,6
"874818";"27:1:2";"Exp60_67_IS8347";"Exp60_67_IS8347";NA;"2023-09-30 10:16:00";77317
"874819";"27:1:2";"Exp60_67_IS8347";"Exp60_67_IS8347";NA;"2023-09-30 10:32:00";77324,6
"874820";"27:1:2";"Exp60_67_IS8347";"Exp60_67_IS8347";NA;"2023-09-30 10:46:00";77294,9
"874821";"27:1:2";"Exp60_67_IS8347";"Exp60_67_IS8347";NA;"2023-09-30 11:02:00";77256,7
"874822";"27:1:2";"Exp60_67_IS8347";"Exp60_67_IS8347";NA;"2023-09-30 11:16:00";77263,3
"874823";"27:1:2";"Exp60_67_IS8347";"Exp60_67_IS8347";NA;"2023-09-30 11:32:00";77245,6
"874824";"27:1:2";"Exp60_67_IS8347";"Exp60_67_IS8347";NA;"2023-09-30 11:46:00";77223,9
"874825";"27:1:2";"Exp60_67_IS8347";"Exp60_67_IS8347";NA;"2023-09-30 19:01:00";78676,1
"874826";"27:1:2";"Exp60_67_IS8347";"Exp60_67_IS8347";NA;"2023-09-30 19:17:00";78657,2
"874827";"27:1:2";"Exp60_67_IS8347";"Exp60_67_IS8347";NA;"2023-09-30 19:31:00";78642
"874828";"27:1:2";"Exp60_67_IS8347";"Exp60_67_IS8347";NA;"2023-09-30 19:47:00";78627,4
"874829";"27:1:2";"Exp60_67_IS8347";"Exp60_67_IS8347";NA;"2023-09-30 20:01:00";78614,3
"874830";"27:1:2";"Exp60_67_IS8347";"Exp60_67_IS8347";NA;"2023-09-30 20:17:00";78600,3
"874831";"27:1:2";"Exp60_67_IS8347";"Exp60_67_IS8347";NA;"2023-09-30 20:31:00";78591
"874832";"27:1:2";"Exp60_67_IS8347";"Exp60_67_IS8347";NA;"2023-09-30 20:47:00";78580,2
"874833";"27:1:2";"Exp60_67_IS8347";"Exp60_67_IS8347";NA;"2023-09-30 21:01:00";78571,1
"874834";"27:1:2";"Exp60_67_IS8347";"Exp60_67_IS8347";NA;"2023-09-30 21:32:00";78554,7
"874835";"27:1:2";"Exp60_67_IS8347";"Exp60_67_IS8347";NA;"2023-09-30 21:46:00";78545,6
"874836";"27:1:2";"Exp60_67_IS8347";"Exp60_67_IS8347";NA;"2023-09-30 22:02:00";78536,8
"874837";"27:1:2";"Exp60_67_IS8347";"Exp60_67_IS8347";NA;"2023-09-30 22:16:00";78529,6
"874838";"27:1:2";"Exp60_67_IS8347";"Exp60_67_IS8347";NA;"2023-09-30 22:32:00";78517,2
"874839";"27:1:2";"Exp60_67_IS8347";"Exp60_67_IS8347";NA;"2023-09-30 22:46:00";78512,6
"874840";"27:1:2";"Exp60_67_IS8347";"Exp60_67_IS8347";NA;"2023-09-30 23:02:00";78507,9
"874841";"27:1:2";"Exp60_67_IS8347";"Exp60_67_IS8347";NA;"2023-09-30 23:16:00";78501,9
"874842";"27:1:2";"Exp60_67_IS8347";"Exp60_67_IS8347";NA;"2023-09-30 23:32:00";78500,2
"874843";"27:1:2";"Exp60_67_IS8347";"Exp60_67_IS8347";NA;"2023-09-30 23:46:00";78498,3
"874844";"27:1:2";"Exp60_67_IS8347";"Exp60_67_IS8347";NA;"2023-10-01 00:02:00";78493,7
"874845";"27:1:2";"Exp60_67_IS8347";"Exp60_67_IS8347";NA;"2023-10-01 00:16:00";78488,4
"874846";"27:1:2";"Exp60_67_IS8347";"Exp60_67_IS8347";NA;"2023-10-01 00:32:00";78484,4
"874847";"27:1:2";"Exp60_67_IS8347";"Exp60_67_IS8347";NA;"2023-10-01 01:16:00";78475,2
"874848";"27:1:2";"Exp60_67_IS8347";"Exp60_67_IS8347";NA;"2023-10-01 01:32:00";78473,6
"874849";"27:1:2";"Exp60_67_IS8347";"Exp60_67_IS8347";NA;"2023-10-01 01:46:00";78472,3
"874850";"27:1:2";"Exp60_67_IS8347";"Exp60_67_IS8347";NA;"2023-10-01 02:02:00";78471,5
"874851";"27:1:2";"Exp60_67_IS8347";"Exp60_67_IS8347";NA;"2023-10-01 02:16:00";78469,3
"874852";"27:1:2";"Exp60_67_IS8347";"Exp60_67_IS8347";NA;"2023-10-01 02:32:00";78467,1
"874853";"27:1:2";"Exp60_67_IS8347";"Exp60_67_IS8347";NA;"2023-10-01 02:46:00";78464,5
"874854";"27:1:2";"Exp60_67_IS8347";"Exp60_67_IS8347";NA;"2023-10-01 09:31:00";78326,8
"874855";"27:1:2";"Exp60_67_IS8347";"Exp60_67_IS8347";NA;"2023-10-01 09:47:00";78309,9
"874856";"27:1:2";"Exp60_67_IS8347";"Exp60_67_IS8347";NA;"2023-10-01 10:01:00";78274,2
"874857";"27:1:2";"Exp60_67_IS8347";"Exp60_67_IS8347";NA;"2023-10-01 10:17:00";78254,4
"874858";"27:1:2";"Exp60_67_IS8347";"Exp60_67_IS8347";NA;"2023-10-01 10:31:00";78217,6
"874859";"27:1:2";"Exp60_67_IS8347";"Exp60_67_IS8347";NA;"2023-10-01 10:47:00";78208,9
"874860";"27:1:2";"Exp60_67_IS8347";"Exp60_67_IS8347";NA;"2023-10-01 11:01:00";78178,7
"874861";"27:1:2";"Exp60_67_IS8347";"Exp60_67_IS8347";NA;"2023-10-01 17:46:00";77830,4
"874862";"27:1:2";"Exp60_67_IS8347";"Exp60_67_IS8347";NA;"2023-10-01 18:02:00";77830,2
"874863";"27:1:2";"Exp60_67_IS8347";"Exp60_67_IS8347";NA;"2023-10-01 18:16:00";77828
"874864";"27:1:2";"Exp60_67_IS8347";"Exp60_67_IS8347";NA;"2023-10-01 18:32:00";77825,6
"874865";"27:1:2";"Exp60_67_IS8347";"Exp60_67_IS8347";NA;"2023-10-01 18:46:00";77825
"874866";"27:1:2";"Exp60_67_IS8347";"Exp60_67_IS8347";NA;"2023-10-01 19:02:00";77823,6
"874867";"27:1:2";"Exp60_67_IS8347";"Exp60_67_IS8347";NA;"2023-10-01 19:16:00";77822,8
"874868";"27:1:2";"Exp60_67_IS8347";"Exp60_67_IS8347";NA;"2023-10-01 19:32:00";77819,9
"874869";"27:1:2";"Exp60_67_IS8347";"Exp60_67_IS8347";NA;"2023-10-01 19:46:00";77816
"874870";"27:1:2";"Exp60_67_IS8347";"Exp60_67_IS8347";NA;"2023-10-01 20:02:00";77816,7
"874871";"27:1:2";"Exp60_67_IS8347";"Exp60_67_IS8347";NA;"2023-10-01 20:16:00";77816,4
"874872";"27:1:2";"Exp60_67_IS8347";"Exp60_67_IS8347";NA;"2023-10-01 20:32:00";77815,2
"874873";"27:1:2";"Exp60_67_IS8347";"Exp60_67_IS8347";NA;"2023-10-01 20:46:00";77814,5
"874874";"27:1:2";"Exp60_67_IS8347";"Exp60_67_IS8347";NA;"2023-10-01 21:02:00";77811,6
"874875";"27:1:2";"Exp60_67_IS8347";"Exp60_67_IS8347";NA;"2023-10-01 21:16:00";77806,9
"874876";"27:1:2";"Exp60_67_IS8347";"Exp60_67_IS8347";NA;"2023-10-01 21:32:00";77798,1
"874877";"27:1:2";"Exp60_67_IS8347";"Exp60_67_IS8347";NA;"2023-10-01 21:46:00";77807
"874878";"27:1:2";"Exp60_67_IS8347";"Exp60_67_IS8347";NA;"2023-10-01 22:02:00";77806
"874879";"27:1:2";"Exp60_67_IS8347";"Exp60_67_IS8347";NA;"2023-10-01 22:16:00";77806,3
"874880";"27:1:2";"Exp60_67_IS8347";"Exp60_67_IS8347";NA;"2023-10-01 22:32:00";77802,9
"874881";"27:1:2";"Exp60_67_IS8347";"Exp60_67_IS8347";NA;"2023-10-01 22:46:00";77803,2
"874882";"27:1:2";"Exp60_67_IS8347";"Exp60_67_IS8347";NA;"2023-10-01 23:17:00";77799,1
"874883";"27:1:2";"Exp60_67_IS8347";"Exp60_67_IS8347";NA;"2023-10-01 23:31:00";77799,1
"874884";"27:1:2";"Exp60_67_IS8347";"Exp60_67_IS8347";NA;"2023-10-02 07:01:00";77767,6
"874885";"27:1:2";"Exp60_67_IS8347";"Exp60_67_IS8347";NA;"2023-10-02 07:17:00";77763,6
"874886";"27:1:2";"Exp60_67_IS8347";"Exp60_67_IS8347";NA;"2023-10-02 07:31:00";77756,3
"874887";"27:1:2";"Exp60_67_IS8347";"Exp60_67_IS8347";NA;"2023-10-02 07:47:00";77750,3
"874888";"27:1:2";"Exp60_67_IS8347";"Exp60_67_IS8347";NA;"2023-10-02 08:01:00";77743,4
"874889";"27:1:2";"Exp60_67_IS8347";"Exp60_67_IS8347";NA;"2023-10-02 08:17:00";77730,4
"874890";"27:1:2";"Exp60_67_IS8347";"Exp60_67_IS8347";NA;"2023-10-02 08:31:00";77725,6
"874891";"27:1:2";"Exp60_67_IS8347";"Exp60_67_IS8347";NA;"2023-10-02 08:47:00";77709,8
"874892";"27:1:2";"Exp60_67_IS8347";"Exp60_67_IS8347";NA;"2023-10-02 09:01:00";77708,6
"874893";"27:1:2";"Exp60_67_IS8347";"Exp60_67_IS8347";NA;"2023-10-02 09:17:00";77702,4
"874894";"27:1:2";"Exp60_67_IS8347";"Exp60_67_IS8347";NA;"2023-10-02 09:31:00";77699
"874895";"27:1:2";"Exp60_67_IS8347";"Exp60_67_IS8347";NA;"2023-10-02 09:47:00";77679,5
"874896";"27:1:2";"Exp60_67_IS8347";"Exp60_67_IS8347";NA;"2023-10-02 10:01:00";77681,2
"874897";"27:1:2";"Exp60_67_IS8347";"Exp60_67_IS8347";NA;"2023-10-02 10:32:00";77655,6
"874898";"27:1:2";"Exp60_67_IS8347";"Exp60_67_IS8347";NA;"2023-10-02 10:46:00";77658,5
"874899";"27:1:2";"Exp60_67_IS8347";"Exp60_67_IS8347";NA;"2023-10-02 11:17:00";77641,1
"874900";"27:1:2";"Exp60_67_IS8347";"Exp60_67_IS8347";NA;"2023-10-02 11:31:00";77632,5
"874901";"27:1:2";"Exp60_67_IS8347";"Exp60_67_IS8347";NA;"2023-10-02 11:47:00";77621,1
"874902";"27:1:2";"Exp60_67_IS8347";"Exp60_67_IS8347";NA;"2023-10-02 12:01:00";77599,1
"874903";"27:1:2";"Exp60_67_IS8347";"Exp60_67_IS8347";NA;"2023-10-02 12:17:00";77595,9
"874904";"27:1:2";"Exp60_67_IS8347";"Exp60_67_IS8347";NA;"2023-10-02 12:31:00";77579,7
"874905";"27:1:2";"Exp60_67_IS8347";"Exp60_67_IS8347";NA;"2023-10-02 12:47:00";77566
"874906";"27:1:2";"Exp60_67_IS8347";"Exp60_67_IS8347";NA;"2023-10-02 13:01:00";77553,9
"874907";"27:1:2";"Exp60_67_IS8347";"Exp60_67_IS8347";NA;"2023-10-02 13:17:00";77539
"874908";"27:1:2";"Exp60_67_IS8347";"Exp60_67_IS8347";NA;"2023-10-02 13:31:00";77522,5
"874909";"27:1:2";"Exp60_67_IS8347";"Exp60_67_IS8347";NA;"2023-10-02 13:47:00";77516,2
"874910";"27:1:2";"Exp60_67_IS8347";"Exp60_67_IS8347";NA;"2023-10-02 14:01:00";77508,4
"874911";"27:1:2";"Exp60_67_IS8347";"Exp60_67_IS8347";NA;"2023-10-02 14:17:00";77501,3
"874912";"27:1:2";"Exp60_67_IS8347";"Exp60_67_IS8347";NA;"2023-10-02 14:31:00";77488,2
"874913";"27:1:2";"Exp60_67_IS8347";"Exp60_67_IS8347";NA;"2023-10-02 14:47:00";77464,3
"874914";"27:1:2";"Exp60_67_IS8347";"Exp60_67_IS8347";NA;"2023-10-02 15:01:00";77472
"874915";"27:1:2";"Exp60_67_IS8347";"Exp60_67_IS8347";NA;"2023-10-02 15:32:00";77448,4
"874916";"27:1:2";"Exp60_67_IS8347";"Exp60_67_IS8347";NA;"2023-10-02 15:46:00";77440,7
"874917";"27:1:2";"Exp60_67_IS8347";"Exp60_67_IS8347";NA;"2023-10-02 16:02:00";77428,7
"874918";"27:1:2";"Exp60_67_IS8347";"Exp60_67_IS8347";NA;"2023-10-02 16:16:00";77428,7
"874919";"27:1:2";"Exp60_67_IS8347";"Exp60_67_IS8347";NA;"2023-10-02 23:01:00";77415,9
"874920";"27:1:2";"Exp60_67_IS8347";"Exp60_67_IS8347";NA;"2023-10-02 23:17:00";77415
"874921";"27:1:2";"Exp60_67_IS8347";"Exp60_67_IS8347";NA;"2023-10-02 23:31:00";77415,5
"874922";"27:1:2";"Exp60_67_IS8347";"Exp60_67_IS8347";NA;"2023-10-02 23:47:00";77412,6
"874923";"27:1:2";"Exp60_67_IS8347";"Exp60_67_IS8347";NA;"2023-10-03 00:01:00";77414,9
"874924";"27:1:2";"Exp60_67_IS8347";"Exp60_67_IS8347";NA;"2023-10-03 00:17:00";77409,3
"874925";"27:1:2";"Exp60_67_IS8347";"Exp60_67_IS8347";NA;"2023-10-03 00:31:00";77411,1
"874926";"27:1:2";"Exp60_67_IS8347";"Exp60_67_IS8347";NA;"2023-10-03 00:47:00";77408,3
"874927";"27:1:2";"Exp60_67_IS8347";"Exp60_67_IS8347";NA;"2023-10-03 01:01:00";77407,5
"874928";"27:1:2";"Exp60_67_IS8347";"Exp60_67_IS8347";NA;"2023-10-03 01:17:00";77406,6
"874929";"27:1:2";"Exp60_67_IS8347";"Exp60_67_IS8347";NA;"2023-10-03 01:31:00";77404,4
"874930";"27:1:2";"Exp60_67_IS8347";"Exp60_67_IS8347";NA;"2023-10-03 01:47:00";77404,8
"874931";"27:1:2";"Exp60_67_IS8347";"Exp60_67_IS8347";NA;"2023-10-03 02:01:00";77403,7
"874932";"27:1:2";"Exp60_67_IS8347";"Exp60_67_IS8347";NA;"2023-10-03 02:17:00";77402,4
"874933";"27:1:2";"Exp60_67_IS8347";"Exp60_67_IS8347";NA;"2023-10-03 02:31:00";77401
"874934";"27:1:2";"Exp60_67_IS8347";"Exp60_67_IS8347";NA;"2023-10-03 03:47:00";77395,2
"874935";"27:1:2";"Exp60_67_IS8347";"Exp60_67_IS8347";NA;"2023-10-03 04:01:00";77395,9
"874936";"27:1:2";"Exp60_67_IS8347";"Exp60_67_IS8347";NA;"2023-10-03 04:17:00";77396,1
"874937";"27:1:2";"Exp60_67_IS8347";"Exp60_67_IS8347";NA;"2023-10-03 04:31:00";77390
"874938";"27:1:2";"Exp60_67_IS8347";"Exp60_67_IS8347";NA;"2023-10-03 04:47:00";77386,7
"874939";"27:1:2";"Exp60_67_IS8347";"Exp60_67_IS8347";NA;"2023-10-03 05:01:00";77379,2
"874940";"27:1:2";"Exp60_67_IS8347";"Exp60_67_IS8347";NA;"2023-10-03 05:17:00";77386,4
"874941";"27:1:2";"Exp60_67_IS8347";"Exp60_67_IS8347";NA;"2023-10-03 06:01:00";77380,4
"874942";"27:1:2";"Exp60_67_IS8347";"Exp60_67_IS8347";NA;"2023-10-03 06:17:00";77379,8
"874943";"27:1:2";"Exp60_67_IS8347";"Exp60_67_IS8347";NA;"2023-10-03 06:31:00";77383
"874944";"27:1:2";"Exp60_67_IS8347";"Exp60_67_IS8347";NA;"2023-10-03 06:47:00";77379,1
"874945";"27:1:2";"Exp60_67_IS8347";"Exp60_67_IS8347";NA;"2023-10-03 07:01:00";77379,7
"874946";"27:1:2";"Exp60_67_IS8347";"Exp60_67_IS8347";NA;"2023-10-03 07:17:00";77370,9
"874947";"27:1:2";"Exp60_67_IS8347";"Exp60_67_IS8347";NA;"2023-10-03 07:31:00";77377,6
"874948";"27:1:2";"Exp60_67_IS8347";"Exp60_67_IS8347";NA;"2023-10-03 08:02:00";77344,6
"874949";"27:1:2";"Exp60_67_IS8347";"Exp60_67_IS8347";NA;"2023-10-03 08:16:00";77337,2
"874950";"27:1:2";"Exp60_67_IS8347";"Exp60_67_IS8347";NA;"2023-10-03 08:32:00";77329,3
"874951";"27:1:2";"Exp60_67_IS8347";"Exp60_67_IS8347";NA;"2023-10-03 08:46:00";77322,4
"874952";"27:1:2";"Exp60_67_IS8347";"Exp60_67_IS8347";NA;"2023-10-03 15:16:00";76928,6
"874953";"27:1:2";"Exp60_67_IS8347";"Exp60_67_IS8347";NA;"2023-10-03 21:16:00";78283
"874954";"27:1:2";"Exp60_67_IS8347";"Exp60_67_IS8347";NA;"2023-10-03 22:02:00";78280,1
"874955";"27:1:2";"Exp60_67_IS8347";"Exp60_67_IS8347";NA;"2023-10-03 22:16:00";78279,1
"874956";"27:1:2";"Exp60_67_IS8347";"Exp60_67_IS8347";NA;"2023-10-03 22:32:00";78278,1
"874957";"27:1:2";"Exp60_67_IS8347";"Exp60_67_IS8347";NA;"2023-10-03 22:46:00";78277,1
"874958";"27:1:2";"Exp60_67_IS8347";"Exp60_67_IS8347";NA;"2023-10-03 23:17:00";78275,5
"874959";"27:1:2";"Exp60_67_IS8347";"Exp60_67_IS8347";NA;"2023-10-03 23:31:00";78275,4
"874960";"27:1:2";"Exp60_67_IS8347";"Exp60_67_IS8347";NA;"2023-10-03 23:47:00";78273,7
"874961";"27:1:2";"Exp60_67_IS8347";"Exp60_67_IS8347";NA;"2023-10-04 00:16:00";78271,6
"874962";"27:1:2";"Exp60_67_IS8347";"Exp60_67_IS8347";NA;"2023-10-04 00:32:00";78270,8
"874963";"27:1:2";"Exp60_67_IS8347";"Exp60_67_IS8347";NA;"2023-10-04 00:46:00";78270,2
"874964";"27:1:2";"Exp60_67_IS8347";"Exp60_67_IS8347";NA;"2023-10-04 01:02:00";78269
"874965";"27:1:2";"Exp60_67_IS8347";"Exp60_67_IS8347";NA;"2023-10-04 01:16:00";78267,6
"874966";"27:1:2";"Exp60_67_IS8347";"Exp60_67_IS8347";NA;"2023-10-04 01:32:00";78264,4
"874967";"27:1:2";"Exp60_67_IS8347";"Exp60_67_IS8347";NA;"2023-10-04 01:46:00";78264,8
"874968";"27:1:2";"Exp60_67_IS8347";"Exp60_67_IS8347";NA;"2023-10-04 02:02:00";78264,4
"874969";"27:1:2";"Exp60_67_IS8347";"Exp60_67_IS8347";NA;"2023-10-04 02:16:00";78264,2
"874970";"27:1:2";"Exp60_67_IS8347";"Exp60_67_IS8347";NA;"2023-10-04 02:32:00";78263,1
"874971";"27:1:2";"Exp60_67_IS8347";"Exp60_67_IS8347";NA;"2023-10-04 02:46:00";78261,6
"874972";"27:1:2";"Exp60_67_IS8347";"Exp60_67_IS8347";NA;"2023-10-04 03:17:00";78260
"874973";"27:1:2";"Exp60_67_IS8347";"Exp60_67_IS8347";NA;"2023-10-04 03:31:00";78258
"874974";"27:1:2";"Exp60_67_IS8347";"Exp60_67_IS8347";NA;"2023-10-04 03:47:00";78255,1
"874975";"27:1:2";"Exp60_67_IS8347";"Exp60_67_IS8347";NA;"2023-10-04 04:01:00";78254,3
"874976";"27:1:2";"Exp60_67_IS8347";"Exp60_67_IS8347";NA;"2023-10-04 04:32:00";78245,1
"874977";"27:1:2";"Exp60_67_IS8347";"Exp60_67_IS8347";NA;"2023-10-04 04:46:00";78249,5
"874978";"27:1:2";"Exp60_67_IS8347";"Exp60_67_IS8347";NA;"2023-10-04 05:02:00";78249
"874979";"27:1:2";"Exp60_67_IS8347";"Exp60_67_IS8347";NA;"2023-10-04 05:16:00";78249,5
"874980";"27:1:2";"Exp60_67_IS8347";"Exp60_67_IS8347";NA;"2023-10-04 05:32:00";78248,3
"874981";"27:1:2";"Exp60_67_IS8347";"Exp60_67_IS8347";NA;"2023-10-04 05:46:00";78248,7
"874982";"27:1:2";"Exp60_67_IS8347";"Exp60_67_IS8347";NA;"2023-10-04 06:32:00";78244
"874983";"27:1:2";"Exp60_67_IS8347";"Exp60_67_IS8347";NA;"2023-10-04 06:46:00";78241,7
"874984";"27:1:2";"Exp60_67_IS8347";"Exp60_67_IS8347";NA;"2023-10-04 07:17:00";78231
"874985";"27:1:2";"Exp60_67_IS8347";"Exp60_67_IS8347";NA;"2023-10-04 07:31:00";78222,4
"874986";"27:1:2";"Exp60_67_IS8347";"Exp60_67_IS8347";NA;"2023-10-04 07:47:00";78212,2
"874987";"27:1:2";"Exp60_67_IS8347";"Exp60_67_IS8347";NA;"2023-10-04 08:01:00";78198,8
"874988";"27:1:2";"Exp60_67_IS8347";"Exp60_67_IS8347";NA;"2023-10-04 08:17:00";78183,3
"874989";"27:1:2";"Exp60_67_IS8347";"Exp60_67_IS8347";NA;"2023-10-04 08:31:00";78177,9
"874990";"27:1:2";"Exp60_67_IS8347";"Exp60_67_IS8347";NA;"2023-10-04 08:47:00";78165,4
"874991";"27:1:2";"Exp60_67_IS8347";"Exp60_67_IS8347";NA;"2023-10-04 09:01:00";78141,9
"874992";"27:1:2";"Exp60_67_IS8347";"Exp60_67_IS8347";NA;"2023-10-04 09:17:00";78120,6
"874993";"27:1:2";"Exp60_67_IS8347";"Exp60_67_IS8347";NA;"2023-10-04 09:31:00";78098,7
"874994";"27:1:2";"Exp60_67_IS8347";"Exp60_67_IS8347";NA;"2023-10-04 09:47:00";78083,4
"874995";"27:1:2";"Exp60_67_IS8347";"Exp60_67_IS8347";NA;"2023-10-04 10:01:00";78052,5
"874996";"27:1:2";"Exp60_67_IS8347";"Exp60_67_IS8347";NA;"2023-10-04 10:17:00";78041,7
"874997";"27:1:2";"Exp60_67_IS8347";"Exp60_67_IS8347";NA;"2023-10-04 10:31:00";78029,3
"874998";"27:1:2";"Exp60_67_IS8347";"Exp60_67_IS8347";NA;"2023-10-04 10:47:00";77983
"874999";"27:1:2";"Exp60_67_IS8347";"Exp60_67_IS8347";NA;"2023-10-04 11:01:00";77955,9
"875000";"27:1:2";"Exp60_67_IS8347";"Exp60_67_IS8347";NA;"2023-10-04 11:17:00";77933
"875001";"27:1:2";"Exp60_67_IS8347";"Exp60_67_IS8347";NA;"2023-10-04 11:31:00";77932,2
"875002";"27:1:2";"Exp60_67_IS8347";"Exp60_67_IS8347";NA;"2023-10-04 11:47:00";77918,5
"875003";"27:1:2";"Exp60_67_IS8347";"Exp60_67_IS8347";NA;"2023-10-04 12:01:00";77879,2
"875004";"27:1:2";"Exp60_67_IS8347";"Exp60_67_IS8347";NA;"2023-10-04 12:32:00";77826,9
"875005";"27:1:2";"Exp60_67_IS8347";"Exp60_67_IS8347";NA;"2023-10-04 12:46:00";77830,5
"875006";"27:1:2";"Exp60_67_IS8347";"Exp60_67_IS8347";NA;"2023-10-04 13:02:00";77799,1
"875007";"27:1:2";"Exp60_67_IS8347";"Exp60_67_IS8347";NA;"2023-10-04 13:16:00";77784,7
"875008";"27:1:2";"Exp60_67_IS8347";"Exp60_67_IS8347";NA;"2023-10-04 13:32:00";77755,5
"875009";"27:1:2";"Exp60_67_IS8347";"Exp60_67_IS8347";NA;"2023-10-04 13:46:00";77746,7
"875010";"27:1:2";"Exp60_67_IS8347";"Exp60_67_IS8347";NA;"2023-10-04 21:01:00";77567,9
"875011";"27:1:2";"Exp60_67_IS8347";"Exp60_67_IS8347";NA;"2023-10-05 03:31:00";77560,6
"875012";"27:1:2";"Exp60_67_IS8347";"Exp60_67_IS8347";NA;"2023-10-05 03:47:00";77559,8
"875013";"27:1:2";"Exp60_67_IS8347";"Exp60_67_IS8347";NA;"2023-10-05 04:01:00";77559,8
"875014";"27:1:2";"Exp60_67_IS8347";"Exp60_67_IS8347";NA;"2023-10-05 04:17:00";77559,8
"875015";"27:1:2";"Exp60_67_IS8347";"Exp60_67_IS8347";NA;"2023-10-05 04:31:00";77559,7
"875016";"27:1:2";"Exp60_67_IS8347";"Exp60_67_IS8347";NA;"2023-10-05 04:47:00";77560,4
"875017";"27:1:2";"Exp60_67_IS8347";"Exp60_67_IS8347";NA;"2023-10-05 05:01:00";77561
"875018";"27:1:2";"Exp60_67_IS8347";"Exp60_67_IS8347";NA;"2023-10-05 05:17:00";77562,5
"875019";"27:1:2";"Exp60_67_IS8347";"Exp60_67_IS8347";NA;"2023-10-05 05:31:00";77561,9
"875020";"27:1:2";"Exp60_67_IS8347";"Exp60_67_IS8347";NA;"2023-10-05 05:47:00";77562,7
"875021";"27:1:2";"Exp60_67_IS8347";"Exp60_67_IS8347";NA;"2023-10-05 06:01:00";77563,8
"875022";"27:1:2";"Exp60_67_IS8347";"Exp60_67_IS8347";NA;"2023-10-05 06:17:00";77562,6
"875023";"27:1:2";"Exp60_67_IS8347";"Exp60_67_IS8347";NA;"2023-10-05 06:31:00";77562,3
"875024";"27:1:2";"Exp60_67_IS8347";"Exp60_67_IS8347";NA;"2023-10-05 06:47:00";77560,4
"875025";"27:1:2";"Exp60_67_IS8347";"Exp60_67_IS8347";NA;"2023-10-05 07:01:00";77558,8
"875026";"27:1:2";"Exp60_67_IS8347";"Exp60_67_IS8347";NA;"2023-10-05 07:17:00";77554,9
"875027";"27:1:2";"Exp60_67_IS8347";"Exp60_67_IS8347";NA;"2023-10-05 07:31:00";77548,7
"875028";"27:1:2";"Exp60_67_IS8347";"Exp60_67_IS8347";NA;"2023-10-05 07:47:00";77542,2
"875029";"27:1:2";"Exp60_67_IS8347";"Exp60_67_IS8347";NA;"2023-10-05 08:01:00";77531,6
"875030";"27:1:2";"Exp60_67_IS8347";"Exp60_67_IS8347";NA;"2023-10-05 08:17:00";77510,9
"875031";"27:1:2";"Exp60_67_IS8347";"Exp60_67_IS8347";NA;"2023-10-05 08:31:00";77494,2
"875032";"27:1:2";"Exp60_67_IS8347";"Exp60_67_IS8347";NA;"2023-10-05 08:47:00";77483,7
"875033";"27:1:2";"Exp60_67_IS8347";"Exp60_67_IS8347";NA;"2023-10-05 09:01:00";77428,7
"875034";"27:1:2";"Exp60_67_IS8347";"Exp60_67_IS8347";NA;"2023-10-05 09:17:00";77450,6
"875035";"27:1:2";"Exp60_67_IS8347";"Exp60_67_IS8347";NA;"2023-10-05 09:31:00";77442,7
"875036";"27:1:2";"Exp60_67_IS8347";"Exp60_67_IS8347";NA;"2023-10-05 09:47:00";77431,5
"875037";"27:1:2";"Exp60_67_IS8347";"Exp60_67_IS8347";NA;"2023-10-05 10:01:00";77408,8
"875038";"27:1:2";"Exp60_67_IS8347";"Exp60_67_IS8347";NA;"2023-10-05 10:17:00";77388,5
"875039";"27:1:2";"Exp60_67_IS8347";"Exp60_67_IS8347";NA;"2023-10-05 10:31:00";77386
"875040";"27:1:2";"Exp60_67_IS8347";"Exp60_67_IS8347";NA;"2023-10-05 10:47:00";77365,5
"875041";"27:1:2";"Exp60_67_IS8347";"Exp60_67_IS8347";NA;"2023-10-05 11:01:00";77344,6
"875042";"27:1:2";"Exp60_67_IS8347";"Exp60_67_IS8347";NA;"2023-10-05 11:17:00";77324
"875043";"27:1:2";"Exp60_67_IS8347";"Exp60_67_IS8347";NA;"2023-10-05 11:31:00";77308,3
"875044";"27:1:2";"Exp60_67_IS8347";"Exp60_67_IS8347";NA;"2023-10-05 11:47:00";77281,3
"875045";"27:1:2";"Exp60_67_IS8347";"Exp60_67_IS8347";NA;"2023-10-05 12:01:00";77272,5
"875046";"27:1:2";"Exp60_67_IS8347";"Exp60_67_IS8347";NA;"2023-10-05 18:01:00";76890,3
"875047";"27:1:2";"Exp60_67_IS8347";"Exp60_67_IS8347";NA;"2023-10-05 18:17:00";76890,5
"875048";"27:1:2";"Exp60_67_IS8347";"Exp60_67_IS8347";NA;"2023-10-05 18:31:00";76890,3
"875049";"27:1:2";"Exp60_67_IS8347";"Exp60_67_IS8347";NA;"2023-10-06 00:31:00";76879,7
"875050";"27:1:2";"Exp60_67_IS8347";"Exp60_67_IS8347";NA;"2023-10-06 00:47:00";76880,2
"875051";"27:1:2";"Exp60_67_IS8347";"Exp60_67_IS8347";NA;"2023-10-06 01:01:00";76879,2
"875052";"27:1:2";"Exp60_67_IS8347";"Exp60_67_IS8347";NA;"2023-10-06 01:17:00";76879,4
"875053";"27:1:2";"Exp60_67_IS8347";"Exp60_67_IS8347";NA;"2023-10-06 01:31:00";76877,9
"875054";"27:1:2";"Exp60_67_IS8347";"Exp60_67_IS8347";NA;"2023-10-06 01:47:00";76880,5
"875055";"27:1:2";"Exp60_67_IS8347";"Exp60_67_IS8347";NA;"2023-10-06 02:01:00";76878,8
"875056";"27:1:2";"Exp60_67_IS8347";"Exp60_67_IS8347";NA;"2023-10-06 02:17:00";76878,3
"875057";"27:1:2";"Exp60_67_IS8347";"Exp60_67_IS8347";NA;"2023-10-06 02:31:00";76877
"875058";"27:1:2";"Exp60_67_IS8347";"Exp60_67_IS8347";NA;"2023-10-06 02:47:00";76877,2
"875059";"27:1:2";"Exp60_67_IS8347";"Exp60_67_IS8347";NA;"2023-10-06 03:16:00";76874,9
"875060";"27:1:2";"Exp60_67_IS8347";"Exp60_67_IS8347";NA;"2023-10-06 03:32:00";76873,3
"875061";"27:1:2";"Exp60_67_IS8347";"Exp60_67_IS8347";NA;"2023-10-06 03:46:00";76871,4
"875062";"27:1:2";"Exp60_67_IS8347";"Exp60_67_IS8347";NA;"2023-10-06 10:46:00";76693,4
"875063";"27:1:2";"Exp60_67_IS8347";"Exp60_67_IS8347";NA;"2023-10-06 11:02:00";76678
"875064";"27:1:2";"Exp60_67_IS8347";"Exp60_67_IS8347";NA;"2023-10-06 11:16:00";76661,5
"875065";"27:1:2";"Exp60_67_IS8347";"Exp60_67_IS8347";NA;"2023-10-06 11:47:00";76630,5
"875066";"27:1:2";"Exp60_67_IS8347";"Exp60_67_IS8347";NA;"2023-10-06 12:01:00";76588,8
"875067";"27:1:2";"Exp60_67_IS8347";"Exp60_67_IS8347";NA;"2023-10-06 20:01:00";78437,7
"875068";"27:1:2";"Exp60_67_IS8347";"Exp60_67_IS8347";NA;"2023-10-06 20:17:00";78426
"875069";"27:1:2";"Exp60_67_IS8347";"Exp60_67_IS8347";NA;"2023-10-06 20:31:00";78414,8
"875070";"27:1:2";"Exp60_67_IS8347";"Exp60_67_IS8347";NA;"2023-10-07 03:01:00";78315,9
"875071";"27:1:2";"Exp60_67_IS8347";"Exp60_67_IS8347";NA;"2023-10-07 03:17:00";78315,4
"875072";"27:1:2";"Exp60_67_IS8347";"Exp60_67_IS8347";NA;"2023-10-07 03:31:00";78314,6
"875073";"27:1:2";"Exp60_67_IS8347";"Exp60_67_IS8347";NA;"2023-10-07 03:47:00";78314,4
"875074";"27:1:2";"Exp60_67_IS8347";"Exp60_67_IS8347";NA;"2023-10-07 04:01:00";78313,8
"875075";"27:1:2";"Exp60_67_IS8347";"Exp60_67_IS8347";NA;"2023-10-07 11:01:00";78026,8
"875076";"27:1:2";"Exp60_67_IS8347";"Exp60_67_IS8347";NA;"2023-10-07 11:17:00";77988,2
"875077";"27:1:2";"Exp60_67_IS8347";"Exp60_67_IS8347";NA;"2023-10-07 11:31:00";77979,6
"875078";"27:1:2";"Exp60_67_IS8347";"Exp60_67_IS8347";NA;"2023-10-07 11:47:00";77949,7
"875079";"27:1:2";"Exp60_67_IS8347";"Exp60_67_IS8347";NA;"2023-10-07 12:01:00";77929,2
"875080";"27:1:2";"Exp60_67_IS8347";"Exp60_67_IS8347";NA;"2023-10-07 12:47:00";77856,2
"875081";"27:1:2";"Exp60_67_IS8347";"Exp60_67_IS8347";NA;"2023-10-07 13:01:00";77835,2
"875082";"27:1:2";"Exp60_67_IS8347";"Exp60_67_IS8347";NA;"2023-10-07 13:17:00";77809
"875083";"27:1:2";"Exp60_67_IS8347";"Exp60_67_IS8347";NA;"2023-10-07 13:31:00";77767,1
"875084";"27:1:2";"Exp60_67_IS8347";"Exp60_67_IS8347";NA;"2023-10-07 13:47:00";77771,4
"875085";"27:1:2";"Exp60_67_IS8347";"Exp60_67_IS8347";NA;"2023-10-07 14:01:00";77724,3
"875086";"27:1:2";"Exp60_67_IS8347";"Exp60_67_IS8347";NA;"2023-10-07 14:17:00";77710,8
"875087";"27:1:2";"Exp60_67_IS8347";"Exp60_67_IS8347";NA;"2023-10-07 14:31:00";77697,5
"875088";"27:1:2";"Exp60_67_IS8347";"Exp60_67_IS8347";NA;"2023-10-07 20:46:00";77540
"875089";"27:1:2";"Exp60_67_IS8347";"Exp60_67_IS8347";NA;"2023-10-07 21:02:00";77540,2
"875090";"27:1:2";"Exp60_67_IS8347";"Exp60_67_IS8347";NA;"2023-10-07 21:16:00";77539,3
"875091";"27:1:2";"Exp60_67_IS8347";"Exp60_67_IS8347";NA;"2023-10-07 21:32:00";77538,2
"875092";"27:1:2";"Exp60_67_IS8347";"Exp60_67_IS8347";NA;"2023-10-07 21:46:00";77536,4
"875093";"27:1:2";"Exp60_67_IS8347";"Exp60_67_IS8347";NA;"2023-10-07 22:02:00";77535
"875094";"27:1:2";"Exp60_67_IS8347";"Exp60_67_IS8347";NA;"2023-10-07 22:16:00";77534,7
"875095";"27:1:2";"Exp60_67_IS8347";"Exp60_67_IS8347";NA;"2023-10-07 22:32:00";77533,6
"875096";"27:1:2";"Exp60_67_IS8347";"Exp60_67_IS8347";NA;"2023-10-07 22:46:00";77532,3
"875097";"27:1:2";"Exp60_67_IS8347";"Exp60_67_IS8347";NA;"2023-10-07 23:02:00";77532,1
"875098";"27:1:2";"Exp60_67_IS8347";"Exp60_67_IS8347";NA;"2023-10-07 23:16:00";77531
"875099";"27:1:2";"Exp60_67_IS8347";"Exp60_67_IS8347";NA;"2023-10-07 23:32:00";77530
"875100";"27:1:2";"Exp60_67_IS8347";"Exp60_67_IS8347";NA;"2023-10-07 23:46:00";77529,6
"875101";"27:1:2";"Exp60_67_IS8347";"Exp60_67_IS8347";NA;"2023-10-08 00:02:00";77529,4
"875102";"27:1:2";"Exp60_67_IS8347";"Exp60_67_IS8347";NA;"2023-10-08 00:16:00";77529,6
"875103";"27:1:2";"Exp60_67_IS8347";"Exp60_67_IS8347";NA;"2023-10-08 00:32:00";77528,9
"875104";"27:1:2";"Exp60_67_IS8347";"Exp60_67_IS8347";NA;"2023-10-08 00:46:00";77529
"875105";"27:1:2";"Exp60_67_IS8347";"Exp60_67_IS8347";NA;"2023-10-08 01:02:00";77527,1
"875106";"27:1:2";"Exp60_67_IS8347";"Exp60_67_IS8347";NA;"2023-10-08 01:16:00";77527,1
"875107";"27:1:2";"Exp60_67_IS8347";"Exp60_67_IS8347";NA;"2023-10-08 01:32:00";77527,1
"875108";"27:1:2";"Exp60_67_IS8347";"Exp60_67_IS8347";NA;"2023-10-08 01:46:00";77526,9
"875109";"27:1:2";"Exp60_67_IS8347";"Exp60_67_IS8347";NA;"2023-10-08 02:02:00";77528,6
"875110";"27:1:2";"Exp60_67_IS8347";"Exp60_67_IS8347";NA;"2023-10-08 02:16:00";77527,5
"875111";"27:1:2";"Exp60_67_IS8347";"Exp60_67_IS8347";NA;"2023-10-08 02:32:00";77526,3
"875112";"27:1:2";"Exp60_67_IS8347";"Exp60_67_IS8347";NA;"2023-10-08 02:46:00";77527,8
"875113";"27:1:2";"Exp60_67_IS8347";"Exp60_67_IS8347";NA;"2023-10-08 03:02:00";77526,7
"875114";"27:1:2";"Exp60_67_IS8347";"Exp60_67_IS8347";NA;"2023-10-08 03:16:00";77525,5
"875115";"27:1:2";"Exp60_67_IS8347";"Exp60_67_IS8347";NA;"2023-10-08 03:32:00";77525
"875116";"27:1:2";"Exp60_67_IS8347";"Exp60_67_IS8347";NA;"2023-10-08 03:46:00";77523,3
"875117";"27:1:2";"Exp60_67_IS8347";"Exp60_67_IS8347";NA;"2023-10-08 04:02:00";77523,1
"875118";"27:1:2";"Exp60_67_IS8347";"Exp60_67_IS8347";NA;"2023-10-08 04:16:00";77523,7
"875119";"27:1:2";"Exp60_67_IS8347";"Exp60_67_IS8347";NA;"2023-10-08 04:32:00";77522,3
"875120";"27:1:2";"Exp60_67_IS8347";"Exp60_67_IS8347";NA;"2023-10-08 04:46:00";77521,7
"875121";"27:1:2";"Exp60_67_IS8347";"Exp60_67_IS8347";NA;"2023-10-08 05:02:00";77522,2
"875122";"27:1:2";"Exp60_67_IS8347";"Exp60_67_IS8347";NA;"2023-10-08 05:16:00";77519,9
"875123";"27:1:2";"Exp60_67_IS8347";"Exp60_67_IS8347";NA;"2023-10-08 05:32:00";77519
"875124";"27:1:2";"Exp60_67_IS8347";"Exp60_67_IS8347";NA;"2023-10-08 05:46:00";77517,9
"875125";"27:1:2";"Exp60_67_IS8347";"Exp60_67_IS8347";NA;"2023-10-08 06:02:00";77518,5
"875126";"27:1:2";"Exp60_67_IS8347";"Exp60_67_IS8347";NA;"2023-10-08 06:16:00";77516,7
"875127";"27:1:2";"Exp60_67_IS8347";"Exp60_67_IS8347";NA;"2023-10-08 06:32:00";77516,7
"875128";"27:1:2";"Exp60_67_IS8347";"Exp60_67_IS8347";NA;"2023-10-08 06:46:00";77516,4
"875129";"27:1:2";"Exp60_67_IS8347";"Exp60_67_IS8347";NA;"2023-10-08 07:02:00";77515,4
"875130";"27:1:2";"Exp60_67_IS8347";"Exp60_67_IS8347";NA;"2023-10-08 07:16:00";77514,3
"875131";"27:1:2";"Exp60_67_IS8347";"Exp60_67_IS8347";NA;"2023-10-08 07:32:00";77509,9
"875132";"27:1:2";"Exp60_67_IS8347";"Exp60_67_IS8347";NA;"2023-10-08 07:46:00";77504
"875133";"27:1:2";"Exp60_67_IS8347";"Exp60_67_IS8347";NA;"2023-10-08 08:02:00";77497
"875134";"27:1:2";"Exp60_67_IS8347";"Exp60_67_IS8347";NA;"2023-10-08 08:16:00";77490,8
"875135";"27:1:2";"Exp60_67_IS8347";"Exp60_67_IS8347";NA;"2023-10-08 08:32:00";77481,5
"875136";"27:1:2";"Exp60_67_IS8347";"Exp60_67_IS8347";NA;"2023-10-08 08:46:00";77469,9
"875137";"27:1:2";"Exp60_67_IS8347";"Exp60_67_IS8347";NA;"2023-10-08 09:02:00";77450,8
"875138";"27:1:2";"Exp60_67_IS8347";"Exp60_67_IS8347";NA;"2023-10-08 09:16:00";77435,9
"875139";"27:1:2";"Exp60_67_IS8347";"Exp60_67_IS8347";NA;"2023-10-08 09:32:00";77418,9
"875140";"27:1:2";"Exp60_67_IS8347";"Exp60_67_IS8347";NA;"2023-10-08 09:46:00";77395,1
"875141";"27:1:2";"Exp60_67_IS8347";"Exp60_67_IS8347";NA;"2023-10-08 10:32:00";77340,6
"875142";"27:1:2";"Exp60_67_IS8347";"Exp60_67_IS8347";NA;"2023-10-08 10:46:00";77317,6
"875143";"27:1:2";"Exp60_67_IS8347";"Exp60_67_IS8347";NA;"2023-10-08 11:17:00";77262,4
"875144";"27:1:2";"Exp60_67_IS8347";"Exp60_67_IS8347";NA;"2023-10-08 11:31:00";77197,6
"875145";"27:1:2";"Exp60_67_IS8347";"Exp60_67_IS8347";NA;"2023-10-08 12:02:00";77192,4
"875146";"27:1:2";"Exp60_67_IS8347";"Exp60_67_IS8347";NA;"2023-10-08 12:16:00";77170,9
"875147";"27:1:2";"Exp60_67_IS8347";"Exp60_67_IS8347";NA;"2023-10-08 12:32:00";77141,4
"875148";"27:1:2";"Exp60_67_IS8347";"Exp60_67_IS8347";NA;"2023-10-08 12:46:00";77120,2
"875149";"27:1:2";"Exp60_67_IS8347";"Exp60_67_IS8347";NA;"2023-10-08 13:02:00";77093,8
"875150";"27:1:2";"Exp60_67_IS8347";"Exp60_67_IS8347";NA;"2023-10-08 13:16:00";77077,1
"875151";"27:1:2";"Exp60_67_IS8347";"Exp60_67_IS8347";NA;"2023-10-08 13:47:00";77021,9
"875152";"27:1:2";"Exp60_67_IS8347";"Exp60_67_IS8347";NA;"2023-10-08 14:01:00";77000,5
"875153";"27:1:2";"Exp60_67_IS8347";"Exp60_67_IS8347";NA;"2023-10-08 14:17:00";76981,9
"875154";"27:1:2";"Exp60_67_IS8347";"Exp60_67_IS8347";NA;"2023-10-08 14:31:00";76966,4
"875155";"27:1:2";"Exp60_67_IS8347";"Exp60_67_IS8347";NA;"2023-10-08 14:47:00";76951,3
"875156";"27:1:2";"Exp60_67_IS8347";"Exp60_67_IS8347";NA;"2023-10-08 15:01:00";76924
"875157";"27:1:2";"Exp60_67_IS8347";"Exp60_67_IS8347";NA;"2023-10-08 22:46:00";76797,5
"875158";"27:1:2";"Exp60_67_IS8347";"Exp60_67_IS8347";NA;"2023-10-08 23:02:00";76796,5
"875159";"27:1:2";"Exp60_67_IS8347";"Exp60_67_IS8347";NA;"2023-10-08 23:16:00";76795,5
"875160";"27:1:2";"Exp60_67_IS8347";"Exp60_67_IS8347";NA;"2023-10-08 23:32:00";76794,9
"875161";"27:1:2";"Exp60_67_IS8347";"Exp60_67_IS8347";NA;"2023-10-08 23:46:00";76794,7
"875162";"27:1:2";"Exp60_67_IS8347";"Exp60_67_IS8347";NA;"2023-10-09 00:02:00";76793
"875163";"27:1:2";"Exp60_67_IS8347";"Exp60_67_IS8347";NA;"2023-10-09 00:16:00";76793,4
"875164";"27:1:2";"Exp60_67_IS8347";"Exp60_67_IS8347";NA;"2023-10-09 00:32:00";76793,3
"875165";"27:1:2";"Exp60_67_IS8347";"Exp60_67_IS8347";NA;"2023-10-09 00:46:00";76794,9
"875166";"27:1:2";"Exp60_67_IS8347";"Exp60_67_IS8347";NA;"2023-10-09 01:02:00";76793,6
"875167";"27:1:2";"Exp60_67_IS8347";"Exp60_67_IS8347";NA;"2023-10-09 01:16:00";76793
"875168";"27:1:2";"Exp60_67_IS8347";"Exp60_67_IS8347";NA;"2023-10-09 01:32:00";76792,8
"875169";"27:1:2";"Exp60_67_IS8347";"Exp60_67_IS8347";NA;"2023-10-09 01:46:00";76792,9
"875170";"27:1:2";"Exp60_67_IS8347";"Exp60_67_IS8347";NA;"2023-10-09 02:02:00";76790,5
"875171";"27:1:2";"Exp60_67_IS8347";"Exp60_67_IS8347";NA;"2023-10-09 02:16:00";76789,4
"875172";"27:1:2";"Exp60_67_IS8347";"Exp60_67_IS8347";NA;"2023-10-09 02:32:00";76788,9
"875173";"27:1:2";"Exp60_67_IS8347";"Exp60_67_IS8347";NA;"2023-10-09 02:46:00";76788
"875174";"27:1:2";"Exp60_67_IS8347";"Exp60_67_IS8347";NA;"2023-10-09 03:02:00";76787,4
"875175";"27:1:2";"Exp60_67_IS8347";"Exp60_67_IS8347";NA;"2023-10-09 03:16:00";76787,2
"875176";"27:1:2";"Exp60_67_IS8347";"Exp60_67_IS8347";NA;"2023-10-09 03:32:00";76787,7
"875177";"27:1:2";"Exp60_67_IS8347";"Exp60_67_IS8347";NA;"2023-10-09 03:46:00";76787,8
"875178";"27:1:2";"Exp60_67_IS8347";"Exp60_67_IS8347";NA;"2023-10-09 04:17:00";76786,5
"875179";"27:1:2";"Exp60_67_IS8347";"Exp60_67_IS8347";NA;"2023-10-09 04:31:00";76786,6
"875180";"27:1:2";"Exp60_67_IS8347";"Exp60_67_IS8347";NA;"2023-10-09 04:47:00";76785,8
"875181";"27:1:2";"Exp60_67_IS8347";"Exp60_67_IS8347";NA;"2023-10-09 05:01:00";76785,7
"875182";"27:1:2";"Exp60_67_IS8347";"Exp60_67_IS8347";NA;"2023-10-09 05:17:00";76786,1
"875183";"27:1:2";"Exp60_67_IS8347";"Exp60_67_IS8347";NA;"2023-10-09 05:31:00";76786
"875184";"27:1:2";"Exp60_67_IS8347";"Exp60_67_IS8347";NA;"2023-10-09 05:47:00";76783,9
"875185";"27:1:2";"Exp60_67_IS8347";"Exp60_67_IS8347";NA;"2023-10-09 06:01:00";76783,6
"875186";"27:1:2";"Exp60_67_IS8347";"Exp60_67_IS8347";NA;"2023-10-09 06:17:00";76783,2
"875187";"27:1:2";"Exp60_67_IS8347";"Exp60_67_IS8347";NA;"2023-10-09 06:31:00";76781,2
"875188";"27:1:2";"Exp60_67_IS8347";"Exp60_67_IS8347";NA;"2023-10-09 06:47:00";76779,9
"875189";"27:1:2";"Exp60_67_IS8347";"Exp60_67_IS8347";NA;"2023-10-09 07:01:00";76778,1
"875190";"27:1:2";"Exp60_67_IS8347";"Exp60_67_IS8347";NA;"2023-10-09 07:17:00";76776,1
"875191";"27:1:2";"Exp60_67_IS8347";"Exp60_67_IS8347";NA;"2023-10-09 07:31:00";76773,5
"875192";"27:1:2";"Exp60_67_IS8347";"Exp60_67_IS8347";NA;"2023-10-09 07:47:00";76768,6
"875193";"27:1:2";"Exp60_67_IS8347";"Exp60_67_IS8347";NA;"2023-10-09 08:01:00";76762,1
"875194";"27:1:2";"Exp60_67_IS8347";"Exp60_67_IS8347";NA;"2023-10-09 08:17:00";76751,6
"875195";"27:1:2";"Exp60_67_IS8347";"Exp60_67_IS8347";NA;"2023-10-09 08:31:00";76741,8
"875196";"27:1:2";"Exp60_67_IS8347";"Exp60_67_IS8347";NA;"2023-10-09 08:47:00";76729,6
"875197";"27:1:2";"Exp60_67_IS8347";"Exp60_67_IS8347";NA;"2023-10-09 09:01:00";76718,8
"875198";"27:1:2";"Exp60_67_IS8347";"Exp60_67_IS8347";NA;"2023-10-09 09:17:00";76699,2
"875199";"27:1:2";"Exp60_67_IS8347";"Exp60_67_IS8347";NA;"2023-10-09 09:31:00";76680,6
"875200";"27:1:2";"Exp60_67_IS8347";"Exp60_67_IS8347";NA;"2023-10-09 10:32:00";76604,9
"875201";"27:1:2";"Exp60_67_IS8347";"Exp60_67_IS8347";NA;"2023-10-09 10:46:00";76586,4
"875202";"27:1:2";"Exp60_67_IS8347";"Exp60_67_IS8347";NA;"2023-10-09 11:02:00";76569,3
"875203";"27:1:2";"Exp60_67_IS8347";"Exp60_67_IS8347";NA;"2023-10-09 11:16:00";76545,9
"875204";"27:1:2";"Exp60_67_IS8347";"Exp60_67_IS8347";NA;"2023-10-09 11:47:00";76488,1
"875205";"27:1:2";"Exp60_67_IS8347";"Exp60_67_IS8347";NA;"2023-10-09 12:01:00";76485,8
"875206";"27:1:2";"Exp60_67_IS8347";"Exp60_67_IS8347";NA;"2023-10-09 12:17:00";76462,4
"875207";"27:1:2";"Exp60_67_IS8347";"Exp60_67_IS8347";NA;"2023-10-09 12:31:00";76447,5
"875208";"27:1:2";"Exp60_67_IS8347";"Exp60_67_IS8347";NA;"2023-10-09 12:47:00";76418,5
"875209";"27:1:2";"Exp60_67_IS8347";"Exp60_67_IS8347";NA;"2023-10-09 13:01:00";76385,3
"875210";"27:1:2";"Exp60_67_IS8347";"Exp60_67_IS8347";NA;"2023-10-09 13:32:00";76347,3
"875211";"27:1:2";"Exp60_67_IS8347";"Exp60_67_IS8347";NA;"2023-10-09 13:46:00";76333,2
"875212";"27:1:2";"Exp60_67_IS8347";"Exp60_67_IS8347";NA;"2023-10-09 14:02:00";76319,8
"875213";"27:1:2";"Exp60_67_IS8347";"Exp60_67_IS8347";NA;"2023-10-09 14:16:00";76309,2
"875214";"27:1:2";"Exp60_67_IS8347";"Exp60_67_IS8347";NA;"2023-10-09 20:16:00";76157,6
"875215";"27:1:2";"Exp60_67_IS8347";"Exp60_67_IS8347";NA;"2023-10-09 20:32:00";76160
"875216";"27:1:2";"Exp60_67_IS8347";"Exp60_67_IS8347";NA;"2023-10-09 20:46:00";76160,2
"875217";"27:1:2";"Exp60_67_IS8347";"Exp60_67_IS8347";NA;"2023-10-09 21:02:00";76159,8
"875218";"27:1:2";"Exp60_67_IS8347";"Exp60_67_IS8347";NA;"2023-10-09 21:16:00";76158,2
"875219";"27:1:2";"Exp60_67_IS8347";"Exp60_67_IS8347";NA;"2023-10-09 21:32:00";76157,6
"875220";"27:1:2";"Exp60_67_IS8347";"Exp60_67_IS8347";NA;"2023-10-09 21:46:00";76156
"875221";"27:1:2";"Exp60_67_IS8347";"Exp60_67_IS8347";NA;"2023-10-09 22:32:00";76154,7
"875222";"27:1:2";"Exp60_67_IS8347";"Exp60_67_IS8347";NA;"2023-10-09 22:46:00";76155,1
"875223";"27:1:2";"Exp60_67_IS8347";"Exp60_67_IS8347";NA;"2023-10-09 23:17:00";76155,4
"875224";"27:1:2";"Exp60_67_IS8347";"Exp60_67_IS8347";NA;"2023-10-09 23:31:00";76155,1
"875225";"27:1:2";"Exp60_67_IS8347";"Exp60_67_IS8347";NA;"2023-10-09 23:47:00";76155,5
"875226";"27:1:2";"Exp60_67_IS8347";"Exp60_67_IS8347";NA;"2023-10-10 00:16:00";76156,9
"875227";"27:1:2";"Exp60_67_IS8347";"Exp60_67_IS8347";NA;"2023-10-10 00:47:00";76153,5
"875228";"27:1:2";"Exp60_67_IS8347";"Exp60_67_IS8347";NA;"2023-10-10 01:01:00";76151,9
"875229";"27:1:2";"Exp60_67_IS8347";"Exp60_67_IS8347";NA;"2023-10-10 01:17:00";76152,7
"875230";"27:1:2";"Exp60_67_IS8347";"Exp60_67_IS8347";NA;"2023-10-10 01:31:00";76152,5
"875231";"27:1:2";"Exp60_67_IS8347";"Exp60_67_IS8347";NA;"2023-10-10 01:47:00";76152
"875232";"27:1:2";"Exp60_67_IS8347";"Exp60_67_IS8347";NA;"2023-10-10 02:01:00";76152,3
"875233";"27:1:2";"Exp60_67_IS8347";"Exp60_67_IS8347";NA;"2023-10-10 02:17:00";76150,6
"875234";"27:1:2";"Exp60_67_IS8347";"Exp60_67_IS8347";NA;"2023-10-10 02:31:00";76149,7
"875235";"27:1:2";"Exp60_67_IS8347";"Exp60_67_IS8347";NA;"2023-10-10 02:47:00";76148,9
"875236";"27:1:2";"Exp60_67_IS8347";"Exp60_67_IS8347";NA;"2023-10-10 03:01:00";76148
"875237";"27:1:2";"Exp60_67_IS8347";"Exp60_67_IS8347";NA;"2023-10-10 03:17:00";76148
"875238";"27:1:2";"Exp60_67_IS8347";"Exp60_67_IS8347";NA;"2023-10-10 03:31:00";76148,9
"875239";"27:1:2";"Exp60_67_IS8347";"Exp60_67_IS8347";NA;"2023-10-10 03:47:00";76147,6
"875240";"27:1:2";"Exp60_67_IS8347";"Exp60_67_IS8347";NA;"2023-10-10 04:01:00";76146,6
"875241";"27:1:2";"Exp60_67_IS8347";"Exp60_67_IS8347";NA;"2023-10-10 04:17:00";76146,5
"875242";"27:1:2";"Exp60_67_IS8347";"Exp60_67_IS8347";NA;"2023-10-10 04:31:00";76146,6
"875243";"27:1:2";"Exp60_67_IS8347";"Exp60_67_IS8347";NA;"2023-10-10 04:47:00";76146,6
"875244";"27:1:2";"Exp60_67_IS8347";"Exp60_67_IS8347";NA;"2023-10-10 05:01:00";76146
"875245";"27:1:2";"Exp60_67_IS8347";"Exp60_67_IS8347";NA;"2023-10-10 05:17:00";76146,8
"875246";"27:1:2";"Exp60_67_IS8347";"Exp60_67_IS8347";NA;"2023-10-10 05:31:00";76146,5
"875247";"27:1:2";"Exp60_67_IS8347";"Exp60_67_IS8347";NA;"2023-10-10 05:47:00";76146,2
"875248";"27:1:2";"Exp60_67_IS8347";"Exp60_67_IS8347";NA;"2023-10-10 06:01:00";76145,6
"875249";"27:1:2";"Exp60_67_IS8347";"Exp60_67_IS8347";NA;"2023-10-10 06:17:00";76145,3
"875250";"27:1:2";"Exp60_67_IS8347";"Exp60_67_IS8347";NA;"2023-10-10 06:46:00";76143,2
"875251";"27:1:2";"Exp60_67_IS8347";"Exp60_67_IS8347";NA;"2023-10-10 07:17:00";76139,7
"875252";"27:1:2";"Exp60_67_IS8347";"Exp60_67_IS8347";NA;"2023-10-10 07:31:00";76135
"875253";"27:1:2";"Exp60_67_IS8347";"Exp60_67_IS8347";NA;"2023-10-10 08:02:00";76124,1
"875254";"27:1:2";"Exp60_67_IS8347";"Exp60_67_IS8347";NA;"2023-10-10 08:16:00";76117,1
"875255";"27:1:2";"Exp60_67_IS8347";"Exp60_67_IS8347";NA;"2023-10-10 08:32:00";76106,5
"875256";"27:1:2";"Exp60_67_IS8347";"Exp60_67_IS8347";NA;"2023-10-10 08:46:00";76097,5
"875257";"27:1:2";"Exp60_67_IS8347";"Exp60_67_IS8347";NA;"2023-10-10 09:02:00";76083,1
"875258";"27:1:2";"Exp60_67_IS8347";"Exp60_67_IS8347";NA;"2023-10-10 09:16:00";76072,7
"875259";"27:1:2";"Exp60_67_IS8347";"Exp60_67_IS8347";NA;"2023-10-10 09:32:00";76053,2
"875260";"27:1:2";"Exp60_67_IS8347";"Exp60_67_IS8347";NA;"2023-10-10 09:46:00";76032,3
"875261";"27:1:2";"Exp60_67_IS8347";"Exp60_67_IS8347";NA;"2023-10-10 10:02:00";76013
"875262";"27:1:2";"Exp60_67_IS8347";"Exp60_67_IS8347";NA;"2023-10-10 10:16:00";75996,7
"875263";"27:1:2";"Exp60_67_IS8347";"Exp60_67_IS8347";NA;"2023-10-10 10:32:00";75966,6
"875264";"27:1:2";"Exp60_67_IS8347";"Exp60_67_IS8347";NA;"2023-10-10 10:46:00";75951,8
"875265";"27:1:2";"Exp60_67_IS8347";"Exp60_67_IS8347";NA;"2023-10-10 11:02:00";75924,6
"875266";"27:1:2";"Exp60_67_IS8347";"Exp60_67_IS8347";NA;"2023-10-10 11:16:00";75903,5
"875267";"27:1:2";"Exp60_67_IS8347";"Exp60_67_IS8347";NA;"2023-10-10 15:46:00";75621,2
"875268";"27:1:2";"Exp60_67_IS8347";"Exp60_67_IS8347";NA;"2023-10-10 18:01:00";77886,6
"875269";"27:1:2";"Exp60_67_IS8347";"Exp60_67_IS8347";NA;"2023-10-10 18:17:00";77884
"875270";"27:1:2";"Exp60_67_IS8347";"Exp60_67_IS8347";NA;"2023-10-10 18:31:00";77881,9
"875271";"27:1:2";"Exp60_67_IS8347";"Exp60_67_IS8347";NA;"2023-10-10 18:47:00";77874,4
"875272";"27:1:2";"Exp60_67_IS8347";"Exp60_67_IS8347";NA;"2023-10-10 19:01:00";77875,3
"875273";"27:1:2";"Exp60_67_IS8347";"Exp60_67_IS8347";NA;"2023-10-10 19:17:00";77872,7
"875274";"27:1:2";"Exp60_67_IS8347";"Exp60_67_IS8347";NA;"2023-10-10 19:31:00";77869,9
"875275";"27:1:2";"Exp60_67_IS8347";"Exp60_67_IS8347";NA;"2023-10-10 19:47:00";77868,1
"875276";"27:1:2";"Exp60_67_IS8347";"Exp60_67_IS8347";NA;"2023-10-10 20:01:00";77866,9
"875277";"27:1:2";"Exp60_67_IS8347";"Exp60_67_IS8347";NA;"2023-10-10 20:17:00";77861,4
"875278";"27:1:2";"Exp60_67_IS8347";"Exp60_67_IS8347";NA;"2023-10-10 20:31:00";77862,5
"875279";"27:1:2";"Exp60_67_IS8347";"Exp60_67_IS8347";NA;"2023-10-10 20:47:00";77859,9
"875280";"27:1:2";"Exp60_67_IS8347";"Exp60_67_IS8347";NA;"2023-10-10 21:01:00";77859,4
"875281";"27:1:2";"Exp60_67_IS8347";"Exp60_67_IS8347";NA;"2023-10-10 21:17:00";77856,3
"875282";"27:1:2";"Exp60_67_IS8347";"Exp60_67_IS8347";NA;"2023-10-10 21:31:00";77854,7
"875283";"27:1:2";"Exp60_67_IS8347";"Exp60_67_IS8347";NA;"2023-10-10 21:47:00";77851,7
"875284";"27:1:2";"Exp60_67_IS8347";"Exp60_67_IS8347";NA;"2023-10-10 22:01:00";77850,5
"875285";"27:1:2";"Exp60_67_IS8347";"Exp60_67_IS8347";NA;"2023-10-10 22:32:00";77847,4
"875286";"27:1:2";"Exp60_67_IS8347";"Exp60_67_IS8347";NA;"2023-10-10 22:46:00";77847,1
"875287";"27:1:2";"Exp60_67_IS8347";"Exp60_67_IS8347";NA;"2023-10-10 23:02:00";77844,9
"875288";"27:1:2";"Exp60_67_IS8347";"Exp60_67_IS8347";NA;"2023-10-10 23:16:00";77844,1
"875289";"27:1:2";"Exp60_67_IS8347";"Exp60_67_IS8347";NA;"2023-10-10 23:32:00";77844,3
"875290";"27:1:2";"Exp60_67_IS8347";"Exp60_67_IS8347";NA;"2023-10-10 23:46:00";77844
"875291";"27:1:2";"Exp60_67_IS8347";"Exp60_67_IS8347";NA;"2023-10-11 00:02:00";77843
"875292";"27:1:2";"Exp60_67_IS8347";"Exp60_67_IS8347";NA;"2023-10-11 00:16:00";77841,8
"875293";"27:1:2";"Exp60_67_IS8347";"Exp60_67_IS8347";NA;"2023-10-11 00:32:00";77840,8
"875294";"27:1:2";"Exp60_67_IS8347";"Exp60_67_IS8347";NA;"2023-10-11 00:46:00";77840,1
"875295";"27:1:2";"Exp60_67_IS8347";"Exp60_67_IS8347";NA;"2023-10-11 06:31:00";77828,4
"875296";"27:1:2";"Exp60_67_IS8347";"Exp60_67_IS8347";NA;"2023-10-11 07:17:00";77824
"875297";"27:1:2";"Exp60_67_IS8347";"Exp60_67_IS8347";NA;"2023-10-11 07:31:00";77821,7
"875298";"27:1:2";"Exp60_67_IS8347";"Exp60_67_IS8347";NA;"2023-10-11 07:47:00";77818,9
"875299";"27:1:2";"Exp60_67_IS8347";"Exp60_67_IS8347";NA;"2023-10-11 08:01:00";77814,7
"875300";"27:1:2";"Exp60_67_IS8347";"Exp60_67_IS8347";NA;"2023-10-11 08:17:00";77805,5
"875301";"27:1:2";"Exp60_67_IS8347";"Exp60_67_IS8347";NA;"2023-10-11 08:31:00";77793,5
"875302";"27:1:2";"Exp60_67_IS8347";"Exp60_67_IS8347";NA;"2023-10-11 08:47:00";77773,1
"875303";"27:1:2";"Exp60_67_IS8347";"Exp60_67_IS8347";NA;"2023-10-11 09:01:00";77754,3
"875304";"27:1:2";"Exp60_67_IS8347";"Exp60_67_IS8347";NA;"2023-10-11 16:16:00";77147,3
"875305";"27:1:2";"Exp60_67_IS8347";"Exp60_67_IS8347";NA;"2023-10-11 16:32:00";77135
"875306";"27:1:2";"Exp60_67_IS8347";"Exp60_67_IS8347";NA;"2023-10-11 16:46:00";77126
"875307";"27:1:2";"Exp60_67_IS8347";"Exp60_67_IS8347";NA;"2023-10-11 17:02:00";77113,5
"875308";"27:1:2";"Exp60_67_IS8347";"Exp60_67_IS8347";NA;"2023-10-11 17:16:00";77114,3
"875309";"27:1:2";"Exp60_67_IS8347";"Exp60_67_IS8347";NA;"2023-10-11 17:32:00";77109,9
"875310";"27:1:2";"Exp60_67_IS8347";"Exp60_67_IS8347";NA;"2023-10-11 17:46:00";77110
"875311";"27:1:2";"Exp60_67_IS8347";"Exp60_67_IS8347";NA;"2023-10-11 18:02:00";77106,9
"875312";"27:1:2";"Exp60_67_IS8347";"Exp60_67_IS8347";NA;"2023-10-11 18:16:00";77106,3
"875313";"27:1:2";"Exp60_67_IS8347";"Exp60_67_IS8347";NA;"2023-10-11 18:32:00";77104,5
"875314";"27:1:2";"Exp60_67_IS8347";"Exp60_67_IS8347";NA;"2023-10-11 18:46:00";77101
"875315";"27:1:2";"Exp60_67_IS8347";"Exp60_67_IS8347";NA;"2023-10-11 19:02:00";77103,2
"875316";"27:1:2";"Exp60_67_IS8347";"Exp60_67_IS8347";NA;"2023-10-11 19:16:00";77103,2
"875317";"27:1:2";"Exp60_67_IS8347";"Exp60_67_IS8347";NA;"2023-10-11 19:32:00";77101,9
"875318";"27:1:2";"Exp60_67_IS8347";"Exp60_67_IS8347";NA;"2023-10-11 19:46:00";77101,6
"875319";"27:1:2";"Exp60_67_IS8347";"Exp60_67_IS8347";NA;"2023-10-11 20:02:00";77100,5
"875320";"27:1:2";"Exp60_67_IS8347";"Exp60_67_IS8347";NA;"2023-10-11 20:46:00";77097,8
"875321";"27:1:2";"Exp60_67_IS8347";"Exp60_67_IS8347";NA;"2023-10-11 21:02:00";77097,3
"875322";"27:1:2";"Exp60_67_IS8347";"Exp60_67_IS8347";NA;"2023-10-11 21:16:00";77095,2
"875323";"27:1:2";"Exp60_67_IS8347";"Exp60_67_IS8347";NA;"2023-10-11 21:32:00";77096,1
"875324";"27:1:2";"Exp60_67_IS8347";"Exp60_67_IS8347";NA;"2023-10-11 21:46:00";77094
"875325";"27:1:2";"Exp60_67_IS8347";"Exp60_67_IS8347";NA;"2023-10-11 22:17:00";77091,7
"875326";"27:1:2";"Exp60_67_IS8347";"Exp60_67_IS8347";NA;"2023-10-11 22:31:00";77090,5
"875327";"27:1:2";"Exp60_67_IS8347";"Exp60_67_IS8347";NA;"2023-10-11 22:47:00";77088,7
"875328";"27:1:2";"Exp60_67_IS8347";"Exp60_67_IS8347";NA;"2023-10-11 23:01:00";77088,2
"875329";"27:1:2";"Exp60_67_IS8347";"Exp60_67_IS8347";NA;"2023-10-11 23:17:00";77087,2
"875330";"27:1:2";"Exp60_67_IS8347";"Exp60_67_IS8347";NA;"2023-10-11 23:31:00";77087,4
"875331";"27:1:2";"Exp60_67_IS8347";"Exp60_67_IS8347";NA;"2023-10-11 23:47:00";77087
"875332";"27:1:2";"Exp60_67_IS8347";"Exp60_67_IS8347";NA;"2023-10-12 00:01:00";77086,7
"875333";"27:1:2";"Exp60_67_IS8347";"Exp60_67_IS8347";NA;"2023-10-12 00:17:00";77086,2
"875334";"27:1:2";"Exp60_67_IS8347";"Exp60_67_IS8347";NA;"2023-10-12 00:31:00";77085,6
"875335";"27:1:2";"Exp60_67_IS8347";"Exp60_67_IS8347";NA;"2023-10-12 00:47:00";77085,5
"875336";"27:1:2";"Exp60_67_IS8347";"Exp60_67_IS8347";NA;"2023-10-12 01:01:00";77084,6
"875337";"27:1:2";"Exp60_67_IS8347";"Exp60_67_IS8347";NA;"2023-10-12 01:17:00";77083,4
"875338";"27:1:2";"Exp60_67_IS8347";"Exp60_67_IS8347";NA;"2023-10-12 01:31:00";77083,6
"875339";"27:1:2";"Exp60_67_IS8347";"Exp60_67_IS8347";NA;"2023-10-12 01:47:00";77083,5
"875340";"27:1:2";"Exp60_67_IS8347";"Exp60_67_IS8347";NA;"2023-10-12 02:01:00";77082,5
"875341";"27:1:2";"Exp60_67_IS8347";"Exp60_67_IS8347";NA;"2023-10-12 02:17:00";77083,7
"875342";"27:1:2";"Exp60_67_IS8347";"Exp60_67_IS8347";NA;"2023-10-12 02:31:00";77084,4
"875343";"27:1:2";"Exp60_67_IS8347";"Exp60_67_IS8347";NA;"2023-10-12 02:47:00";77086
"875344";"27:1:2";"Exp60_67_IS8347";"Exp60_67_IS8347";NA;"2023-10-12 03:01:00";77085,6
"875345";"27:1:2";"Exp60_67_IS8347";"Exp60_67_IS8347";NA;"2023-10-12 03:17:00";77084,8
"875346";"27:1:2";"Exp60_67_IS8347";"Exp60_67_IS8347";NA;"2023-10-12 03:31:00";77085
"875347";"27:1:2";"Exp60_67_IS8347";"Exp60_67_IS8347";NA;"2023-10-12 03:47:00";77083,1
"875348";"27:1:2";"Exp60_67_IS8347";"Exp60_67_IS8347";NA;"2023-10-12 04:01:00";77083,1
"875349";"27:1:2";"Exp60_67_IS8347";"Exp60_67_IS8347";NA;"2023-10-12 04:17:00";77082,5
"875350";"27:1:2";"Exp60_67_IS8347";"Exp60_67_IS8347";NA;"2023-10-12 04:31:00";77080,9
"875351";"27:1:2";"Exp60_67_IS8347";"Exp60_67_IS8347";NA;"2023-10-12 04:47:00";77080,3
"875352";"27:1:2";"Exp60_67_IS8347";"Exp60_67_IS8347";NA;"2023-10-12 05:01:00";77079,3
"875353";"27:1:2";"Exp60_67_IS8347";"Exp60_67_IS8347";NA;"2023-10-12 05:32:00";77076,5
"875354";"27:1:2";"Exp60_67_IS8347";"Exp60_67_IS8347";NA;"2023-10-12 05:46:00";77077,6
"875355";"27:1:2";"Exp60_67_IS8347";"Exp60_67_IS8347";NA;"2023-10-12 06:02:00";77078,7
"875356";"27:1:2";"Exp60_67_IS8347";"Exp60_67_IS8347";NA;"2023-10-12 06:16:00";77078,3
"875357";"27:1:2";"Exp60_67_IS8347";"Exp60_67_IS8347";NA;"2023-10-12 06:47:00";77074,9
"875358";"27:1:2";"Exp60_67_IS8347";"Exp60_67_IS8347";NA;"2023-10-12 07:01:00";77074,5
"875359";"27:1:2";"Exp60_67_IS8347";"Exp60_67_IS8347";NA;"2023-10-12 07:17:00";77074,5
"875360";"27:1:2";"Exp60_67_IS8347";"Exp60_67_IS8347";NA;"2023-10-12 07:31:00";77072,4
"875361";"27:1:2";"Exp60_67_IS8347";"Exp60_67_IS8347";NA;"2023-10-12 07:47:00";77068
"875362";"27:1:2";"Exp60_67_IS8347";"Exp60_67_IS8347";NA;"2023-10-12 08:01:00";77062,8
"875363";"27:1:2";"Exp60_67_IS8347";"Exp60_67_IS8347";NA;"2023-10-12 08:17:00";77053,9
"875364";"27:1:2";"Exp60_67_IS8347";"Exp60_67_IS8347";NA;"2023-10-12 08:31:00";77042,8
"875365";"27:1:2";"Exp60_67_IS8347";"Exp60_67_IS8347";NA;"2023-10-12 08:47:00";77030,5
"875366";"27:1:2";"Exp60_67_IS8347";"Exp60_67_IS8347";NA;"2023-10-12 09:01:00";77012,9
"875367";"27:1:2";"Exp60_67_IS8347";"Exp60_67_IS8347";NA;"2023-10-12 09:17:00";76995,9
"875368";"27:1:2";"Exp60_67_IS8347";"Exp60_67_IS8347";NA;"2023-10-12 09:31:00";76978,1
"875369";"27:1:2";"Exp60_67_IS8347";"Exp60_67_IS8347";NA;"2023-10-12 09:47:00";76956,4
"875370";"27:1:2";"Exp60_67_IS8347";"Exp60_67_IS8347";NA;"2023-10-12 10:01:00";76936,1
"875371";"27:1:2";"Exp60_67_IS8347";"Exp60_67_IS8347";NA;"2023-10-12 15:01:00";76503,7
"875372";"27:1:2";"Exp60_67_IS8347";"Exp60_67_IS8347";NA;"2023-10-12 15:17:00";76491,1
"875373";"27:1:2";"Exp60_67_IS8347";"Exp60_67_IS8347";NA;"2023-10-12 15:31:00";76479,7
"875374";"27:1:2";"Exp60_67_IS8347";"Exp60_67_IS8347";NA;"2023-10-12 15:47:00";76462,5
"875375";"27:1:2";"Exp60_67_IS8347";"Exp60_67_IS8347";NA;"2023-10-12 16:01:00";76449,3
"875376";"27:1:2";"Exp60_67_IS8347";"Exp60_67_IS8347";NA;"2023-10-12 16:17:00";76435,1
"875377";"27:1:2";"Exp60_67_IS8347";"Exp60_67_IS8347";NA;"2023-10-12 16:31:00";76426,6
"875378";"27:1:2";"Exp60_67_IS8347";"Exp60_67_IS8347";NA;"2023-10-12 16:47:00";76416
"875379";"27:1:2";"Exp60_67_IS8347";"Exp60_67_IS8347";NA;"2023-10-12 17:01:00";76411,3
"875380";"27:1:2";"Exp60_67_IS8347";"Exp60_67_IS8347";NA;"2023-10-12 17:17:00";76403,5
"875381";"27:1:2";"Exp60_67_IS8347";"Exp60_67_IS8347";NA;"2023-10-12 17:31:00";76403,1
"875382";"27:1:2";"Exp60_67_IS8347";"Exp60_67_IS8347";NA;"2023-10-12 17:47:00";76400,2
"875383";"27:1:2";"Exp60_67_IS8347";"Exp60_67_IS8347";NA;"2023-10-12 18:01:00";76399,8
"875384";"27:1:2";"Exp60_67_IS8347";"Exp60_67_IS8347";NA;"2023-10-12 18:17:00";76398,8
"875385";"27:1:2";"Exp60_67_IS8347";"Exp60_67_IS8347";NA;"2023-10-12 18:31:00";76397,8
"875386";"27:1:2";"Exp60_67_IS8347";"Exp60_67_IS8347";NA;"2023-10-12 18:47:00";76397,2
"875387";"27:1:2";"Exp60_67_IS8347";"Exp60_67_IS8347";NA;"2023-10-12 19:01:00";76397
"875388";"27:1:2";"Exp60_67_IS8347";"Exp60_67_IS8347";NA;"2023-10-12 19:17:00";76396,1
"875389";"27:1:2";"Exp60_67_IS8347";"Exp60_67_IS8347";NA;"2023-10-12 19:31:00";76395,1
"875390";"27:1:2";"Exp60_67_IS8347";"Exp60_67_IS8347";NA;"2023-10-12 20:02:00";76392,4
"875391";"27:1:2";"Exp60_67_IS8347";"Exp60_67_IS8347";NA;"2023-10-12 20:16:00";76391,5
"875392";"27:1:2";"Exp60_67_IS8347";"Exp60_67_IS8347";NA;"2023-10-13 03:16:00";76390,6
"875393";"27:1:2";"Exp60_67_IS8347";"Exp60_67_IS8347";NA;"2023-10-13 03:32:00";76390,2
"875394";"27:1:2";"Exp60_67_IS8347";"Exp60_67_IS8347";NA;"2023-10-13 03:46:00";76389,4
"875395";"27:1:2";"Exp60_67_IS8347";"Exp60_67_IS8347";NA;"2023-10-13 04:02:00";76389,6
"875396";"27:1:2";"Exp60_67_IS8347";"Exp60_67_IS8347";NA;"2023-10-13 04:16:00";76390
"875397";"27:1:2";"Exp60_67_IS8347";"Exp60_67_IS8347";NA;"2023-10-13 04:32:00";76388,9
"875398";"27:1:2";"Exp60_67_IS8347";"Exp60_67_IS8347";NA;"2023-10-13 04:46:00";76387,8
"875399";"27:1:2";"Exp60_67_IS8347";"Exp60_67_IS8347";NA;"2023-10-13 05:02:00";76388
"875400";"27:1:2";"Exp60_67_IS8347";"Exp60_67_IS8347";NA;"2023-10-13 05:16:00";76387,9
"875401";"27:1:2";"Exp60_67_IS8347";"Exp60_67_IS8347";NA;"2023-10-13 05:32:00";76388,7
"875402";"27:1:2";"Exp60_67_IS8347";"Exp60_67_IS8347";NA;"2023-10-13 05:46:00";76388,7
"875403";"27:1:2";"Exp60_67_IS8347";"Exp60_67_IS8347";NA;"2023-10-13 06:02:00";76387,8
"875404";"27:1:2";"Exp60_67_IS8347";"Exp60_67_IS8347";NA;"2023-10-13 06:16:00";76386,7
"875405";"27:1:2";"Exp60_67_IS8347";"Exp60_67_IS8347";NA;"2023-10-13 06:32:00";76386,5
"875406";"27:1:2";"Exp60_67_IS8347";"Exp60_67_IS8347";NA;"2023-10-13 06:46:00";76385,1
"875407";"27:1:2";"Exp60_67_IS8347";"Exp60_67_IS8347";NA;"2023-10-13 12:46:00";76039,6
"875408";"27:1:2";"Exp60_67_IS8347";"Exp60_67_IS8347";NA;"2023-10-13 13:02:00";76013,2
"875409";"27:1:2";"Exp60_67_IS8347";"Exp60_67_IS8347";NA;"2023-10-13 13:16:00";76007,3
"875410";"27:1:2";"Exp60_67_IS8347";"Exp60_67_IS8347";NA;"2023-10-13 13:32:00";75976,6
"875411";"27:1:2";"Exp60_67_IS8347";"Exp60_67_IS8347";NA;"2023-10-13 13:46:00";75955,9
"875412";"27:1:2";"Exp60_67_IS8347";"Exp60_67_IS8347";NA;"2023-10-13 19:46:00";78624,4
"875413";"27:1:2";"Exp60_67_IS8347";"Exp60_67_IS8347";NA;"2023-10-13 20:02:00";78585,2
"875414";"27:1:2";"Exp60_67_IS8347";"Exp60_67_IS8347";NA;"2023-10-13 20:16:00";78558,3
"875415";"27:1:2";"Exp60_67_IS8347";"Exp60_67_IS8347";NA;"2023-10-13 20:32:00";78528,8
"875416";"27:1:2";"Exp60_67_IS8347";"Exp60_67_IS8347";NA;"2023-10-13 20:46:00";78509,5
"875417";"27:1:2";"Exp60_67_IS8347";"Exp60_67_IS8347";NA;"2023-10-13 21:02:00";78489,1
"875418";"27:1:2";"Exp60_67_IS8347";"Exp60_67_IS8347";NA;"2023-10-13 21:16:00";78474,6
"875419";"27:1:2";"Exp60_67_IS8347";"Exp60_67_IS8347";NA;"2023-10-13 21:32:00";78459,1
"875420";"27:1:2";"Exp60_67_IS8347";"Exp60_67_IS8347";NA;"2023-10-13 21:46:00";78448,4
"875421";"27:1:2";"Exp60_67_IS8347";"Exp60_67_IS8347";NA;"2023-10-13 22:02:00";78435
"875422";"27:1:2";"Exp60_67_IS8347";"Exp60_67_IS8347";NA;"2023-10-13 22:16:00";78424,8
"875423";"27:1:2";"Exp60_67_IS8347";"Exp60_67_IS8347";NA;"2023-10-13 22:32:00";78413,7
"875424";"27:1:2";"Exp60_67_IS8347";"Exp60_67_IS8347";NA;"2023-10-13 22:46:00";78405
"875425";"27:1:2";"Exp60_67_IS8347";"Exp60_67_IS8347";NA;"2023-10-13 23:02:00";78397,7
"875426";"27:1:2";"Exp60_67_IS8347";"Exp60_67_IS8347";NA;"2023-10-13 23:16:00";78389,6
"875427";"27:1:2";"Exp60_67_IS8347";"Exp60_67_IS8347";NA;"2023-10-13 23:47:00";78374,6
"875428";"27:1:2";"Exp60_67_IS8347";"Exp60_67_IS8347";NA;"2023-10-14 00:01:00";78369,3
"875429";"27:1:2";"Exp60_67_IS8347";"Exp60_67_IS8347";NA;"2023-10-14 00:17:00";78365,4
"875430";"27:1:2";"Exp60_67_IS8347";"Exp60_67_IS8347";NA;"2023-10-14 00:31:00";78362,5
"875431";"27:1:2";"Exp60_67_IS8347";"Exp60_67_IS8347";NA;"2023-10-14 00:47:00";78358,5
"875432";"27:1:2";"Exp60_67_IS8347";"Exp60_67_IS8347";NA;"2023-10-14 01:01:00";78356,2
"875433";"27:1:2";"Exp60_67_IS8347";"Exp60_67_IS8347";NA;"2023-10-14 01:17:00";78353,6
"875434";"27:1:2";"Exp60_67_IS8347";"Exp60_67_IS8347";NA;"2023-10-14 01:31:00";78352,3
"875435";"27:1:2";"Exp60_67_IS8347";"Exp60_67_IS8347";NA;"2023-10-14 01:47:00";78349,9
"875436";"27:1:2";"Exp60_67_IS8347";"Exp60_67_IS8347";NA;"2023-10-14 02:01:00";78347
"875437";"27:1:2";"Exp60_67_IS8347";"Exp60_67_IS8347";NA;"2023-10-14 02:17:00";78344,6
"875438";"27:1:2";"Exp60_67_IS8347";"Exp60_67_IS8347";NA;"2023-10-14 02:31:00";78343,5
"875439";"27:1:2";"Exp60_67_IS8347";"Exp60_67_IS8347";NA;"2023-10-14 02:47:00";78342,8
"875440";"27:1:2";"Exp60_67_IS8347";"Exp60_67_IS8347";NA;"2023-10-14 03:01:00";78342,4
"875441";"27:1:2";"Exp60_67_IS8347";"Exp60_67_IS8347";NA;"2023-10-14 03:17:00";78340,3
"875442";"27:1:2";"Exp60_67_IS8347";"Exp60_67_IS8347";NA;"2023-10-14 03:31:00";78339,2
"875443";"27:1:2";"Exp60_67_IS8347";"Exp60_67_IS8347";NA;"2023-10-14 04:17:00";78334,8
"875444";"27:1:2";"Exp60_67_IS8347";"Exp60_67_IS8347";NA;"2023-10-14 04:31:00";78334,3
"875445";"27:1:2";"Exp60_67_IS8347";"Exp60_67_IS8347";NA;"2023-10-14 04:47:00";78333,8
"875446";"27:1:2";"Exp60_67_IS8347";"Exp60_67_IS8347";NA;"2023-10-14 05:01:00";78332,6
"875447";"27:1:2";"Exp60_67_IS8347";"Exp60_67_IS8347";NA;"2023-10-14 05:17:00";78330,7
"875448";"27:1:2";"Exp60_67_IS8347";"Exp60_67_IS8347";NA;"2023-10-14 05:31:00";78330,1
"875449";"27:1:2";"Exp60_67_IS8347";"Exp60_67_IS8347";NA;"2023-10-14 05:47:00";78329,9
"875450";"27:1:2";"Exp60_67_IS8347";"Exp60_67_IS8347";NA;"2023-10-14 06:01:00";78330,6
"875451";"27:1:2";"Exp60_67_IS8347";"Exp60_67_IS8347";NA;"2023-10-14 06:17:00";78329,8
"875452";"27:1:2";"Exp60_67_IS8347";"Exp60_67_IS8347";NA;"2023-10-14 06:31:00";78329,1
"875453";"27:1:2";"Exp60_67_IS8347";"Exp60_67_IS8347";NA;"2023-10-14 07:02:00";78324,9
"875454";"27:1:2";"Exp60_67_IS8347";"Exp60_67_IS8347";NA;"2023-10-14 07:16:00";78323,6
"875455";"27:1:2";"Exp60_67_IS8347";"Exp60_67_IS8347";NA;"2023-10-14 07:32:00";78321,5
"875456";"27:1:2";"Exp60_67_IS8347";"Exp60_67_IS8347";NA;"2023-10-14 08:16:00";78307,1
"875457";"27:1:2";"Exp60_67_IS8347";"Exp60_67_IS8347";NA;"2023-10-14 08:32:00";78298,9
"875458";"27:1:2";"Exp60_67_IS8347";"Exp60_67_IS8347";NA;"2023-10-14 08:46:00";78288,6
"875459";"27:1:2";"Exp60_67_IS8347";"Exp60_67_IS8347";NA;"2023-10-14 09:02:00";78275
"875460";"27:1:2";"Exp60_67_IS8347";"Exp60_67_IS8347";NA;"2023-10-14 09:16:00";78259,6
"875461";"27:1:2";"Exp60_67_IS8347";"Exp60_67_IS8347";NA;"2023-10-14 09:32:00";78241
"875462";"27:1:2";"Exp60_67_IS8347";"Exp60_67_IS8347";NA;"2023-10-14 09:46:00";78219,4
"875463";"27:1:2";"Exp60_67_IS8347";"Exp60_67_IS8347";NA;"2023-10-14 10:02:00";78182,7
"875464";"27:1:2";"Exp60_67_IS8347";"Exp60_67_IS8347";NA;"2023-10-14 10:16:00";78160,7
"875465";"27:1:2";"Exp60_67_IS8347";"Exp60_67_IS8347";NA;"2023-10-14 10:32:00";78132,7
"875466";"27:1:2";"Exp60_67_IS8347";"Exp60_67_IS8347";NA;"2023-10-14 10:46:00";78106,4
"875467";"27:1:2";"Exp60_67_IS8347";"Exp60_67_IS8347";NA;"2023-10-14 11:02:00";78081,5
"875468";"27:1:2";"Exp60_67_IS8347";"Exp60_67_IS8347";NA;"2023-10-14 11:16:00";78051,4
"875469";"27:1:2";"Exp60_67_IS8347";"Exp60_67_IS8347";NA;"2023-10-14 11:32:00";78019,9
"875470";"27:1:2";"Exp60_67_IS8347";"Exp60_67_IS8347";NA;"2023-10-14 11:46:00";77993,3
"875471";"27:1:2";"Exp60_67_IS8347";"Exp60_67_IS8347";NA;"2023-10-14 12:02:00";77963,8
"875472";"27:1:2";"Exp60_67_IS8347";"Exp60_67_IS8347";NA;"2023-10-14 12:16:00";77947,5
"875473";"27:1:2";"Exp60_67_IS8347";"Exp60_67_IS8347";NA;"2023-10-14 12:32:00";77919,2
"875474";"27:1:2";"Exp60_67_IS8347";"Exp60_67_IS8347";NA;"2023-10-14 12:46:00";77887,2
"875475";"27:1:2";"Exp60_67_IS8347";"Exp60_67_IS8347";NA;"2023-10-14 13:02:00";77877,5
"875476";"27:1:2";"Exp60_67_IS8347";"Exp60_67_IS8347";NA;"2023-10-14 13:16:00";77855,7
"875477";"27:1:2";"Exp60_67_IS8347";"Exp60_67_IS8347";NA;"2023-10-14 13:32:00";77835,5
"875478";"27:1:2";"Exp60_67_IS8347";"Exp60_67_IS8347";NA;"2023-10-14 13:46:00";77817,1
"875479";"27:1:2";"Exp60_67_IS8347";"Exp60_67_IS8347";NA;"2023-10-14 19:31:00";77589,6
"875480";"27:1:2";"Exp60_67_IS8347";"Exp60_67_IS8347";NA;"2023-10-15 02:01:00";77565,8
"875481";"27:1:2";"Exp60_67_IS8347";"Exp60_67_IS8347";NA;"2023-10-15 02:17:00";77565,4
"875482";"27:1:2";"Exp60_67_IS8347";"Exp60_67_IS8347";NA;"2023-10-15 02:31:00";77564,9
"875483";"27:1:2";"Exp60_67_IS8347";"Exp60_67_IS8347";NA;"2023-10-15 02:47:00";77563,2
"875484";"27:1:2";"Exp60_67_IS8347";"Exp60_67_IS8347";NA;"2023-10-15 03:01:00";77562,7
"875485";"27:1:2";"Exp60_67_IS8347";"Exp60_67_IS8347";NA;"2023-10-15 03:17:00";77563,3
"875486";"27:1:2";"Exp60_67_IS8347";"Exp60_67_IS8347";NA;"2023-10-15 03:31:00";77561,3
"875487";"27:1:2";"Exp60_67_IS8347";"Exp60_67_IS8347";NA;"2023-10-15 03:47:00";77562
"875488";"27:1:2";"Exp60_67_IS8347";"Exp60_67_IS8347";NA;"2023-10-15 04:01:00";77561,4
"875489";"27:1:2";"Exp60_67_IS8347";"Exp60_67_IS8347";NA;"2023-10-15 04:32:00";77560,5
"875490";"27:1:2";"Exp60_67_IS8347";"Exp60_67_IS8347";NA;"2023-10-15 04:46:00";77558,5
"875491";"27:1:2";"Exp60_67_IS8347";"Exp60_67_IS8347";NA;"2023-10-15 05:32:00";77556
"875492";"27:1:2";"Exp60_67_IS8347";"Exp60_67_IS8347";NA;"2023-10-15 05:46:00";77556,5
"875493";"27:1:2";"Exp60_67_IS8347";"Exp60_67_IS8347";NA;"2023-10-15 06:17:00";77556,2
"875494";"27:1:2";"Exp60_67_IS8347";"Exp60_67_IS8347";NA;"2023-10-15 06:31:00";77554,8
"875495";"27:1:2";"Exp60_67_IS8347";"Exp60_67_IS8347";NA;"2023-10-15 07:02:00";77552,8
"875496";"27:1:2";"Exp60_67_IS8347";"Exp60_67_IS8347";NA;"2023-10-15 07:16:00";77552,5
"875497";"27:1:2";"Exp60_67_IS8347";"Exp60_67_IS8347";NA;"2023-10-15 07:32:00";77550,4
"875498";"27:1:2";"Exp60_67_IS8347";"Exp60_67_IS8347";NA;"2023-10-15 07:46:00";77546
"875499";"27:1:2";"Exp60_67_IS8347";"Exp60_67_IS8347";NA;"2023-10-15 08:17:00";77538,5
"875500";"27:1:2";"Exp60_67_IS8347";"Exp60_67_IS8347";NA;"2023-10-15 08:31:00";77531
"875501";"27:1:2";"Exp60_67_IS8347";"Exp60_67_IS8347";NA;"2023-10-15 08:47:00";77520,6
"875502";"27:1:2";"Exp60_67_IS8347";"Exp60_67_IS8347";NA;"2023-10-15 09:01:00";77511,1
"875503";"27:1:2";"Exp60_67_IS8347";"Exp60_67_IS8347";NA;"2023-10-15 09:17:00";77500,2
"875504";"27:1:2";"Exp60_67_IS8347";"Exp60_67_IS8347";NA;"2023-10-15 09:31:00";77486,3
"875505";"27:1:2";"Exp60_67_IS8347";"Exp60_67_IS8347";NA;"2023-10-15 09:47:00";77469,7
"875506";"27:1:2";"Exp60_67_IS8347";"Exp60_67_IS8347";NA;"2023-10-15 10:01:00";77452,7
"875507";"27:1:2";"Exp60_67_IS8347";"Exp60_67_IS8347";NA;"2023-10-15 10:17:00";77432,2
"875508";"27:1:2";"Exp60_67_IS8347";"Exp60_67_IS8347";NA;"2023-10-15 10:31:00";77415
"875509";"27:1:2";"Exp60_67_IS8347";"Exp60_67_IS8347";NA;"2023-10-15 10:47:00";77395,5
"875510";"27:1:2";"Exp60_67_IS8347";"Exp60_67_IS8347";NA;"2023-10-15 11:01:00";77373,8
"875511";"27:1:2";"Exp60_67_IS8347";"Exp60_67_IS8347";NA;"2023-10-15 18:01:00";76971,4
"875512";"27:1:2";"Exp60_67_IS8347";"Exp60_67_IS8347";NA;"2023-10-15 18:17:00";76970,2
"875513";"27:1:2";"Exp60_67_IS8347";"Exp60_67_IS8347";NA;"2023-10-15 18:31:00";76968
"875514";"27:1:2";"Exp60_67_IS8347";"Exp60_67_IS8347";NA;"2023-10-15 18:47:00";76973,5
"875515";"27:1:2";"Exp60_67_IS8347";"Exp60_67_IS8347";NA;"2023-10-15 19:01:00";76972,8
"875516";"27:1:2";"Exp60_67_IS8347";"Exp60_67_IS8347";NA;"2023-10-15 19:17:00";76972,4
"875517";"27:1:2";"Exp60_67_IS8347";"Exp60_67_IS8347";NA;"2023-10-15 19:31:00";76972
"875518";"27:1:2";"Exp60_67_IS8347";"Exp60_67_IS8347";NA;"2023-10-16 03:46:00";76950,2
"875519";"27:1:2";"Exp60_67_IS8347";"Exp60_67_IS8347";NA;"2023-10-16 04:02:00";76948,9
"875520";"27:1:2";"Exp60_67_IS8347";"Exp60_67_IS8347";NA;"2023-10-16 04:16:00";76950,6
"875521";"27:1:2";"Exp60_67_IS8347";"Exp60_67_IS8347";NA;"2023-10-16 04:32:00";76950,7
"875522";"27:1:2";"Exp60_67_IS8347";"Exp60_67_IS8347";NA;"2023-10-16 04:46:00";76949,8
"875523";"27:1:2";"Exp60_67_IS8347";"Exp60_67_IS8347";NA;"2023-10-16 05:02:00";76949,8
"875524";"27:1:2";"Exp60_67_IS8347";"Exp60_67_IS8347";NA;"2023-10-16 05:16:00";76949,4
"875525";"27:1:2";"Exp60_67_IS8347";"Exp60_67_IS8347";NA;"2023-10-16 05:32:00";76947,3
"875526";"27:1:2";"Exp60_67_IS8347";"Exp60_67_IS8347";NA;"2023-10-16 05:46:00";76949,2
"875527";"27:1:2";"Exp60_67_IS8347";"Exp60_67_IS8347";NA;"2023-10-16 06:02:00";76948,9
"875528";"27:1:2";"Exp60_67_IS8347";"Exp60_67_IS8347";NA;"2023-10-16 06:16:00";76948,5
"875529";"27:1:2";"Exp60_67_IS8347";"Exp60_67_IS8347";NA;"2023-10-16 06:32:00";76947,5
"875530";"27:1:2";"Exp60_67_IS8347";"Exp60_67_IS8347";NA;"2023-10-16 06:46:00";76948,2
"875531";"27:1:2";"Exp60_67_IS8347";"Exp60_67_IS8347";NA;"2023-10-16 07:02:00";76947,3
"875532";"27:1:2";"Exp60_67_IS8347";"Exp60_67_IS8347";NA;"2023-10-16 07:16:00";76947,4
"875533";"27:1:2";"Exp60_67_IS8347";"Exp60_67_IS8347";NA;"2023-10-16 07:47:00";76942,5
"875534";"27:1:2";"Exp60_67_IS8347";"Exp60_67_IS8347";NA;"2023-10-16 08:01:00";76939,1
"875535";"27:1:2";"Exp60_67_IS8347";"Exp60_67_IS8347";NA;"2023-10-16 08:17:00";76931,3
"875536";"27:1:2";"Exp60_67_IS8347";"Exp60_67_IS8347";NA;"2023-10-16 08:31:00";76923,5
"875537";"27:1:2";"Exp60_67_IS8347";"Exp60_67_IS8347";NA;"2023-10-16 08:47:00";76916,8
"875538";"27:1:2";"Exp60_67_IS8347";"Exp60_67_IS8347";NA;"2023-10-16 09:01:00";76909
"875539";"27:1:2";"Exp60_67_IS8347";"Exp60_67_IS8347";NA;"2023-10-16 09:17:00";76895,1
"875540";"27:1:2";"Exp60_67_IS8347";"Exp60_67_IS8347";NA;"2023-10-16 09:31:00";76883
"875541";"27:1:2";"Exp60_67_IS8347";"Exp60_67_IS8347";NA;"2023-10-16 09:47:00";76866,7
"875542";"27:1:2";"Exp60_67_IS8347";"Exp60_67_IS8347";NA;"2023-10-16 10:01:00";76851,6
"875543";"27:1:2";"Exp60_67_IS8347";"Exp60_67_IS8347";NA;"2023-10-16 10:17:00";76832,8
"875544";"27:1:2";"Exp60_67_IS8347";"Exp60_67_IS8347";NA;"2023-10-16 10:31:00";76814
"875545";"27:1:2";"Exp60_67_IS8347";"Exp60_67_IS8347";NA;"2023-10-16 10:47:00";76793,7
"875546";"27:1:2";"Exp60_67_IS8347";"Exp60_67_IS8347";NA;"2023-10-16 11:01:00";76774,6
"875547";"27:1:2";"Exp60_67_IS8347";"Exp60_67_IS8347";NA;"2023-10-16 11:32:00";76736,9
"875548";"27:1:2";"Exp60_67_IS8347";"Exp60_67_IS8347";NA;"2023-10-16 11:46:00";76718,2
"875549";"27:1:2";"Exp60_67_IS8347";"Exp60_67_IS8347";NA;"2023-10-16 12:17:00";76684,2
"875550";"27:1:2";"Exp60_67_IS8347";"Exp60_67_IS8347";NA;"2023-10-16 12:31:00";76669,4
"875551";"27:1:2";"Exp60_67_IS8347";"Exp60_67_IS8347";NA;"2023-10-16 13:02:00";76622,9
"875552";"27:1:2";"Exp60_67_IS8347";"Exp60_67_IS8347";NA;"2023-10-16 13:16:00";76602
"875553";"27:1:2";"Exp60_67_IS8347";"Exp60_67_IS8347";NA;"2023-10-16 13:32:00";76586
"875554";"27:1:2";"Exp60_67_IS8347";"Exp60_67_IS8347";NA;"2023-10-16 13:46:00";76573,4
"875555";"27:1:2";"Exp60_67_IS8347";"Exp60_67_IS8347";NA;"2023-10-16 14:02:00";76558,6
"875556";"27:1:2";"Exp60_67_IS8347";"Exp60_67_IS8347";NA;"2023-10-16 14:16:00";76544
"875557";"27:1:2";"Exp60_67_IS8347";"Exp60_67_IS8347";NA;"2023-10-16 14:32:00";76536,4
"875558";"27:1:2";"Exp60_67_IS8347";"Exp60_67_IS8347";NA;"2023-10-16 14:46:00";76531,6
"875559";"27:1:2";"Exp60_67_IS8347";"Exp60_67_IS8347";NA;"2023-10-16 22:16:00";76428,7
"875560";"27:1:2";"Exp60_67_IS8347";"Exp60_67_IS8347";NA;"2023-10-16 22:32:00";76427,7
"875561";"27:1:2";"Exp60_67_IS8347";"Exp60_67_IS8347";NA;"2023-10-16 22:46:00";76427,9
"875562";"27:1:2";"Exp60_67_IS8347";"Exp60_67_IS8347";NA;"2023-10-17 05:46:00";76419,9
"875563";"27:1:2";"Exp60_67_IS8347";"Exp60_67_IS8347";NA;"2023-10-17 06:02:00";76419,8
"875564";"27:1:2";"Exp60_67_IS8347";"Exp60_67_IS8347";NA;"2023-10-17 06:16:00";76419,6
"875565";"27:1:2";"Exp60_67_IS8347";"Exp60_67_IS8347";NA;"2023-10-17 06:32:00";76418,5
"875566";"27:1:2";"Exp60_67_IS8347";"Exp60_67_IS8347";NA;"2023-10-17 06:46:00";76417
"875567";"27:1:2";"Exp60_67_IS8347";"Exp60_67_IS8347";NA;"2023-10-17 12:46:00";75951,7
"875568";"27:1:2";"Exp60_67_IS8347";"Exp60_67_IS8347";NA;"2023-10-17 13:02:00";75936,8
"875569";"27:1:2";"Exp60_67_IS8347";"Exp60_67_IS8347";NA;"2023-10-17 13:16:00";75914,7
"875570";"27:1:2";"Exp60_67_IS8347";"Exp60_67_IS8347";NA;"2023-10-17 13:32:00";75901,3
"875571";"27:1:2";"Exp60_67_IS8347";"Exp60_67_IS8347";NA;"2023-10-17 13:46:00";75884,4
"875572";"27:1:2";"Exp60_67_IS8347";"Exp60_67_IS8347";NA;"2023-10-17 14:02:00";75877,2
"875573";"27:1:2";"Exp60_67_IS8347";"Exp60_67_IS8347";NA;"2023-10-17 14:16:00";75855,8
"875574";"27:1:2";"Exp60_67_IS8347";"Exp60_67_IS8347";NA;"2023-10-17 14:32:00";75837
"875575";"27:1:2";"Exp60_67_IS8347";"Exp60_67_IS8347";NA;"2023-10-17 14:46:00";75831,9
"875576";"27:1:2";"Exp60_67_IS8347";"Exp60_67_IS8347";NA;"2023-10-17 15:17:00";75801,7
"875577";"27:1:2";"Exp60_67_IS8347";"Exp60_67_IS8347";NA;"2023-10-17 15:31:00";75794,5
"875578";"27:1:2";"Exp60_67_IS8347";"Exp60_67_IS8347";NA;"2023-10-17 16:17:00";75767
"875579";"27:1:2";"Exp60_67_IS8347";"Exp60_67_IS8347";NA;"2023-10-17 16:31:00";75761,8
"875580";"27:1:2";"Exp60_67_IS8347";"Exp60_67_IS8347";NA;"2023-10-17 16:47:00";75752,2
"875581";"27:1:2";"Exp60_67_IS8347";"Exp60_67_IS8347";NA;"2023-10-17 17:01:00";75751,1
"875582";"27:1:2";"Exp60_67_IS8347";"Exp60_67_IS8347";NA;"2023-10-17 18:32:00";75741,7
"875583";"27:1:2";"Exp60_67_IS8347";"Exp60_67_IS8347";NA;"2023-10-17 18:46:00";75741,4
"875584";"27:1:2";"Exp60_67_IS8347";"Exp60_67_IS8347";NA;"2023-10-17 19:02:00";75742
"875585";"27:1:2";"Exp60_67_IS8347";"Exp60_67_IS8347";NA;"2023-10-17 19:16:00";75743,3
"875586";"27:1:2";"Exp60_67_IS8347";"Exp60_67_IS8347";NA;"2023-10-17 19:32:00";75740,1
"875587";"27:1:2";"Exp60_67_IS8347";"Exp60_67_IS8347";NA;"2023-10-17 19:46:00";75743,1
"875588";"27:1:2";"Exp60_67_IS8347";"Exp60_67_IS8347";NA;"2023-10-18 01:31:00";75744,3
"875589";"27:1:2";"Exp60_67_IS8347";"Exp60_67_IS8347";NA;"2023-10-18 02:02:00";75745,5
"875590";"27:1:2";"Exp60_67_IS8347";"Exp60_67_IS8347";NA;"2023-10-18 02:16:00";75745,4
"875591";"27:1:2";"Exp60_67_IS8347";"Exp60_67_IS8347";NA;"2023-10-18 02:32:00";75745,5
"875592";"27:1:2";"Exp60_67_IS8347";"Exp60_67_IS8347";NA;"2023-10-18 02:46:00";75745,5
"875593";"27:1:2";"Exp60_67_IS8347";"Exp60_67_IS8347";NA;"2023-10-18 03:02:00";75746,9
"875594";"27:1:2";"Exp60_67_IS8347";"Exp60_67_IS8347";NA;"2023-10-18 03:16:00";75747,5
"875595";"27:1:2";"Exp60_67_IS8347";"Exp60_67_IS8347";NA;"2023-10-18 03:32:00";75749,6
"875596";"27:1:2";"Exp60_67_IS8347";"Exp60_67_IS8347";NA;"2023-10-18 04:01:00";75748,4
"875597";"27:1:2";"Exp60_67_IS8347";"Exp60_67_IS8347";NA;"2023-10-18 04:17:00";75748,3
"875598";"27:1:2";"Exp60_67_IS8347";"Exp60_67_IS8347";NA;"2023-10-18 04:31:00";75749,1
"875599";"27:1:2";"Exp60_67_IS8347";"Exp60_67_IS8347";NA;"2023-10-18 04:47:00";75748,9
"875600";"27:1:2";"Exp60_67_IS8347";"Exp60_67_IS8347";NA;"2023-10-18 05:01:00";75749,9
"875601";"27:1:2";"Exp60_67_IS8347";"Exp60_67_IS8347";NA;"2023-10-18 05:17:00";75750,5
"875602";"27:1:2";"Exp60_67_IS8347";"Exp60_67_IS8347";NA;"2023-10-18 05:31:00";75749,8
"875603";"27:1:2";"Exp60_67_IS8347";"Exp60_67_IS8347";NA;"2023-10-18 05:47:00";75749,6
"875604";"27:1:2";"Exp60_67_IS8347";"Exp60_67_IS8347";NA;"2023-10-18 06:01:00";75750,8
"875605";"27:1:2";"Exp60_67_IS8347";"Exp60_67_IS8347";NA;"2023-10-18 06:17:00";75751,8
"875606";"27:1:2";"Exp60_67_IS8347";"Exp60_67_IS8347";NA;"2023-10-18 06:31:00";75750,8
"875607";"27:1:2";"Exp60_67_IS8347";"Exp60_67_IS8347";NA;"2023-10-18 07:32:00";75745,8
"875608";"27:1:2";"Exp60_67_IS8347";"Exp60_67_IS8347";NA;"2023-10-18 07:46:00";75743,3
"875609";"27:1:2";"Exp60_67_IS8347";"Exp60_67_IS8347";NA;"2023-10-18 08:02:00";75739,5
"875610";"27:1:2";"Exp60_67_IS8347";"Exp60_67_IS8347";NA;"2023-10-18 08:16:00";75735,1
"875611";"27:1:2";"Exp60_67_IS8347";"Exp60_67_IS8347";NA;"2023-10-18 08:47:00";75721,5
"875612";"27:1:2";"Exp60_67_IS8347";"Exp60_67_IS8347";NA;"2023-10-18 09:01:00";75711,9
"875613";"27:1:2";"Exp60_67_IS8347";"Exp60_67_IS8347";NA;"2023-10-18 09:17:00";75702
"875614";"27:1:2";"Exp60_67_IS8347";"Exp60_67_IS8347";NA;"2023-10-18 09:31:00";75685,9
"875615";"27:1:2";"Exp60_67_IS8347";"Exp60_67_IS8347";NA;"2023-10-18 15:31:00";75362,2
"875616";"27:1:2";"Exp60_67_IS8347";"Exp60_67_IS8347";NA;"2023-10-18 16:32:00";75334,9
"875617";"27:1:2";"Exp60_67_IS8347";"Exp60_67_IS8347";NA;"2023-10-18 16:46:00";75332,7
"875618";"27:1:2";"Exp60_67_IS8347";"Exp60_67_IS8347";NA;"2023-10-18 17:02:00";75329
"875619";"27:1:2";"Exp60_67_IS8347";"Exp60_67_IS8347";NA;"2023-10-18 17:16:00";75325
"875620";"27:1:2";"Exp60_67_IS8347";"Exp60_67_IS8347";NA;"2023-10-18 17:32:00";75323,6
"875621";"27:1:2";"Exp60_67_IS8347";"Exp60_67_IS8347";NA;"2023-10-18 17:46:00";75323,3
"875622";"27:1:2";"Exp60_67_IS8347";"Exp60_67_IS8347";NA;"2023-10-18 18:02:00";75325,6
"875623";"27:1:2";"Exp60_67_IS8347";"Exp60_67_IS8347";NA;"2023-10-18 18:16:00";75325,1
"875624";"27:1:2";"Exp60_67_IS8347";"Exp60_67_IS8347";NA;"2023-10-18 18:32:00";75327
"875625";"27:1:2";"Exp60_67_IS8347";"Exp60_67_IS8347";NA;"2023-10-18 18:46:00";75327,2
"875626";"27:1:2";"Exp60_67_IS8347";"Exp60_67_IS8347";NA;"2023-10-19 01:16:00";75329,6
"875627";"27:1:2";"Exp60_67_IS8347";"Exp60_67_IS8347";NA;"2023-10-19 01:32:00";75330
"875628";"27:1:2";"Exp60_67_IS8347";"Exp60_67_IS8347";NA;"2023-10-19 01:46:00";75331,5
"875629";"27:1:2";"Exp60_67_IS8347";"Exp60_67_IS8347";NA;"2023-10-19 02:02:00";75332,1
"875630";"27:1:2";"Exp60_67_IS8347";"Exp60_67_IS8347";NA;"2023-10-19 02:16:00";75333,4
"875631";"27:1:2";"Exp60_67_IS8347";"Exp60_67_IS8347";NA;"2023-10-19 02:32:00";75334
"875632";"27:1:2";"Exp60_67_IS8347";"Exp60_67_IS8347";NA;"2023-10-19 02:46:00";75333,7
"875633";"27:1:2";"Exp60_67_IS8347";"Exp60_67_IS8347";NA;"2023-10-19 03:17:00";75333,9
"875634";"27:1:2";"Exp60_67_IS8347";"Exp60_67_IS8347";NA;"2023-10-19 03:31:00";75334,2
"875635";"27:1:2";"Exp60_67_IS8347";"Exp60_67_IS8347";NA;"2023-10-19 03:47:00";75336,1
"875636";"27:1:2";"Exp60_67_IS8347";"Exp60_67_IS8347";NA;"2023-10-19 04:01:00";75335,7
"875637";"27:1:2";"Exp60_67_IS8347";"Exp60_67_IS8347";NA;"2023-10-19 04:17:00";75334,9
"875638";"27:1:2";"Exp60_67_IS8347";"Exp60_67_IS8347";NA;"2023-10-19 04:31:00";75335,5
"875639";"27:1:2";"Exp60_67_IS8347";"Exp60_67_IS8347";NA;"2023-10-19 04:47:00";75337
"875640";"27:1:2";"Exp60_67_IS8347";"Exp60_67_IS8347";NA;"2023-10-19 05:01:00";75337,1
"875641";"27:1:2";"Exp60_67_IS8347";"Exp60_67_IS8347";NA;"2023-10-19 05:17:00";75337
"875642";"27:1:2";"Exp60_67_IS8347";"Exp60_67_IS8347";NA;"2023-10-19 05:31:00";75337,1
"875643";"27:1:2";"Exp60_67_IS8347";"Exp60_67_IS8347";NA;"2023-10-19 05:47:00";75338,4
"875644";"27:1:2";"Exp60_67_IS8347";"Exp60_67_IS8347";NA;"2023-10-19 06:01:00";75339
"875645";"27:1:2";"Exp60_67_IS8347";"Exp60_67_IS8347";NA;"2023-10-19 06:17:00";75340
"875646";"27:1:2";"Exp60_67_IS8347";"Exp60_67_IS8347";NA;"2023-10-19 06:31:00";75341,1
"875647";"27:1:2";"Exp60_67_IS8347";"Exp60_67_IS8347";NA;"2023-10-19 06:47:00";75341,4
"875648";"27:1:2";"Exp60_67_IS8347";"Exp60_67_IS8347";NA;"2023-10-19 07:01:00";75340,1
"875649";"27:1:2";"Exp60_67_IS8347";"Exp60_67_IS8347";NA;"2023-10-19 13:46:00";75054
"875650";"27:1:2";"Exp60_67_IS8347";"Exp60_67_IS8347";NA;"2023-10-19 14:02:00";75044
"875651";"27:1:2";"Exp60_67_IS8347";"Exp60_67_IS8347";NA;"2023-10-19 14:16:00";75033,1
"875652";"27:1:2";"Exp60_67_IS8347";"Exp60_67_IS8347";NA;"2023-10-19 14:32:00";75017,3
"875653";"27:1:2";"Exp60_67_IS8347";"Exp60_67_IS8347";NA;"2023-10-19 14:46:00";75023,8
"875654";"27:1:2";"Exp60_67_IS8347";"Exp60_67_IS8347";NA;"2023-10-19 15:02:00";74995,8
"875655";"27:1:2";"Exp60_67_IS8347";"Exp60_67_IS8347";NA;"2023-10-19 15:16:00";74994,6
"875656";"27:1:2";"Exp60_67_IS8347";"Exp60_67_IS8347";NA;"2023-10-19 15:32:00";75163,3
"875657";"27:1:2";"Exp60_67_IS8347";"Exp60_67_IS8347";NA;"2023-10-19 15:46:00";76150,4
"875658";"27:1:2";"Exp60_67_IS8347";"Exp60_67_IS8347";NA;"2023-10-19 16:02:00";77135,7
"875659";"27:1:2";"Exp60_67_IS8347";"Exp60_67_IS8347";NA;"2023-10-19 16:16:00";78004,3
"875660";"27:1:2";"Exp60_67_IS8347";"Exp60_67_IS8347";NA;"2023-10-19 16:47:00";78616,4
"875661";"27:1:2";"Exp60_67_IS8347";"Exp60_67_IS8347";NA;"2023-10-19 17:01:00";78529,6
"875662";"27:1:2";"Exp60_67_IS8347";"Exp60_67_IS8347";NA;"2023-10-19 17:17:00";78434,3
"875663";"27:1:2";"Exp60_67_IS8347";"Exp60_67_IS8347";NA;"2023-10-19 17:31:00";78356,1
"875664";"27:1:2";"Exp60_67_IS8347";"Exp60_67_IS8347";NA;"2023-10-19 17:47:00";78279,7
"875665";"27:1:2";"Exp60_67_IS8347";"Exp60_67_IS8347";NA;"2023-10-19 18:01:00";78216,7
"875666";"27:1:2";"Exp60_67_IS8347";"Exp60_67_IS8347";NA;"2023-10-20 01:31:00";77765,7
"875667";"27:1:2";"Exp60_67_IS8347";"Exp60_67_IS8347";NA;"2023-10-20 01:47:00";77764,6
"875668";"27:1:2";"Exp60_67_IS8347";"Exp60_67_IS8347";NA;"2023-10-20 02:01:00";77764,3
"875669";"27:1:2";"Exp60_67_IS8347";"Exp60_67_IS8347";NA;"2023-10-20 02:17:00";77761,6
"875670";"27:1:2";"Exp60_67_IS8347";"Exp60_67_IS8347";NA;"2023-10-20 02:31:00";77760,7
"875671";"27:1:2";"Exp60_67_IS8347";"Exp60_67_IS8347";NA;"2023-10-20 02:47:00";77760,6
"875672";"27:1:2";"Exp60_67_IS8347";"Exp60_67_IS8347";NA;"2023-10-20 03:01:00";77759,4
"875673";"27:1:2";"Exp60_67_IS8347";"Exp60_67_IS8347";NA;"2023-10-20 03:47:00";77755,8
"875674";"27:1:2";"Exp60_67_IS8347";"Exp60_67_IS8347";NA;"2023-10-20 04:01:00";77754,8
"875675";"27:1:2";"Exp60_67_IS8347";"Exp60_67_IS8347";NA;"2023-10-20 04:32:00";77755
"875676";"27:1:2";"Exp60_67_IS8347";"Exp60_67_IS8347";NA;"2023-10-20 04:46:00";77754,9
"875677";"27:1:2";"Exp60_67_IS8347";"Exp60_67_IS8347";NA;"2023-10-20 05:02:00";77754,6
"875678";"27:1:2";"Exp60_67_IS8347";"Exp60_67_IS8347";NA;"2023-10-20 05:16:00";77754,2
"875679";"27:1:2";"Exp60_67_IS8347";"Exp60_67_IS8347";NA;"2023-10-20 05:32:00";77752,7
"875680";"27:1:2";"Exp60_67_IS8347";"Exp60_67_IS8347";NA;"2023-10-20 05:46:00";77751,8
"875681";"27:1:2";"Exp60_67_IS8347";"Exp60_67_IS8347";NA;"2023-10-20 06:02:00";77752
"875682";"27:1:2";"Exp60_67_IS8347";"Exp60_67_IS8347";NA;"2023-10-20 06:16:00";77752,1
"875683";"27:1:2";"Exp60_67_IS8347";"Exp60_67_IS8347";NA;"2023-10-20 06:32:00";77751,5
"875684";"27:1:2";"Exp60_67_IS8347";"Exp60_67_IS8347";NA;"2023-10-20 06:46:00";77748,9
"875685";"27:1:2";"Exp60_67_IS8347";"Exp60_67_IS8347";NA;"2023-10-20 07:02:00";77747,5
"875686";"27:1:2";"Exp60_67_IS8347";"Exp60_67_IS8347";NA;"2023-10-20 07:16:00";77747,7
"875687";"27:1:2";"Exp60_67_IS8347";"Exp60_67_IS8347";NA;"2023-10-20 07:47:00";77741,6
"875688";"27:1:2";"Exp60_67_IS8347";"Exp60_67_IS8347";NA;"2023-10-20 08:01:00";77740,1
"875689";"27:1:2";"Exp60_67_IS8347";"Exp60_67_IS8347";NA;"2023-10-20 08:17:00";77733,5
"875690";"27:1:2";"Exp60_67_IS8347";"Exp60_67_IS8347";NA;"2023-10-20 08:31:00";77724,5
"875691";"27:1:2";"Exp60_67_IS8347";"Exp60_67_IS8347";NA;"2023-10-20 08:47:00";77719,1
"875692";"27:1:2";"Exp60_67_IS8347";"Exp60_67_IS8347";NA;"2023-10-20 09:01:00";77701,9
"875693";"27:1:2";"Exp60_67_IS8347";"Exp60_67_IS8347";NA;"2023-10-20 13:46:00";77348
"875694";"27:1:2";"Exp60_67_IS8347";"Exp60_67_IS8347";NA;"2023-10-20 15:31:00";77240,6
"875695";"27:1:2";"Exp60_67_IS8347";"Exp60_67_IS8347";NA;"2023-10-20 15:47:00";77227
"875696";"27:1:2";"Exp60_67_IS8347";"Exp60_67_IS8347";NA;"2023-10-20 16:01:00";77220,7
"875697";"27:1:2";"Exp60_67_IS8347";"Exp60_67_IS8347";NA;"2023-10-20 16:17:00";77212,9
"875698";"27:1:2";"Exp60_67_IS8347";"Exp60_67_IS8347";NA;"2023-10-20 16:31:00";77200,1
"875699";"27:1:2";"Exp60_67_IS8347";"Exp60_67_IS8347";NA;"2023-10-20 16:47:00";77195
"875700";"27:1:2";"Exp60_67_IS8347";"Exp60_67_IS8347";NA;"2023-10-20 17:01:00";77184,9
"875701";"27:1:2";"Exp60_67_IS8347";"Exp60_67_IS8347";NA;"2023-10-20 23:31:00";77162,4
"875702";"27:1:2";"Exp60_67_IS8347";"Exp60_67_IS8347";NA;"2023-10-20 23:47:00";77164,3
"875703";"27:1:2";"Exp60_67_IS8347";"Exp60_67_IS8347";NA;"2023-10-21 00:01:00";77162,5
"875704";"27:1:2";"Exp60_67_IS8347";"Exp60_67_IS8347";NA;"2023-10-21 00:17:00";77163,1
"875705";"27:1:2";"Exp60_67_IS8347";"Exp60_67_IS8347";NA;"2023-10-21 00:31:00";77161,6
"875706";"27:1:2";"Exp60_67_IS8347";"Exp60_67_IS8347";NA;"2023-10-21 01:17:00";77159,9
"875707";"27:1:2";"Exp60_67_IS8347";"Exp60_67_IS8347";NA;"2023-10-21 01:31:00";77159,5
"875708";"27:1:2";"Exp60_67_IS8347";"Exp60_67_IS8347";NA;"2023-10-21 01:47:00";77156,9
"875709";"27:1:2";"Exp60_67_IS8347";"Exp60_67_IS8347";NA;"2023-10-21 02:01:00";77156,1
"875710";"27:1:2";"Exp60_67_IS8347";"Exp60_67_IS8347";NA;"2023-10-21 08:31:00";77138,4
"875711";"27:1:2";"Exp60_67_IS8347";"Exp60_67_IS8347";NA;"2023-10-21 08:47:00";77129,8
"875712";"27:1:2";"Exp60_67_IS8347";"Exp60_67_IS8347";NA;"2023-10-21 09:01:00";77122,1
"875713";"27:1:2";"Exp60_67_IS8347";"Exp60_67_IS8347";NA;"2023-10-21 09:17:00";77109,4
"875714";"27:1:2";"Exp60_67_IS8347";"Exp60_67_IS8347";NA;"2023-10-21 09:31:00";77103,6
"875715";"27:1:2";"Exp60_67_IS8347";"Exp60_67_IS8347";NA;"2023-10-21 09:47:00";77087,2
"875716";"27:1:2";"Exp60_67_IS8347";"Exp60_67_IS8347";NA;"2023-10-21 10:01:00";77077,8
"875717";"27:1:2";"Exp60_67_IS8347";"Exp60_67_IS8347";NA;"2023-10-21 10:32:00";77044,4
"875718";"27:1:2";"Exp60_67_IS8347";"Exp60_67_IS8347";NA;"2023-10-21 10:46:00";77031,9
"875719";"27:1:2";"Exp60_67_IS8347";"Exp60_67_IS8347";NA;"2023-10-21 17:01:00";78003,3
"875720";"27:1:2";"Exp60_67_IS8347";"Exp60_67_IS8347";NA;"2023-10-21 17:32:00";77974,8
"875721";"27:1:2";"Exp60_67_IS8347";"Exp60_67_IS8347";NA;"2023-10-21 17:46:00";77963,7
"875722";"27:1:2";"Exp60_67_IS8347";"Exp60_67_IS8347";NA;"2023-10-21 18:02:00";77949,3
"875723";"27:1:2";"Exp60_67_IS8347";"Exp60_67_IS8347";NA;"2023-10-21 18:16:00";77939,6
"875724";"27:1:2";"Exp60_67_IS8347";"Exp60_67_IS8347";NA;"2023-10-21 18:32:00";77923,9
"875725";"27:1:2";"Exp60_67_IS8347";"Exp60_67_IS8347";NA;"2023-10-21 18:46:00";77914,5
"875726";"27:1:2";"Exp60_67_IS8347";"Exp60_67_IS8347";NA;"2023-10-21 19:02:00";77903,2
"875727";"27:1:2";"Exp60_67_IS8347";"Exp60_67_IS8347";NA;"2023-10-21 19:16:00";77894,8
"875728";"27:1:2";"Exp60_67_IS8347";"Exp60_67_IS8347";NA;"2023-10-21 19:32:00";77884,4
"875729";"27:1:2";"Exp60_67_IS8347";"Exp60_67_IS8347";NA;"2023-10-21 19:46:00";77878,2
"875730";"27:1:2";"Exp60_67_IS8347";"Exp60_67_IS8347";NA;"2023-10-21 20:02:00";77870,8
"875731";"27:1:2";"Exp60_67_IS8347";"Exp60_67_IS8347";NA;"2023-10-21 20:16:00";77864,1
"875732";"27:1:2";"Exp60_67_IS8347";"Exp60_67_IS8347";NA;"2023-10-21 20:32:00";77856,8
"875733";"27:1:2";"Exp60_67_IS8347";"Exp60_67_IS8347";NA;"2023-10-21 20:46:00";77853,7
"875734";"27:2:1";"Exp60_238_IS26815";"Exp60_238_IS26815";NA;"2023-09-22 10:17:00";76265,8
"875735";"27:2:1";"Exp60_238_IS26815";"Exp60_238_IS26815";NA;"2023-09-22 10:31:00";76249,7
"875736";"27:2:1";"Exp60_238_IS26815";"Exp60_238_IS26815";NA;"2023-09-22 10:47:00";76229,7
"875737";"27:2:1";"Exp60_238_IS26815";"Exp60_238_IS26815";NA;"2023-09-22 11:01:00";76213,3
"875738";"27:2:1";"Exp60_238_IS26815";"Exp60_238_IS26815";NA;"2023-09-22 11:32:00";76166,4
"875739";"27:2:1";"Exp60_238_IS26815";"Exp60_238_IS26815";NA;"2023-09-22 11:46:00";76151,6
"875740";"27:2:1";"Exp60_238_IS26815";"Exp60_238_IS26815";NA;"2023-09-22 12:02:00";76125,7
"875741";"27:2:1";"Exp60_238_IS26815";"Exp60_238_IS26815";NA;"2023-09-22 12:16:00";76111,4
"875742";"27:2:1";"Exp60_238_IS26815";"Exp60_238_IS26815";NA;"2023-09-22 12:32:00";76087,8
"875743";"27:2:1";"Exp60_238_IS26815";"Exp60_238_IS26815";NA;"2023-09-22 12:46:00";76066,7
"875744";"27:2:1";"Exp60_238_IS26815";"Exp60_238_IS26815";NA;"2023-09-22 13:02:00";76045
"875745";"27:2:1";"Exp60_238_IS26815";"Exp60_238_IS26815";NA;"2023-09-22 13:16:00";76023,7
"875746";"27:2:1";"Exp60_238_IS26815";"Exp60_238_IS26815";NA;"2023-09-22 13:32:00";76003,1
"875747";"27:2:1";"Exp60_238_IS26815";"Exp60_238_IS26815";NA;"2023-09-22 13:46:00";75994,5
"875748";"27:2:1";"Exp60_238_IS26815";"Exp60_238_IS26815";NA;"2023-09-22 20:31:00";75790,3
"875749";"27:2:1";"Exp60_238_IS26815";"Exp60_238_IS26815";NA;"2023-09-22 20:47:00";75789,2
"875750";"27:2:1";"Exp60_238_IS26815";"Exp60_238_IS26815";NA;"2023-09-22 21:01:00";75788,3
"875751";"27:2:1";"Exp60_238_IS26815";"Exp60_238_IS26815";NA;"2023-09-22 21:17:00";75785,9
"875752";"27:2:1";"Exp60_238_IS26815";"Exp60_238_IS26815";NA;"2023-09-22 21:31:00";75784,9
"875753";"27:2:1";"Exp60_238_IS26815";"Exp60_238_IS26815";NA;"2023-09-22 21:47:00";75783,8
"875754";"27:2:1";"Exp60_238_IS26815";"Exp60_238_IS26815";NA;"2023-09-22 22:01:00";75783,3
"875755";"27:2:1";"Exp60_238_IS26815";"Exp60_238_IS26815";NA;"2023-09-22 22:17:00";75782,4
"875756";"27:2:1";"Exp60_238_IS26815";"Exp60_238_IS26815";NA;"2023-09-22 22:31:00";75781,5
"875757";"27:2:1";"Exp60_238_IS26815";"Exp60_238_IS26815";NA;"2023-09-22 22:47:00";75781,1
"875758";"27:2:1";"Exp60_238_IS26815";"Exp60_238_IS26815";NA;"2023-09-22 23:01:00";75779,7
"875759";"27:2:1";"Exp60_238_IS26815";"Exp60_238_IS26815";NA;"2023-09-22 23:17:00";75778,9
"875760";"27:2:1";"Exp60_238_IS26815";"Exp60_238_IS26815";NA;"2023-09-22 23:31:00";75777,5
"875761";"27:2:1";"Exp60_238_IS26815";"Exp60_238_IS26815";NA;"2023-09-22 23:47:00";75776,8
"875762";"27:2:1";"Exp60_238_IS26815";"Exp60_238_IS26815";NA;"2023-09-23 00:01:00";75775,9
"875763";"27:2:1";"Exp60_238_IS26815";"Exp60_238_IS26815";NA;"2023-09-23 00:17:00";75775
"875764";"27:2:1";"Exp60_238_IS26815";"Exp60_238_IS26815";NA;"2023-09-23 01:01:00";75772,9
"875765";"27:2:1";"Exp60_238_IS26815";"Exp60_238_IS26815";NA;"2023-09-23 01:17:00";75769,2
"875766";"27:2:1";"Exp60_238_IS26815";"Exp60_238_IS26815";NA;"2023-09-23 01:31:00";75768,1
"875767";"27:2:1";"Exp60_238_IS26815";"Exp60_238_IS26815";NA;"2023-09-23 01:47:00";75767
"875768";"27:2:1";"Exp60_238_IS26815";"Exp60_238_IS26815";NA;"2023-09-23 02:01:00";75763,5
"875769";"27:2:1";"Exp60_238_IS26815";"Exp60_238_IS26815";NA;"2023-09-23 02:17:00";75759,4
"875770";"27:2:1";"Exp60_238_IS26815";"Exp60_238_IS26815";NA;"2023-09-23 02:31:00";75755
"875771";"27:2:1";"Exp60_238_IS26815";"Exp60_238_IS26815";NA;"2023-09-23 02:47:00";75753,9
"875772";"27:2:1";"Exp60_238_IS26815";"Exp60_238_IS26815";NA;"2023-09-23 03:01:00";75752,1
"875773";"27:2:1";"Exp60_238_IS26815";"Exp60_238_IS26815";NA;"2023-09-23 03:17:00";75750,7
"875774";"27:2:1";"Exp60_238_IS26815";"Exp60_238_IS26815";NA;"2023-09-23 03:31:00";75751,7
"875775";"27:2:1";"Exp60_238_IS26815";"Exp60_238_IS26815";NA;"2023-09-23 03:47:00";75748,1
"875776";"27:2:1";"Exp60_238_IS26815";"Exp60_238_IS26815";NA;"2023-09-23 04:16:00";75745,5
"875777";"27:2:1";"Exp60_238_IS26815";"Exp60_238_IS26815";NA;"2023-09-23 04:32:00";75741,3
"875778";"27:2:1";"Exp60_238_IS26815";"Exp60_238_IS26815";NA;"2023-09-23 04:46:00";75743,4
"875779";"27:2:1";"Exp60_238_IS26815";"Exp60_238_IS26815";NA;"2023-09-23 05:02:00";75739,9
"875780";"27:2:1";"Exp60_238_IS26815";"Exp60_238_IS26815";NA;"2023-09-23 05:16:00";75738,2
"875781";"27:2:1";"Exp60_238_IS26815";"Exp60_238_IS26815";NA;"2023-09-23 05:32:00";75739
"875782";"27:2:1";"Exp60_238_IS26815";"Exp60_238_IS26815";NA;"2023-09-23 05:46:00";75735,9
"875783";"27:2:1";"Exp60_238_IS26815";"Exp60_238_IS26815";NA;"2023-09-23 06:02:00";75737
"875784";"27:2:1";"Exp60_238_IS26815";"Exp60_238_IS26815";NA;"2023-09-23 06:16:00";75735,6
"875785";"27:2:1";"Exp60_238_IS26815";"Exp60_238_IS26815";NA;"2023-09-23 06:32:00";75735,7
"875786";"27:2:1";"Exp60_238_IS26815";"Exp60_238_IS26815";NA;"2023-09-23 06:46:00";75732,9
"875787";"27:2:1";"Exp60_238_IS26815";"Exp60_238_IS26815";NA;"2023-09-23 07:02:00";75730,8
"875788";"27:2:1";"Exp60_238_IS26815";"Exp60_238_IS26815";NA;"2023-09-23 07:16:00";75722,9
"875789";"27:2:1";"Exp60_238_IS26815";"Exp60_238_IS26815";NA;"2023-09-23 07:32:00";75711,6
"875790";"27:2:1";"Exp60_238_IS26815";"Exp60_238_IS26815";NA;"2023-09-23 07:46:00";75709,4
"875791";"27:2:1";"Exp60_238_IS26815";"Exp60_238_IS26815";NA;"2023-09-23 08:02:00";75699,2
"875792";"27:2:1";"Exp60_238_IS26815";"Exp60_238_IS26815";NA;"2023-09-23 08:16:00";75683,5
"875793";"27:2:1";"Exp60_238_IS26815";"Exp60_238_IS26815";NA;"2023-09-23 08:32:00";75672,5
"875794";"27:2:1";"Exp60_238_IS26815";"Exp60_238_IS26815";NA;"2023-09-23 08:46:00";75644,4
"875795";"27:2:1";"Exp60_238_IS26815";"Exp60_238_IS26815";NA;"2023-09-23 09:02:00";75650,9
"875796";"27:2:1";"Exp60_238_IS26815";"Exp60_238_IS26815";NA;"2023-09-23 09:16:00";75650,9
"875797";"27:2:1";"Exp60_238_IS26815";"Exp60_238_IS26815";NA;"2023-09-23 14:01:00";75304,5
"875798";"27:2:1";"Exp60_238_IS26815";"Exp60_238_IS26815";NA;"2023-09-23 14:17:00";75290,2
"875799";"27:2:1";"Exp60_238_IS26815";"Exp60_238_IS26815";NA;"2023-09-23 14:31:00";75270,2
"875800";"27:2:1";"Exp60_238_IS26815";"Exp60_238_IS26815";NA;"2023-09-23 14:47:00";75266,1
"875801";"27:2:1";"Exp60_238_IS26815";"Exp60_238_IS26815";NA;"2023-09-23 15:01:00";75256,7
"875802";"27:2:1";"Exp60_238_IS26815";"Exp60_238_IS26815";NA;"2023-09-23 15:32:00";75241,3
"875803";"27:2:1";"Exp60_238_IS26815";"Exp60_238_IS26815";NA;"2023-09-23 15:46:00";75231,1
"875804";"27:2:1";"Exp60_238_IS26815";"Exp60_238_IS26815";NA;"2023-09-23 16:17:00";75218
"875805";"27:2:1";"Exp60_238_IS26815";"Exp60_238_IS26815";NA;"2023-09-23 16:31:00";75213,2
"875806";"27:2:1";"Exp60_238_IS26815";"Exp60_238_IS26815";NA;"2023-09-23 16:47:00";75208,8
"875807";"27:2:1";"Exp60_238_IS26815";"Exp60_238_IS26815";NA;"2023-09-23 17:01:00";75202,6
"875808";"27:2:1";"Exp60_238_IS26815";"Exp60_238_IS26815";NA;"2023-09-23 17:17:00";75195,5
"875809";"27:2:1";"Exp60_238_IS26815";"Exp60_238_IS26815";NA;"2023-09-23 17:31:00";75195,3
"875810";"27:2:1";"Exp60_238_IS26815";"Exp60_238_IS26815";NA;"2023-09-23 17:47:00";75192,7
"875811";"27:2:1";"Exp60_238_IS26815";"Exp60_238_IS26815";NA;"2023-09-23 18:01:00";75193,1
"875812";"27:2:1";"Exp60_238_IS26815";"Exp60_238_IS26815";NA;"2023-09-23 18:17:00";75192,4
"875813";"27:2:1";"Exp60_238_IS26815";"Exp60_238_IS26815";NA;"2023-09-23 18:31:00";75192,7
"875814";"27:2:1";"Exp60_238_IS26815";"Exp60_238_IS26815";NA;"2023-09-23 18:47:00";75190,9
"875815";"27:2:1";"Exp60_238_IS26815";"Exp60_238_IS26815";NA;"2023-09-23 19:01:00";75192,1
"875816";"27:2:1";"Exp60_238_IS26815";"Exp60_238_IS26815";NA;"2023-09-23 19:17:00";75191,9
"875817";"27:2:1";"Exp60_238_IS26815";"Exp60_238_IS26815";NA;"2023-09-23 19:31:00";75192,2
"875818";"27:2:1";"Exp60_238_IS26815";"Exp60_238_IS26815";NA;"2023-09-23 20:02:00";75191,7
"875819";"27:2:1";"Exp60_238_IS26815";"Exp60_238_IS26815";NA;"2023-09-23 20:16:00";75194,1
"875820";"27:2:1";"Exp60_238_IS26815";"Exp60_238_IS26815";NA;"2023-09-23 20:32:00";75193,2
"875821";"27:2:1";"Exp60_238_IS26815";"Exp60_238_IS26815";NA;"2023-09-23 20:46:00";75193,4
"875822";"27:2:1";"Exp60_238_IS26815";"Exp60_238_IS26815";NA;"2023-09-23 21:02:00";75193,4
"875823";"27:2:1";"Exp60_238_IS26815";"Exp60_238_IS26815";NA;"2023-09-23 21:16:00";75195,3
"875824";"27:2:1";"Exp60_238_IS26815";"Exp60_238_IS26815";NA;"2023-09-23 21:32:00";75194,1
"875825";"27:2:1";"Exp60_238_IS26815";"Exp60_238_IS26815";NA;"2023-09-23 21:46:00";75193,6
"875826";"27:2:1";"Exp60_238_IS26815";"Exp60_238_IS26815";NA;"2023-09-23 22:02:00";75194,3
"875827";"27:2:1";"Exp60_238_IS26815";"Exp60_238_IS26815";NA;"2023-09-23 22:16:00";75194,4
"875828";"27:2:1";"Exp60_238_IS26815";"Exp60_238_IS26815";NA;"2023-09-23 23:17:00";75194,5
"875829";"27:2:1";"Exp60_238_IS26815";"Exp60_238_IS26815";NA;"2023-09-23 23:31:00";75194,9
"875830";"27:2:1";"Exp60_238_IS26815";"Exp60_238_IS26815";NA;"2023-09-23 23:47:00";75194,3
"875831";"27:2:1";"Exp60_238_IS26815";"Exp60_238_IS26815";NA;"2023-09-24 00:01:00";75193,4
"875832";"27:2:1";"Exp60_238_IS26815";"Exp60_238_IS26815";NA;"2023-09-24 00:17:00";75194
"875833";"27:2:1";"Exp60_238_IS26815";"Exp60_238_IS26815";NA;"2023-09-24 00:31:00";75192,5
"875834";"27:2:1";"Exp60_238_IS26815";"Exp60_238_IS26815";NA;"2023-09-24 00:47:00";75192,9
"875835";"27:2:1";"Exp60_238_IS26815";"Exp60_238_IS26815";NA;"2023-09-24 01:01:00";75192,5
"875836";"27:2:1";"Exp60_238_IS26815";"Exp60_238_IS26815";NA;"2023-09-24 01:17:00";75192,8
"875837";"27:2:1";"Exp60_238_IS26815";"Exp60_238_IS26815";NA;"2023-09-24 01:31:00";75191,8
"875838";"27:2:1";"Exp60_238_IS26815";"Exp60_238_IS26815";NA;"2023-09-24 01:47:00";75191,8
"875839";"27:2:1";"Exp60_238_IS26815";"Exp60_238_IS26815";NA;"2023-09-24 02:01:00";75191,5
"875840";"27:2:1";"Exp60_238_IS26815";"Exp60_238_IS26815";NA;"2023-09-24 02:17:00";75191,8
"875841";"27:2:1";"Exp60_238_IS26815";"Exp60_238_IS26815";NA;"2023-09-24 02:31:00";75190,4
"875842";"27:2:1";"Exp60_238_IS26815";"Exp60_238_IS26815";NA;"2023-09-24 02:47:00";75191,6
"875843";"27:2:1";"Exp60_238_IS26815";"Exp60_238_IS26815";NA;"2023-09-24 03:01:00";75188
"875844";"27:2:1";"Exp60_238_IS26815";"Exp60_238_IS26815";NA;"2023-09-24 10:01:00";75114,7
"875845";"27:2:1";"Exp60_238_IS26815";"Exp60_238_IS26815";NA;"2023-09-24 10:17:00";75103,8
"875846";"27:2:1";"Exp60_238_IS26815";"Exp60_238_IS26815";NA;"2023-09-24 10:31:00";75091,9
"875847";"27:2:1";"Exp60_238_IS26815";"Exp60_238_IS26815";NA;"2023-09-24 10:47:00";75072,9
"875848";"27:2:1";"Exp60_238_IS26815";"Exp60_238_IS26815";NA;"2023-09-24 11:01:00";75065,8
"875849";"27:2:1";"Exp60_238_IS26815";"Exp60_238_IS26815";NA;"2023-09-24 11:17:00";75051,9
"875850";"27:2:1";"Exp60_238_IS26815";"Exp60_238_IS26815";NA;"2023-09-24 11:31:00";75049,9
"875851";"27:2:1";"Exp60_238_IS26815";"Exp60_238_IS26815";NA;"2023-09-24 11:47:00";75034,2
"875852";"27:2:1";"Exp60_238_IS26815";"Exp60_238_IS26815";NA;"2023-09-24 12:01:00";75018,4
"875853";"27:2:1";"Exp60_238_IS26815";"Exp60_238_IS26815";NA;"2023-09-24 12:17:00";75007,6
"875854";"27:2:1";"Exp60_238_IS26815";"Exp60_238_IS26815";NA;"2023-09-24 12:31:00";74998,3
"875855";"27:2:1";"Exp60_238_IS26815";"Exp60_238_IS26815";NA;"2023-09-24 12:47:00";74986,4
"875856";"27:2:1";"Exp60_238_IS26815";"Exp60_238_IS26815";NA;"2023-09-24 13:01:00";74980
"875857";"27:2:1";"Exp60_238_IS26815";"Exp60_238_IS26815";NA;"2023-09-24 13:17:00";74972,7
"875858";"27:2:1";"Exp60_238_IS26815";"Exp60_238_IS26815";NA;"2023-09-24 13:31:00";74955,7
"875859";"27:2:1";"Exp60_238_IS26815";"Exp60_238_IS26815";NA;"2023-09-24 13:47:00";74949,2
"875860";"27:2:1";"Exp60_238_IS26815";"Exp60_238_IS26815";NA;"2023-09-24 14:01:00";74944,2
"875861";"27:2:1";"Exp60_238_IS26815";"Exp60_238_IS26815";NA;"2023-09-24 14:17:00";74948,3
"875862";"27:2:1";"Exp60_238_IS26815";"Exp60_238_IS26815";NA;"2023-09-24 14:31:00";74970,5
"875863";"27:2:1";"Exp60_238_IS26815";"Exp60_238_IS26815";NA;"2023-09-24 14:47:00";75063,3
"875864";"27:2:1";"Exp60_238_IS26815";"Exp60_238_IS26815";NA;"2023-09-24 15:01:00";75055
"875865";"27:2:1";"Exp60_238_IS26815";"Exp60_238_IS26815";NA;"2023-09-24 15:17:00";75045,8
"875866";"27:2:1";"Exp60_238_IS26815";"Exp60_238_IS26815";NA;"2023-09-24 15:31:00";75039,6
"875867";"27:2:1";"Exp60_238_IS26815";"Exp60_238_IS26815";NA;"2023-09-24 15:47:00";75031,9
"875868";"27:2:1";"Exp60_238_IS26815";"Exp60_238_IS26815";NA;"2023-09-24 16:01:00";75021,9
"875869";"27:2:1";"Exp60_238_IS26815";"Exp60_238_IS26815";NA;"2023-09-24 22:31:00";75128,9
"875870";"27:2:1";"Exp60_238_IS26815";"Exp60_238_IS26815";NA;"2023-09-24 22:47:00";75128,1
"875871";"27:2:1";"Exp60_238_IS26815";"Exp60_238_IS26815";NA;"2023-09-24 23:01:00";75124,8
"875872";"27:2:1";"Exp60_238_IS26815";"Exp60_238_IS26815";NA;"2023-09-24 23:17:00";75124,2
"875873";"27:2:1";"Exp60_238_IS26815";"Exp60_238_IS26815";NA;"2023-09-24 23:31:00";75122,7
"875874";"27:2:1";"Exp60_238_IS26815";"Exp60_238_IS26815";NA;"2023-09-24 23:47:00";75120,5
"875875";"27:2:1";"Exp60_238_IS26815";"Exp60_238_IS26815";NA;"2023-09-25 00:01:00";75119,2
"875876";"27:2:1";"Exp60_238_IS26815";"Exp60_238_IS26815";NA;"2023-09-25 00:17:00";75118,3
"875877";"27:2:1";"Exp60_238_IS26815";"Exp60_238_IS26815";NA;"2023-09-25 00:31:00";75118,4
"875878";"27:2:1";"Exp60_238_IS26815";"Exp60_238_IS26815";NA;"2023-09-25 00:47:00";75116,7
"875879";"27:2:1";"Exp60_238_IS26815";"Exp60_238_IS26815";NA;"2023-09-25 01:01:00";75117,3
"875880";"27:2:1";"Exp60_238_IS26815";"Exp60_238_IS26815";NA;"2023-09-25 01:17:00";75113,3
"875881";"27:2:1";"Exp60_238_IS26815";"Exp60_238_IS26815";NA;"2023-09-25 01:31:00";75112,4
"875882";"27:2:1";"Exp60_238_IS26815";"Exp60_238_IS26815";NA;"2023-09-25 01:47:00";75111,4
"875883";"27:2:1";"Exp60_238_IS26815";"Exp60_238_IS26815";NA;"2023-09-25 02:01:00";75110,4
"875884";"27:2:1";"Exp60_238_IS26815";"Exp60_238_IS26815";NA;"2023-09-25 03:02:00";75101,8
"875885";"27:2:1";"Exp60_238_IS26815";"Exp60_238_IS26815";NA;"2023-09-25 03:16:00";75101,5
"875886";"27:2:1";"Exp60_238_IS26815";"Exp60_238_IS26815";NA;"2023-09-25 04:32:00";75094,8
"875887";"27:2:1";"Exp60_238_IS26815";"Exp60_238_IS26815";NA;"2023-09-25 04:46:00";75093,2
"875888";"27:2:1";"Exp60_238_IS26815";"Exp60_238_IS26815";NA;"2023-09-25 05:17:00";75092
"875889";"27:2:1";"Exp60_238_IS26815";"Exp60_238_IS26815";NA;"2023-09-25 05:31:00";75090,8
"875890";"27:2:1";"Exp60_238_IS26815";"Exp60_238_IS26815";NA;"2023-09-25 05:47:00";75088
"875891";"27:2:1";"Exp60_238_IS26815";"Exp60_238_IS26815";NA;"2023-09-25 06:01:00";75087,6
"875892";"27:2:1";"Exp60_238_IS26815";"Exp60_238_IS26815";NA;"2023-09-25 06:17:00";75087
"875893";"27:2:1";"Exp60_238_IS26815";"Exp60_238_IS26815";NA;"2023-09-25 06:31:00";75085,2
"875894";"27:2:1";"Exp60_238_IS26815";"Exp60_238_IS26815";NA;"2023-09-25 06:47:00";75083,8
"875895";"27:2:1";"Exp60_238_IS26815";"Exp60_238_IS26815";NA;"2023-09-25 07:01:00";75082
"875896";"27:2:1";"Exp60_238_IS26815";"Exp60_238_IS26815";NA;"2023-09-25 07:17:00";75072,1
"875897";"27:2:1";"Exp60_238_IS26815";"Exp60_238_IS26815";NA;"2023-09-25 07:31:00";75073,7
"875898";"27:2:1";"Exp60_238_IS26815";"Exp60_238_IS26815";NA;"2023-09-25 07:47:00";75073,5
"875899";"27:2:1";"Exp60_238_IS26815";"Exp60_238_IS26815";NA;"2023-09-25 08:01:00";75070
"875900";"27:2:1";"Exp60_238_IS26815";"Exp60_238_IS26815";NA;"2023-09-25 14:46:00";74766,2
"875901";"27:2:1";"Exp60_238_IS26815";"Exp60_238_IS26815";NA;"2023-09-25 15:02:00";74763,3
"875902";"27:2:1";"Exp60_238_IS26815";"Exp60_238_IS26815";NA;"2023-09-25 15:16:00";74759,1
"875903";"27:2:1";"Exp60_238_IS26815";"Exp60_238_IS26815";NA;"2023-09-25 15:32:00";74752
"875904";"27:2:1";"Exp60_238_IS26815";"Exp60_238_IS26815";NA;"2023-09-25 15:46:00";74735,2
"875905";"27:2:1";"Exp60_238_IS26815";"Exp60_238_IS26815";NA;"2023-09-25 16:02:00";74749,1
"875906";"27:2:1";"Exp60_238_IS26815";"Exp60_238_IS26815";NA;"2023-09-25 17:16:00";74734,7
"875907";"27:2:1";"Exp60_238_IS26815";"Exp60_238_IS26815";NA;"2023-09-25 17:32:00";74733,1
"875908";"27:2:1";"Exp60_238_IS26815";"Exp60_238_IS26815";NA;"2023-09-25 17:46:00";74733,6
"875909";"27:2:1";"Exp60_238_IS26815";"Exp60_238_IS26815";NA;"2023-09-25 18:02:00";74733,6
"875910";"27:2:1";"Exp60_238_IS26815";"Exp60_238_IS26815";NA;"2023-09-25 19:01:00";74737
"875911";"27:2:1";"Exp60_238_IS26815";"Exp60_238_IS26815";NA;"2023-09-25 19:17:00";74738,3
"875912";"27:2:1";"Exp60_238_IS26815";"Exp60_238_IS26815";NA;"2023-09-25 19:31:00";74738,7
"875913";"27:2:1";"Exp60_238_IS26815";"Exp60_238_IS26815";NA;"2023-09-25 19:47:00";74739,2
"875914";"27:2:1";"Exp60_238_IS26815";"Exp60_238_IS26815";NA;"2023-09-25 20:01:00";74740,5
"875915";"27:2:1";"Exp60_238_IS26815";"Exp60_238_IS26815";NA;"2023-09-25 20:17:00";74741,3
"875916";"27:2:1";"Exp60_238_IS26815";"Exp60_238_IS26815";NA;"2023-09-25 20:31:00";74741,1
"875917";"27:2:1";"Exp60_238_IS26815";"Exp60_238_IS26815";NA;"2023-09-25 20:47:00";74742,2
"875918";"27:2:1";"Exp60_238_IS26815";"Exp60_238_IS26815";NA;"2023-09-25 21:16:00";74742,3
"875919";"27:2:1";"Exp60_238_IS26815";"Exp60_238_IS26815";NA;"2023-09-25 21:32:00";74742,3
"875920";"27:2:1";"Exp60_238_IS26815";"Exp60_238_IS26815";NA;"2023-09-25 21:46:00";74742,8
"875921";"27:2:1";"Exp60_238_IS26815";"Exp60_238_IS26815";NA;"2023-09-25 22:02:00";74742,5
"875922";"27:2:1";"Exp60_238_IS26815";"Exp60_238_IS26815";NA;"2023-09-25 22:16:00";74742,4
"875923";"27:2:1";"Exp60_238_IS26815";"Exp60_238_IS26815";NA;"2023-09-25 22:32:00";74741,7
"875924";"27:2:1";"Exp60_238_IS26815";"Exp60_238_IS26815";NA;"2023-09-25 22:46:00";74742
"875925";"27:2:1";"Exp60_238_IS26815";"Exp60_238_IS26815";NA;"2023-09-25 23:02:00";74741,6
"875926";"27:2:1";"Exp60_238_IS26815";"Exp60_238_IS26815";NA;"2023-09-25 23:16:00";74742
"875927";"27:2:1";"Exp60_238_IS26815";"Exp60_238_IS26815";NA;"2023-09-25 23:32:00";74741,3
"875928";"27:2:1";"Exp60_238_IS26815";"Exp60_238_IS26815";NA;"2023-09-25 23:46:00";74742
"875929";"27:2:1";"Exp60_238_IS26815";"Exp60_238_IS26815";NA;"2023-09-26 00:02:00";74741,8
"875930";"27:2:1";"Exp60_238_IS26815";"Exp60_238_IS26815";NA;"2023-09-26 00:16:00";74742
"875931";"27:2:1";"Exp60_238_IS26815";"Exp60_238_IS26815";NA;"2023-09-26 00:32:00";74741,1
"875932";"27:2:1";"Exp60_238_IS26815";"Exp60_238_IS26815";NA;"2023-09-26 00:46:00";74737,1
"875933";"27:2:1";"Exp60_238_IS26815";"Exp60_238_IS26815";NA;"2023-09-26 01:02:00";74734,6
"875934";"27:2:1";"Exp60_238_IS26815";"Exp60_238_IS26815";NA;"2023-09-26 01:16:00";74734,1
"875935";"27:2:1";"Exp60_238_IS26815";"Exp60_238_IS26815";NA;"2023-09-26 01:32:00";74732,6
"875936";"27:2:1";"Exp60_238_IS26815";"Exp60_238_IS26815";NA;"2023-09-26 01:46:00";74731,9
"875937";"27:2:1";"Exp60_238_IS26815";"Exp60_238_IS26815";NA;"2023-09-26 02:02:00";74730,5
"875938";"27:2:1";"Exp60_238_IS26815";"Exp60_238_IS26815";NA;"2023-09-26 02:16:00";74729,4
"875939";"27:2:1";"Exp60_238_IS26815";"Exp60_238_IS26815";NA;"2023-09-26 02:32:00";74727,3
"875940";"27:2:1";"Exp60_238_IS26815";"Exp60_238_IS26815";NA;"2023-09-26 02:46:00";74724,1
"875941";"27:2:1";"Exp60_238_IS26815";"Exp60_238_IS26815";NA;"2023-09-26 03:02:00";74724,1
"875942";"27:2:1";"Exp60_238_IS26815";"Exp60_238_IS26815";NA;"2023-09-26 03:16:00";74724
"875943";"27:2:1";"Exp60_238_IS26815";"Exp60_238_IS26815";NA;"2023-09-26 03:32:00";74721,7
"875944";"27:2:1";"Exp60_238_IS26815";"Exp60_238_IS26815";NA;"2023-09-26 03:46:00";74722
"875945";"27:2:1";"Exp60_238_IS26815";"Exp60_238_IS26815";NA;"2023-09-26 04:02:00";74720,4
"875946";"27:2:1";"Exp60_238_IS26815";"Exp60_238_IS26815";NA;"2023-09-26 04:16:00";74718,5
"875947";"27:2:1";"Exp60_238_IS26815";"Exp60_238_IS26815";NA;"2023-09-26 04:32:00";74718,5
"875948";"27:2:1";"Exp60_238_IS26815";"Exp60_238_IS26815";NA;"2023-09-26 04:46:00";74717,3
"875949";"27:2:1";"Exp60_238_IS26815";"Exp60_238_IS26815";NA;"2023-09-26 05:02:00";74715,8
"875950";"27:2:1";"Exp60_238_IS26815";"Exp60_238_IS26815";NA;"2023-09-26 05:16:00";74715,2
"875951";"27:2:1";"Exp60_238_IS26815";"Exp60_238_IS26815";NA;"2023-09-26 05:32:00";74712,5
"875952";"27:2:1";"Exp60_238_IS26815";"Exp60_238_IS26815";NA;"2023-09-26 05:46:00";74709,6
"875953";"27:2:1";"Exp60_238_IS26815";"Exp60_238_IS26815";NA;"2023-09-26 06:02:00";74710,8
"875954";"27:2:1";"Exp60_238_IS26815";"Exp60_238_IS26815";NA;"2023-09-26 06:16:00";74709,8
"875955";"27:2:1";"Exp60_238_IS26815";"Exp60_238_IS26815";NA;"2023-09-26 06:32:00";74708,7
"875956";"27:2:1";"Exp60_238_IS26815";"Exp60_238_IS26815";NA;"2023-09-26 06:46:00";74707,8
"875957";"27:2:1";"Exp60_238_IS26815";"Exp60_238_IS26815";NA;"2023-09-26 07:02:00";74707,2
"875958";"27:2:1";"Exp60_238_IS26815";"Exp60_238_IS26815";NA;"2023-09-26 07:16:00";74704,9
"875959";"27:2:1";"Exp60_238_IS26815";"Exp60_238_IS26815";NA;"2023-09-26 07:47:00";74703,1
"875960";"27:2:1";"Exp60_238_IS26815";"Exp60_238_IS26815";NA;"2023-09-26 08:01:00";74696,7
"875961";"27:2:1";"Exp60_238_IS26815";"Exp60_238_IS26815";NA;"2023-09-26 08:17:00";74694,2
"875962";"27:2:1";"Exp60_238_IS26815";"Exp60_238_IS26815";NA;"2023-09-26 08:31:00";74692,3
"875963";"27:2:1";"Exp60_238_IS26815";"Exp60_238_IS26815";NA;"2023-09-26 09:02:00";74679,6
"875964";"27:2:1";"Exp60_238_IS26815";"Exp60_238_IS26815";NA;"2023-09-26 09:16:00";74672,8
"875965";"27:2:1";"Exp60_238_IS26815";"Exp60_238_IS26815";NA;"2023-09-26 09:32:00";74666,2
"875966";"27:2:1";"Exp60_238_IS26815";"Exp60_238_IS26815";NA;"2023-09-26 09:46:00";74639
"875967";"27:2:1";"Exp60_238_IS26815";"Exp60_238_IS26815";NA;"2023-09-26 10:02:00";74625,1
"875968";"27:2:1";"Exp60_238_IS26815";"Exp60_238_IS26815";NA;"2023-09-26 10:16:00";74608,5
"875969";"27:2:1";"Exp60_238_IS26815";"Exp60_238_IS26815";NA;"2023-09-26 10:32:00";74593,4
"875970";"27:2:1";"Exp60_238_IS26815";"Exp60_238_IS26815";NA;"2023-09-26 10:46:00";74585,3
"875971";"27:2:1";"Exp60_238_IS26815";"Exp60_238_IS26815";NA;"2023-09-26 11:02:00";74569,9
"875972";"27:2:1";"Exp60_238_IS26815";"Exp60_238_IS26815";NA;"2023-09-26 11:16:00";74558,4
"875973";"27:2:1";"Exp60_238_IS26815";"Exp60_238_IS26815";NA;"2023-09-26 11:47:00";74528,8
"875974";"27:2:1";"Exp60_238_IS26815";"Exp60_238_IS26815";NA;"2023-09-26 12:01:00";74516,9
"875975";"27:2:1";"Exp60_238_IS26815";"Exp60_238_IS26815";NA;"2023-09-26 12:17:00";74510,4
"875976";"27:2:1";"Exp60_238_IS26815";"Exp60_238_IS26815";NA;"2023-09-26 12:31:00";74501,3
"875977";"27:2:1";"Exp60_238_IS26815";"Exp60_238_IS26815";NA;"2023-09-26 12:47:00";74486,9
"875978";"27:2:1";"Exp60_238_IS26815";"Exp60_238_IS26815";NA;"2023-09-26 13:01:00";74473,5
"875979";"27:2:1";"Exp60_238_IS26815";"Exp60_238_IS26815";NA;"2023-09-26 13:32:00";74459,4
"875980";"27:2:1";"Exp60_238_IS26815";"Exp60_238_IS26815";NA;"2023-09-26 13:46:00";74441,6
"875981";"27:2:1";"Exp60_238_IS26815";"Exp60_238_IS26815";NA;"2023-09-26 14:02:00";74436,4
"875982";"27:2:1";"Exp60_238_IS26815";"Exp60_238_IS26815";NA;"2023-09-26 14:16:00";74425
"875983";"27:2:1";"Exp60_238_IS26815";"Exp60_238_IS26815";NA;"2023-09-26 14:32:00";74419
"875984";"27:2:1";"Exp60_238_IS26815";"Exp60_238_IS26815";NA;"2023-09-26 14:46:00";74416,6
"875985";"27:2:1";"Exp60_238_IS26815";"Exp60_238_IS26815";NA;"2023-09-26 15:02:00";74409,5
"875986";"27:2:1";"Exp60_238_IS26815";"Exp60_238_IS26815";NA;"2023-09-26 15:16:00";74402,3
"875987";"27:2:1";"Exp60_238_IS26815";"Exp60_238_IS26815";NA;"2023-09-26 15:32:00";74401
"875988";"27:2:1";"Exp60_238_IS26815";"Exp60_238_IS26815";NA;"2023-09-26 15:46:00";74395,5
"875989";"27:2:1";"Exp60_238_IS26815";"Exp60_238_IS26815";NA;"2023-09-26 16:02:00";75110,2
"875990";"27:2:1";"Exp60_238_IS26815";"Exp60_238_IS26815";NA;"2023-09-26 16:16:00";75583,1
"875991";"27:2:1";"Exp60_238_IS26815";"Exp60_238_IS26815";NA;"2023-09-26 22:01:00";75538,3
"875992";"27:2:1";"Exp60_238_IS26815";"Exp60_238_IS26815";NA;"2023-09-26 22:17:00";75537,6
"875993";"27:2:1";"Exp60_238_IS26815";"Exp60_238_IS26815";NA;"2023-09-26 22:31:00";75535,7
"875994";"27:2:1";"Exp60_238_IS26815";"Exp60_238_IS26815";NA;"2023-09-26 22:47:00";75534,2
"875995";"27:2:1";"Exp60_238_IS26815";"Exp60_238_IS26815";NA;"2023-09-26 23:01:00";75533,3
"875996";"27:2:1";"Exp60_238_IS26815";"Exp60_238_IS26815";NA;"2023-09-26 23:17:00";75531,9
"875997";"27:2:1";"Exp60_238_IS26815";"Exp60_238_IS26815";NA;"2023-09-26 23:31:00";75530,6
"875998";"27:2:1";"Exp60_238_IS26815";"Exp60_238_IS26815";NA;"2023-09-26 23:47:00";75529,4
"875999";"27:2:1";"Exp60_238_IS26815";"Exp60_238_IS26815";NA;"2023-09-27 00:31:00";75524,5
"876000";"27:2:1";"Exp60_238_IS26815";"Exp60_238_IS26815";NA;"2023-09-27 00:47:00";75522,8
"876001";"27:2:1";"Exp60_238_IS26815";"Exp60_238_IS26815";NA;"2023-09-27 01:01:00";75521,8
"876002";"27:2:1";"Exp60_238_IS26815";"Exp60_238_IS26815";NA;"2023-09-27 01:17:00";75519,5
"876003";"27:2:1";"Exp60_238_IS26815";"Exp60_238_IS26815";NA;"2023-09-27 01:31:00";75517,5
"876004";"27:2:1";"Exp60_238_IS26815";"Exp60_238_IS26815";NA;"2023-09-27 01:47:00";75516
"876005";"27:2:1";"Exp60_238_IS26815";"Exp60_238_IS26815";NA;"2023-09-27 02:01:00";75514,1
"876006";"27:2:1";"Exp60_238_IS26815";"Exp60_238_IS26815";NA;"2023-09-27 02:17:00";75512,5
"876007";"27:2:1";"Exp60_238_IS26815";"Exp60_238_IS26815";NA;"2023-09-27 02:31:00";75510,9
"876008";"27:2:1";"Exp60_238_IS26815";"Exp60_238_IS26815";NA;"2023-09-27 02:47:00";75510,2
"876009";"27:2:1";"Exp60_238_IS26815";"Exp60_238_IS26815";NA;"2023-09-27 03:01:00";75509,4
"876010";"27:2:1";"Exp60_238_IS26815";"Exp60_238_IS26815";NA;"2023-09-27 03:17:00";75507,5
"876011";"27:2:1";"Exp60_238_IS26815";"Exp60_238_IS26815";NA;"2023-09-27 03:31:00";75506,6
"876012";"27:2:1";"Exp60_238_IS26815";"Exp60_238_IS26815";NA;"2023-09-27 03:47:00";75504,7
"876013";"27:2:1";"Exp60_238_IS26815";"Exp60_238_IS26815";NA;"2023-09-27 04:01:00";75503,5
"876014";"27:2:1";"Exp60_238_IS26815";"Exp60_238_IS26815";NA;"2023-09-27 04:17:00";75501,9
"876015";"27:2:1";"Exp60_238_IS26815";"Exp60_238_IS26815";NA;"2023-09-27 04:31:00";75499,7
"876016";"27:2:1";"Exp60_238_IS26815";"Exp60_238_IS26815";NA;"2023-09-27 04:47:00";75498,6
"876017";"27:2:1";"Exp60_238_IS26815";"Exp60_238_IS26815";NA;"2023-09-27 05:01:00";75498,4
"876018";"27:2:1";"Exp60_238_IS26815";"Exp60_238_IS26815";NA;"2023-09-27 05:17:00";75497
"876019";"27:2:1";"Exp60_238_IS26815";"Exp60_238_IS26815";NA;"2023-09-27 05:31:00";75495,6
"876020";"27:2:1";"Exp60_238_IS26815";"Exp60_238_IS26815";NA;"2023-09-27 05:47:00";75494,7
"876021";"27:2:1";"Exp60_238_IS26815";"Exp60_238_IS26815";NA;"2023-09-27 06:01:00";75493,2
"876022";"27:2:1";"Exp60_238_IS26815";"Exp60_238_IS26815";NA;"2023-09-27 06:17:00";75491,9
"876023";"27:2:1";"Exp60_238_IS26815";"Exp60_238_IS26815";NA;"2023-09-27 06:31:00";75490,4
"876024";"27:2:1";"Exp60_238_IS26815";"Exp60_238_IS26815";NA;"2023-09-27 06:47:00";75488,2
"876025";"27:2:1";"Exp60_238_IS26815";"Exp60_238_IS26815";NA;"2023-09-27 07:01:00";75483,7
"876026";"27:2:1";"Exp60_238_IS26815";"Exp60_238_IS26815";NA;"2023-09-27 07:32:00";75475,4
"876027";"27:2:1";"Exp60_238_IS26815";"Exp60_238_IS26815";NA;"2023-09-27 07:46:00";75468,9
"876028";"27:2:1";"Exp60_238_IS26815";"Exp60_238_IS26815";NA;"2023-09-27 08:02:00";75455,4
"876029";"27:2:1";"Exp60_238_IS26815";"Exp60_238_IS26815";NA;"2023-09-27 08:16:00";75447,8
"876030";"27:2:1";"Exp60_238_IS26815";"Exp60_238_IS26815";NA;"2023-09-27 08:32:00";75436,4
"876031";"27:2:1";"Exp60_238_IS26815";"Exp60_238_IS26815";NA;"2023-09-27 08:46:00";75419,8
"876032";"27:2:1";"Exp60_238_IS26815";"Exp60_238_IS26815";NA;"2023-09-27 09:02:00";75403,9
"876033";"27:2:1";"Exp60_238_IS26815";"Exp60_238_IS26815";NA;"2023-09-27 09:16:00";75386,2
"876034";"27:2:1";"Exp60_238_IS26815";"Exp60_238_IS26815";NA;"2023-09-27 15:46:00";75623,1
"876035";"27:2:1";"Exp60_238_IS26815";"Exp60_238_IS26815";NA;"2023-09-27 16:02:00";76007,3
"876036";"27:2:1";"Exp60_238_IS26815";"Exp60_238_IS26815";NA;"2023-09-27 16:16:00";76190,5
"876037";"27:2:1";"Exp60_238_IS26815";"Exp60_238_IS26815";NA;"2023-09-27 16:32:00";76106,1
"876038";"27:2:1";"Exp60_238_IS26815";"Exp60_238_IS26815";NA;"2023-09-27 16:46:00";76027,7
"876039";"27:2:1";"Exp60_238_IS26815";"Exp60_238_IS26815";NA;"2023-09-27 17:17:00";75919,7
"876040";"27:2:1";"Exp60_238_IS26815";"Exp60_238_IS26815";NA;"2023-09-27 17:31:00";75889,5
"876041";"27:2:1";"Exp60_238_IS26815";"Exp60_238_IS26815";NA;"2023-09-27 17:47:00";75861,1
"876042";"27:2:1";"Exp60_238_IS26815";"Exp60_238_IS26815";NA;"2023-09-27 18:01:00";75834,8
"876043";"27:2:1";"Exp60_238_IS26815";"Exp60_238_IS26815";NA;"2023-09-27 18:17:00";75815,4
"876044";"27:2:1";"Exp60_238_IS26815";"Exp60_238_IS26815";NA;"2023-09-27 18:31:00";75803,8
"876045";"27:2:1";"Exp60_238_IS26815";"Exp60_238_IS26815";NA;"2023-09-27 18:47:00";75794,5
"876046";"27:2:1";"Exp60_238_IS26815";"Exp60_238_IS26815";NA;"2023-09-27 19:01:00";75801,6
"876047";"27:2:1";"Exp60_238_IS26815";"Exp60_238_IS26815";NA;"2023-09-27 19:17:00";75784,3
"876048";"27:2:1";"Exp60_238_IS26815";"Exp60_238_IS26815";NA;"2023-09-27 19:31:00";75790,2
"876049";"27:2:1";"Exp60_238_IS26815";"Exp60_238_IS26815";NA;"2023-09-27 19:47:00";75815
"876050";"27:2:1";"Exp60_238_IS26815";"Exp60_238_IS26815";NA;"2023-09-27 20:01:00";75817
"876051";"27:2:1";"Exp60_238_IS26815";"Exp60_238_IS26815";NA;"2023-09-27 20:17:00";75825
"876052";"27:2:1";"Exp60_238_IS26815";"Exp60_238_IS26815";NA;"2023-09-27 20:31:00";75820,1
"876053";"27:2:1";"Exp60_238_IS26815";"Exp60_238_IS26815";NA;"2023-09-27 20:47:00";75812,7
"876054";"27:2:1";"Exp60_238_IS26815";"Exp60_238_IS26815";NA;"2023-09-27 21:01:00";75808,7
"876055";"27:2:1";"Exp60_238_IS26815";"Exp60_238_IS26815";NA;"2023-09-28 01:31:00";75721
"876056";"27:2:1";"Exp60_238_IS26815";"Exp60_238_IS26815";NA;"2023-09-28 01:47:00";75717,1
"876057";"27:2:1";"Exp60_238_IS26815";"Exp60_238_IS26815";NA;"2023-09-28 02:01:00";75714,6
"876058";"27:2:1";"Exp60_238_IS26815";"Exp60_238_IS26815";NA;"2023-09-28 02:17:00";75710,7
"876059";"27:2:1";"Exp60_238_IS26815";"Exp60_238_IS26815";NA;"2023-09-28 02:31:00";75707,9
"876060";"27:2:1";"Exp60_238_IS26815";"Exp60_238_IS26815";NA;"2023-09-28 03:17:00";75699,5
"876061";"27:2:1";"Exp60_238_IS26815";"Exp60_238_IS26815";NA;"2023-09-28 03:31:00";75697,7
"876062";"27:2:1";"Exp60_238_IS26815";"Exp60_238_IS26815";NA;"2023-09-28 03:47:00";75695,2
"876063";"27:2:1";"Exp60_238_IS26815";"Exp60_238_IS26815";NA;"2023-09-28 04:01:00";75692,1
"876064";"27:2:1";"Exp60_238_IS26815";"Exp60_238_IS26815";NA;"2023-09-28 04:17:00";75689,9
"876065";"27:2:1";"Exp60_238_IS26815";"Exp60_238_IS26815";NA;"2023-09-28 04:31:00";75688,4
"876066";"27:2:1";"Exp60_238_IS26815";"Exp60_238_IS26815";NA;"2023-09-28 04:47:00";75685,3
"876067";"27:2:1";"Exp60_238_IS26815";"Exp60_238_IS26815";NA;"2023-09-28 05:01:00";75683,2
"876068";"27:2:1";"Exp60_238_IS26815";"Exp60_238_IS26815";NA;"2023-09-28 05:17:00";75681
"876069";"27:2:1";"Exp60_238_IS26815";"Exp60_238_IS26815";NA;"2023-09-28 05:31:00";75679,7
"876070";"27:2:1";"Exp60_238_IS26815";"Exp60_238_IS26815";NA;"2023-09-28 05:47:00";75677,4
"876071";"27:2:1";"Exp60_238_IS26815";"Exp60_238_IS26815";NA;"2023-09-28 06:01:00";75676
"876072";"27:2:1";"Exp60_238_IS26815";"Exp60_238_IS26815";NA;"2023-09-28 06:17:00";75673,7
"876073";"27:2:1";"Exp60_238_IS26815";"Exp60_238_IS26815";NA;"2023-09-28 07:16:00";75656,4
"876074";"27:2:1";"Exp60_238_IS26815";"Exp60_238_IS26815";NA;"2023-09-28 07:32:00";75648,2
"876075";"27:2:1";"Exp60_238_IS26815";"Exp60_238_IS26815";NA;"2023-09-28 08:16:00";75608,9
"876076";"27:2:1";"Exp60_238_IS26815";"Exp60_238_IS26815";NA;"2023-09-28 08:47:00";85341,1
"876077";"27:2:1";"Exp60_238_IS26815";"Exp60_238_IS26815";NA;"2023-09-28 09:01:00";75528,3
"876078";"27:2:1";"Exp60_238_IS26815";"Exp60_238_IS26815";NA;"2023-09-28 16:16:00";75060,1
"876079";"27:2:1";"Exp60_238_IS26815";"Exp60_238_IS26815";NA;"2023-09-28 16:47:00";75055
"876080";"27:2:1";"Exp60_238_IS26815";"Exp60_238_IS26815";NA;"2023-09-28 17:01:00";75055,6
"876081";"27:2:1";"Exp60_238_IS26815";"Exp60_238_IS26815";NA;"2023-09-28 17:17:00";75046,5
"876082";"27:2:1";"Exp60_238_IS26815";"Exp60_238_IS26815";NA;"2023-09-28 17:31:00";75047,4
"876083";"27:2:1";"Exp60_238_IS26815";"Exp60_238_IS26815";NA;"2023-09-28 18:02:00";75045
"876084";"27:2:1";"Exp60_238_IS26815";"Exp60_238_IS26815";NA;"2023-09-28 18:16:00";75104,4
"876085";"27:2:1";"Exp60_238_IS26815";"Exp60_238_IS26815";NA;"2023-09-28 18:32:00";75181
"876086";"27:2:1";"Exp60_238_IS26815";"Exp60_238_IS26815";NA;"2023-09-28 18:46:00";75199,3
"876087";"27:2:1";"Exp60_238_IS26815";"Exp60_238_IS26815";NA;"2023-09-28 19:02:00";75197,3
"876088";"27:2:1";"Exp60_238_IS26815";"Exp60_238_IS26815";NA;"2023-09-28 19:16:00";75194,6
"876089";"27:2:1";"Exp60_238_IS26815";"Exp60_238_IS26815";NA;"2023-09-28 19:32:00";75192,4
"876090";"27:2:1";"Exp60_238_IS26815";"Exp60_238_IS26815";NA;"2023-09-28 19:46:00";75188,6
"876091";"27:2:1";"Exp60_238_IS26815";"Exp60_238_IS26815";NA;"2023-09-28 20:02:00";75183,6
"876092";"27:2:1";"Exp60_238_IS26815";"Exp60_238_IS26815";NA;"2023-09-28 20:16:00";75179,6
"876093";"27:2:1";"Exp60_238_IS26815";"Exp60_238_IS26815";NA;"2023-09-28 20:32:00";75176,8
"876094";"27:2:1";"Exp60_238_IS26815";"Exp60_238_IS26815";NA;"2023-09-28 20:46:00";75172,7
"876095";"27:2:1";"Exp60_238_IS26815";"Exp60_238_IS26815";NA;"2023-09-28 21:02:00";75170,7
"876096";"27:2:1";"Exp60_238_IS26815";"Exp60_238_IS26815";NA;"2023-09-28 21:16:00";75168,3
"876097";"27:2:1";"Exp60_238_IS26815";"Exp60_238_IS26815";NA;"2023-09-28 21:32:00";75166,2
"876098";"27:2:1";"Exp60_238_IS26815";"Exp60_238_IS26815";NA;"2023-09-28 21:46:00";75163,5
"876099";"27:2:1";"Exp60_238_IS26815";"Exp60_238_IS26815";NA;"2023-09-28 22:17:00";75159,3
"876100";"27:2:1";"Exp60_238_IS26815";"Exp60_238_IS26815";NA;"2023-09-28 22:31:00";75155,9
"876101";"27:2:1";"Exp60_238_IS26815";"Exp60_238_IS26815";NA;"2023-09-28 22:47:00";75155,9
"876102";"27:2:1";"Exp60_238_IS26815";"Exp60_238_IS26815";NA;"2023-09-28 23:01:00";75153,8
"876103";"27:2:1";"Exp60_238_IS26815";"Exp60_238_IS26815";NA;"2023-09-28 23:17:00";75151,6
"876104";"27:2:1";"Exp60_238_IS26815";"Exp60_238_IS26815";NA;"2023-09-28 23:31:00";75150,5
"876105";"27:2:1";"Exp60_238_IS26815";"Exp60_238_IS26815";NA;"2023-09-29 00:17:00";75146,3
"876106";"27:2:1";"Exp60_238_IS26815";"Exp60_238_IS26815";NA;"2023-09-29 00:31:00";75143,9
"876107";"27:2:1";"Exp60_238_IS26815";"Exp60_238_IS26815";NA;"2023-09-29 00:47:00";75143,5
"876108";"27:2:1";"Exp60_238_IS26815";"Exp60_238_IS26815";NA;"2023-09-29 01:01:00";75142,5
"876109";"27:2:1";"Exp60_238_IS26815";"Exp60_238_IS26815";NA;"2023-09-29 01:17:00";75140,3
"876110";"27:2:1";"Exp60_238_IS26815";"Exp60_238_IS26815";NA;"2023-09-29 01:31:00";75139,4
"876111";"27:2:1";"Exp60_238_IS26815";"Exp60_238_IS26815";NA;"2023-09-29 01:47:00";75138,7
"876112";"27:2:1";"Exp60_238_IS26815";"Exp60_238_IS26815";NA;"2023-09-29 02:01:00";75136,9
"876113";"27:2:1";"Exp60_238_IS26815";"Exp60_238_IS26815";NA;"2023-09-29 02:17:00";75134,6
"876114";"27:2:1";"Exp60_238_IS26815";"Exp60_238_IS26815";NA;"2023-09-29 02:31:00";75133,4
"876115";"27:2:1";"Exp60_238_IS26815";"Exp60_238_IS26815";NA;"2023-09-29 02:47:00";75133
"876116";"27:2:1";"Exp60_238_IS26815";"Exp60_238_IS26815";NA;"2023-09-29 03:01:00";75130,9
"876117";"27:2:1";"Exp60_238_IS26815";"Exp60_238_IS26815";NA;"2023-09-29 03:47:00";75128,4
"876118";"27:2:1";"Exp60_238_IS26815";"Exp60_238_IS26815";NA;"2023-09-29 04:01:00";75126,2
"876119";"27:2:1";"Exp60_238_IS26815";"Exp60_238_IS26815";NA;"2023-09-29 04:17:00";75125,2
"876120";"27:2:1";"Exp60_238_IS26815";"Exp60_238_IS26815";NA;"2023-09-29 04:31:00";75124,7
"876121";"27:2:1";"Exp60_238_IS26815";"Exp60_238_IS26815";NA;"2023-09-29 12:31:00";74848
"876122";"27:2:1";"Exp60_238_IS26815";"Exp60_238_IS26815";NA;"2023-09-29 18:46:00";74688,8
"876123";"27:2:1";"Exp60_238_IS26815";"Exp60_238_IS26815";NA;"2023-09-29 19:17:00";74688,4
"876124";"27:2:1";"Exp60_238_IS26815";"Exp60_238_IS26815";NA;"2023-09-29 19:31:00";74689,9
"876125";"27:2:1";"Exp60_238_IS26815";"Exp60_238_IS26815";NA;"2023-09-29 19:47:00";74682,6
"876126";"27:2:1";"Exp60_238_IS26815";"Exp60_238_IS26815";NA;"2023-09-29 20:01:00";74686,2
"876127";"27:2:1";"Exp60_238_IS26815";"Exp60_238_IS26815";NA;"2023-09-29 20:17:00";74683,7
"876128";"27:2:1";"Exp60_238_IS26815";"Exp60_238_IS26815";NA;"2023-09-29 20:31:00";74681,9
"876129";"27:2:1";"Exp60_238_IS26815";"Exp60_238_IS26815";NA;"2023-09-29 21:02:00";74680,9
"876130";"27:2:1";"Exp60_238_IS26815";"Exp60_238_IS26815";NA;"2023-09-29 21:16:00";74680,9
"876131";"27:2:1";"Exp60_238_IS26815";"Exp60_238_IS26815";NA;"2023-09-29 21:32:00";74680
"876132";"27:2:1";"Exp60_238_IS26815";"Exp60_238_IS26815";NA;"2023-09-29 21:46:00";74680,6
"876133";"27:2:1";"Exp60_238_IS26815";"Exp60_238_IS26815";NA;"2023-09-29 22:02:00";74680,3
"876134";"27:2:1";"Exp60_238_IS26815";"Exp60_238_IS26815";NA;"2023-09-29 22:16:00";74679,8
"876135";"27:2:1";"Exp60_238_IS26815";"Exp60_238_IS26815";NA;"2023-09-29 22:32:00";74679,3
"876136";"27:2:1";"Exp60_238_IS26815";"Exp60_238_IS26815";NA;"2023-09-29 22:46:00";74677,8
"876137";"27:2:1";"Exp60_238_IS26815";"Exp60_238_IS26815";NA;"2023-09-29 23:02:00";74676,8
"876138";"27:2:1";"Exp60_238_IS26815";"Exp60_238_IS26815";NA;"2023-09-29 23:16:00";74674,5
"876139";"27:2:1";"Exp60_238_IS26815";"Exp60_238_IS26815";NA;"2023-09-29 23:32:00";74674,8
"876140";"27:2:1";"Exp60_238_IS26815";"Exp60_238_IS26815";NA;"2023-09-29 23:46:00";74673,6
"876141";"27:2:1";"Exp60_238_IS26815";"Exp60_238_IS26815";NA;"2023-09-30 00:02:00";74673,1
"876142";"27:2:1";"Exp60_238_IS26815";"Exp60_238_IS26815";NA;"2023-09-30 00:16:00";74673,1
"876143";"27:2:1";"Exp60_238_IS26815";"Exp60_238_IS26815";NA;"2023-09-30 00:32:00";74671,7
"876144";"27:2:1";"Exp60_238_IS26815";"Exp60_238_IS26815";NA;"2023-09-30 00:46:00";74672,9
"876145";"27:2:1";"Exp60_238_IS26815";"Exp60_238_IS26815";NA;"2023-09-30 01:02:00";74670,5
"876146";"27:2:1";"Exp60_238_IS26815";"Exp60_238_IS26815";NA;"2023-09-30 01:16:00";74666,5
"876147";"27:2:1";"Exp60_238_IS26815";"Exp60_238_IS26815";NA;"2023-09-30 01:32:00";74668
"876148";"27:2:1";"Exp60_238_IS26815";"Exp60_238_IS26815";NA;"2023-09-30 01:46:00";74781,7
"876149";"27:2:1";"Exp60_238_IS26815";"Exp60_238_IS26815";NA;"2023-09-30 08:46:00";74722,4
"876150";"27:2:1";"Exp60_238_IS26815";"Exp60_238_IS26815";NA;"2023-09-30 09:02:00";74704,9
"876151";"27:2:1";"Exp60_238_IS26815";"Exp60_238_IS26815";NA;"2023-09-30 09:16:00";74673,9
"876152";"27:2:1";"Exp60_238_IS26815";"Exp60_238_IS26815";NA;"2023-09-30 09:32:00";74663,4
"876153";"27:2:1";"Exp60_238_IS26815";"Exp60_238_IS26815";NA;"2023-09-30 09:46:00";74641,5
"876154";"27:2:1";"Exp60_238_IS26815";"Exp60_238_IS26815";NA;"2023-09-30 10:02:00";74613
"876155";"27:2:1";"Exp60_238_IS26815";"Exp60_238_IS26815";NA;"2023-09-30 10:16:00";74609,7
"876156";"27:2:1";"Exp60_238_IS26815";"Exp60_238_IS26815";NA;"2023-09-30 10:32:00";74582,2
"876157";"27:2:1";"Exp60_238_IS26815";"Exp60_238_IS26815";NA;"2023-09-30 10:46:00";74566,6
"876158";"27:2:1";"Exp60_238_IS26815";"Exp60_238_IS26815";NA;"2023-09-30 11:02:00";74537,3
"876159";"27:2:1";"Exp60_238_IS26815";"Exp60_238_IS26815";NA;"2023-09-30 11:16:00";74529,3
"876160";"27:2:1";"Exp60_238_IS26815";"Exp60_238_IS26815";NA;"2023-09-30 11:32:00";74506,6
"876161";"27:2:1";"Exp60_238_IS26815";"Exp60_238_IS26815";NA;"2023-09-30 11:46:00";74502,6
"876162";"27:2:1";"Exp60_238_IS26815";"Exp60_238_IS26815";NA;"2023-09-30 19:01:00";76037,3
"876163";"27:2:1";"Exp60_238_IS26815";"Exp60_238_IS26815";NA;"2023-09-30 19:17:00";76028,8
"876164";"27:2:1";"Exp60_238_IS26815";"Exp60_238_IS26815";NA;"2023-09-30 19:31:00";76022,3
"876165";"27:2:1";"Exp60_238_IS26815";"Exp60_238_IS26815";NA;"2023-09-30 19:47:00";76014
"876166";"27:2:1";"Exp60_238_IS26815";"Exp60_238_IS26815";NA;"2023-09-30 20:01:00";76008,2
"876167";"27:2:1";"Exp60_238_IS26815";"Exp60_238_IS26815";NA;"2023-09-30 20:17:00";76000,2
"876168";"27:2:1";"Exp60_238_IS26815";"Exp60_238_IS26815";NA;"2023-09-30 20:31:00";75994,2
"876169";"27:2:1";"Exp60_238_IS26815";"Exp60_238_IS26815";NA;"2023-09-30 20:47:00";75986,4
"876170";"27:2:1";"Exp60_238_IS26815";"Exp60_238_IS26815";NA;"2023-09-30 21:01:00";75981,5
"876171";"27:2:1";"Exp60_238_IS26815";"Exp60_238_IS26815";NA;"2023-09-30 21:32:00";75968,2
"876172";"27:2:1";"Exp60_238_IS26815";"Exp60_238_IS26815";NA;"2023-09-30 21:46:00";75961,4
"876173";"27:2:1";"Exp60_238_IS26815";"Exp60_238_IS26815";NA;"2023-09-30 22:02:00";75954,8
"876174";"27:2:1";"Exp60_238_IS26815";"Exp60_238_IS26815";NA;"2023-09-30 22:16:00";75948,9
"876175";"27:2:1";"Exp60_238_IS26815";"Exp60_238_IS26815";NA;"2023-09-30 22:32:00";75939,9
"876176";"27:2:1";"Exp60_238_IS26815";"Exp60_238_IS26815";NA;"2023-09-30 22:46:00";75935,3
"876177";"27:2:1";"Exp60_238_IS26815";"Exp60_238_IS26815";NA;"2023-09-30 23:02:00";75928,8
"876178";"27:2:1";"Exp60_238_IS26815";"Exp60_238_IS26815";NA;"2023-09-30 23:16:00";75923,8
"876179";"27:2:1";"Exp60_238_IS26815";"Exp60_238_IS26815";NA;"2023-09-30 23:32:00";75918,4
"876180";"27:2:1";"Exp60_238_IS26815";"Exp60_238_IS26815";NA;"2023-09-30 23:46:00";75912
"876181";"27:2:1";"Exp60_238_IS26815";"Exp60_238_IS26815";NA;"2023-10-01 00:02:00";75907,2
"876182";"27:2:1";"Exp60_238_IS26815";"Exp60_238_IS26815";NA;"2023-10-01 00:16:00";75902,5
"876183";"27:2:1";"Exp60_238_IS26815";"Exp60_238_IS26815";NA;"2023-10-01 00:32:00";75897,9
"876184";"27:2:1";"Exp60_238_IS26815";"Exp60_238_IS26815";NA;"2023-10-01 01:16:00";75884,4
"876185";"27:2:1";"Exp60_238_IS26815";"Exp60_238_IS26815";NA;"2023-10-01 01:32:00";75879,5
"876186";"27:2:1";"Exp60_238_IS26815";"Exp60_238_IS26815";NA;"2023-10-01 01:46:00";75875,9
"876187";"27:2:1";"Exp60_238_IS26815";"Exp60_238_IS26815";NA;"2023-10-01 02:02:00";75872,5
"876188";"27:2:1";"Exp60_238_IS26815";"Exp60_238_IS26815";NA;"2023-10-01 02:16:00";75869,6
"876189";"27:2:1";"Exp60_238_IS26815";"Exp60_238_IS26815";NA;"2023-10-01 02:32:00";75865,8
"876190";"27:2:1";"Exp60_238_IS26815";"Exp60_238_IS26815";NA;"2023-10-01 02:46:00";75861,8
"876191";"27:2:1";"Exp60_238_IS26815";"Exp60_238_IS26815";NA;"2023-10-01 09:31:00";75672,8
"876192";"27:2:1";"Exp60_238_IS26815";"Exp60_238_IS26815";NA;"2023-10-01 09:47:00";75652,1
"876193";"27:2:1";"Exp60_238_IS26815";"Exp60_238_IS26815";NA;"2023-10-01 10:01:00";75634,9
"876194";"27:2:1";"Exp60_238_IS26815";"Exp60_238_IS26815";NA;"2023-10-01 10:17:00";75604,9
"876195";"27:2:1";"Exp60_238_IS26815";"Exp60_238_IS26815";NA;"2023-10-01 10:31:00";75575,9
"876196";"27:2:1";"Exp60_238_IS26815";"Exp60_238_IS26815";NA;"2023-10-01 10:47:00";75561,7
"876197";"27:2:1";"Exp60_238_IS26815";"Exp60_238_IS26815";NA;"2023-10-01 11:01:00";75553,2
"876198";"27:2:1";"Exp60_238_IS26815";"Exp60_238_IS26815";NA;"2023-10-01 17:46:00";75160,4
"876199";"27:2:1";"Exp60_238_IS26815";"Exp60_238_IS26815";NA;"2023-10-01 18:02:00";75160,2
"876200";"27:2:1";"Exp60_238_IS26815";"Exp60_238_IS26815";NA;"2023-10-01 18:16:00";75158,6
"876201";"27:2:1";"Exp60_238_IS26815";"Exp60_238_IS26815";NA;"2023-10-01 18:32:00";75161,4
"876202";"27:2:1";"Exp60_238_IS26815";"Exp60_238_IS26815";NA;"2023-10-01 18:46:00";75157,7
"876203";"27:2:1";"Exp60_238_IS26815";"Exp60_238_IS26815";NA;"2023-10-01 19:02:00";75155,5
"876204";"27:2:1";"Exp60_238_IS26815";"Exp60_238_IS26815";NA;"2023-10-01 19:16:00";75156,2
"876205";"27:2:1";"Exp60_238_IS26815";"Exp60_238_IS26815";NA;"2023-10-01 19:32:00";75154,5
"876206";"27:2:1";"Exp60_238_IS26815";"Exp60_238_IS26815";NA;"2023-10-01 19:46:00";75154
"876207";"27:2:1";"Exp60_238_IS26815";"Exp60_238_IS26815";NA;"2023-10-01 20:02:00";75153,7
"876208";"27:2:1";"Exp60_238_IS26815";"Exp60_238_IS26815";NA;"2023-10-01 20:16:00";75151,6
"876209";"27:2:1";"Exp60_238_IS26815";"Exp60_238_IS26815";NA;"2023-10-01 20:32:00";75148,4
"876210";"27:2:1";"Exp60_238_IS26815";"Exp60_238_IS26815";NA;"2023-10-01 20:46:00";75149,8
"876211";"27:2:1";"Exp60_238_IS26815";"Exp60_238_IS26815";NA;"2023-10-01 21:02:00";75149,1
"876212";"27:2:1";"Exp60_238_IS26815";"Exp60_238_IS26815";NA;"2023-10-01 21:16:00";75147,8
"876213";"27:2:1";"Exp60_238_IS26815";"Exp60_238_IS26815";NA;"2023-10-01 21:32:00";75141,2
"876214";"27:2:1";"Exp60_238_IS26815";"Exp60_238_IS26815";NA;"2023-10-01 21:46:00";75142,6
"876215";"27:2:1";"Exp60_238_IS26815";"Exp60_238_IS26815";NA;"2023-10-01 22:02:00";75140,5
"876216";"27:2:1";"Exp60_238_IS26815";"Exp60_238_IS26815";NA;"2023-10-01 22:16:00";75139,5
"876217";"27:2:1";"Exp60_238_IS26815";"Exp60_238_IS26815";NA;"2023-10-01 22:32:00";75139,4
"876218";"27:2:1";"Exp60_238_IS26815";"Exp60_238_IS26815";NA;"2023-10-01 22:46:00";75138
"876219";"27:2:1";"Exp60_238_IS26815";"Exp60_238_IS26815";NA;"2023-10-01 23:17:00";75135,2
"876220";"27:2:1";"Exp60_238_IS26815";"Exp60_238_IS26815";NA;"2023-10-01 23:31:00";75134,2
"876221";"27:2:1";"Exp60_238_IS26815";"Exp60_238_IS26815";NA;"2023-10-02 07:01:00";75090,5
"876222";"27:2:1";"Exp60_238_IS26815";"Exp60_238_IS26815";NA;"2023-10-02 07:17:00";75086,4
"876223";"27:2:1";"Exp60_238_IS26815";"Exp60_238_IS26815";NA;"2023-10-02 07:31:00";75073,7
"876224";"27:2:1";"Exp60_238_IS26815";"Exp60_238_IS26815";NA;"2023-10-02 07:47:00";75065,2
"876225";"27:2:1";"Exp60_238_IS26815";"Exp60_238_IS26815";NA;"2023-10-02 08:01:00";75055,9
"876226";"27:2:1";"Exp60_238_IS26815";"Exp60_238_IS26815";NA;"2023-10-02 08:17:00";75049,5
"876227";"27:2:1";"Exp60_238_IS26815";"Exp60_238_IS26815";NA;"2023-10-02 08:31:00";75042,4
"876228";"27:2:1";"Exp60_238_IS26815";"Exp60_238_IS26815";NA;"2023-10-02 08:47:00";75032
"876229";"27:2:1";"Exp60_238_IS26815";"Exp60_238_IS26815";NA;"2023-10-02 09:01:00";75022,7
"876230";"27:2:1";"Exp60_238_IS26815";"Exp60_238_IS26815";NA;"2023-10-02 09:17:00";75012,8
"876231";"27:2:1";"Exp60_238_IS26815";"Exp60_238_IS26815";NA;"2023-10-02 09:31:00";75010,6
"876232";"27:2:1";"Exp60_238_IS26815";"Exp60_238_IS26815";NA;"2023-10-02 09:47:00";74999,3
"876233";"27:2:1";"Exp60_238_IS26815";"Exp60_238_IS26815";NA;"2023-10-02 10:01:00";74994,7
"876234";"27:2:1";"Exp60_238_IS26815";"Exp60_238_IS26815";NA;"2023-10-02 10:32:00";74976,8
"876235";"27:2:1";"Exp60_238_IS26815";"Exp60_238_IS26815";NA;"2023-10-02 10:46:00";74969,5
"876236";"27:2:1";"Exp60_238_IS26815";"Exp60_238_IS26815";NA;"2023-10-02 11:17:00";74944,3
"876237";"27:2:1";"Exp60_238_IS26815";"Exp60_238_IS26815";NA;"2023-10-02 11:31:00";74931
"876238";"27:2:1";"Exp60_238_IS26815";"Exp60_238_IS26815";NA;"2023-10-02 11:47:00";74919,9
"876239";"27:2:1";"Exp60_238_IS26815";"Exp60_238_IS26815";NA;"2023-10-02 12:01:00";74911,1
"876240";"27:2:1";"Exp60_238_IS26815";"Exp60_238_IS26815";NA;"2023-10-02 12:17:00";74894,8
"876241";"27:2:1";"Exp60_238_IS26815";"Exp60_238_IS26815";NA;"2023-10-02 12:31:00";74884,3
"876242";"27:2:1";"Exp60_238_IS26815";"Exp60_238_IS26815";NA;"2023-10-02 12:47:00";74881,2
"876243";"27:2:1";"Exp60_238_IS26815";"Exp60_238_IS26815";NA;"2023-10-02 13:01:00";74857,1
"876244";"27:2:1";"Exp60_238_IS26815";"Exp60_238_IS26815";NA;"2023-10-02 13:17:00";74843,9
"876245";"27:2:1";"Exp60_238_IS26815";"Exp60_238_IS26815";NA;"2023-10-02 13:31:00";74831
"876246";"27:2:1";"Exp60_238_IS26815";"Exp60_238_IS26815";NA;"2023-10-02 13:47:00";74822
"876247";"27:2:1";"Exp60_238_IS26815";"Exp60_238_IS26815";NA;"2023-10-02 14:01:00";74802,8
"876248";"27:2:1";"Exp60_238_IS26815";"Exp60_238_IS26815";NA;"2023-10-02 14:17:00";74796,9
"876249";"27:2:1";"Exp60_238_IS26815";"Exp60_238_IS26815";NA;"2023-10-02 14:31:00";74785,5
"876250";"27:2:1";"Exp60_238_IS26815";"Exp60_238_IS26815";NA;"2023-10-02 14:47:00";74766,9
"876251";"27:2:1";"Exp60_238_IS26815";"Exp60_238_IS26815";NA;"2023-10-02 15:01:00";74763,6
"876252";"27:2:1";"Exp60_238_IS26815";"Exp60_238_IS26815";NA;"2023-10-02 15:32:00";74746,9
"876253";"27:2:1";"Exp60_238_IS26815";"Exp60_238_IS26815";NA;"2023-10-02 15:46:00";74744,8
"876254";"27:2:1";"Exp60_238_IS26815";"Exp60_238_IS26815";NA;"2023-10-02 16:02:00";74724,7
"876255";"27:2:1";"Exp60_238_IS26815";"Exp60_238_IS26815";NA;"2023-10-02 16:16:00";74725,1
"876256";"27:2:1";"Exp60_238_IS26815";"Exp60_238_IS26815";NA;"2023-10-02 23:01:00";74704,8
"876257";"27:2:1";"Exp60_238_IS26815";"Exp60_238_IS26815";NA;"2023-10-02 23:17:00";74703
"876258";"27:2:1";"Exp60_238_IS26815";"Exp60_238_IS26815";NA;"2023-10-02 23:31:00";74700,8
"876259";"27:2:1";"Exp60_238_IS26815";"Exp60_238_IS26815";NA;"2023-10-02 23:47:00";74698,9
"876260";"27:2:1";"Exp60_238_IS26815";"Exp60_238_IS26815";NA;"2023-10-03 00:01:00";74696,1
"876261";"27:2:1";"Exp60_238_IS26815";"Exp60_238_IS26815";NA;"2023-10-03 00:17:00";74694,3
"876262";"27:2:1";"Exp60_238_IS26815";"Exp60_238_IS26815";NA;"2023-10-03 00:31:00";74692,4
"876263";"27:2:1";"Exp60_238_IS26815";"Exp60_238_IS26815";NA;"2023-10-03 00:47:00";74689,6
"876264";"27:2:1";"Exp60_238_IS26815";"Exp60_238_IS26815";NA;"2023-10-03 01:01:00";74687,5
"876265";"27:2:1";"Exp60_238_IS26815";"Exp60_238_IS26815";NA;"2023-10-03 01:17:00";74683,5
"876266";"27:2:1";"Exp60_238_IS26815";"Exp60_238_IS26815";NA;"2023-10-03 01:31:00";74679,8
"876267";"27:2:1";"Exp60_238_IS26815";"Exp60_238_IS26815";NA;"2023-10-03 01:47:00";74679,4
"876268";"27:2:1";"Exp60_238_IS26815";"Exp60_238_IS26815";NA;"2023-10-03 02:01:00";74677,5
"876269";"27:2:1";"Exp60_238_IS26815";"Exp60_238_IS26815";NA;"2023-10-03 02:17:00";74680,9
"876270";"27:2:1";"Exp60_238_IS26815";"Exp60_238_IS26815";NA;"2023-10-03 02:31:00";74675,4
"876271";"27:2:1";"Exp60_238_IS26815";"Exp60_238_IS26815";NA;"2023-10-03 03:47:00";74667,4
"876272";"27:2:1";"Exp60_238_IS26815";"Exp60_238_IS26815";NA;"2023-10-03 04:01:00";74660,9
"876273";"27:2:1";"Exp60_238_IS26815";"Exp60_238_IS26815";NA;"2023-10-03 04:17:00";74658,5
"876274";"27:2:1";"Exp60_238_IS26815";"Exp60_238_IS26815";NA;"2023-10-03 04:31:00";74652,3
"876275";"27:2:1";"Exp60_238_IS26815";"Exp60_238_IS26815";NA;"2023-10-03 04:47:00";74649,3
"876276";"27:2:1";"Exp60_238_IS26815";"Exp60_238_IS26815";NA;"2023-10-03 05:01:00";74648,9
"876277";"27:2:1";"Exp60_238_IS26815";"Exp60_238_IS26815";NA;"2023-10-03 05:17:00";74646,7
"876278";"27:2:1";"Exp60_238_IS26815";"Exp60_238_IS26815";NA;"2023-10-03 06:01:00";74638,4
"876279";"27:2:1";"Exp60_238_IS26815";"Exp60_238_IS26815";NA;"2023-10-03 06:17:00";74637,2
"876280";"27:2:1";"Exp60_238_IS26815";"Exp60_238_IS26815";NA;"2023-10-03 06:31:00";74633,9
"876281";"27:2:1";"Exp60_238_IS26815";"Exp60_238_IS26815";NA;"2023-10-03 06:47:00";74630,6
"876282";"27:2:1";"Exp60_238_IS26815";"Exp60_238_IS26815";NA;"2023-10-03 07:01:00";74624,1
"876283";"27:2:1";"Exp60_238_IS26815";"Exp60_238_IS26815";NA;"2023-10-03 07:17:00";74621,3
"876284";"27:2:1";"Exp60_238_IS26815";"Exp60_238_IS26815";NA;"2023-10-03 07:31:00";74612,4
"876285";"27:2:1";"Exp60_238_IS26815";"Exp60_238_IS26815";NA;"2023-10-03 08:02:00";74589,5
"876286";"27:2:1";"Exp60_238_IS26815";"Exp60_238_IS26815";NA;"2023-10-03 08:16:00";74581
"876287";"27:2:1";"Exp60_238_IS26815";"Exp60_238_IS26815";NA;"2023-10-03 08:32:00";74565
"876288";"27:2:1";"Exp60_238_IS26815";"Exp60_238_IS26815";NA;"2023-10-03 08:46:00";74547,8
"876289";"27:2:1";"Exp60_238_IS26815";"Exp60_238_IS26815";NA;"2023-10-03 15:16:00";74158,6
"876290";"27:2:1";"Exp60_238_IS26815";"Exp60_238_IS26815";NA;"2023-10-03 21:16:00";75398,5
"876291";"27:2:1";"Exp60_238_IS26815";"Exp60_238_IS26815";NA;"2023-10-03 22:02:00";75395,8
"876292";"27:2:1";"Exp60_238_IS26815";"Exp60_238_IS26815";NA;"2023-10-03 22:16:00";75395
"876293";"27:2:1";"Exp60_238_IS26815";"Exp60_238_IS26815";NA;"2023-10-03 22:32:00";75393,8
"876294";"27:2:1";"Exp60_238_IS26815";"Exp60_238_IS26815";NA;"2023-10-03 22:46:00";75392,9
"876295";"27:2:1";"Exp60_238_IS26815";"Exp60_238_IS26815";NA;"2023-10-03 23:17:00";75391,1
"876296";"27:2:1";"Exp60_238_IS26815";"Exp60_238_IS26815";NA;"2023-10-03 23:31:00";75390,9
"876297";"27:2:1";"Exp60_238_IS26815";"Exp60_238_IS26815";NA;"2023-10-03 23:47:00";75388,2
"876298";"27:2:1";"Exp60_238_IS26815";"Exp60_238_IS26815";NA;"2023-10-04 00:16:00";75386,2
"876299";"27:2:1";"Exp60_238_IS26815";"Exp60_238_IS26815";NA;"2023-10-04 00:32:00";75383,9
"876300";"27:2:1";"Exp60_238_IS26815";"Exp60_238_IS26815";NA;"2023-10-04 00:46:00";75382,5
"876301";"27:2:1";"Exp60_238_IS26815";"Exp60_238_IS26815";NA;"2023-10-04 01:02:00";75379,9
"876302";"27:2:1";"Exp60_238_IS26815";"Exp60_238_IS26815";NA;"2023-10-04 01:16:00";75379,3
"876303";"27:2:1";"Exp60_238_IS26815";"Exp60_238_IS26815";NA;"2023-10-04 01:32:00";75375,1
"876304";"27:2:1";"Exp60_238_IS26815";"Exp60_238_IS26815";NA;"2023-10-04 01:46:00";75375
"876305";"27:2:1";"Exp60_238_IS26815";"Exp60_238_IS26815";NA;"2023-10-04 02:02:00";75372,6
"876306";"27:2:1";"Exp60_238_IS26815";"Exp60_238_IS26815";NA;"2023-10-04 02:16:00";75371,4
"876307";"27:2:1";"Exp60_238_IS26815";"Exp60_238_IS26815";NA;"2023-10-04 02:32:00";75369,3
"876308";"27:2:1";"Exp60_238_IS26815";"Exp60_238_IS26815";NA;"2023-10-04 02:46:00";75367,4
"876309";"27:2:1";"Exp60_238_IS26815";"Exp60_238_IS26815";NA;"2023-10-04 03:17:00";75364,6
"876310";"27:2:1";"Exp60_238_IS26815";"Exp60_238_IS26815";NA;"2023-10-04 03:31:00";75362,2
"876311";"27:2:1";"Exp60_238_IS26815";"Exp60_238_IS26815";NA;"2023-10-04 03:47:00";75359,7
"876312";"27:2:1";"Exp60_238_IS26815";"Exp60_238_IS26815";NA;"2023-10-04 04:01:00";75357,1
"876313";"27:2:1";"Exp60_238_IS26815";"Exp60_238_IS26815";NA;"2023-10-04 04:32:00";75352,5
"876314";"27:2:1";"Exp60_238_IS26815";"Exp60_238_IS26815";NA;"2023-10-04 04:46:00";75349,5
"876315";"27:2:1";"Exp60_238_IS26815";"Exp60_238_IS26815";NA;"2023-10-04 05:02:00";75349,5
"876316";"27:2:1";"Exp60_238_IS26815";"Exp60_238_IS26815";NA;"2023-10-04 05:16:00";75347,3
"876317";"27:2:1";"Exp60_238_IS26815";"Exp60_238_IS26815";NA;"2023-10-04 05:32:00";75347,2
"876318";"27:2:1";"Exp60_238_IS26815";"Exp60_238_IS26815";NA;"2023-10-04 05:46:00";75344,6
"876319";"27:2:1";"Exp60_238_IS26815";"Exp60_238_IS26815";NA;"2023-10-04 06:32:00";75339,8
"876320";"27:2:1";"Exp60_238_IS26815";"Exp60_238_IS26815";NA;"2023-10-04 06:46:00";75336,2
"876321";"27:2:1";"Exp60_238_IS26815";"Exp60_238_IS26815";NA;"2023-10-04 07:17:00";75319,2
"876322";"27:2:1";"Exp60_238_IS26815";"Exp60_238_IS26815";NA;"2023-10-04 07:31:00";75309,8
"876323";"27:2:1";"Exp60_238_IS26815";"Exp60_238_IS26815";NA;"2023-10-04 07:47:00";75297
"876324";"27:2:1";"Exp60_238_IS26815";"Exp60_238_IS26815";NA;"2023-10-04 08:01:00";75285,6
"876325";"27:2:1";"Exp60_238_IS26815";"Exp60_238_IS26815";NA;"2023-10-04 08:17:00";75271,6
"876326";"27:2:1";"Exp60_238_IS26815";"Exp60_238_IS26815";NA;"2023-10-04 08:31:00";75254,9
"876327";"27:2:1";"Exp60_238_IS26815";"Exp60_238_IS26815";NA;"2023-10-04 08:47:00";75233
"876328";"27:2:1";"Exp60_238_IS26815";"Exp60_238_IS26815";NA;"2023-10-04 09:01:00";75212,1
"876329";"27:2:1";"Exp60_238_IS26815";"Exp60_238_IS26815";NA;"2023-10-04 09:17:00";75195,7
"876330";"27:2:1";"Exp60_238_IS26815";"Exp60_238_IS26815";NA;"2023-10-04 09:31:00";75173,4
"876331";"27:2:1";"Exp60_238_IS26815";"Exp60_238_IS26815";NA;"2023-10-04 09:47:00";75155,2
"876332";"27:2:1";"Exp60_238_IS26815";"Exp60_238_IS26815";NA;"2023-10-04 10:01:00";75133,7
"876333";"27:2:1";"Exp60_238_IS26815";"Exp60_238_IS26815";NA;"2023-10-04 10:17:00";75115,4
"876334";"27:2:1";"Exp60_238_IS26815";"Exp60_238_IS26815";NA;"2023-10-04 10:31:00";75091,6
"876335";"27:2:1";"Exp60_238_IS26815";"Exp60_238_IS26815";NA;"2023-10-04 10:47:00";75071,4
"876336";"27:2:1";"Exp60_238_IS26815";"Exp60_238_IS26815";NA;"2023-10-04 11:01:00";75037,1
"876337";"27:2:1";"Exp60_238_IS26815";"Exp60_238_IS26815";NA;"2023-10-04 11:17:00";75014,6
"876338";"27:2:1";"Exp60_238_IS26815";"Exp60_238_IS26815";NA;"2023-10-04 11:31:00";74996,4
"876339";"27:2:1";"Exp60_238_IS26815";"Exp60_238_IS26815";NA;"2023-10-04 11:47:00";74971,1
"876340";"27:2:1";"Exp60_238_IS26815";"Exp60_238_IS26815";NA;"2023-10-04 12:01:00";74960,4
"876341";"27:2:1";"Exp60_238_IS26815";"Exp60_238_IS26815";NA;"2023-10-04 12:32:00";74908
"876342";"27:2:1";"Exp60_238_IS26815";"Exp60_238_IS26815";NA;"2023-10-04 12:46:00";74881,2
"876343";"27:2:1";"Exp60_238_IS26815";"Exp60_238_IS26815";NA;"2023-10-04 13:02:00";74854,3
"876344";"27:2:1";"Exp60_238_IS26815";"Exp60_238_IS26815";NA;"2023-10-04 13:16:00";74842,2
"876345";"27:2:1";"Exp60_238_IS26815";"Exp60_238_IS26815";NA;"2023-10-04 13:32:00";74823,9
"876346";"27:2:1";"Exp60_238_IS26815";"Exp60_238_IS26815";NA;"2023-10-04 13:46:00";74808,4
"876347";"27:2:1";"Exp60_238_IS26815";"Exp60_238_IS26815";NA;"2023-10-04 21:01:00";74617,4
"876348";"27:2:1";"Exp60_238_IS26815";"Exp60_238_IS26815";NA;"2023-10-05 03:31:00";74604,8
"876349";"27:2:1";"Exp60_238_IS26815";"Exp60_238_IS26815";NA;"2023-10-05 03:47:00";74605,1
"876350";"27:2:1";"Exp60_238_IS26815";"Exp60_238_IS26815";NA;"2023-10-05 04:01:00";74604,8
"876351";"27:2:1";"Exp60_238_IS26815";"Exp60_238_IS26815";NA;"2023-10-05 04:17:00";74604,7
"876352";"27:2:1";"Exp60_238_IS26815";"Exp60_238_IS26815";NA;"2023-10-05 04:31:00";74603,5
"876353";"27:2:1";"Exp60_238_IS26815";"Exp60_238_IS26815";NA;"2023-10-05 04:47:00";74603,2
"876354";"27:2:1";"Exp60_238_IS26815";"Exp60_238_IS26815";NA;"2023-10-05 05:01:00";74604,2
"876355";"27:2:1";"Exp60_238_IS26815";"Exp60_238_IS26815";NA;"2023-10-05 05:17:00";74603,5
"876356";"27:2:1";"Exp60_238_IS26815";"Exp60_238_IS26815";NA;"2023-10-05 05:31:00";74602,6
"876357";"27:2:1";"Exp60_238_IS26815";"Exp60_238_IS26815";NA;"2023-10-05 05:47:00";74602,6
"876358";"27:2:1";"Exp60_238_IS26815";"Exp60_238_IS26815";NA;"2023-10-05 06:01:00";74602,3
"876359";"27:2:1";"Exp60_238_IS26815";"Exp60_238_IS26815";NA;"2023-10-05 06:17:00";74601,1
"876360";"27:2:1";"Exp60_238_IS26815";"Exp60_238_IS26815";NA;"2023-10-05 06:31:00";74599,9
"876361";"27:2:1";"Exp60_238_IS26815";"Exp60_238_IS26815";NA;"2023-10-05 06:47:00";74596,9
"876362";"27:2:1";"Exp60_238_IS26815";"Exp60_238_IS26815";NA;"2023-10-05 07:01:00";74588,4
"876363";"27:2:1";"Exp60_238_IS26815";"Exp60_238_IS26815";NA;"2023-10-05 07:17:00";74579
"876364";"27:2:1";"Exp60_238_IS26815";"Exp60_238_IS26815";NA;"2023-10-05 07:31:00";74570,2
"876365";"27:2:1";"Exp60_238_IS26815";"Exp60_238_IS26815";NA;"2023-10-05 07:47:00";74560,2
"876366";"27:2:1";"Exp60_238_IS26815";"Exp60_238_IS26815";NA;"2023-10-05 08:01:00";74548,4
"876367";"27:2:1";"Exp60_238_IS26815";"Exp60_238_IS26815";NA;"2023-10-05 08:17:00";74530,4
"876368";"27:2:1";"Exp60_238_IS26815";"Exp60_238_IS26815";NA;"2023-10-05 08:31:00";74520,1
"876369";"27:2:1";"Exp60_238_IS26815";"Exp60_238_IS26815";NA;"2023-10-05 08:47:00";74499,3
"876370";"27:2:1";"Exp60_238_IS26815";"Exp60_238_IS26815";NA;"2023-10-05 09:01:00";74479,9
"876371";"27:2:1";"Exp60_238_IS26815";"Exp60_238_IS26815";NA;"2023-10-05 09:17:00";74458,8
"876372";"27:2:1";"Exp60_238_IS26815";"Exp60_238_IS26815";NA;"2023-10-05 09:31:00";74443,3
"876373";"27:2:1";"Exp60_238_IS26815";"Exp60_238_IS26815";NA;"2023-10-05 09:47:00";74428
"876374";"27:2:1";"Exp60_238_IS26815";"Exp60_238_IS26815";NA;"2023-10-05 10:01:00";74409,9
"876375";"27:2:1";"Exp60_238_IS26815";"Exp60_238_IS26815";NA;"2023-10-05 10:17:00";74391,9
"876376";"27:2:1";"Exp60_238_IS26815";"Exp60_238_IS26815";NA;"2023-10-05 10:31:00";74378,4
"876377";"27:2:1";"Exp60_238_IS26815";"Exp60_238_IS26815";NA;"2023-10-05 10:47:00";74349,6
"876378";"27:2:1";"Exp60_238_IS26815";"Exp60_238_IS26815";NA;"2023-10-05 11:01:00";74333,4
"876379";"27:2:1";"Exp60_238_IS26815";"Exp60_238_IS26815";NA;"2023-10-05 11:17:00";74340,7
"876380";"27:2:1";"Exp60_238_IS26815";"Exp60_238_IS26815";NA;"2023-10-05 11:31:00";74299,8
"876381";"27:2:1";"Exp60_238_IS26815";"Exp60_238_IS26815";NA;"2023-10-05 11:47:00";74284,3
"876382";"27:2:1";"Exp60_238_IS26815";"Exp60_238_IS26815";NA;"2023-10-05 12:01:00";74244,8
"876383";"27:2:1";"Exp60_238_IS26815";"Exp60_238_IS26815";NA;"2023-10-05 18:01:00";73844,1
"876384";"27:2:1";"Exp60_238_IS26815";"Exp60_238_IS26815";NA;"2023-10-05 18:17:00";73847,3
"876385";"27:2:1";"Exp60_238_IS26815";"Exp60_238_IS26815";NA;"2023-10-05 18:31:00";73849,6
"876386";"27:2:1";"Exp60_238_IS26815";"Exp60_238_IS26815";NA;"2023-10-06 00:31:00";73863,7
"876387";"27:2:1";"Exp60_238_IS26815";"Exp60_238_IS26815";NA;"2023-10-06 00:47:00";73862,7
"876388";"27:2:1";"Exp60_238_IS26815";"Exp60_238_IS26815";NA;"2023-10-06 01:01:00";73862,7
"876389";"27:2:1";"Exp60_238_IS26815";"Exp60_238_IS26815";NA;"2023-10-06 01:17:00";73861,6
"876390";"27:2:1";"Exp60_238_IS26815";"Exp60_238_IS26815";NA;"2023-10-06 01:31:00";73861,5
"876391";"27:2:1";"Exp60_238_IS26815";"Exp60_238_IS26815";NA;"2023-10-06 01:47:00";73862,5
"876392";"27:2:1";"Exp60_238_IS26815";"Exp60_238_IS26815";NA;"2023-10-06 02:01:00";73861,3
"876393";"27:2:1";"Exp60_238_IS26815";"Exp60_238_IS26815";NA;"2023-10-06 02:17:00";73859,4
"876394";"27:2:1";"Exp60_238_IS26815";"Exp60_238_IS26815";NA;"2023-10-06 02:31:00";73860
"876395";"27:2:1";"Exp60_238_IS26815";"Exp60_238_IS26815";NA;"2023-10-06 02:47:00";73859,1
"876396";"27:2:1";"Exp60_238_IS26815";"Exp60_238_IS26815";NA;"2023-10-06 03:16:00";73857,2
"876397";"27:2:1";"Exp60_238_IS26815";"Exp60_238_IS26815";NA;"2023-10-06 03:32:00";73854,8
"876398";"27:2:1";"Exp60_238_IS26815";"Exp60_238_IS26815";NA;"2023-10-06 03:46:00";73854,2
"876399";"27:2:1";"Exp60_238_IS26815";"Exp60_238_IS26815";NA;"2023-10-06 10:46:00";73600,6
"876400";"27:2:1";"Exp60_238_IS26815";"Exp60_238_IS26815";NA;"2023-10-06 11:02:00";73579,5
"876401";"27:2:1";"Exp60_238_IS26815";"Exp60_238_IS26815";NA;"2023-10-06 11:16:00";73563
"876402";"27:2:1";"Exp60_238_IS26815";"Exp60_238_IS26815";NA;"2023-10-06 11:47:00";73511,9
"876403";"27:2:1";"Exp60_238_IS26815";"Exp60_238_IS26815";NA;"2023-10-06 12:01:00";73497
"876404";"27:2:1";"Exp60_238_IS26815";"Exp60_238_IS26815";NA;"2023-10-06 20:01:00";75391,6
"876405";"27:2:1";"Exp60_238_IS26815";"Exp60_238_IS26815";NA;"2023-10-06 20:17:00";75390,4
"876406";"27:2:1";"Exp60_238_IS26815";"Exp60_238_IS26815";NA;"2023-10-06 20:31:00";75389,2
"876407";"27:2:1";"Exp60_238_IS26815";"Exp60_238_IS26815";NA;"2023-10-07 03:01:00";75340,9
"876408";"27:2:1";"Exp60_238_IS26815";"Exp60_238_IS26815";NA;"2023-10-07 03:17:00";75338,8
"876409";"27:2:1";"Exp60_238_IS26815";"Exp60_238_IS26815";NA;"2023-10-07 03:31:00";75337,2
"876410";"27:2:1";"Exp60_238_IS26815";"Exp60_238_IS26815";NA;"2023-10-07 03:47:00";75335
"876411";"27:2:1";"Exp60_238_IS26815";"Exp60_238_IS26815";NA;"2023-10-07 04:01:00";75333,7
"876412";"27:2:1";"Exp60_238_IS26815";"Exp60_238_IS26815";NA;"2023-10-07 11:01:00";74946,2
"876413";"27:2:1";"Exp60_238_IS26815";"Exp60_238_IS26815";NA;"2023-10-07 11:17:00";74916,9
"876414";"27:2:1";"Exp60_238_IS26815";"Exp60_238_IS26815";NA;"2023-10-07 11:31:00";74882,1
"876415";"27:2:1";"Exp60_238_IS26815";"Exp60_238_IS26815";NA;"2023-10-07 11:47:00";74851,1
"876416";"27:2:1";"Exp60_238_IS26815";"Exp60_238_IS26815";NA;"2023-10-07 12:01:00";74815,8
"876417";"27:2:1";"Exp60_238_IS26815";"Exp60_238_IS26815";NA;"2023-10-07 12:47:00";74728,6
"876418";"27:2:1";"Exp60_238_IS26815";"Exp60_238_IS26815";NA;"2023-10-07 13:01:00";74692,4
"876419";"27:2:1";"Exp60_238_IS26815";"Exp60_238_IS26815";NA;"2023-10-07 13:17:00";74657,5
"876420";"27:2:1";"Exp60_238_IS26815";"Exp60_238_IS26815";NA;"2023-10-07 13:31:00";74630,8
"876421";"27:2:1";"Exp60_238_IS26815";"Exp60_238_IS26815";NA;"2023-10-07 13:47:00";74593,7
"876422";"27:2:1";"Exp60_238_IS26815";"Exp60_238_IS26815";NA;"2023-10-07 14:01:00";74561,9
"876423";"27:2:1";"Exp60_238_IS26815";"Exp60_238_IS26815";NA;"2023-10-07 14:17:00";74528,5
"876424";"27:2:1";"Exp60_238_IS26815";"Exp60_238_IS26815";NA;"2023-10-07 14:31:00";74515,5
"876425";"27:2:1";"Exp60_238_IS26815";"Exp60_238_IS26815";NA;"2023-10-07 20:46:00";74366,3
"876426";"27:2:1";"Exp60_238_IS26815";"Exp60_238_IS26815";NA;"2023-10-07 21:02:00";74366,8
"876427";"27:2:1";"Exp60_238_IS26815";"Exp60_238_IS26815";NA;"2023-10-07 21:16:00";74368,3
"876428";"27:2:1";"Exp60_238_IS26815";"Exp60_238_IS26815";NA;"2023-10-07 21:32:00";74367,6
"876429";"27:2:1";"Exp60_238_IS26815";"Exp60_238_IS26815";NA;"2023-10-07 21:46:00";74369
"876430";"27:2:1";"Exp60_238_IS26815";"Exp60_238_IS26815";NA;"2023-10-07 22:02:00";74368,1
"876431";"27:2:1";"Exp60_238_IS26815";"Exp60_238_IS26815";NA;"2023-10-07 22:16:00";74367,2
"876432";"27:2:1";"Exp60_238_IS26815";"Exp60_238_IS26815";NA;"2023-10-07 22:32:00";74366,7
"876433";"27:2:1";"Exp60_238_IS26815";"Exp60_238_IS26815";NA;"2023-10-07 22:46:00";74365
"876434";"27:2:1";"Exp60_238_IS26815";"Exp60_238_IS26815";NA;"2023-10-07 23:02:00";74364,6
"876435";"27:2:1";"Exp60_238_IS26815";"Exp60_238_IS26815";NA;"2023-10-07 23:16:00";74363,9
"876436";"27:2:1";"Exp60_238_IS26815";"Exp60_238_IS26815";NA;"2023-10-07 23:32:00";74363,7
"876437";"27:2:1";"Exp60_238_IS26815";"Exp60_238_IS26815";NA;"2023-10-07 23:46:00";74362,5
"876438";"27:2:1";"Exp60_238_IS26815";"Exp60_238_IS26815";NA;"2023-10-08 00:02:00";74360,9
"876439";"27:2:1";"Exp60_238_IS26815";"Exp60_238_IS26815";NA;"2023-10-08 00:16:00";74360,5
"876440";"27:2:1";"Exp60_238_IS26815";"Exp60_238_IS26815";NA;"2023-10-08 00:32:00";74360
"876441";"27:2:1";"Exp60_238_IS26815";"Exp60_238_IS26815";NA;"2023-10-08 00:46:00";74359,4
"876442";"27:2:1";"Exp60_238_IS26815";"Exp60_238_IS26815";NA;"2023-10-08 01:02:00";74358,3
"876443";"27:2:1";"Exp60_238_IS26815";"Exp60_238_IS26815";NA;"2023-10-08 01:16:00";74357,8
"876444";"27:2:1";"Exp60_238_IS26815";"Exp60_238_IS26815";NA;"2023-10-08 01:32:00";74357,6
"876445";"27:2:1";"Exp60_238_IS26815";"Exp60_238_IS26815";NA;"2023-10-08 01:46:00";74356,8
"876446";"27:2:1";"Exp60_238_IS26815";"Exp60_238_IS26815";NA;"2023-10-08 02:02:00";74358,3
"876447";"27:2:1";"Exp60_238_IS26815";"Exp60_238_IS26815";NA;"2023-10-08 02:16:00";74357,8
"876448";"27:2:1";"Exp60_238_IS26815";"Exp60_238_IS26815";NA;"2023-10-08 02:32:00";74356,3
"876449";"27:2:1";"Exp60_238_IS26815";"Exp60_238_IS26815";NA;"2023-10-08 02:46:00";74356
"876450";"27:2:1";"Exp60_238_IS26815";"Exp60_238_IS26815";NA;"2023-10-08 03:02:00";74353,8
"876451";"27:2:1";"Exp60_238_IS26815";"Exp60_238_IS26815";NA;"2023-10-08 03:16:00";74353,2
"876452";"27:2:1";"Exp60_238_IS26815";"Exp60_238_IS26815";NA;"2023-10-08 03:32:00";74351,6
"876453";"27:2:1";"Exp60_238_IS26815";"Exp60_238_IS26815";NA;"2023-10-08 03:46:00";74350,6
"876454";"27:2:1";"Exp60_238_IS26815";"Exp60_238_IS26815";NA;"2023-10-08 04:02:00";74349,1
"876455";"27:2:1";"Exp60_238_IS26815";"Exp60_238_IS26815";NA;"2023-10-08 04:16:00";74347,3
"876456";"27:2:1";"Exp60_238_IS26815";"Exp60_238_IS26815";NA;"2023-10-08 04:32:00";74346,2
"876457";"27:2:1";"Exp60_238_IS26815";"Exp60_238_IS26815";NA;"2023-10-08 04:46:00";74345,4
"876458";"27:2:1";"Exp60_238_IS26815";"Exp60_238_IS26815";NA;"2023-10-08 05:02:00";74341,7
"876459";"27:2:1";"Exp60_238_IS26815";"Exp60_238_IS26815";NA;"2023-10-08 05:16:00";74340,7
"876460";"27:2:1";"Exp60_238_IS26815";"Exp60_238_IS26815";NA;"2023-10-08 05:32:00";74338,9
"876461";"27:2:1";"Exp60_238_IS26815";"Exp60_238_IS26815";NA;"2023-10-08 05:46:00";74337,4
"876462";"27:2:1";"Exp60_238_IS26815";"Exp60_238_IS26815";NA;"2023-10-08 06:02:00";74335,8
"876463";"27:2:1";"Exp60_238_IS26815";"Exp60_238_IS26815";NA;"2023-10-08 06:16:00";74332,9
"876464";"27:2:1";"Exp60_238_IS26815";"Exp60_238_IS26815";NA;"2023-10-08 06:32:00";74331,4
"876465";"27:2:1";"Exp60_238_IS26815";"Exp60_238_IS26815";NA;"2023-10-08 06:46:00";74329,4
"876466";"27:2:1";"Exp60_238_IS26815";"Exp60_238_IS26815";NA;"2023-10-08 07:02:00";74324,5
"876467";"27:2:1";"Exp60_238_IS26815";"Exp60_238_IS26815";NA;"2023-10-08 07:16:00";74317,1
"876468";"27:2:1";"Exp60_238_IS26815";"Exp60_238_IS26815";NA;"2023-10-08 07:32:00";74308,7
"876469";"27:2:1";"Exp60_238_IS26815";"Exp60_238_IS26815";NA;"2023-10-08 07:46:00";74299
"876470";"27:2:1";"Exp60_238_IS26815";"Exp60_238_IS26815";NA;"2023-10-08 08:02:00";74287
"876471";"27:2:1";"Exp60_238_IS26815";"Exp60_238_IS26815";NA;"2023-10-08 08:16:00";74276,3
"876472";"27:2:1";"Exp60_238_IS26815";"Exp60_238_IS26815";NA;"2023-10-08 08:32:00";74261,6
"876473";"27:2:1";"Exp60_238_IS26815";"Exp60_238_IS26815";NA;"2023-10-08 08:46:00";74244,4
"876474";"27:2:1";"Exp60_238_IS26815";"Exp60_238_IS26815";NA;"2023-10-08 09:02:00";74224,9
"876475";"27:2:1";"Exp60_238_IS26815";"Exp60_238_IS26815";NA;"2023-10-08 09:16:00";74205,4
"876476";"27:2:1";"Exp60_238_IS26815";"Exp60_238_IS26815";NA;"2023-10-08 09:32:00";74181,1
"876477";"27:2:1";"Exp60_238_IS26815";"Exp60_238_IS26815";NA;"2023-10-08 09:46:00";74148,9
"876478";"27:2:1";"Exp60_238_IS26815";"Exp60_238_IS26815";NA;"2023-10-08 10:32:00";74070,5
"876479";"27:2:1";"Exp60_238_IS26815";"Exp60_238_IS26815";NA;"2023-10-08 10:46:00";74038
"876480";"27:2:1";"Exp60_238_IS26815";"Exp60_238_IS26815";NA;"2023-10-08 11:17:00";73968,3
"876481";"27:2:1";"Exp60_238_IS26815";"Exp60_238_IS26815";NA;"2023-10-08 11:31:00";73935,8
"876482";"27:2:1";"Exp60_238_IS26815";"Exp60_238_IS26815";NA;"2023-10-08 12:02:00";73877,8
"876483";"27:2:1";"Exp60_238_IS26815";"Exp60_238_IS26815";NA;"2023-10-08 12:16:00";73854,5
"876484";"27:2:1";"Exp60_238_IS26815";"Exp60_238_IS26815";NA;"2023-10-08 12:32:00";73816,8
"876485";"27:2:1";"Exp60_238_IS26815";"Exp60_238_IS26815";NA;"2023-10-08 12:46:00";73768,1
"876486";"27:2:1";"Exp60_238_IS26815";"Exp60_238_IS26815";NA;"2023-10-08 13:02:00";73727,3
"876487";"27:2:1";"Exp60_238_IS26815";"Exp60_238_IS26815";NA;"2023-10-08 13:16:00";73701,1
"876488";"27:2:1";"Exp60_238_IS26815";"Exp60_238_IS26815";NA;"2023-10-08 13:47:00";73640,7
"876489";"27:2:1";"Exp60_238_IS26815";"Exp60_238_IS26815";NA;"2023-10-08 14:01:00";73613,6
"876490";"27:2:1";"Exp60_238_IS26815";"Exp60_238_IS26815";NA;"2023-10-08 14:17:00";73585,3
"876491";"27:2:1";"Exp60_238_IS26815";"Exp60_238_IS26815";NA;"2023-10-08 14:31:00";73561,9
"876492";"27:2:1";"Exp60_238_IS26815";"Exp60_238_IS26815";NA;"2023-10-08 14:47:00";73540,4
"876493";"27:2:1";"Exp60_238_IS26815";"Exp60_238_IS26815";NA;"2023-10-08 15:01:00";73519,6
"876494";"27:2:1";"Exp60_238_IS26815";"Exp60_238_IS26815";NA;"2023-10-08 22:46:00";73412,5
"876495";"27:2:1";"Exp60_238_IS26815";"Exp60_238_IS26815";NA;"2023-10-08 23:02:00";73411,7
"876496";"27:2:1";"Exp60_238_IS26815";"Exp60_238_IS26815";NA;"2023-10-08 23:16:00";73411,5
"876497";"27:2:1";"Exp60_238_IS26815";"Exp60_238_IS26815";NA;"2023-10-08 23:32:00";73411,2
"876498";"27:2:1";"Exp60_238_IS26815";"Exp60_238_IS26815";NA;"2023-10-08 23:46:00";73410,8
"876499";"27:2:1";"Exp60_238_IS26815";"Exp60_238_IS26815";NA;"2023-10-09 00:02:00";73409,5
"876500";"27:2:1";"Exp60_238_IS26815";"Exp60_238_IS26815";NA;"2023-10-09 00:16:00";73409
"876501";"27:2:1";"Exp60_238_IS26815";"Exp60_238_IS26815";NA;"2023-10-09 00:32:00";73408,4
"876502";"27:2:1";"Exp60_238_IS26815";"Exp60_238_IS26815";NA;"2023-10-09 00:46:00";73408,1
"876503";"27:2:1";"Exp60_238_IS26815";"Exp60_238_IS26815";NA;"2023-10-09 01:02:00";73406,8
"876504";"27:2:1";"Exp60_238_IS26815";"Exp60_238_IS26815";NA;"2023-10-09 01:16:00";73407,1
"876505";"27:2:1";"Exp60_238_IS26815";"Exp60_238_IS26815";NA;"2023-10-09 01:32:00";73406,2
"876506";"27:2:1";"Exp60_238_IS26815";"Exp60_238_IS26815";NA;"2023-10-09 01:46:00";73404,6
"876507";"27:2:1";"Exp60_238_IS26815";"Exp60_238_IS26815";NA;"2023-10-09 02:02:00";73403
"876508";"27:2:1";"Exp60_238_IS26815";"Exp60_238_IS26815";NA;"2023-10-09 02:16:00";73400,6
"876509";"27:2:1";"Exp60_238_IS26815";"Exp60_238_IS26815";NA;"2023-10-09 02:32:00";73399,8
"876510";"27:2:1";"Exp60_238_IS26815";"Exp60_238_IS26815";NA;"2023-10-09 02:46:00";73397,9
"876511";"27:2:1";"Exp60_238_IS26815";"Exp60_238_IS26815";NA;"2023-10-09 03:02:00";73396,4
"876512";"27:2:1";"Exp60_238_IS26815";"Exp60_238_IS26815";NA;"2023-10-09 03:16:00";73395,2
"876513";"27:2:1";"Exp60_238_IS26815";"Exp60_238_IS26815";NA;"2023-10-09 03:32:00";73393,5
"876514";"27:2:1";"Exp60_238_IS26815";"Exp60_238_IS26815";NA;"2023-10-09 03:46:00";73392,2
"876515";"27:2:1";"Exp60_238_IS26815";"Exp60_238_IS26815";NA;"2023-10-09 04:17:00";73388,9
"876516";"27:2:1";"Exp60_238_IS26815";"Exp60_238_IS26815";NA;"2023-10-09 04:31:00";73388,7
"876517";"27:2:1";"Exp60_238_IS26815";"Exp60_238_IS26815";NA;"2023-10-09 04:47:00";73386,3
"876518";"27:2:1";"Exp60_238_IS26815";"Exp60_238_IS26815";NA;"2023-10-09 05:01:00";73384,7
"876519";"27:2:1";"Exp60_238_IS26815";"Exp60_238_IS26815";NA;"2023-10-09 05:17:00";73384,2
"876520";"27:2:1";"Exp60_238_IS26815";"Exp60_238_IS26815";NA;"2023-10-09 05:31:00";73382,6
"876521";"27:2:1";"Exp60_238_IS26815";"Exp60_238_IS26815";NA;"2023-10-09 05:47:00";73381
"876522";"27:2:1";"Exp60_238_IS26815";"Exp60_238_IS26815";NA;"2023-10-09 06:01:00";73378,9
"876523";"27:2:1";"Exp60_238_IS26815";"Exp60_238_IS26815";NA;"2023-10-09 06:17:00";73377,1
"876524";"27:2:1";"Exp60_238_IS26815";"Exp60_238_IS26815";NA;"2023-10-09 06:31:00";73375,2
"876525";"27:2:1";"Exp60_238_IS26815";"Exp60_238_IS26815";NA;"2023-10-09 06:47:00";73370,6
"876526";"27:2:1";"Exp60_238_IS26815";"Exp60_238_IS26815";NA;"2023-10-09 07:01:00";73365,9
"876527";"27:2:1";"Exp60_238_IS26815";"Exp60_238_IS26815";NA;"2023-10-09 07:17:00";73357,1
"876528";"27:2:1";"Exp60_238_IS26815";"Exp60_238_IS26815";NA;"2023-10-09 07:31:00";73350,9
"876529";"27:2:1";"Exp60_238_IS26815";"Exp60_238_IS26815";NA;"2023-10-09 07:47:00";73341,8
"876530";"27:2:1";"Exp60_238_IS26815";"Exp60_238_IS26815";NA;"2023-10-09 08:01:00";73329,7
"876531";"27:2:1";"Exp60_238_IS26815";"Exp60_238_IS26815";NA;"2023-10-09 08:17:00";73316,5
"876532";"27:2:1";"Exp60_238_IS26815";"Exp60_238_IS26815";NA;"2023-10-09 08:31:00";73304,5
"876533";"27:2:1";"Exp60_238_IS26815";"Exp60_238_IS26815";NA;"2023-10-09 08:47:00";73286,2
"876534";"27:2:1";"Exp60_238_IS26815";"Exp60_238_IS26815";NA;"2023-10-09 09:01:00";73269,8
"876535";"27:2:1";"Exp60_238_IS26815";"Exp60_238_IS26815";NA;"2023-10-09 09:17:00";73245,8
"876536";"27:2:1";"Exp60_238_IS26815";"Exp60_238_IS26815";NA;"2023-10-09 09:31:00";73227,2
"876537";"27:2:1";"Exp60_238_IS26815";"Exp60_238_IS26815";NA;"2023-10-09 10:32:00";73114,4
"876538";"27:2:1";"Exp60_238_IS26815";"Exp60_238_IS26815";NA;"2023-10-09 10:46:00";73087,2
"876539";"27:2:1";"Exp60_238_IS26815";"Exp60_238_IS26815";NA;"2023-10-09 11:02:00";73057,7
"876540";"27:2:1";"Exp60_238_IS26815";"Exp60_238_IS26815";NA;"2023-10-09 11:16:00";73028,3
"876541";"27:2:1";"Exp60_238_IS26815";"Exp60_238_IS26815";NA;"2023-10-09 11:47:00";72962,8
"876542";"27:2:1";"Exp60_238_IS26815";"Exp60_238_IS26815";NA;"2023-10-09 12:01:00";72936,1
"876543";"27:2:1";"Exp60_238_IS26815";"Exp60_238_IS26815";NA;"2023-10-09 12:17:00";72907,2
"876544";"27:2:1";"Exp60_238_IS26815";"Exp60_238_IS26815";NA;"2023-10-09 12:31:00";72867,7
"876545";"27:2:1";"Exp60_238_IS26815";"Exp60_238_IS26815";NA;"2023-10-09 12:47:00";72834,1
"876546";"27:2:1";"Exp60_238_IS26815";"Exp60_238_IS26815";NA;"2023-10-09 13:01:00";72803
"876547";"27:2:1";"Exp60_238_IS26815";"Exp60_238_IS26815";NA;"2023-10-09 13:32:00";72741,4
"876548";"27:2:1";"Exp60_238_IS26815";"Exp60_238_IS26815";NA;"2023-10-09 13:46:00";72719,4
"876549";"27:2:1";"Exp60_238_IS26815";"Exp60_238_IS26815";NA;"2023-10-09 14:02:00";72697
"876550";"27:2:1";"Exp60_238_IS26815";"Exp60_238_IS26815";NA;"2023-10-09 14:16:00";72682,1
"876551";"27:2:1";"Exp60_238_IS26815";"Exp60_238_IS26815";NA;"2023-10-09 20:16:00";72528,9
"876552";"27:2:1";"Exp60_238_IS26815";"Exp60_238_IS26815";NA;"2023-10-09 20:32:00";72531,5
"876553";"27:2:1";"Exp60_238_IS26815";"Exp60_238_IS26815";NA;"2023-10-09 20:46:00";72532,8
"876554";"27:2:1";"Exp60_238_IS26815";"Exp60_238_IS26815";NA;"2023-10-09 21:02:00";72533,6
"876555";"27:2:1";"Exp60_238_IS26815";"Exp60_238_IS26815";NA;"2023-10-09 21:16:00";72534,6
"876556";"27:2:1";"Exp60_238_IS26815";"Exp60_238_IS26815";NA;"2023-10-09 21:32:00";72534
"876557";"27:2:1";"Exp60_238_IS26815";"Exp60_238_IS26815";NA;"2023-10-09 21:46:00";72534,7
"876558";"27:2:1";"Exp60_238_IS26815";"Exp60_238_IS26815";NA;"2023-10-09 22:32:00";72532,8
"876559";"27:2:1";"Exp60_238_IS26815";"Exp60_238_IS26815";NA;"2023-10-09 22:46:00";72533,1
"876560";"27:2:1";"Exp60_238_IS26815";"Exp60_238_IS26815";NA;"2023-10-09 23:17:00";72531,9
"876561";"27:2:1";"Exp60_238_IS26815";"Exp60_238_IS26815";NA;"2023-10-09 23:31:00";72532,6
"876562";"27:2:1";"Exp60_238_IS26815";"Exp60_238_IS26815";NA;"2023-10-09 23:47:00";72532,5
"876563";"27:2:1";"Exp60_238_IS26815";"Exp60_238_IS26815";NA;"2023-10-10 00:16:00";72531,9
"876564";"27:2:1";"Exp60_238_IS26815";"Exp60_238_IS26815";NA;"2023-10-10 00:47:00";72528,3
"876565";"27:2:1";"Exp60_238_IS26815";"Exp60_238_IS26815";NA;"2023-10-10 01:01:00";72527,5
"876566";"27:2:1";"Exp60_238_IS26815";"Exp60_238_IS26815";NA;"2023-10-10 01:17:00";72526
"876567";"27:2:1";"Exp60_238_IS26815";"Exp60_238_IS26815";NA;"2023-10-10 01:31:00";72525,3
"876568";"27:2:1";"Exp60_238_IS26815";"Exp60_238_IS26815";NA;"2023-10-10 01:47:00";72523,8
"876569";"27:2:1";"Exp60_238_IS26815";"Exp60_238_IS26815";NA;"2023-10-10 02:01:00";72522,6
"876570";"27:2:1";"Exp60_238_IS26815";"Exp60_238_IS26815";NA;"2023-10-10 02:17:00";72520,5
"876571";"27:2:1";"Exp60_238_IS26815";"Exp60_238_IS26815";NA;"2023-10-10 02:31:00";72518,5
"876572";"27:2:1";"Exp60_238_IS26815";"Exp60_238_IS26815";NA;"2023-10-10 02:47:00";72516,8
"876573";"27:2:1";"Exp60_238_IS26815";"Exp60_238_IS26815";NA;"2023-10-10 03:01:00";72516,5
"876574";"27:2:1";"Exp60_238_IS26815";"Exp60_238_IS26815";NA;"2023-10-10 03:17:00";72514,7
"876575";"27:2:1";"Exp60_238_IS26815";"Exp60_238_IS26815";NA;"2023-10-10 03:31:00";72512,2
"876576";"27:2:1";"Exp60_238_IS26815";"Exp60_238_IS26815";NA;"2023-10-10 03:47:00";72510,4
"876577";"27:2:1";"Exp60_238_IS26815";"Exp60_238_IS26815";NA;"2023-10-10 04:01:00";72509,2
"876578";"27:2:1";"Exp60_238_IS26815";"Exp60_238_IS26815";NA;"2023-10-10 04:17:00";72507,9
"876579";"27:2:1";"Exp60_238_IS26815";"Exp60_238_IS26815";NA;"2023-10-10 04:31:00";72505,9
"876580";"27:2:1";"Exp60_238_IS26815";"Exp60_238_IS26815";NA;"2023-10-10 04:47:00";72504,2
"876581";"27:2:1";"Exp60_238_IS26815";"Exp60_238_IS26815";NA;"2023-10-10 05:01:00";72502,5
"876582";"27:2:1";"Exp60_238_IS26815";"Exp60_238_IS26815";NA;"2023-10-10 05:17:00";72501,4
"876583";"27:2:1";"Exp60_238_IS26815";"Exp60_238_IS26815";NA;"2023-10-10 05:31:00";72499,8
"876584";"27:2:1";"Exp60_238_IS26815";"Exp60_238_IS26815";NA;"2023-10-10 05:47:00";72498,7
"876585";"27:2:1";"Exp60_238_IS26815";"Exp60_238_IS26815";NA;"2023-10-10 06:01:00";72497,2
"876586";"27:2:1";"Exp60_238_IS26815";"Exp60_238_IS26815";NA;"2023-10-10 06:17:00";72495,4
"876587";"27:2:1";"Exp60_238_IS26815";"Exp60_238_IS26815";NA;"2023-10-10 06:46:00";72490,6
"876588";"27:2:1";"Exp60_238_IS26815";"Exp60_238_IS26815";NA;"2023-10-10 07:17:00";72483,4
"876589";"27:2:1";"Exp60_238_IS26815";"Exp60_238_IS26815";NA;"2023-10-10 07:31:00";72476,1
"876590";"27:2:1";"Exp60_238_IS26815";"Exp60_238_IS26815";NA;"2023-10-10 08:02:00";72457,2
"876591";"27:2:1";"Exp60_238_IS26815";"Exp60_238_IS26815";NA;"2023-10-10 08:16:00";72449,2
"876592";"27:2:1";"Exp60_238_IS26815";"Exp60_238_IS26815";NA;"2023-10-10 08:32:00";72434,7
"876593";"27:2:1";"Exp60_238_IS26815";"Exp60_238_IS26815";NA;"2023-10-10 08:46:00";72422,3
"876594";"27:2:1";"Exp60_238_IS26815";"Exp60_238_IS26815";NA;"2023-10-10 09:02:00";72401,5
"876595";"27:2:1";"Exp60_238_IS26815";"Exp60_238_IS26815";NA;"2023-10-10 09:16:00";72384,1
"876596";"27:2:1";"Exp60_238_IS26815";"Exp60_238_IS26815";NA;"2023-10-10 09:32:00";72363,7
"876597";"27:2:1";"Exp60_238_IS26815";"Exp60_238_IS26815";NA;"2023-10-10 09:46:00";72341,3
"876598";"27:2:1";"Exp60_238_IS26815";"Exp60_238_IS26815";NA;"2023-10-10 10:02:00";72308,5
"876599";"27:2:1";"Exp60_238_IS26815";"Exp60_238_IS26815";NA;"2023-10-10 10:16:00";72279,9
"876600";"27:2:1";"Exp60_238_IS26815";"Exp60_238_IS26815";NA;"2023-10-10 10:32:00";72248
"876601";"27:2:1";"Exp60_238_IS26815";"Exp60_238_IS26815";NA;"2023-10-10 10:46:00";72208,9
"876602";"27:2:1";"Exp60_238_IS26815";"Exp60_238_IS26815";NA;"2023-10-10 11:02:00";72183,3
"876603";"27:2:1";"Exp60_238_IS26815";"Exp60_238_IS26815";NA;"2023-10-10 11:16:00";72162,8
"876604";"27:2:1";"Exp60_238_IS26815";"Exp60_238_IS26815";NA;"2023-10-10 15:46:00";71776,3
"876605";"27:2:1";"Exp60_238_IS26815";"Exp60_238_IS26815";NA;"2023-10-10 18:01:00";73748,3
"876606";"27:2:1";"Exp60_238_IS26815";"Exp60_238_IS26815";NA;"2023-10-10 18:17:00";73747,5
"876607";"27:2:1";"Exp60_238_IS26815";"Exp60_238_IS26815";NA;"2023-10-10 18:31:00";73747,7
"876608";"27:2:1";"Exp60_238_IS26815";"Exp60_238_IS26815";NA;"2023-10-10 18:47:00";73746,5
"876609";"27:2:1";"Exp60_238_IS26815";"Exp60_238_IS26815";NA;"2023-10-10 19:01:00";73744,7
"876610";"27:2:1";"Exp60_238_IS26815";"Exp60_238_IS26815";NA;"2023-10-10 19:17:00";73744,4
"876611";"27:2:1";"Exp60_238_IS26815";"Exp60_238_IS26815";NA;"2023-10-10 19:31:00";73742,2
"876612";"27:2:1";"Exp60_238_IS26815";"Exp60_238_IS26815";NA;"2023-10-10 19:47:00";73741,3
"876613";"27:2:1";"Exp60_238_IS26815";"Exp60_238_IS26815";NA;"2023-10-10 20:01:00";73739,3
"876614";"27:2:1";"Exp60_238_IS26815";"Exp60_238_IS26815";NA;"2023-10-10 20:17:00";73738,2
"876615";"27:2:1";"Exp60_238_IS26815";"Exp60_238_IS26815";NA;"2023-10-10 20:31:00";73736,3
"876616";"27:2:1";"Exp60_238_IS26815";"Exp60_238_IS26815";NA;"2023-10-10 20:47:00";73734,8
"876617";"27:2:1";"Exp60_238_IS26815";"Exp60_238_IS26815";NA;"2023-10-10 21:01:00";73732,6
"876618";"27:2:1";"Exp60_238_IS26815";"Exp60_238_IS26815";NA;"2023-10-10 21:17:00";73728,4
"876619";"27:2:1";"Exp60_238_IS26815";"Exp60_238_IS26815";NA;"2023-10-10 21:31:00";73725,9
"876620";"27:2:1";"Exp60_238_IS26815";"Exp60_238_IS26815";NA;"2023-10-10 21:47:00";73724,3
"876621";"27:2:1";"Exp60_238_IS26815";"Exp60_238_IS26815";NA;"2023-10-10 22:01:00";73721,7
"876622";"27:2:1";"Exp60_238_IS26815";"Exp60_238_IS26815";NA;"2023-10-10 22:32:00";73719,1
"876623";"27:2:1";"Exp60_238_IS26815";"Exp60_238_IS26815";NA;"2023-10-10 22:46:00";73717,3
"876624";"27:2:1";"Exp60_238_IS26815";"Exp60_238_IS26815";NA;"2023-10-10 23:02:00";73716,8
"876625";"27:2:1";"Exp60_238_IS26815";"Exp60_238_IS26815";NA;"2023-10-10 23:16:00";73715,4
"876626";"27:2:1";"Exp60_238_IS26815";"Exp60_238_IS26815";NA;"2023-10-10 23:32:00";73713,5
"876627";"27:2:1";"Exp60_238_IS26815";"Exp60_238_IS26815";NA;"2023-10-10 23:46:00";73713
"876628";"27:2:1";"Exp60_238_IS26815";"Exp60_238_IS26815";NA;"2023-10-11 00:02:00";73711,6
"876629";"27:2:1";"Exp60_238_IS26815";"Exp60_238_IS26815";NA;"2023-10-11 00:16:00";73709,5
"876630";"27:2:1";"Exp60_238_IS26815";"Exp60_238_IS26815";NA;"2023-10-11 00:32:00";73707,7
"876631";"27:2:1";"Exp60_238_IS26815";"Exp60_238_IS26815";NA;"2023-10-11 00:46:00";73706,5
"876632";"27:2:1";"Exp60_238_IS26815";"Exp60_238_IS26815";NA;"2023-10-11 06:31:00";73661,5
"876633";"27:2:1";"Exp60_238_IS26815";"Exp60_238_IS26815";NA;"2023-10-11 07:17:00";73646,1
"876634";"27:2:1";"Exp60_238_IS26815";"Exp60_238_IS26815";NA;"2023-10-11 07:31:00";73639,2
"876635";"27:2:1";"Exp60_238_IS26815";"Exp60_238_IS26815";NA;"2023-10-11 07:47:00";73629,7
"876636";"27:2:1";"Exp60_238_IS26815";"Exp60_238_IS26815";NA;"2023-10-11 08:01:00";73620
"876637";"27:2:1";"Exp60_238_IS26815";"Exp60_238_IS26815";NA;"2023-10-11 08:17:00";73607,2
"876638";"27:2:1";"Exp60_238_IS26815";"Exp60_238_IS26815";NA;"2023-10-11 08:31:00";73588,4
"876639";"27:2:1";"Exp60_238_IS26815";"Exp60_238_IS26815";NA;"2023-10-11 08:47:00";73570,1
"876640";"27:2:1";"Exp60_238_IS26815";"Exp60_238_IS26815";NA;"2023-10-11 09:01:00";73550,7
"876641";"27:2:1";"Exp60_238_IS26815";"Exp60_238_IS26815";NA;"2023-10-11 16:16:00";72739,8
"876642";"27:2:1";"Exp60_238_IS26815";"Exp60_238_IS26815";NA;"2023-10-11 16:32:00";72735,7
"876643";"27:2:1";"Exp60_238_IS26815";"Exp60_238_IS26815";NA;"2023-10-11 16:46:00";72723
"876644";"27:2:1";"Exp60_238_IS26815";"Exp60_238_IS26815";NA;"2023-10-11 17:02:00";72722,5
"876645";"27:2:1";"Exp60_238_IS26815";"Exp60_238_IS26815";NA;"2023-10-11 17:16:00";72712
"876646";"27:2:1";"Exp60_238_IS26815";"Exp60_238_IS26815";NA;"2023-10-11 17:32:00";72709,2
"876647";"27:2:1";"Exp60_238_IS26815";"Exp60_238_IS26815";NA;"2023-10-11 17:46:00";72711,5
"876648";"27:2:1";"Exp60_238_IS26815";"Exp60_238_IS26815";NA;"2023-10-11 18:02:00";72709,6
"876649";"27:2:1";"Exp60_238_IS26815";"Exp60_238_IS26815";NA;"2023-10-11 18:16:00";72709,2
"876650";"27:2:1";"Exp60_238_IS26815";"Exp60_238_IS26815";NA;"2023-10-11 18:32:00";72710,7
"876651";"27:2:1";"Exp60_238_IS26815";"Exp60_238_IS26815";NA;"2023-10-11 18:46:00";72711,6
"876652";"27:2:1";"Exp60_238_IS26815";"Exp60_238_IS26815";NA;"2023-10-11 19:02:00";72714,9
"876653";"27:2:1";"Exp60_238_IS26815";"Exp60_238_IS26815";NA;"2023-10-11 19:16:00";72713,9
"876654";"27:2:1";"Exp60_238_IS26815";"Exp60_238_IS26815";NA;"2023-10-11 19:32:00";72716,4
"876655";"27:2:1";"Exp60_238_IS26815";"Exp60_238_IS26815";NA;"2023-10-11 19:46:00";72715,8
"876656";"27:2:1";"Exp60_238_IS26815";"Exp60_238_IS26815";NA;"2023-10-11 20:02:00";72716
"876657";"27:2:1";"Exp60_238_IS26815";"Exp60_238_IS26815";NA;"2023-10-11 20:46:00";72714,1
"876658";"27:2:1";"Exp60_238_IS26815";"Exp60_238_IS26815";NA;"2023-10-11 21:02:00";72713,5
"876659";"27:2:1";"Exp60_238_IS26815";"Exp60_238_IS26815";NA;"2023-10-11 21:16:00";72712,2
"876660";"27:2:1";"Exp60_238_IS26815";"Exp60_238_IS26815";NA;"2023-10-11 21:32:00";72711,9
"876661";"27:2:1";"Exp60_238_IS26815";"Exp60_238_IS26815";NA;"2023-10-11 21:46:00";72711,3
"876662";"27:2:1";"Exp60_238_IS26815";"Exp60_238_IS26815";NA;"2023-10-11 22:17:00";72707,9
"876663";"27:2:1";"Exp60_238_IS26815";"Exp60_238_IS26815";NA;"2023-10-11 22:31:00";72705,8
"876664";"27:2:1";"Exp60_238_IS26815";"Exp60_238_IS26815";NA;"2023-10-11 22:47:00";72703,8
"876665";"27:2:1";"Exp60_238_IS26815";"Exp60_238_IS26815";NA;"2023-10-11 23:01:00";72701,8
"876666";"27:2:1";"Exp60_238_IS26815";"Exp60_238_IS26815";NA;"2023-10-11 23:17:00";72701,2
"876667";"27:2:1";"Exp60_238_IS26815";"Exp60_238_IS26815";NA;"2023-10-11 23:31:00";72700,9
"876668";"27:2:1";"Exp60_238_IS26815";"Exp60_238_IS26815";NA;"2023-10-11 23:47:00";72699,6
"876669";"27:2:1";"Exp60_238_IS26815";"Exp60_238_IS26815";NA;"2023-10-12 00:01:00";72698,1
"876670";"27:2:1";"Exp60_238_IS26815";"Exp60_238_IS26815";NA;"2023-10-12 00:17:00";72697,4
"876671";"27:2:1";"Exp60_238_IS26815";"Exp60_238_IS26815";NA;"2023-10-12 00:31:00";72696,5
"876672";"27:2:1";"Exp60_238_IS26815";"Exp60_238_IS26815";NA;"2023-10-12 00:47:00";72695
"876673";"27:2:1";"Exp60_238_IS26815";"Exp60_238_IS26815";NA;"2023-10-12 01:01:00";72694,1
"876674";"27:2:1";"Exp60_238_IS26815";"Exp60_238_IS26815";NA;"2023-10-12 01:17:00";72692,5
"876675";"27:2:1";"Exp60_238_IS26815";"Exp60_238_IS26815";NA;"2023-10-12 01:31:00";72691,6
"876676";"27:2:1";"Exp60_238_IS26815";"Exp60_238_IS26815";NA;"2023-10-12 01:47:00";72690,4
"876677";"27:2:1";"Exp60_238_IS26815";"Exp60_238_IS26815";NA;"2023-10-12 02:01:00";72689,7
"876678";"27:2:1";"Exp60_238_IS26815";"Exp60_238_IS26815";NA;"2023-10-12 02:17:00";72689,5
"876679";"27:2:1";"Exp60_238_IS26815";"Exp60_238_IS26815";NA;"2023-10-12 02:31:00";72689,4
"876680";"27:2:1";"Exp60_238_IS26815";"Exp60_238_IS26815";NA;"2023-10-12 02:47:00";72689,4
"876681";"27:2:1";"Exp60_238_IS26815";"Exp60_238_IS26815";NA;"2023-10-12 03:01:00";72688,4
"876682";"27:2:1";"Exp60_238_IS26815";"Exp60_238_IS26815";NA;"2023-10-12 03:17:00";72687,1
"876683";"27:2:1";"Exp60_238_IS26815";"Exp60_238_IS26815";NA;"2023-10-12 03:31:00";72685
"876684";"27:2:1";"Exp60_238_IS26815";"Exp60_238_IS26815";NA;"2023-10-12 03:47:00";72684,4
"876685";"27:2:1";"Exp60_238_IS26815";"Exp60_238_IS26815";NA;"2023-10-12 04:01:00";72681,1
"876686";"27:2:1";"Exp60_238_IS26815";"Exp60_238_IS26815";NA;"2023-10-12 04:17:00";72679,2
"876687";"27:2:1";"Exp60_238_IS26815";"Exp60_238_IS26815";NA;"2023-10-12 04:31:00";72677,1
"876688";"27:2:1";"Exp60_238_IS26815";"Exp60_238_IS26815";NA;"2023-10-12 04:47:00";72673,9
"876689";"27:2:1";"Exp60_238_IS26815";"Exp60_238_IS26815";NA;"2023-10-12 05:01:00";72672,4
"876690";"27:2:1";"Exp60_238_IS26815";"Exp60_238_IS26815";NA;"2023-10-12 05:32:00";72669,2
"876691";"27:2:1";"Exp60_238_IS26815";"Exp60_238_IS26815";NA;"2023-10-12 05:46:00";72668,1
"876692";"27:2:1";"Exp60_238_IS26815";"Exp60_238_IS26815";NA;"2023-10-12 06:02:00";72667,5
"876693";"27:2:1";"Exp60_238_IS26815";"Exp60_238_IS26815";NA;"2023-10-12 06:16:00";72665,2
"876694";"27:2:1";"Exp60_238_IS26815";"Exp60_238_IS26815";NA;"2023-10-12 06:47:00";72659,9
"876695";"27:2:1";"Exp60_238_IS26815";"Exp60_238_IS26815";NA;"2023-10-12 07:01:00";72656,1
"876696";"27:2:1";"Exp60_238_IS26815";"Exp60_238_IS26815";NA;"2023-10-12 07:17:00";72649,6
"876697";"27:2:1";"Exp60_238_IS26815";"Exp60_238_IS26815";NA;"2023-10-12 07:31:00";72641
"876698";"27:2:1";"Exp60_238_IS26815";"Exp60_238_IS26815";NA;"2023-10-12 07:47:00";72631,3
"876699";"27:2:1";"Exp60_238_IS26815";"Exp60_238_IS26815";NA;"2023-10-12 08:01:00";72620,5
"876700";"27:2:1";"Exp60_238_IS26815";"Exp60_238_IS26815";NA;"2023-10-12 08:17:00";72605,5
"876701";"27:2:1";"Exp60_238_IS26815";"Exp60_238_IS26815";NA;"2023-10-12 08:31:00";72591,8
"876702";"27:2:1";"Exp60_238_IS26815";"Exp60_238_IS26815";NA;"2023-10-12 08:47:00";72572,9
"876703";"27:2:1";"Exp60_238_IS26815";"Exp60_238_IS26815";NA;"2023-10-12 09:01:00";72548,1
"876704";"27:2:1";"Exp60_238_IS26815";"Exp60_238_IS26815";NA;"2023-10-12 09:17:00";72534,9
"876705";"27:2:1";"Exp60_238_IS26815";"Exp60_238_IS26815";NA;"2023-10-12 09:31:00";72514,7
"876706";"27:2:1";"Exp60_238_IS26815";"Exp60_238_IS26815";NA;"2023-10-12 09:47:00";72490,2
"876707";"27:2:1";"Exp60_238_IS26815";"Exp60_238_IS26815";NA;"2023-10-12 10:01:00";72458,2
"876708";"27:2:1";"Exp60_238_IS26815";"Exp60_238_IS26815";NA;"2023-10-12 15:01:00";71865,7
"876709";"27:2:1";"Exp60_238_IS26815";"Exp60_238_IS26815";NA;"2023-10-12 15:17:00";71861,8
"876710";"27:2:1";"Exp60_238_IS26815";"Exp60_238_IS26815";NA;"2023-10-12 15:31:00";71829,6
"876711";"27:2:1";"Exp60_238_IS26815";"Exp60_238_IS26815";NA;"2023-10-12 15:47:00";71825,2
"876712";"27:2:1";"Exp60_238_IS26815";"Exp60_238_IS26815";NA;"2023-10-12 16:01:00";71805,6
"876713";"27:2:1";"Exp60_238_IS26815";"Exp60_238_IS26815";NA;"2023-10-12 16:17:00";71790,8
"876714";"27:2:1";"Exp60_238_IS26815";"Exp60_238_IS26815";NA;"2023-10-12 16:31:00";71788,1
"876715";"27:2:1";"Exp60_238_IS26815";"Exp60_238_IS26815";NA;"2023-10-12 16:47:00";71771,1
"876716";"27:2:1";"Exp60_238_IS26815";"Exp60_238_IS26815";NA;"2023-10-12 17:01:00";71764,6
"876717";"27:2:1";"Exp60_238_IS26815";"Exp60_238_IS26815";NA;"2023-10-12 17:17:00";71766,1
"876718";"27:2:1";"Exp60_238_IS26815";"Exp60_238_IS26815";NA;"2023-10-12 17:31:00";71762
"876719";"27:2:1";"Exp60_238_IS26815";"Exp60_238_IS26815";NA;"2023-10-12 17:47:00";71760,5
"876720";"27:2:1";"Exp60_238_IS26815";"Exp60_238_IS26815";NA;"2023-10-12 18:01:00";71760,3
"876721";"27:2:1";"Exp60_238_IS26815";"Exp60_238_IS26815";NA;"2023-10-12 18:17:00";71761
"876722";"27:2:1";"Exp60_238_IS26815";"Exp60_238_IS26815";NA;"2023-10-12 18:31:00";71762,7
"876723";"27:2:1";"Exp60_238_IS26815";"Exp60_238_IS26815";NA;"2023-10-12 18:47:00";71762,3
"876724";"27:2:1";"Exp60_238_IS26815";"Exp60_238_IS26815";NA;"2023-10-12 19:01:00";71765,1
"876725";"27:2:1";"Exp60_238_IS26815";"Exp60_238_IS26815";NA;"2023-10-12 19:17:00";71766,1
"876726";"27:2:1";"Exp60_238_IS26815";"Exp60_238_IS26815";NA;"2023-10-12 19:31:00";71767,1
"876727";"27:2:1";"Exp60_238_IS26815";"Exp60_238_IS26815";NA;"2023-10-12 20:02:00";71768,6
"876728";"27:2:1";"Exp60_238_IS26815";"Exp60_238_IS26815";NA;"2023-10-12 20:16:00";71769,4
"876729";"27:2:1";"Exp60_238_IS26815";"Exp60_238_IS26815";NA;"2023-10-13 03:16:00";71776,6
"876730";"27:2:1";"Exp60_238_IS26815";"Exp60_238_IS26815";NA;"2023-10-13 03:32:00";71776,4
"876731";"27:2:1";"Exp60_238_IS26815";"Exp60_238_IS26815";NA;"2023-10-13 03:46:00";71774,5
"876732";"27:2:1";"Exp60_238_IS26815";"Exp60_238_IS26815";NA;"2023-10-13 04:02:00";71774,1
"876733";"27:2:1";"Exp60_238_IS26815";"Exp60_238_IS26815";NA;"2023-10-13 04:16:00";71773
"876734";"27:2:1";"Exp60_238_IS26815";"Exp60_238_IS26815";NA;"2023-10-13 04:32:00";71771,4
"876735";"27:2:1";"Exp60_238_IS26815";"Exp60_238_IS26815";NA;"2023-10-13 04:46:00";71770,2
"876736";"27:2:1";"Exp60_238_IS26815";"Exp60_238_IS26815";NA;"2023-10-13 05:02:00";71768,2
"876737";"27:2:1";"Exp60_238_IS26815";"Exp60_238_IS26815";NA;"2023-10-13 05:16:00";71767,1
"876738";"27:2:1";"Exp60_238_IS26815";"Exp60_238_IS26815";NA;"2023-10-13 05:32:00";71766,4
"876739";"27:2:1";"Exp60_238_IS26815";"Exp60_238_IS26815";NA;"2023-10-13 05:46:00";71764,9
"876740";"27:2:1";"Exp60_238_IS26815";"Exp60_238_IS26815";NA;"2023-10-13 06:02:00";71764,3
"876741";"27:2:1";"Exp60_238_IS26815";"Exp60_238_IS26815";NA;"2023-10-13 06:16:00";71763,6
"876742";"27:2:1";"Exp60_238_IS26815";"Exp60_238_IS26815";NA;"2023-10-13 06:32:00";71761,4
"876743";"27:2:1";"Exp60_238_IS26815";"Exp60_238_IS26815";NA;"2023-10-13 06:46:00";71759,4
"876744";"27:2:1";"Exp60_238_IS26815";"Exp60_238_IS26815";NA;"2023-10-13 12:46:00";71271
"876745";"27:2:1";"Exp60_238_IS26815";"Exp60_238_IS26815";NA;"2023-10-13 13:02:00";71233,6
"876746";"27:2:1";"Exp60_238_IS26815";"Exp60_238_IS26815";NA;"2023-10-13 13:16:00";71206,7
"876747";"27:2:1";"Exp60_238_IS26815";"Exp60_238_IS26815";NA;"2023-10-13 13:32:00";71173,4
"876748";"27:2:1";"Exp60_238_IS26815";"Exp60_238_IS26815";NA;"2023-10-13 13:46:00";71149,8
"876749";"27:2:1";"Exp60_238_IS26815";"Exp60_238_IS26815";NA;"2023-10-13 19:46:00";73672,2
"876750";"27:2:1";"Exp60_238_IS26815";"Exp60_238_IS26815";NA;"2023-10-13 20:02:00";73669,7
"876751";"27:2:1";"Exp60_238_IS26815";"Exp60_238_IS26815";NA;"2023-10-13 20:16:00";73668
"876752";"27:2:1";"Exp60_238_IS26815";"Exp60_238_IS26815";NA;"2023-10-13 20:32:00";73670,4
"876753";"27:2:1";"Exp60_238_IS26815";"Exp60_238_IS26815";NA;"2023-10-13 20:46:00";73666,3
"876754";"27:2:1";"Exp60_238_IS26815";"Exp60_238_IS26815";NA;"2023-10-13 21:02:00";73662,7
"876755";"27:2:1";"Exp60_238_IS26815";"Exp60_238_IS26815";NA;"2023-10-13 21:16:00";73662,4
"876756";"27:2:1";"Exp60_238_IS26815";"Exp60_238_IS26815";NA;"2023-10-13 21:32:00";73659,6
"876757";"27:2:1";"Exp60_238_IS26815";"Exp60_238_IS26815";NA;"2023-10-13 21:46:00";73656,1
"876758";"27:2:1";"Exp60_238_IS26815";"Exp60_238_IS26815";NA;"2023-10-13 22:02:00";73654,9
"876759";"27:2:1";"Exp60_238_IS26815";"Exp60_238_IS26815";NA;"2023-10-13 22:16:00";73652,7
"876760";"27:2:1";"Exp60_238_IS26815";"Exp60_238_IS26815";NA;"2023-10-13 22:32:00";73649,4
"876761";"27:2:1";"Exp60_238_IS26815";"Exp60_238_IS26815";NA;"2023-10-13 22:46:00";73647,9
"876762";"27:2:1";"Exp60_238_IS26815";"Exp60_238_IS26815";NA;"2023-10-13 23:02:00";73645,4
"876763";"27:2:1";"Exp60_238_IS26815";"Exp60_238_IS26815";NA;"2023-10-13 23:16:00";73642,3
"876764";"27:2:1";"Exp60_238_IS26815";"Exp60_238_IS26815";NA;"2023-10-13 23:47:00";73638,6
"876765";"27:2:1";"Exp60_238_IS26815";"Exp60_238_IS26815";NA;"2023-10-14 00:01:00";73637,7
"876766";"27:2:1";"Exp60_238_IS26815";"Exp60_238_IS26815";NA;"2023-10-14 00:17:00";73635,8
"876767";"27:2:1";"Exp60_238_IS26815";"Exp60_238_IS26815";NA;"2023-10-14 00:31:00";73631,8
"876768";"27:2:1";"Exp60_238_IS26815";"Exp60_238_IS26815";NA;"2023-10-14 00:47:00";73630,9
"876769";"27:2:1";"Exp60_238_IS26815";"Exp60_238_IS26815";NA;"2023-10-14 01:01:00";73628,8
"876770";"27:2:1";"Exp60_238_IS26815";"Exp60_238_IS26815";NA;"2023-10-14 01:17:00";73625,1
"876771";"27:2:1";"Exp60_238_IS26815";"Exp60_238_IS26815";NA;"2023-10-14 01:31:00";73622,1
"876772";"27:2:1";"Exp60_238_IS26815";"Exp60_238_IS26815";NA;"2023-10-14 01:47:00";73620,3
"876773";"27:2:1";"Exp60_238_IS26815";"Exp60_238_IS26815";NA;"2023-10-14 02:01:00";73618,9
"876774";"27:2:1";"Exp60_238_IS26815";"Exp60_238_IS26815";NA;"2023-10-14 02:17:00";73614,6
"876775";"27:2:1";"Exp60_238_IS26815";"Exp60_238_IS26815";NA;"2023-10-14 02:31:00";73612,6
"876776";"27:2:1";"Exp60_238_IS26815";"Exp60_238_IS26815";NA;"2023-10-14 02:47:00";73609,9
"876777";"27:2:1";"Exp60_238_IS26815";"Exp60_238_IS26815";NA;"2023-10-14 03:01:00";73607,5
"876778";"27:2:1";"Exp60_238_IS26815";"Exp60_238_IS26815";NA;"2023-10-14 03:17:00";73605
"876779";"27:2:1";"Exp60_238_IS26815";"Exp60_238_IS26815";NA;"2023-10-14 03:31:00";73600,8
"876780";"27:2:1";"Exp60_238_IS26815";"Exp60_238_IS26815";NA;"2023-10-14 04:17:00";73591,4
"876781";"27:2:1";"Exp60_238_IS26815";"Exp60_238_IS26815";NA;"2023-10-14 04:31:00";73588,6
"876782";"27:2:1";"Exp60_238_IS26815";"Exp60_238_IS26815";NA;"2023-10-14 04:47:00";73585,7
"876783";"27:2:1";"Exp60_238_IS26815";"Exp60_238_IS26815";NA;"2023-10-14 05:01:00";73583,6
"876784";"27:2:1";"Exp60_238_IS26815";"Exp60_238_IS26815";NA;"2023-10-14 05:17:00";73579,7
"876785";"27:2:1";"Exp60_238_IS26815";"Exp60_238_IS26815";NA;"2023-10-14 05:31:00";73577,7
"876786";"27:2:1";"Exp60_238_IS26815";"Exp60_238_IS26815";NA;"2023-10-14 05:47:00";73575,4
"876787";"27:2:1";"Exp60_238_IS26815";"Exp60_238_IS26815";NA;"2023-10-14 06:01:00";73574,2
"876788";"27:2:1";"Exp60_238_IS26815";"Exp60_238_IS26815";NA;"2023-10-14 06:17:00";73569,9
"876789";"27:2:1";"Exp60_238_IS26815";"Exp60_238_IS26815";NA;"2023-10-14 06:31:00";73566,7
"876790";"27:2:1";"Exp60_238_IS26815";"Exp60_238_IS26815";NA;"2023-10-14 07:02:00";73552
"876791";"27:2:1";"Exp60_238_IS26815";"Exp60_238_IS26815";NA;"2023-10-14 07:16:00";73544,9
"876792";"27:2:1";"Exp60_238_IS26815";"Exp60_238_IS26815";NA;"2023-10-14 07:32:00";73533,7
"876793";"27:2:1";"Exp60_238_IS26815";"Exp60_238_IS26815";NA;"2023-10-14 08:16:00";73492
"876794";"27:2:1";"Exp60_238_IS26815";"Exp60_238_IS26815";NA;"2023-10-14 08:32:00";73474,1
"876795";"27:2:1";"Exp60_238_IS26815";"Exp60_238_IS26815";NA;"2023-10-14 08:46:00";73454,8
"876796";"27:2:1";"Exp60_238_IS26815";"Exp60_238_IS26815";NA;"2023-10-14 09:02:00";73431,7
"876797";"27:2:1";"Exp60_238_IS26815";"Exp60_238_IS26815";NA;"2023-10-14 09:16:00";73406,2
"876798";"27:2:1";"Exp60_238_IS26815";"Exp60_238_IS26815";NA;"2023-10-14 09:32:00";73377,5
"876799";"27:2:1";"Exp60_238_IS26815";"Exp60_238_IS26815";NA;"2023-10-14 09:46:00";73346,9
"876800";"27:2:1";"Exp60_238_IS26815";"Exp60_238_IS26815";NA;"2023-10-14 10:02:00";73325,1
"876801";"27:2:1";"Exp60_238_IS26815";"Exp60_238_IS26815";NA;"2023-10-14 10:16:00";73293,4
"876802";"27:2:1";"Exp60_238_IS26815";"Exp60_238_IS26815";NA;"2023-10-14 10:32:00";73248,9
"876803";"27:2:1";"Exp60_238_IS26815";"Exp60_238_IS26815";NA;"2023-10-14 10:46:00";73225,4
"876804";"27:2:1";"Exp60_238_IS26815";"Exp60_238_IS26815";NA;"2023-10-14 11:02:00";73201,5
"876805";"27:2:1";"Exp60_238_IS26815";"Exp60_238_IS26815";NA;"2023-10-14 11:16:00";73151,8
"876806";"27:2:1";"Exp60_238_IS26815";"Exp60_238_IS26815";NA;"2023-10-14 11:32:00";73114,7
"876807";"27:2:1";"Exp60_238_IS26815";"Exp60_238_IS26815";NA;"2023-10-14 11:46:00";73079,1
"876808";"27:2:1";"Exp60_238_IS26815";"Exp60_238_IS26815";NA;"2023-10-14 12:02:00";73043,6
"876809";"27:2:1";"Exp60_238_IS26815";"Exp60_238_IS26815";NA;"2023-10-14 12:16:00";73027,8
"876810";"27:2:1";"Exp60_238_IS26815";"Exp60_238_IS26815";NA;"2023-10-14 12:32:00";72987,6
"876811";"27:2:1";"Exp60_238_IS26815";"Exp60_238_IS26815";NA;"2023-10-14 12:46:00";72954,3
"876812";"27:2:1";"Exp60_238_IS26815";"Exp60_238_IS26815";NA;"2023-10-14 13:02:00";72939,4
"876813";"27:2:1";"Exp60_238_IS26815";"Exp60_238_IS26815";NA;"2023-10-14 13:16:00";72919
"876814";"27:2:1";"Exp60_238_IS26815";"Exp60_238_IS26815";NA;"2023-10-14 13:32:00";72887,2
"876815";"27:2:1";"Exp60_238_IS26815";"Exp60_238_IS26815";NA;"2023-10-14 13:46:00";72863,7
"876816";"27:2:1";"Exp60_238_IS26815";"Exp60_238_IS26815";NA;"2023-10-14 19:31:00";72621,7
"876817";"27:2:1";"Exp60_238_IS26815";"Exp60_238_IS26815";NA;"2023-10-15 02:01:00";72628,4
"876818";"27:2:1";"Exp60_238_IS26815";"Exp60_238_IS26815";NA;"2023-10-15 02:17:00";72628,1
"876819";"27:2:1";"Exp60_238_IS26815";"Exp60_238_IS26815";NA;"2023-10-15 02:31:00";72626,8
"876820";"27:2:1";"Exp60_238_IS26815";"Exp60_238_IS26815";NA;"2023-10-15 02:47:00";72626,3
"876821";"27:2:1";"Exp60_238_IS26815";"Exp60_238_IS26815";NA;"2023-10-15 03:01:00";72625,6
"876822";"27:2:1";"Exp60_238_IS26815";"Exp60_238_IS26815";NA;"2023-10-15 03:17:00";72626,5
"876823";"27:2:1";"Exp60_238_IS26815";"Exp60_238_IS26815";NA;"2023-10-15 03:31:00";72625,4
"876824";"27:2:1";"Exp60_238_IS26815";"Exp60_238_IS26815";NA;"2023-10-15 03:47:00";72624,5
"876825";"27:2:1";"Exp60_238_IS26815";"Exp60_238_IS26815";NA;"2023-10-15 04:01:00";72623,4
"876826";"27:2:1";"Exp60_238_IS26815";"Exp60_238_IS26815";NA;"2023-10-15 04:32:00";72621
"876827";"27:2:1";"Exp60_238_IS26815";"Exp60_238_IS26815";NA;"2023-10-15 04:46:00";72617,7
"876828";"27:2:1";"Exp60_238_IS26815";"Exp60_238_IS26815";NA;"2023-10-15 05:32:00";72613,9
"876829";"27:2:1";"Exp60_238_IS26815";"Exp60_238_IS26815";NA;"2023-10-15 05:46:00";72613,2
"876830";"27:2:1";"Exp60_238_IS26815";"Exp60_238_IS26815";NA;"2023-10-15 06:17:00";72609,6
"876831";"27:2:1";"Exp60_238_IS26815";"Exp60_238_IS26815";NA;"2023-10-15 06:31:00";72606,5
"876832";"27:2:1";"Exp60_238_IS26815";"Exp60_238_IS26815";NA;"2023-10-15 07:02:00";72597,8
"876833";"27:2:1";"Exp60_238_IS26815";"Exp60_238_IS26815";NA;"2023-10-15 07:16:00";72590,8
"876834";"27:2:1";"Exp60_238_IS26815";"Exp60_238_IS26815";NA;"2023-10-15 07:32:00";72582,7
"876835";"27:2:1";"Exp60_238_IS26815";"Exp60_238_IS26815";NA;"2023-10-15 07:46:00";72573,1
"876836";"27:2:1";"Exp60_238_IS26815";"Exp60_238_IS26815";NA;"2023-10-15 08:17:00";72549,9
"876837";"27:2:1";"Exp60_238_IS26815";"Exp60_238_IS26815";NA;"2023-10-15 08:31:00";72536,1
"876838";"27:2:1";"Exp60_238_IS26815";"Exp60_238_IS26815";NA;"2023-10-15 08:47:00";72523,2
"876839";"27:2:1";"Exp60_238_IS26815";"Exp60_238_IS26815";NA;"2023-10-15 09:01:00";72510,4
"876840";"27:2:1";"Exp60_238_IS26815";"Exp60_238_IS26815";NA;"2023-10-15 09:17:00";72496,3
"876841";"27:2:1";"Exp60_238_IS26815";"Exp60_238_IS26815";NA;"2023-10-15 09:31:00";72474,2
"876842";"27:2:1";"Exp60_238_IS26815";"Exp60_238_IS26815";NA;"2023-10-15 09:47:00";72456,9
"876843";"27:2:1";"Exp60_238_IS26815";"Exp60_238_IS26815";NA;"2023-10-15 10:01:00";72434
"876844";"27:2:1";"Exp60_238_IS26815";"Exp60_238_IS26815";NA;"2023-10-15 10:17:00";72412,1
"876845";"27:2:1";"Exp60_238_IS26815";"Exp60_238_IS26815";NA;"2023-10-15 10:31:00";72384,1
"876846";"27:2:1";"Exp60_238_IS26815";"Exp60_238_IS26815";NA;"2023-10-15 10:47:00";72358
"876847";"27:2:1";"Exp60_238_IS26815";"Exp60_238_IS26815";NA;"2023-10-15 11:01:00";72336,3
"876848";"27:2:1";"Exp60_238_IS26815";"Exp60_238_IS26815";NA;"2023-10-15 18:01:00";71859,7
"876849";"27:2:1";"Exp60_238_IS26815";"Exp60_238_IS26815";NA;"2023-10-15 18:17:00";71861,7
"876850";"27:2:1";"Exp60_238_IS26815";"Exp60_238_IS26815";NA;"2023-10-15 18:31:00";71862,7
"876851";"27:2:1";"Exp60_238_IS26815";"Exp60_238_IS26815";NA;"2023-10-15 18:47:00";71864,5
"876852";"27:2:1";"Exp60_238_IS26815";"Exp60_238_IS26815";NA;"2023-10-15 19:01:00";71865,2
"876853";"27:2:1";"Exp60_238_IS26815";"Exp60_238_IS26815";NA;"2023-10-15 19:17:00";71868,9
"876854";"27:2:1";"Exp60_238_IS26815";"Exp60_238_IS26815";NA;"2023-10-15 19:31:00";71870,6
"876855";"27:2:1";"Exp60_238_IS26815";"Exp60_238_IS26815";NA;"2023-10-16 03:46:00";71894
"876856";"27:2:1";"Exp60_238_IS26815";"Exp60_238_IS26815";NA;"2023-10-16 04:02:00";71892,4
"876857";"27:2:1";"Exp60_238_IS26815";"Exp60_238_IS26815";NA;"2023-10-16 04:16:00";71891,8
"876858";"27:2:1";"Exp60_238_IS26815";"Exp60_238_IS26815";NA;"2023-10-16 04:32:00";71890,3
"876859";"27:2:1";"Exp60_238_IS26815";"Exp60_238_IS26815";NA;"2023-10-16 04:46:00";71888,9
"876860";"27:2:1";"Exp60_238_IS26815";"Exp60_238_IS26815";NA;"2023-10-16 05:02:00";71886,8
"876861";"27:2:1";"Exp60_238_IS26815";"Exp60_238_IS26815";NA;"2023-10-16 05:16:00";71885,8
"876862";"27:2:1";"Exp60_238_IS26815";"Exp60_238_IS26815";NA;"2023-10-16 05:32:00";71883,8
"876863";"27:2:1";"Exp60_238_IS26815";"Exp60_238_IS26815";NA;"2023-10-16 05:46:00";71881,9
"876864";"27:2:1";"Exp60_238_IS26815";"Exp60_238_IS26815";NA;"2023-10-16 06:02:00";71880,9
"876865";"27:2:1";"Exp60_238_IS26815";"Exp60_238_IS26815";NA;"2023-10-16 06:16:00";71879,4
"876866";"27:2:1";"Exp60_238_IS26815";"Exp60_238_IS26815";NA;"2023-10-16 06:32:00";71875,2
"876867";"27:2:1";"Exp60_238_IS26815";"Exp60_238_IS26815";NA;"2023-10-16 06:46:00";71872,4
"876868";"27:2:1";"Exp60_238_IS26815";"Exp60_238_IS26815";NA;"2023-10-16 07:02:00";71865,4
"876869";"27:2:1";"Exp60_238_IS26815";"Exp60_238_IS26815";NA;"2023-10-16 07:16:00";71859,4
"876870";"27:2:1";"Exp60_238_IS26815";"Exp60_238_IS26815";NA;"2023-10-16 07:47:00";71839,6
"876871";"27:2:1";"Exp60_238_IS26815";"Exp60_238_IS26815";NA;"2023-10-16 08:01:00";71831,3
"876872";"27:2:1";"Exp60_238_IS26815";"Exp60_238_IS26815";NA;"2023-10-16 08:17:00";71820
"876873";"27:2:1";"Exp60_238_IS26815";"Exp60_238_IS26815";NA;"2023-10-16 08:31:00";71806,7
"876874";"27:2:1";"Exp60_238_IS26815";"Exp60_238_IS26815";NA;"2023-10-16 08:47:00";71791,4
"876875";"27:2:1";"Exp60_238_IS26815";"Exp60_238_IS26815";NA;"2023-10-16 09:01:00";71777,9
"876876";"27:2:1";"Exp60_238_IS26815";"Exp60_238_IS26815";NA;"2023-10-16 09:17:00";71760,3
"876877";"27:2:1";"Exp60_238_IS26815";"Exp60_238_IS26815";NA;"2023-10-16 09:31:00";71737,8
"876878";"27:2:1";"Exp60_238_IS26815";"Exp60_238_IS26815";NA;"2023-10-16 09:47:00";71719,6
"876879";"27:2:1";"Exp60_238_IS26815";"Exp60_238_IS26815";NA;"2023-10-16 10:01:00";71701,9
"876880";"27:2:1";"Exp60_238_IS26815";"Exp60_238_IS26815";NA;"2023-10-16 10:17:00";71675,1
"876881";"27:2:1";"Exp60_238_IS26815";"Exp60_238_IS26815";NA;"2023-10-16 10:31:00";71648,1
"876882";"27:2:1";"Exp60_238_IS26815";"Exp60_238_IS26815";NA;"2023-10-16 10:47:00";71615,5
"876883";"27:2:1";"Exp60_238_IS26815";"Exp60_238_IS26815";NA;"2023-10-16 11:01:00";71598,1
"876884";"27:2:1";"Exp60_238_IS26815";"Exp60_238_IS26815";NA;"2023-10-16 11:32:00";71546,6
"876885";"27:2:1";"Exp60_238_IS26815";"Exp60_238_IS26815";NA;"2023-10-16 11:46:00";71522,6
"876886";"27:2:1";"Exp60_238_IS26815";"Exp60_238_IS26815";NA;"2023-10-16 12:17:00";71477,7
"876887";"27:2:1";"Exp60_238_IS26815";"Exp60_238_IS26815";NA;"2023-10-16 12:31:00";71436,9
"876888";"27:2:1";"Exp60_238_IS26815";"Exp60_238_IS26815";NA;"2023-10-16 13:02:00";71408,1
"876889";"27:2:1";"Exp60_238_IS26815";"Exp60_238_IS26815";NA;"2023-10-16 13:16:00";71366,3
"876890";"27:2:1";"Exp60_238_IS26815";"Exp60_238_IS26815";NA;"2023-10-16 13:32:00";71343,7
"876891";"27:2:1";"Exp60_238_IS26815";"Exp60_238_IS26815";NA;"2023-10-16 13:46:00";71318,4
"876892";"27:2:1";"Exp60_238_IS26815";"Exp60_238_IS26815";NA;"2023-10-16 14:02:00";71319
"876893";"27:2:1";"Exp60_238_IS26815";"Exp60_238_IS26815";NA;"2023-10-16 14:16:00";71304,1
"876894";"27:2:1";"Exp60_238_IS26815";"Exp60_238_IS26815";NA;"2023-10-16 14:32:00";71276,7
"876895";"27:2:1";"Exp60_238_IS26815";"Exp60_238_IS26815";NA;"2023-10-16 14:46:00";71268,1
"876896";"27:2:1";"Exp60_238_IS26815";"Exp60_238_IS26815";NA;"2023-10-16 22:16:00";71217,6
"876897";"27:2:1";"Exp60_238_IS26815";"Exp60_238_IS26815";NA;"2023-10-16 22:32:00";71218,5
"876898";"27:2:1";"Exp60_238_IS26815";"Exp60_238_IS26815";NA;"2023-10-16 22:46:00";71217,2
"876899";"27:2:1";"Exp60_238_IS26815";"Exp60_238_IS26815";NA;"2023-10-17 05:46:00";71201,6
"876900";"27:2:1";"Exp60_238_IS26815";"Exp60_238_IS26815";NA;"2023-10-17 06:02:00";71202
"876901";"27:2:1";"Exp60_238_IS26815";"Exp60_238_IS26815";NA;"2023-10-17 06:16:00";71200,2
"876902";"27:2:1";"Exp60_238_IS26815";"Exp60_238_IS26815";NA;"2023-10-17 06:32:00";71196,9
"876903";"27:2:1";"Exp60_238_IS26815";"Exp60_238_IS26815";NA;"2023-10-17 06:46:00";71192,7
"876904";"27:2:1";"Exp60_238_IS26815";"Exp60_238_IS26815";NA;"2023-10-17 12:46:00";70523,4
"876905";"27:2:1";"Exp60_238_IS26815";"Exp60_238_IS26815";NA;"2023-10-17 13:02:00";70504,9
"876906";"27:2:1";"Exp60_238_IS26815";"Exp60_238_IS26815";NA;"2023-10-17 13:16:00";70486,4
"876907";"27:2:1";"Exp60_238_IS26815";"Exp60_238_IS26815";NA;"2023-10-17 13:32:00";70476,8
"876908";"27:2:1";"Exp60_238_IS26815";"Exp60_238_IS26815";NA;"2023-10-17 13:46:00";70448,1
"876909";"27:2:1";"Exp60_238_IS26815";"Exp60_238_IS26815";NA;"2023-10-17 14:02:00";70429,7
"876910";"27:2:1";"Exp60_238_IS26815";"Exp60_238_IS26815";NA;"2023-10-17 14:16:00";70412,7
"876911";"27:2:1";"Exp60_238_IS26815";"Exp60_238_IS26815";NA;"2023-10-17 14:32:00";70404,1
"876912";"27:2:1";"Exp60_238_IS26815";"Exp60_238_IS26815";NA;"2023-10-17 14:46:00";70406
"876913";"27:2:1";"Exp60_238_IS26815";"Exp60_238_IS26815";NA;"2023-10-17 15:17:00";70373,6
"876914";"27:2:1";"Exp60_238_IS26815";"Exp60_238_IS26815";NA;"2023-10-17 15:31:00";70357,5
"876915";"27:2:1";"Exp60_238_IS26815";"Exp60_238_IS26815";NA;"2023-10-17 16:17:00";70330,7
"876916";"27:2:1";"Exp60_238_IS26815";"Exp60_238_IS26815";NA;"2023-10-17 16:31:00";70326,2
"876917";"27:2:1";"Exp60_238_IS26815";"Exp60_238_IS26815";NA;"2023-10-17 16:47:00";70320,6
"876918";"27:2:1";"Exp60_238_IS26815";"Exp60_238_IS26815";NA;"2023-10-17 17:01:00";70333,6
"876919";"27:2:1";"Exp60_238_IS26815";"Exp60_238_IS26815";NA;"2023-10-17 18:32:00";70340,4
"876920";"27:2:1";"Exp60_238_IS26815";"Exp60_238_IS26815";NA;"2023-10-17 18:46:00";70344,2
"876921";"27:2:1";"Exp60_238_IS26815";"Exp60_238_IS26815";NA;"2023-10-17 19:02:00";70349,8
"876922";"27:2:1";"Exp60_238_IS26815";"Exp60_238_IS26815";NA;"2023-10-17 19:16:00";70353,9
"876923";"27:2:1";"Exp60_238_IS26815";"Exp60_238_IS26815";NA;"2023-10-17 19:32:00";70357,8
"876924";"27:2:1";"Exp60_238_IS26815";"Exp60_238_IS26815";NA;"2023-10-17 19:46:00";70358,9
"876925";"27:2:1";"Exp60_238_IS26815";"Exp60_238_IS26815";NA;"2023-10-18 01:31:00";70398,3
"876926";"27:2:1";"Exp60_238_IS26815";"Exp60_238_IS26815";NA;"2023-10-18 02:02:00";70399,3
"876927";"27:2:1";"Exp60_238_IS26815";"Exp60_238_IS26815";NA;"2023-10-18 02:16:00";70399,1
"876928";"27:2:1";"Exp60_238_IS26815";"Exp60_238_IS26815";NA;"2023-10-18 02:32:00";70399,1
"876929";"27:2:1";"Exp60_238_IS26815";"Exp60_238_IS26815";NA;"2023-10-18 02:46:00";70399,2
"876930";"27:2:1";"Exp60_238_IS26815";"Exp60_238_IS26815";NA;"2023-10-18 03:02:00";70402,8
"876931";"27:2:1";"Exp60_238_IS26815";"Exp60_238_IS26815";NA;"2023-10-18 03:16:00";70401,9
"876932";"27:2:1";"Exp60_238_IS26815";"Exp60_238_IS26815";NA;"2023-10-18 03:32:00";70402,3
"876933";"27:2:1";"Exp60_238_IS26815";"Exp60_238_IS26815";NA;"2023-10-18 04:01:00";70401,9
"876934";"27:2:1";"Exp60_238_IS26815";"Exp60_238_IS26815";NA;"2023-10-18 04:17:00";70401,5
"876935";"27:2:1";"Exp60_238_IS26815";"Exp60_238_IS26815";NA;"2023-10-18 04:31:00";70401
"876936";"27:2:1";"Exp60_238_IS26815";"Exp60_238_IS26815";NA;"2023-10-18 04:47:00";70401,3
"876937";"27:2:1";"Exp60_238_IS26815";"Exp60_238_IS26815";NA;"2023-10-18 05:01:00";70401
"876938";"27:2:1";"Exp60_238_IS26815";"Exp60_238_IS26815";NA;"2023-10-18 05:17:00";70399,6
"876939";"27:2:1";"Exp60_238_IS26815";"Exp60_238_IS26815";NA;"2023-10-18 05:31:00";70399
"876940";"27:2:1";"Exp60_238_IS26815";"Exp60_238_IS26815";NA;"2023-10-18 05:47:00";70398,4
"876941";"27:2:1";"Exp60_238_IS26815";"Exp60_238_IS26815";NA;"2023-10-18 06:01:00";70398,6
"876942";"27:2:1";"Exp60_238_IS26815";"Exp60_238_IS26815";NA;"2023-10-18 06:17:00";70396,6
"876943";"27:2:1";"Exp60_238_IS26815";"Exp60_238_IS26815";NA;"2023-10-18 06:31:00";70395,4
"876944";"27:2:1";"Exp60_238_IS26815";"Exp60_238_IS26815";NA;"2023-10-18 07:32:00";70365,8
"876945";"27:2:1";"Exp60_238_IS26815";"Exp60_238_IS26815";NA;"2023-10-18 07:46:00";70356,5
"876946";"27:2:1";"Exp60_238_IS26815";"Exp60_238_IS26815";NA;"2023-10-18 08:02:00";70348,2
"876947";"27:2:1";"Exp60_238_IS26815";"Exp60_238_IS26815";NA;"2023-10-18 08:16:00";70337,4
"876948";"27:2:1";"Exp60_238_IS26815";"Exp60_238_IS26815";NA;"2023-10-18 08:47:00";70317
"876949";"27:2:1";"Exp60_238_IS26815";"Exp60_238_IS26815";NA;"2023-10-18 09:01:00";70306,3
"876950";"27:2:1";"Exp60_238_IS26815";"Exp60_238_IS26815";NA;"2023-10-18 09:17:00";70291,2
"876951";"27:2:1";"Exp60_238_IS26815";"Exp60_238_IS26815";NA;"2023-10-18 09:31:00";70276,3
"876952";"27:2:1";"Exp60_238_IS26815";"Exp60_238_IS26815";NA;"2023-10-18 15:31:00";69876,2
"876953";"27:2:1";"Exp60_238_IS26815";"Exp60_238_IS26815";NA;"2023-10-18 16:32:00";69852,1
"876954";"27:2:1";"Exp60_238_IS26815";"Exp60_238_IS26815";NA;"2023-10-18 16:46:00";69840,8
"876955";"27:2:1";"Exp60_238_IS26815";"Exp60_238_IS26815";NA;"2023-10-18 17:02:00";69843,2
"876956";"27:2:1";"Exp60_238_IS26815";"Exp60_238_IS26815";NA;"2023-10-18 17:16:00";69840,9
"876957";"27:2:1";"Exp60_238_IS26815";"Exp60_238_IS26815";NA;"2023-10-18 17:32:00";69844,6
"876958";"27:2:1";"Exp60_238_IS26815";"Exp60_238_IS26815";NA;"2023-10-18 17:46:00";69850
"876959";"27:2:1";"Exp60_238_IS26815";"Exp60_238_IS26815";NA;"2023-10-18 18:02:00";69857,1
"876960";"27:2:1";"Exp60_238_IS26815";"Exp60_238_IS26815";NA;"2023-10-18 18:16:00";69861,7
"876961";"27:2:1";"Exp60_238_IS26815";"Exp60_238_IS26815";NA;"2023-10-18 18:32:00";69867,7
"876962";"27:2:1";"Exp60_238_IS26815";"Exp60_238_IS26815";NA;"2023-10-18 18:46:00";69872
"876963";"27:2:1";"Exp60_238_IS26815";"Exp60_238_IS26815";NA;"2023-10-19 01:16:00";69918,6
"876964";"27:2:1";"Exp60_238_IS26815";"Exp60_238_IS26815";NA;"2023-10-19 01:32:00";69917,1
"876965";"27:2:1";"Exp60_238_IS26815";"Exp60_238_IS26815";NA;"2023-10-19 01:46:00";69918,8
"876966";"27:2:1";"Exp60_238_IS26815";"Exp60_238_IS26815";NA;"2023-10-19 02:02:00";69918,3
"876967";"27:2:1";"Exp60_238_IS26815";"Exp60_238_IS26815";NA;"2023-10-19 02:16:00";69918,1
"876968";"27:2:1";"Exp60_238_IS26815";"Exp60_238_IS26815";NA;"2023-10-19 02:32:00";69918,2
"876969";"27:2:1";"Exp60_238_IS26815";"Exp60_238_IS26815";NA;"2023-10-19 02:46:00";69918,2
"876970";"27:2:1";"Exp60_238_IS26815";"Exp60_238_IS26815";NA;"2023-10-19 03:17:00";69918,5
"876971";"27:2:1";"Exp60_238_IS26815";"Exp60_238_IS26815";NA;"2023-10-19 03:31:00";69918,6
"876972";"27:2:1";"Exp60_238_IS26815";"Exp60_238_IS26815";NA;"2023-10-19 03:47:00";69918,6
"876973";"27:2:1";"Exp60_238_IS26815";"Exp60_238_IS26815";NA;"2023-10-19 04:01:00";69917,7
"876974";"27:2:1";"Exp60_238_IS26815";"Exp60_238_IS26815";NA;"2023-10-19 04:17:00";69917,2
"876975";"27:2:1";"Exp60_238_IS26815";"Exp60_238_IS26815";NA;"2023-10-19 04:31:00";69916,8
"876976";"27:2:1";"Exp60_238_IS26815";"Exp60_238_IS26815";NA;"2023-10-19 04:47:00";69916,9
"876977";"27:2:1";"Exp60_238_IS26815";"Exp60_238_IS26815";NA;"2023-10-19 05:01:00";69916,1
"876978";"27:2:1";"Exp60_238_IS26815";"Exp60_238_IS26815";NA;"2023-10-19 05:17:00";69915,7
"876979";"27:2:1";"Exp60_238_IS26815";"Exp60_238_IS26815";NA;"2023-10-19 05:31:00";69914,3
"876980";"27:2:1";"Exp60_238_IS26815";"Exp60_238_IS26815";NA;"2023-10-19 05:47:00";69915,4
"876981";"27:2:1";"Exp60_238_IS26815";"Exp60_238_IS26815";NA;"2023-10-19 06:01:00";69915,3
"876982";"27:2:1";"Exp60_238_IS26815";"Exp60_238_IS26815";NA;"2023-10-19 06:17:00";69915,6
"876983";"27:2:1";"Exp60_238_IS26815";"Exp60_238_IS26815";NA;"2023-10-19 06:31:00";69914,6
"876984";"27:2:1";"Exp60_238_IS26815";"Exp60_238_IS26815";NA;"2023-10-19 06:47:00";69912,7
"876985";"27:2:1";"Exp60_238_IS26815";"Exp60_238_IS26815";NA;"2023-10-19 07:01:00";69911,4
"876986";"27:2:1";"Exp60_238_IS26815";"Exp60_238_IS26815";NA;"2023-10-19 13:46:00";69500,8
"876987";"27:2:1";"Exp60_238_IS26815";"Exp60_238_IS26815";NA;"2023-10-19 14:02:00";69488,2
"876988";"27:2:1";"Exp60_238_IS26815";"Exp60_238_IS26815";NA;"2023-10-19 14:16:00";69480,4
"876989";"27:2:1";"Exp60_238_IS26815";"Exp60_238_IS26815";NA;"2023-10-19 14:32:00";69455,5
"876990";"27:2:1";"Exp60_238_IS26815";"Exp60_238_IS26815";NA;"2023-10-19 14:46:00";69450,6
"876991";"27:2:1";"Exp60_238_IS26815";"Exp60_238_IS26815";NA;"2023-10-19 15:02:00";69446
"876992";"27:2:1";"Exp60_238_IS26815";"Exp60_238_IS26815";NA;"2023-10-19 15:16:00";69432,6
"876993";"27:2:1";"Exp60_238_IS26815";"Exp60_238_IS26815";NA;"2023-10-19 15:32:00";69502,1
"876994";"27:2:1";"Exp60_238_IS26815";"Exp60_238_IS26815";NA;"2023-10-19 15:46:00";70206,2
"876995";"27:2:1";"Exp60_238_IS26815";"Exp60_238_IS26815";NA;"2023-10-19 16:02:00";70920,5
"876996";"27:2:1";"Exp60_238_IS26815";"Exp60_238_IS26815";NA;"2023-10-19 16:16:00";71475,9
"876997";"27:2:1";"Exp60_238_IS26815";"Exp60_238_IS26815";NA;"2023-10-19 16:47:00";71964,8
"876998";"27:2:1";"Exp60_238_IS26815";"Exp60_238_IS26815";NA;"2023-10-19 17:01:00";71960,6
"876999";"27:2:1";"Exp60_238_IS26815";"Exp60_238_IS26815";NA;"2023-10-19 17:17:00";71958
"877000";"27:2:1";"Exp60_238_IS26815";"Exp60_238_IS26815";NA;"2023-10-19 17:31:00";71962
"877001";"27:2:1";"Exp60_238_IS26815";"Exp60_238_IS26815";NA;"2023-10-19 17:47:00";71961,2
"877002";"27:2:1";"Exp60_238_IS26815";"Exp60_238_IS26815";NA;"2023-10-19 18:01:00";71963,2
"877003";"27:2:1";"Exp60_238_IS26815";"Exp60_238_IS26815";NA;"2023-10-20 01:31:00";71942,5
"877004";"27:2:1";"Exp60_238_IS26815";"Exp60_238_IS26815";NA;"2023-10-20 01:47:00";71941
"877005";"27:2:1";"Exp60_238_IS26815";"Exp60_238_IS26815";NA;"2023-10-20 02:01:00";71940,1
"877006";"27:2:1";"Exp60_238_IS26815";"Exp60_238_IS26815";NA;"2023-10-20 02:17:00";71938,9
"877007";"27:2:1";"Exp60_238_IS26815";"Exp60_238_IS26815";NA;"2023-10-20 02:31:00";71937,6
"877008";"27:2:1";"Exp60_238_IS26815";"Exp60_238_IS26815";NA;"2023-10-20 02:47:00";71938
"877009";"27:2:1";"Exp60_238_IS26815";"Exp60_238_IS26815";NA;"2023-10-20 03:01:00";71936,4
"877010";"27:2:1";"Exp60_238_IS26815";"Exp60_238_IS26815";NA;"2023-10-20 03:47:00";71935
"877011";"27:2:1";"Exp60_238_IS26815";"Exp60_238_IS26815";NA;"2023-10-20 04:01:00";71934,5
"877012";"27:2:1";"Exp60_238_IS26815";"Exp60_238_IS26815";NA;"2023-10-20 04:32:00";71929,9
"877013";"27:2:1";"Exp60_238_IS26815";"Exp60_238_IS26815";NA;"2023-10-20 04:46:00";71928,9
"877014";"27:2:1";"Exp60_238_IS26815";"Exp60_238_IS26815";NA;"2023-10-20 05:02:00";71927,1
"877015";"27:2:1";"Exp60_238_IS26815";"Exp60_238_IS26815";NA;"2023-10-20 05:16:00";71924,2
"877016";"27:2:1";"Exp60_238_IS26815";"Exp60_238_IS26815";NA;"2023-10-20 05:32:00";71922,5
"877017";"27:2:1";"Exp60_238_IS26815";"Exp60_238_IS26815";NA;"2023-10-20 05:46:00";71920,4
"877018";"27:2:1";"Exp60_238_IS26815";"Exp60_238_IS26815";NA;"2023-10-20 06:02:00";71918,6
"877019";"27:2:1";"Exp60_238_IS26815";"Exp60_238_IS26815";NA;"2023-10-20 06:16:00";71917,2
"877020";"27:2:1";"Exp60_238_IS26815";"Exp60_238_IS26815";NA;"2023-10-20 06:32:00";71913,6
"877021";"27:2:1";"Exp60_238_IS26815";"Exp60_238_IS26815";NA;"2023-10-20 06:46:00";71908,6
"877022";"27:2:1";"Exp60_238_IS26815";"Exp60_238_IS26815";NA;"2023-10-20 07:02:00";71902,8
"877023";"27:2:1";"Exp60_238_IS26815";"Exp60_238_IS26815";NA;"2023-10-20 07:16:00";71897,5
"877024";"27:2:1";"Exp60_238_IS26815";"Exp60_238_IS26815";NA;"2023-10-20 07:47:00";71885,4
"877025";"27:2:1";"Exp60_238_IS26815";"Exp60_238_IS26815";NA;"2023-10-20 08:01:00";71874,2
"877026";"27:2:1";"Exp60_238_IS26815";"Exp60_238_IS26815";NA;"2023-10-20 08:17:00";71861,2
"877027";"27:2:1";"Exp60_238_IS26815";"Exp60_238_IS26815";NA;"2023-10-20 08:31:00";71854,6
"877028";"27:2:1";"Exp60_238_IS26815";"Exp60_238_IS26815";NA;"2023-10-20 08:47:00";71830,9
"877029";"27:2:1";"Exp60_238_IS26815";"Exp60_238_IS26815";NA;"2023-10-20 09:01:00";71815
"877030";"27:2:1";"Exp60_238_IS26815";"Exp60_238_IS26815";NA;"2023-10-20 13:46:00";71407,6
"877031";"27:2:1";"Exp60_238_IS26815";"Exp60_238_IS26815";NA;"2023-10-20 15:31:00";71293,9
"877032";"27:2:1";"Exp60_238_IS26815";"Exp60_238_IS26815";NA;"2023-10-20 15:47:00";71305
"877033";"27:2:1";"Exp60_238_IS26815";"Exp60_238_IS26815";NA;"2023-10-20 16:01:00";71279,2
"877034";"27:2:1";"Exp60_238_IS26815";"Exp60_238_IS26815";NA;"2023-10-20 16:17:00";71273,6
"877035";"27:2:1";"Exp60_238_IS26815";"Exp60_238_IS26815";NA;"2023-10-20 16:31:00";71255,7
"877036";"27:2:1";"Exp60_238_IS26815";"Exp60_238_IS26815";NA;"2023-10-20 16:47:00";71261
"877037";"27:2:1";"Exp60_238_IS26815";"Exp60_238_IS26815";NA;"2023-10-20 17:01:00";71249,1
"877038";"27:2:1";"Exp60_238_IS26815";"Exp60_238_IS26815";NA;"2023-10-20 23:31:00";71278,9
"877039";"27:2:1";"Exp60_238_IS26815";"Exp60_238_IS26815";NA;"2023-10-20 23:47:00";71279
"877040";"27:2:1";"Exp60_238_IS26815";"Exp60_238_IS26815";NA;"2023-10-21 00:01:00";71280,3
"877041";"27:2:1";"Exp60_238_IS26815";"Exp60_238_IS26815";NA;"2023-10-21 00:17:00";71278,3
"877042";"27:2:1";"Exp60_238_IS26815";"Exp60_238_IS26815";NA;"2023-10-21 00:31:00";71277,5
"877043";"27:2:1";"Exp60_238_IS26815";"Exp60_238_IS26815";NA;"2023-10-21 01:17:00";71273,4
"877044";"27:2:1";"Exp60_238_IS26815";"Exp60_238_IS26815";NA;"2023-10-21 01:31:00";71273,3
"877045";"27:2:1";"Exp60_238_IS26815";"Exp60_238_IS26815";NA;"2023-10-21 01:47:00";71273
"877046";"27:2:1";"Exp60_238_IS26815";"Exp60_238_IS26815";NA;"2023-10-21 02:01:00";71272,6
"877047";"27:2:1";"Exp60_238_IS26815";"Exp60_238_IS26815";NA;"2023-10-21 08:31:00";71211,4
"877048";"27:2:1";"Exp60_238_IS26815";"Exp60_238_IS26815";NA;"2023-10-21 08:47:00";71202,6
"877049";"27:2:1";"Exp60_238_IS26815";"Exp60_238_IS26815";NA;"2023-10-21 09:01:00";71187,5
"877050";"27:2:1";"Exp60_238_IS26815";"Exp60_238_IS26815";NA;"2023-10-21 09:17:00";71199,1
"877051";"27:2:1";"Exp60_238_IS26815";"Exp60_238_IS26815";NA;"2023-10-21 09:31:00";71180,7
"877052";"27:2:1";"Exp60_238_IS26815";"Exp60_238_IS26815";NA;"2023-10-21 09:47:00";71168
"877053";"27:2:1";"Exp60_238_IS26815";"Exp60_238_IS26815";NA;"2023-10-21 10:01:00";71153,3
"877054";"27:2:1";"Exp60_238_IS26815";"Exp60_238_IS26815";NA;"2023-10-21 10:32:00";71110,7
"877055";"27:2:1";"Exp60_238_IS26815";"Exp60_238_IS26815";NA;"2023-10-21 10:46:00";71093,6
"877056";"27:2:1";"Exp60_238_IS26815";"Exp60_238_IS26815";NA;"2023-10-21 17:01:00";72130,4
"877057";"27:2:1";"Exp60_238_IS26815";"Exp60_238_IS26815";NA;"2023-10-21 17:32:00";72133,2
"877058";"27:2:1";"Exp60_238_IS26815";"Exp60_238_IS26815";NA;"2023-10-21 17:46:00";72139,8
"877059";"27:2:1";"Exp60_238_IS26815";"Exp60_238_IS26815";NA;"2023-10-21 18:02:00";72135,8
"877060";"27:2:1";"Exp60_238_IS26815";"Exp60_238_IS26815";NA;"2023-10-21 18:16:00";72136,8
"877061";"27:2:1";"Exp60_238_IS26815";"Exp60_238_IS26815";NA;"2023-10-21 18:32:00";72138,2
"877062";"27:2:1";"Exp60_238_IS26815";"Exp60_238_IS26815";NA;"2023-10-21 18:46:00";72147,9
"877063";"27:2:1";"Exp60_238_IS26815";"Exp60_238_IS26815";NA;"2023-10-21 19:02:00";72138,1
"877064";"27:2:1";"Exp60_238_IS26815";"Exp60_238_IS26815";NA;"2023-10-21 19:16:00";72138,2
"877065";"27:2:1";"Exp60_238_IS26815";"Exp60_238_IS26815";NA;"2023-10-21 19:32:00";72138,1
"877066";"27:2:1";"Exp60_238_IS26815";"Exp60_238_IS26815";NA;"2023-10-21 19:46:00";72136,6
"877067";"27:2:1";"Exp60_238_IS26815";"Exp60_238_IS26815";NA;"2023-10-21 20:02:00";72135,7
"877068";"27:2:1";"Exp60_238_IS26815";"Exp60_238_IS26815";NA;"2023-10-21 20:16:00";72136
"877069";"27:2:1";"Exp60_238_IS26815";"Exp60_238_IS26815";NA;"2023-10-21 20:32:00";72133
"877070";"27:2:1";"Exp60_238_IS26815";"Exp60_238_IS26815";NA;"2023-10-21 20:46:00";72135,6
"877071";"27:2:2";"Exp60_154_IS20016";"Exp60_154_IS20016";NA;"2023-09-22 10:17:00";327440
"877072";"27:2:2";"Exp60_154_IS20016";"Exp60_154_IS20016";NA;"2023-09-22 10:31:00";327376
"877073";"27:2:2";"Exp60_154_IS20016";"Exp60_154_IS20016";NA;"2023-09-22 10:47:00";327271
"877074";"27:2:2";"Exp60_154_IS20016";"Exp60_154_IS20016";NA;"2023-09-22 11:01:00";327133
"877075";"27:2:2";"Exp60_154_IS20016";"Exp60_154_IS20016";NA;"2023-09-22 11:32:00";326961
"877076";"27:2:2";"Exp60_154_IS20016";"Exp60_154_IS20016";NA;"2023-09-22 11:46:00";326863
"877077";"27:2:2";"Exp60_154_IS20016";"Exp60_154_IS20016";NA;"2023-09-22 12:02:00";326748
"877078";"27:2:2";"Exp60_154_IS20016";"Exp60_154_IS20016";NA;"2023-09-22 12:16:00";326669
"877079";"27:2:2";"Exp60_154_IS20016";"Exp60_154_IS20016";NA;"2023-09-22 12:32:00";326490
"877080";"27:2:2";"Exp60_154_IS20016";"Exp60_154_IS20016";NA;"2023-09-22 12:46:00";326463
"877081";"27:2:2";"Exp60_154_IS20016";"Exp60_154_IS20016";NA;"2023-09-22 13:02:00";326383
"877082";"27:2:2";"Exp60_154_IS20016";"Exp60_154_IS20016";NA;"2023-09-22 13:16:00";326299
"877083";"27:2:2";"Exp60_154_IS20016";"Exp60_154_IS20016";NA;"2023-09-22 13:32:00";326197
"877084";"27:2:2";"Exp60_154_IS20016";"Exp60_154_IS20016";NA;"2023-09-22 13:46:00";326125
"877085";"27:2:2";"Exp60_154_IS20016";"Exp60_154_IS20016";NA;"2023-09-22 20:31:00";325235
"877086";"27:2:2";"Exp60_154_IS20016";"Exp60_154_IS20016";NA;"2023-09-22 20:47:00";325226
"877087";"27:2:2";"Exp60_154_IS20016";"Exp60_154_IS20016";NA;"2023-09-22 21:01:00";325219
"877088";"27:2:2";"Exp60_154_IS20016";"Exp60_154_IS20016";NA;"2023-09-22 21:17:00";325213
"877089";"27:2:2";"Exp60_154_IS20016";"Exp60_154_IS20016";NA;"2023-09-22 21:31:00";325209
"877090";"27:2:2";"Exp60_154_IS20016";"Exp60_154_IS20016";NA;"2023-09-22 21:47:00";325204
"877091";"27:2:2";"Exp60_154_IS20016";"Exp60_154_IS20016";NA;"2023-09-22 22:01:00";325202
"877092";"27:2:2";"Exp60_154_IS20016";"Exp60_154_IS20016";NA;"2023-09-22 22:17:00";325191
"877093";"27:2:2";"Exp60_154_IS20016";"Exp60_154_IS20016";NA;"2023-09-22 22:31:00";325188
"877094";"27:2:2";"Exp60_154_IS20016";"Exp60_154_IS20016";NA;"2023-09-22 22:47:00";325185
"877095";"27:2:2";"Exp60_154_IS20016";"Exp60_154_IS20016";NA;"2023-09-22 23:01:00";325186
"877096";"27:2:2";"Exp60_154_IS20016";"Exp60_154_IS20016";NA;"2023-09-22 23:17:00";325183
"877097";"27:2:2";"Exp60_154_IS20016";"Exp60_154_IS20016";NA;"2023-09-22 23:31:00";325172
"877098";"27:2:2";"Exp60_154_IS20016";"Exp60_154_IS20016";NA;"2023-09-22 23:47:00";325179
"877099";"27:2:2";"Exp60_154_IS20016";"Exp60_154_IS20016";NA;"2023-09-23 00:01:00";325166
"877100";"27:2:2";"Exp60_154_IS20016";"Exp60_154_IS20016";NA;"2023-09-23 00:17:00";325162
"877101";"27:2:2";"Exp60_154_IS20016";"Exp60_154_IS20016";NA;"2023-09-23 01:01:00";325167
"877102";"27:2:2";"Exp60_154_IS20016";"Exp60_154_IS20016";NA;"2023-09-23 01:17:00";325166
"877103";"27:2:2";"Exp60_154_IS20016";"Exp60_154_IS20016";NA;"2023-09-23 01:31:00";325163
"877104";"27:2:2";"Exp60_154_IS20016";"Exp60_154_IS20016";NA;"2023-09-23 01:47:00";325169
"877105";"27:2:2";"Exp60_154_IS20016";"Exp60_154_IS20016";NA;"2023-09-23 02:01:00";325147
"877106";"27:2:2";"Exp60_154_IS20016";"Exp60_154_IS20016";NA;"2023-09-23 02:17:00";325134
"877107";"27:2:2";"Exp60_154_IS20016";"Exp60_154_IS20016";NA;"2023-09-23 02:31:00";325126
"877108";"27:2:2";"Exp60_154_IS20016";"Exp60_154_IS20016";NA;"2023-09-23 02:47:00";325117
"877109";"27:2:2";"Exp60_154_IS20016";"Exp60_154_IS20016";NA;"2023-09-23 03:01:00";325115
"877110";"27:2:2";"Exp60_154_IS20016";"Exp60_154_IS20016";NA;"2023-09-23 03:17:00";325109
"877111";"27:2:2";"Exp60_154_IS20016";"Exp60_154_IS20016";NA;"2023-09-23 03:31:00";325109
"877112";"27:2:2";"Exp60_154_IS20016";"Exp60_154_IS20016";NA;"2023-09-23 03:47:00";325107
"877113";"27:2:2";"Exp60_154_IS20016";"Exp60_154_IS20016";NA;"2023-09-23 04:16:00";325077
"877114";"27:2:2";"Exp60_154_IS20016";"Exp60_154_IS20016";NA;"2023-09-23 04:32:00";325086
"877115";"27:2:2";"Exp60_154_IS20016";"Exp60_154_IS20016";NA;"2023-09-23 04:46:00";325092
"877116";"27:2:2";"Exp60_154_IS20016";"Exp60_154_IS20016";NA;"2023-09-23 05:02:00";325081
"877117";"27:2:2";"Exp60_154_IS20016";"Exp60_154_IS20016";NA;"2023-09-23 05:16:00";325098
"877118";"27:2:2";"Exp60_154_IS20016";"Exp60_154_IS20016";NA;"2023-09-23 05:32:00";325071
"877119";"27:2:2";"Exp60_154_IS20016";"Exp60_154_IS20016";NA;"2023-09-23 05:46:00";325070
"877120";"27:2:2";"Exp60_154_IS20016";"Exp60_154_IS20016";NA;"2023-09-23 06:02:00";325075
"877121";"27:2:2";"Exp60_154_IS20016";"Exp60_154_IS20016";NA;"2023-09-23 06:16:00";325070
"877122";"27:2:2";"Exp60_154_IS20016";"Exp60_154_IS20016";NA;"2023-09-23 06:32:00";325069
"877123";"27:2:2";"Exp60_154_IS20016";"Exp60_154_IS20016";NA;"2023-09-23 06:46:00";325055
"877124";"27:2:2";"Exp60_154_IS20016";"Exp60_154_IS20016";NA;"2023-09-23 07:02:00";325047
"877125";"27:2:2";"Exp60_154_IS20016";"Exp60_154_IS20016";NA;"2023-09-23 07:16:00";325028
"877126";"27:2:2";"Exp60_154_IS20016";"Exp60_154_IS20016";NA;"2023-09-23 07:32:00";325010
"877127";"27:2:2";"Exp60_154_IS20016";"Exp60_154_IS20016";NA;"2023-09-23 07:46:00";324977
"877128";"27:2:2";"Exp60_154_IS20016";"Exp60_154_IS20016";NA;"2023-09-23 08:02:00";324901
"877129";"27:2:2";"Exp60_154_IS20016";"Exp60_154_IS20016";NA;"2023-09-23 08:16:00";324865
"877130";"27:2:2";"Exp60_154_IS20016";"Exp60_154_IS20016";NA;"2023-09-23 08:32:00";324827
"877131";"27:2:2";"Exp60_154_IS20016";"Exp60_154_IS20016";NA;"2023-09-23 08:46:00";324769
"877132";"27:2:2";"Exp60_154_IS20016";"Exp60_154_IS20016";NA;"2023-09-23 09:02:00";324746
"877133";"27:2:2";"Exp60_154_IS20016";"Exp60_154_IS20016";NA;"2023-09-23 09:16:00";324733
"877134";"27:2:2";"Exp60_154_IS20016";"Exp60_154_IS20016";NA;"2023-09-23 14:01:00";323102
"877135";"27:2:2";"Exp60_154_IS20016";"Exp60_154_IS20016";NA;"2023-09-23 14:17:00";323014
"877136";"27:2:2";"Exp60_154_IS20016";"Exp60_154_IS20016";NA;"2023-09-23 14:31:00";323016
"877137";"27:2:2";"Exp60_154_IS20016";"Exp60_154_IS20016";NA;"2023-09-23 14:47:00";322961
"877138";"27:2:2";"Exp60_154_IS20016";"Exp60_154_IS20016";NA;"2023-09-23 15:01:00";322923
"877139";"27:2:2";"Exp60_154_IS20016";"Exp60_154_IS20016";NA;"2023-09-23 15:32:00";322801
"877140";"27:2:2";"Exp60_154_IS20016";"Exp60_154_IS20016";NA;"2023-09-23 15:46:00";322773
"877141";"27:2:2";"Exp60_154_IS20016";"Exp60_154_IS20016";NA;"2023-09-23 16:17:00";322723
"877142";"27:2:2";"Exp60_154_IS20016";"Exp60_154_IS20016";NA;"2023-09-23 16:31:00";322708
"877143";"27:2:2";"Exp60_154_IS20016";"Exp60_154_IS20016";NA;"2023-09-23 16:47:00";322675
"877144";"27:2:2";"Exp60_154_IS20016";"Exp60_154_IS20016";NA;"2023-09-23 17:01:00";322657
"877145";"27:2:2";"Exp60_154_IS20016";"Exp60_154_IS20016";NA;"2023-09-23 17:17:00";322632
"877146";"27:2:2";"Exp60_154_IS20016";"Exp60_154_IS20016";NA;"2023-09-23 17:31:00";322604
"877147";"27:2:2";"Exp60_154_IS20016";"Exp60_154_IS20016";NA;"2023-09-23 17:47:00";322616
"877148";"27:2:2";"Exp60_154_IS20016";"Exp60_154_IS20016";NA;"2023-09-23 18:01:00";322629
"877149";"27:2:2";"Exp60_154_IS20016";"Exp60_154_IS20016";NA;"2023-09-23 18:17:00";322630
"877150";"27:2:2";"Exp60_154_IS20016";"Exp60_154_IS20016";NA;"2023-09-23 18:31:00";322631
"877151";"27:2:2";"Exp60_154_IS20016";"Exp60_154_IS20016";NA;"2023-09-23 18:47:00";322628
"877152";"27:2:2";"Exp60_154_IS20016";"Exp60_154_IS20016";NA;"2023-09-23 19:01:00";322640
"877153";"27:2:2";"Exp60_154_IS20016";"Exp60_154_IS20016";NA;"2023-09-23 19:17:00";322634
"877154";"27:2:2";"Exp60_154_IS20016";"Exp60_154_IS20016";NA;"2023-09-23 19:31:00";322645
"877155";"27:2:2";"Exp60_154_IS20016";"Exp60_154_IS20016";NA;"2023-09-23 20:02:00";322646
"877156";"27:2:2";"Exp60_154_IS20016";"Exp60_154_IS20016";NA;"2023-09-23 20:16:00";322643
"877157";"27:2:2";"Exp60_154_IS20016";"Exp60_154_IS20016";NA;"2023-09-23 20:32:00";322637
"877158";"27:2:2";"Exp60_154_IS20016";"Exp60_154_IS20016";NA;"2023-09-23 20:46:00";322637
"877159";"27:2:2";"Exp60_154_IS20016";"Exp60_154_IS20016";NA;"2023-09-23 21:02:00";322638
"877160";"27:2:2";"Exp60_154_IS20016";"Exp60_154_IS20016";NA;"2023-09-23 21:16:00";322634
"877161";"27:2:2";"Exp60_154_IS20016";"Exp60_154_IS20016";NA;"2023-09-23 21:32:00";322641
"877162";"27:2:2";"Exp60_154_IS20016";"Exp60_154_IS20016";NA;"2023-09-23 21:46:00";322641
"877163";"27:2:2";"Exp60_154_IS20016";"Exp60_154_IS20016";NA;"2023-09-23 22:02:00";322640
"877164";"27:2:2";"Exp60_154_IS20016";"Exp60_154_IS20016";NA;"2023-09-23 22:16:00";322639
"877165";"27:2:2";"Exp60_154_IS20016";"Exp60_154_IS20016";NA;"2023-09-23 23:17:00";322638
"877166";"27:2:2";"Exp60_154_IS20016";"Exp60_154_IS20016";NA;"2023-09-23 23:31:00";322640
"877167";"27:2:2";"Exp60_154_IS20016";"Exp60_154_IS20016";NA;"2023-09-23 23:47:00";322641
"877168";"27:2:2";"Exp60_154_IS20016";"Exp60_154_IS20016";NA;"2023-09-24 00:01:00";322642
"877169";"27:2:2";"Exp60_154_IS20016";"Exp60_154_IS20016";NA;"2023-09-24 00:17:00";322639
"877170";"27:2:2";"Exp60_154_IS20016";"Exp60_154_IS20016";NA;"2023-09-24 00:31:00";322636
"877171";"27:2:2";"Exp60_154_IS20016";"Exp60_154_IS20016";NA;"2023-09-24 00:47:00";322631
"877172";"27:2:2";"Exp60_154_IS20016";"Exp60_154_IS20016";NA;"2023-09-24 01:01:00";322631
"877173";"27:2:2";"Exp60_154_IS20016";"Exp60_154_IS20016";NA;"2023-09-24 01:17:00";322634
"877174";"27:2:2";"Exp60_154_IS20016";"Exp60_154_IS20016";NA;"2023-09-24 01:31:00";322644
"877175";"27:2:2";"Exp60_154_IS20016";"Exp60_154_IS20016";NA;"2023-09-24 01:47:00";322646
"877176";"27:2:2";"Exp60_154_IS20016";"Exp60_154_IS20016";NA;"2023-09-24 02:01:00";322646
"877177";"27:2:2";"Exp60_154_IS20016";"Exp60_154_IS20016";NA;"2023-09-24 02:17:00";322646
"877178";"27:2:2";"Exp60_154_IS20016";"Exp60_154_IS20016";NA;"2023-09-24 02:31:00";322668
"877179";"27:2:2";"Exp60_154_IS20016";"Exp60_154_IS20016";NA;"2023-09-24 02:47:00";322644
"877180";"27:2:2";"Exp60_154_IS20016";"Exp60_154_IS20016";NA;"2023-09-24 03:01:00";322646
"877181";"27:2:2";"Exp60_154_IS20016";"Exp60_154_IS20016";NA;"2023-09-24 10:01:00";322385
"877182";"27:2:2";"Exp60_154_IS20016";"Exp60_154_IS20016";NA;"2023-09-24 10:17:00";322327
"877183";"27:2:2";"Exp60_154_IS20016";"Exp60_154_IS20016";NA;"2023-09-24 10:31:00";322268
"877184";"27:2:2";"Exp60_154_IS20016";"Exp60_154_IS20016";NA;"2023-09-24 10:47:00";322165
"877185";"27:2:2";"Exp60_154_IS20016";"Exp60_154_IS20016";NA;"2023-09-24 11:01:00";322161
"877186";"27:2:2";"Exp60_154_IS20016";"Exp60_154_IS20016";NA;"2023-09-24 11:17:00";322087
"877187";"27:2:2";"Exp60_154_IS20016";"Exp60_154_IS20016";NA;"2023-09-24 11:31:00";322044
"877188";"27:2:2";"Exp60_154_IS20016";"Exp60_154_IS20016";NA;"2023-09-24 11:47:00";321929
"877189";"27:2:2";"Exp60_154_IS20016";"Exp60_154_IS20016";NA;"2023-09-24 12:01:00";321895
"877190";"27:2:2";"Exp60_154_IS20016";"Exp60_154_IS20016";NA;"2023-09-24 12:17:00";321814
"877191";"27:2:2";"Exp60_154_IS20016";"Exp60_154_IS20016";NA;"2023-09-24 12:31:00";321758
"877192";"27:2:2";"Exp60_154_IS20016";"Exp60_154_IS20016";NA;"2023-09-24 12:47:00";321727
"877193";"27:2:2";"Exp60_154_IS20016";"Exp60_154_IS20016";NA;"2023-09-24 13:01:00";321665
"877194";"27:2:2";"Exp60_154_IS20016";"Exp60_154_IS20016";NA;"2023-09-24 13:17:00";321619
"877195";"27:2:2";"Exp60_154_IS20016";"Exp60_154_IS20016";NA;"2023-09-24 13:31:00";321547
"877196";"27:2:2";"Exp60_154_IS20016";"Exp60_154_IS20016";NA;"2023-09-24 13:47:00";321541
"877197";"27:2:2";"Exp60_154_IS20016";"Exp60_154_IS20016";NA;"2023-09-24 14:01:00";321521
"877198";"27:2:2";"Exp60_154_IS20016";"Exp60_154_IS20016";NA;"2023-09-24 14:17:00";321520
"877199";"27:2:2";"Exp60_154_IS20016";"Exp60_154_IS20016";NA;"2023-09-24 14:31:00";321831
"877200";"27:2:2";"Exp60_154_IS20016";"Exp60_154_IS20016";NA;"2023-09-24 14:47:00";322034
"877201";"27:2:2";"Exp60_154_IS20016";"Exp60_154_IS20016";NA;"2023-09-24 15:01:00";322006
"877202";"27:2:2";"Exp60_154_IS20016";"Exp60_154_IS20016";NA;"2023-09-24 15:17:00";321982
"877203";"27:2:2";"Exp60_154_IS20016";"Exp60_154_IS20016";NA;"2023-09-24 15:31:00";321961
"877204";"27:2:2";"Exp60_154_IS20016";"Exp60_154_IS20016";NA;"2023-09-24 15:47:00";321913
"877205";"27:2:2";"Exp60_154_IS20016";"Exp60_154_IS20016";NA;"2023-09-24 16:01:00";321879
"877206";"27:2:2";"Exp60_154_IS20016";"Exp60_154_IS20016";NA;"2023-09-24 22:31:00";322463
"877207";"27:2:2";"Exp60_154_IS20016";"Exp60_154_IS20016";NA;"2023-09-24 22:47:00";322457
"877208";"27:2:2";"Exp60_154_IS20016";"Exp60_154_IS20016";NA;"2023-09-24 23:01:00";322456
"877209";"27:2:2";"Exp60_154_IS20016";"Exp60_154_IS20016";NA;"2023-09-24 23:17:00";322451
"877210";"27:2:2";"Exp60_154_IS20016";"Exp60_154_IS20016";NA;"2023-09-24 23:31:00";322454
"877211";"27:2:2";"Exp60_154_IS20016";"Exp60_154_IS20016";NA;"2023-09-24 23:47:00";322451
"877212";"27:2:2";"Exp60_154_IS20016";"Exp60_154_IS20016";NA;"2023-09-25 00:01:00";322443
"877213";"27:2:2";"Exp60_154_IS20016";"Exp60_154_IS20016";NA;"2023-09-25 00:17:00";322443
"877214";"27:2:2";"Exp60_154_IS20016";"Exp60_154_IS20016";NA;"2023-09-25 00:31:00";322445
"877215";"27:2:2";"Exp60_154_IS20016";"Exp60_154_IS20016";NA;"2023-09-25 00:47:00";322449
"877216";"27:2:2";"Exp60_154_IS20016";"Exp60_154_IS20016";NA;"2023-09-25 01:01:00";322440
"877217";"27:2:2";"Exp60_154_IS20016";"Exp60_154_IS20016";NA;"2023-09-25 01:17:00";322440
"877218";"27:2:2";"Exp60_154_IS20016";"Exp60_154_IS20016";NA;"2023-09-25 01:31:00";322443
"877219";"27:2:2";"Exp60_154_IS20016";"Exp60_154_IS20016";NA;"2023-09-25 01:47:00";322436
"877220";"27:2:2";"Exp60_154_IS20016";"Exp60_154_IS20016";NA;"2023-09-25 02:01:00";322436
"877221";"27:2:2";"Exp60_154_IS20016";"Exp60_154_IS20016";NA;"2023-09-25 03:02:00";322438
"877222";"27:2:2";"Exp60_154_IS20016";"Exp60_154_IS20016";NA;"2023-09-25 03:16:00";322433
"877223";"27:2:2";"Exp60_154_IS20016";"Exp60_154_IS20016";NA;"2023-09-25 04:32:00";322418
"877224";"27:2:2";"Exp60_154_IS20016";"Exp60_154_IS20016";NA;"2023-09-25 04:46:00";322402
"877225";"27:2:2";"Exp60_154_IS20016";"Exp60_154_IS20016";NA;"2023-09-25 05:17:00";322409
"877226";"27:2:2";"Exp60_154_IS20016";"Exp60_154_IS20016";NA;"2023-09-25 05:31:00";322407
"877227";"27:2:2";"Exp60_154_IS20016";"Exp60_154_IS20016";NA;"2023-09-25 05:47:00";322413
"877228";"27:2:2";"Exp60_154_IS20016";"Exp60_154_IS20016";NA;"2023-09-25 06:01:00";322417
"877229";"27:2:2";"Exp60_154_IS20016";"Exp60_154_IS20016";NA;"2023-09-25 06:17:00";322416
"877230";"27:2:2";"Exp60_154_IS20016";"Exp60_154_IS20016";NA;"2023-09-25 06:31:00";322399
"877231";"27:2:2";"Exp60_154_IS20016";"Exp60_154_IS20016";NA;"2023-09-25 06:47:00";322389
"877232";"27:2:2";"Exp60_154_IS20016";"Exp60_154_IS20016";NA;"2023-09-25 07:01:00";322375
"877233";"27:2:2";"Exp60_154_IS20016";"Exp60_154_IS20016";NA;"2023-09-25 07:17:00";322357
"877234";"27:2:2";"Exp60_154_IS20016";"Exp60_154_IS20016";NA;"2023-09-25 07:31:00";322343
"877235";"27:2:2";"Exp60_154_IS20016";"Exp60_154_IS20016";NA;"2023-09-25 07:47:00";322319
"877236";"27:2:2";"Exp60_154_IS20016";"Exp60_154_IS20016";NA;"2023-09-25 08:01:00";322322
"877237";"27:2:2";"Exp60_154_IS20016";"Exp60_154_IS20016";NA;"2023-09-25 14:46:00";320768
"877238";"27:2:2";"Exp60_154_IS20016";"Exp60_154_IS20016";NA;"2023-09-25 15:02:00";320759
"877239";"27:2:2";"Exp60_154_IS20016";"Exp60_154_IS20016";NA;"2023-09-25 15:16:00";320711
"877240";"27:2:2";"Exp60_154_IS20016";"Exp60_154_IS20016";NA;"2023-09-25 15:32:00";320673
"877241";"27:2:2";"Exp60_154_IS20016";"Exp60_154_IS20016";NA;"2023-09-25 15:46:00";320591
"877242";"27:2:2";"Exp60_154_IS20016";"Exp60_154_IS20016";NA;"2023-09-25 16:02:00";320596
"877243";"27:2:2";"Exp60_154_IS20016";"Exp60_154_IS20016";NA;"2023-09-25 17:16:00";320561
"877244";"27:2:2";"Exp60_154_IS20016";"Exp60_154_IS20016";NA;"2023-09-25 17:32:00";320569
"877245";"27:2:2";"Exp60_154_IS20016";"Exp60_154_IS20016";NA;"2023-09-25 17:46:00";320577
"877246";"27:2:2";"Exp60_154_IS20016";"Exp60_154_IS20016";NA;"2023-09-25 18:02:00";320570
"877247";"27:2:2";"Exp60_154_IS20016";"Exp60_154_IS20016";NA;"2023-09-25 19:01:00";320601
"877248";"27:2:2";"Exp60_154_IS20016";"Exp60_154_IS20016";NA;"2023-09-25 19:17:00";320607
"877249";"27:2:2";"Exp60_154_IS20016";"Exp60_154_IS20016";NA;"2023-09-25 19:31:00";320609
"877250";"27:2:2";"Exp60_154_IS20016";"Exp60_154_IS20016";NA;"2023-09-25 19:47:00";320609
"877251";"27:2:2";"Exp60_154_IS20016";"Exp60_154_IS20016";NA;"2023-09-25 20:01:00";320608
"877252";"27:2:2";"Exp60_154_IS20016";"Exp60_154_IS20016";NA;"2023-09-25 20:17:00";320613
"877253";"27:2:2";"Exp60_154_IS20016";"Exp60_154_IS20016";NA;"2023-09-25 20:31:00";320617
"877254";"27:2:2";"Exp60_154_IS20016";"Exp60_154_IS20016";NA;"2023-09-25 20:47:00";320617
"877255";"27:2:2";"Exp60_154_IS20016";"Exp60_154_IS20016";NA;"2023-09-25 21:16:00";320616
"877256";"27:2:2";"Exp60_154_IS20016";"Exp60_154_IS20016";NA;"2023-09-25 21:32:00";320615
"877257";"27:2:2";"Exp60_154_IS20016";"Exp60_154_IS20016";NA;"2023-09-25 21:46:00";320613
"877258";"27:2:2";"Exp60_154_IS20016";"Exp60_154_IS20016";NA;"2023-09-25 22:02:00";320613
"877259";"27:2:2";"Exp60_154_IS20016";"Exp60_154_IS20016";NA;"2023-09-25 22:16:00";320606
"877260";"27:2:2";"Exp60_154_IS20016";"Exp60_154_IS20016";NA;"2023-09-25 22:32:00";320603
"877261";"27:2:2";"Exp60_154_IS20016";"Exp60_154_IS20016";NA;"2023-09-25 22:46:00";320604
"877262";"27:2:2";"Exp60_154_IS20016";"Exp60_154_IS20016";NA;"2023-09-25 23:02:00";320602
"877263";"27:2:2";"Exp60_154_IS20016";"Exp60_154_IS20016";NA;"2023-09-25 23:16:00";320603
"877264";"27:2:2";"Exp60_154_IS20016";"Exp60_154_IS20016";NA;"2023-09-25 23:32:00";320611
"877265";"27:2:2";"Exp60_154_IS20016";"Exp60_154_IS20016";NA;"2023-09-25 23:46:00";320614
"877266";"27:2:2";"Exp60_154_IS20016";"Exp60_154_IS20016";NA;"2023-09-26 00:02:00";320614
"877267";"27:2:2";"Exp60_154_IS20016";"Exp60_154_IS20016";NA;"2023-09-26 00:16:00";320619
"877268";"27:2:2";"Exp60_154_IS20016";"Exp60_154_IS20016";NA;"2023-09-26 00:32:00";320613
"877269";"27:2:2";"Exp60_154_IS20016";"Exp60_154_IS20016";NA;"2023-09-26 00:46:00";320558
"877270";"27:2:2";"Exp60_154_IS20016";"Exp60_154_IS20016";NA;"2023-09-26 01:02:00";320589
"877271";"27:2:2";"Exp60_154_IS20016";"Exp60_154_IS20016";NA;"2023-09-26 01:16:00";320582
"877272";"27:2:2";"Exp60_154_IS20016";"Exp60_154_IS20016";NA;"2023-09-26 01:32:00";320575
"877273";"27:2:2";"Exp60_154_IS20016";"Exp60_154_IS20016";NA;"2023-09-26 01:46:00";320570
"877274";"27:2:2";"Exp60_154_IS20016";"Exp60_154_IS20016";NA;"2023-09-26 02:02:00";320563
"877275";"27:2:2";"Exp60_154_IS20016";"Exp60_154_IS20016";NA;"2023-09-26 02:16:00";320560
"877276";"27:2:2";"Exp60_154_IS20016";"Exp60_154_IS20016";NA;"2023-09-26 02:32:00";320550
"877277";"27:2:2";"Exp60_154_IS20016";"Exp60_154_IS20016";NA;"2023-09-26 02:46:00";320552
"877278";"27:2:2";"Exp60_154_IS20016";"Exp60_154_IS20016";NA;"2023-09-26 03:02:00";320536
"877279";"27:2:2";"Exp60_154_IS20016";"Exp60_154_IS20016";NA;"2023-09-26 03:16:00";320539
"877280";"27:2:2";"Exp60_154_IS20016";"Exp60_154_IS20016";NA;"2023-09-26 03:32:00";320544
"877281";"27:2:2";"Exp60_154_IS20016";"Exp60_154_IS20016";NA;"2023-09-26 03:46:00";320537
"877282";"27:2:2";"Exp60_154_IS20016";"Exp60_154_IS20016";NA;"2023-09-26 04:02:00";320529
"877283";"27:2:2";"Exp60_154_IS20016";"Exp60_154_IS20016";NA;"2023-09-26 04:16:00";320517
"877284";"27:2:2";"Exp60_154_IS20016";"Exp60_154_IS20016";NA;"2023-09-26 04:32:00";320526
"877285";"27:2:2";"Exp60_154_IS20016";"Exp60_154_IS20016";NA;"2023-09-26 04:46:00";320525
"877286";"27:2:2";"Exp60_154_IS20016";"Exp60_154_IS20016";NA;"2023-09-26 05:02:00";320515
"877287";"27:2:2";"Exp60_154_IS20016";"Exp60_154_IS20016";NA;"2023-09-26 05:16:00";320508
"877288";"27:2:2";"Exp60_154_IS20016";"Exp60_154_IS20016";NA;"2023-09-26 05:32:00";320503
"877289";"27:2:2";"Exp60_154_IS20016";"Exp60_154_IS20016";NA;"2023-09-26 05:46:00";320500
"877290";"27:2:2";"Exp60_154_IS20016";"Exp60_154_IS20016";NA;"2023-09-26 06:02:00";320493
"877291";"27:2:2";"Exp60_154_IS20016";"Exp60_154_IS20016";NA;"2023-09-26 06:16:00";320501
"877292";"27:2:2";"Exp60_154_IS20016";"Exp60_154_IS20016";NA;"2023-09-26 06:32:00";320492
"877293";"27:2:2";"Exp60_154_IS20016";"Exp60_154_IS20016";NA;"2023-09-26 06:46:00";320488
"877294";"27:2:2";"Exp60_154_IS20016";"Exp60_154_IS20016";NA;"2023-09-26 07:02:00";320474
"877295";"27:2:2";"Exp60_154_IS20016";"Exp60_154_IS20016";NA;"2023-09-26 07:16:00";320473
"877296";"27:2:2";"Exp60_154_IS20016";"Exp60_154_IS20016";NA;"2023-09-26 07:47:00";320453
"877297";"27:2:2";"Exp60_154_IS20016";"Exp60_154_IS20016";NA;"2023-09-26 08:01:00";320429
"877298";"27:2:2";"Exp60_154_IS20016";"Exp60_154_IS20016";NA;"2023-09-26 08:17:00";320427
"877299";"27:2:2";"Exp60_154_IS20016";"Exp60_154_IS20016";NA;"2023-09-26 08:31:00";320395
"877300";"27:2:2";"Exp60_154_IS20016";"Exp60_154_IS20016";NA;"2023-09-26 09:02:00";320331
"877301";"27:2:2";"Exp60_154_IS20016";"Exp60_154_IS20016";NA;"2023-09-26 09:16:00";320311
"877302";"27:2:2";"Exp60_154_IS20016";"Exp60_154_IS20016";NA;"2023-09-26 09:32:00";320267
"877303";"27:2:2";"Exp60_154_IS20016";"Exp60_154_IS20016";NA;"2023-09-26 09:46:00";320226
"877304";"27:2:2";"Exp60_154_IS20016";"Exp60_154_IS20016";NA;"2023-09-26 10:02:00";320179
"877305";"27:2:2";"Exp60_154_IS20016";"Exp60_154_IS20016";NA;"2023-09-26 10:16:00";320117
"877306";"27:2:2";"Exp60_154_IS20016";"Exp60_154_IS20016";NA;"2023-09-26 10:32:00";320064
"877307";"27:2:2";"Exp60_154_IS20016";"Exp60_154_IS20016";NA;"2023-09-26 10:46:00";320008
"877308";"27:2:2";"Exp60_154_IS20016";"Exp60_154_IS20016";NA;"2023-09-26 11:02:00";319901
"877309";"27:2:2";"Exp60_154_IS20016";"Exp60_154_IS20016";NA;"2023-09-26 11:16:00";319820
"877310";"27:2:2";"Exp60_154_IS20016";"Exp60_154_IS20016";NA;"2023-09-26 11:47:00";319634
"877311";"27:2:2";"Exp60_154_IS20016";"Exp60_154_IS20016";NA;"2023-09-26 12:01:00";319545
"877312";"27:2:2";"Exp60_154_IS20016";"Exp60_154_IS20016";NA;"2023-09-26 12:17:00";319495
"877313";"27:2:2";"Exp60_154_IS20016";"Exp60_154_IS20016";NA;"2023-09-26 12:31:00";319393
"877314";"27:2:2";"Exp60_154_IS20016";"Exp60_154_IS20016";NA;"2023-09-26 12:47:00";319289
"877315";"27:2:2";"Exp60_154_IS20016";"Exp60_154_IS20016";NA;"2023-09-26 13:01:00";319223
"877316";"27:2:2";"Exp60_154_IS20016";"Exp60_154_IS20016";NA;"2023-09-26 13:32:00";319136
"877317";"27:2:2";"Exp60_154_IS20016";"Exp60_154_IS20016";NA;"2023-09-26 13:46:00";319068
"877318";"27:2:2";"Exp60_154_IS20016";"Exp60_154_IS20016";NA;"2023-09-26 14:02:00";318953
"877319";"27:2:2";"Exp60_154_IS20016";"Exp60_154_IS20016";NA;"2023-09-26 14:16:00";318956
"877320";"27:2:2";"Exp60_154_IS20016";"Exp60_154_IS20016";NA;"2023-09-26 14:32:00";318865
"877321";"27:2:2";"Exp60_154_IS20016";"Exp60_154_IS20016";NA;"2023-09-26 14:46:00";318819
"877322";"27:2:2";"Exp60_154_IS20016";"Exp60_154_IS20016";NA;"2023-09-26 15:02:00";318744
"877323";"27:2:2";"Exp60_154_IS20016";"Exp60_154_IS20016";NA;"2023-09-26 15:16:00";318728
"877324";"27:2:2";"Exp60_154_IS20016";"Exp60_154_IS20016";NA;"2023-09-26 15:32:00";318694
"877325";"27:2:2";"Exp60_154_IS20016";"Exp60_154_IS20016";NA;"2023-09-26 15:46:00";319221
"877326";"27:2:2";"Exp60_154_IS20016";"Exp60_154_IS20016";NA;"2023-09-26 16:02:00";322034
"877327";"27:2:2";"Exp60_154_IS20016";"Exp60_154_IS20016";NA;"2023-09-26 16:16:00";323854
"877328";"27:2:2";"Exp60_154_IS20016";"Exp60_154_IS20016";NA;"2023-09-26 22:01:00";323830
"877329";"27:2:2";"Exp60_154_IS20016";"Exp60_154_IS20016";NA;"2023-09-26 22:17:00";323833
"877330";"27:2:2";"Exp60_154_IS20016";"Exp60_154_IS20016";NA;"2023-09-26 22:31:00";323839
"877331";"27:2:2";"Exp60_154_IS20016";"Exp60_154_IS20016";NA;"2023-09-26 22:47:00";323844
"877332";"27:2:2";"Exp60_154_IS20016";"Exp60_154_IS20016";NA;"2023-09-26 23:01:00";323855
"877333";"27:2:2";"Exp60_154_IS20016";"Exp60_154_IS20016";NA;"2023-09-26 23:17:00";323855
"877334";"27:2:2";"Exp60_154_IS20016";"Exp60_154_IS20016";NA;"2023-09-26 23:31:00";323858
"877335";"27:2:2";"Exp60_154_IS20016";"Exp60_154_IS20016";NA;"2023-09-26 23:47:00";323862
"877336";"27:2:2";"Exp60_154_IS20016";"Exp60_154_IS20016";NA;"2023-09-27 00:31:00";323861
"877337";"27:2:2";"Exp60_154_IS20016";"Exp60_154_IS20016";NA;"2023-09-27 00:47:00";323860
"877338";"27:2:2";"Exp60_154_IS20016";"Exp60_154_IS20016";NA;"2023-09-27 01:01:00";323865
"877339";"27:2:2";"Exp60_154_IS20016";"Exp60_154_IS20016";NA;"2023-09-27 01:17:00";323868
"877340";"27:2:2";"Exp60_154_IS20016";"Exp60_154_IS20016";NA;"2023-09-27 01:31:00";323870
"877341";"27:2:2";"Exp60_154_IS20016";"Exp60_154_IS20016";NA;"2023-09-27 01:47:00";323875
"877342";"27:2:2";"Exp60_154_IS20016";"Exp60_154_IS20016";NA;"2023-09-27 02:01:00";323872
"877343";"27:2:2";"Exp60_154_IS20016";"Exp60_154_IS20016";NA;"2023-09-27 02:17:00";323873
"877344";"27:2:2";"Exp60_154_IS20016";"Exp60_154_IS20016";NA;"2023-09-27 02:31:00";323873
"877345";"27:2:2";"Exp60_154_IS20016";"Exp60_154_IS20016";NA;"2023-09-27 02:47:00";323877
"877346";"27:2:2";"Exp60_154_IS20016";"Exp60_154_IS20016";NA;"2023-09-27 03:01:00";323881
"877347";"27:2:2";"Exp60_154_IS20016";"Exp60_154_IS20016";NA;"2023-09-27 03:17:00";323881
"877348";"27:2:2";"Exp60_154_IS20016";"Exp60_154_IS20016";NA;"2023-09-27 03:31:00";323888
"877349";"27:2:2";"Exp60_154_IS20016";"Exp60_154_IS20016";NA;"2023-09-27 03:47:00";323888
"877350";"27:2:2";"Exp60_154_IS20016";"Exp60_154_IS20016";NA;"2023-09-27 04:01:00";323891
"877351";"27:2:2";"Exp60_154_IS20016";"Exp60_154_IS20016";NA;"2023-09-27 04:17:00";323890
"877352";"27:2:2";"Exp60_154_IS20016";"Exp60_154_IS20016";NA;"2023-09-27 04:31:00";323890
"877353";"27:2:2";"Exp60_154_IS20016";"Exp60_154_IS20016";NA;"2023-09-27 04:47:00";323897
"877354";"27:2:2";"Exp60_154_IS20016";"Exp60_154_IS20016";NA;"2023-09-27 05:01:00";323900
"877355";"27:2:2";"Exp60_154_IS20016";"Exp60_154_IS20016";NA;"2023-09-27 05:17:00";323907
"877356";"27:2:2";"Exp60_154_IS20016";"Exp60_154_IS20016";NA;"2023-09-27 05:31:00";323905
"877357";"27:2:2";"Exp60_154_IS20016";"Exp60_154_IS20016";NA;"2023-09-27 05:47:00";323909
"877358";"27:2:2";"Exp60_154_IS20016";"Exp60_154_IS20016";NA;"2023-09-27 06:01:00";323912
"877359";"27:2:2";"Exp60_154_IS20016";"Exp60_154_IS20016";NA;"2023-09-27 06:17:00";323916
"877360";"27:2:2";"Exp60_154_IS20016";"Exp60_154_IS20016";NA;"2023-09-27 06:31:00";323915
"877361";"27:2:2";"Exp60_154_IS20016";"Exp60_154_IS20016";NA;"2023-09-27 06:47:00";323916
"877362";"27:2:2";"Exp60_154_IS20016";"Exp60_154_IS20016";NA;"2023-09-27 07:01:00";323908
"877363";"27:2:2";"Exp60_154_IS20016";"Exp60_154_IS20016";NA;"2023-09-27 07:32:00";323878
"877364";"27:2:2";"Exp60_154_IS20016";"Exp60_154_IS20016";NA;"2023-09-27 07:46:00";323856
"877365";"27:2:2";"Exp60_154_IS20016";"Exp60_154_IS20016";NA;"2023-09-27 08:02:00";323824
"877366";"27:2:2";"Exp60_154_IS20016";"Exp60_154_IS20016";NA;"2023-09-27 08:16:00";323786
"877367";"27:2:2";"Exp60_154_IS20016";"Exp60_154_IS20016";NA;"2023-09-27 08:32:00";323750
"877368";"27:2:2";"Exp60_154_IS20016";"Exp60_154_IS20016";NA;"2023-09-27 08:46:00";323714
"877369";"27:2:2";"Exp60_154_IS20016";"Exp60_154_IS20016";NA;"2023-09-27 09:02:00";323663
"877370";"27:2:2";"Exp60_154_IS20016";"Exp60_154_IS20016";NA;"2023-09-27 09:16:00";323571
"877371";"27:2:2";"Exp60_154_IS20016";"Exp60_154_IS20016";NA;"2023-09-27 15:46:00";325175
"877372";"27:2:2";"Exp60_154_IS20016";"Exp60_154_IS20016";NA;"2023-09-27 16:02:00";328289
"877373";"27:2:2";"Exp60_154_IS20016";"Exp60_154_IS20016";NA;"2023-09-27 16:16:00";329076
"877374";"27:2:2";"Exp60_154_IS20016";"Exp60_154_IS20016";NA;"2023-09-27 16:32:00";328255
"877375";"27:2:2";"Exp60_154_IS20016";"Exp60_154_IS20016";NA;"2023-09-27 16:46:00";327705
"877376";"27:2:2";"Exp60_154_IS20016";"Exp60_154_IS20016";NA;"2023-09-27 17:17:00";326922
"877377";"27:2:2";"Exp60_154_IS20016";"Exp60_154_IS20016";NA;"2023-09-27 17:31:00";326689
"877378";"27:2:2";"Exp60_154_IS20016";"Exp60_154_IS20016";NA;"2023-09-27 17:47:00";326483
"877379";"27:2:2";"Exp60_154_IS20016";"Exp60_154_IS20016";NA;"2023-09-27 18:01:00";326339
"877380";"27:2:2";"Exp60_154_IS20016";"Exp60_154_IS20016";NA;"2023-09-27 18:17:00";326195
"877381";"27:2:2";"Exp60_154_IS20016";"Exp60_154_IS20016";NA;"2023-09-27 18:31:00";326106
"877382";"27:2:2";"Exp60_154_IS20016";"Exp60_154_IS20016";NA;"2023-09-27 18:47:00";326044
"877383";"27:2:2";"Exp60_154_IS20016";"Exp60_154_IS20016";NA;"2023-09-27 19:01:00";325971
"877384";"27:2:2";"Exp60_154_IS20016";"Exp60_154_IS20016";NA;"2023-09-27 19:17:00";325925
"877385";"27:2:2";"Exp60_154_IS20016";"Exp60_154_IS20016";NA;"2023-09-27 19:31:00";325944
"877386";"27:2:2";"Exp60_154_IS20016";"Exp60_154_IS20016";NA;"2023-09-27 19:47:00";326038
"877387";"27:2:2";"Exp60_154_IS20016";"Exp60_154_IS20016";NA;"2023-09-27 20:01:00";326029
"877388";"27:2:2";"Exp60_154_IS20016";"Exp60_154_IS20016";NA;"2023-09-27 20:17:00";326049
"877389";"27:2:2";"Exp60_154_IS20016";"Exp60_154_IS20016";NA;"2023-09-27 20:31:00";326013
"877390";"27:2:2";"Exp60_154_IS20016";"Exp60_154_IS20016";NA;"2023-09-27 20:47:00";325962
"877391";"27:2:2";"Exp60_154_IS20016";"Exp60_154_IS20016";NA;"2023-09-27 21:01:00";325936
"877392";"27:2:2";"Exp60_154_IS20016";"Exp60_154_IS20016";NA;"2023-09-28 01:31:00";325527
"877393";"27:2:2";"Exp60_154_IS20016";"Exp60_154_IS20016";NA;"2023-09-28 01:47:00";325516
"877394";"27:2:2";"Exp60_154_IS20016";"Exp60_154_IS20016";NA;"2023-09-28 02:01:00";325499
"877395";"27:2:2";"Exp60_154_IS20016";"Exp60_154_IS20016";NA;"2023-09-28 02:17:00";325491
"877396";"27:2:2";"Exp60_154_IS20016";"Exp60_154_IS20016";NA;"2023-09-28 02:31:00";325481
"877397";"27:2:2";"Exp60_154_IS20016";"Exp60_154_IS20016";NA;"2023-09-28 03:17:00";325449
"877398";"27:2:2";"Exp60_154_IS20016";"Exp60_154_IS20016";NA;"2023-09-28 03:31:00";325441
"877399";"27:2:2";"Exp60_154_IS20016";"Exp60_154_IS20016";NA;"2023-09-28 03:47:00";325437
"877400";"27:2:2";"Exp60_154_IS20016";"Exp60_154_IS20016";NA;"2023-09-28 04:01:00";325429
"877401";"27:2:2";"Exp60_154_IS20016";"Exp60_154_IS20016";NA;"2023-09-28 04:17:00";325422
"877402";"27:2:2";"Exp60_154_IS20016";"Exp60_154_IS20016";NA;"2023-09-28 04:31:00";325411
"877403";"27:2:2";"Exp60_154_IS20016";"Exp60_154_IS20016";NA;"2023-09-28 04:47:00";325400
"877404";"27:2:2";"Exp60_154_IS20016";"Exp60_154_IS20016";NA;"2023-09-28 05:01:00";325388
"877405";"27:2:2";"Exp60_154_IS20016";"Exp60_154_IS20016";NA;"2023-09-28 05:17:00";325377
"877406";"27:2:2";"Exp60_154_IS20016";"Exp60_154_IS20016";NA;"2023-09-28 05:31:00";325366
"877407";"27:2:2";"Exp60_154_IS20016";"Exp60_154_IS20016";NA;"2023-09-28 05:47:00";325360
"877408";"27:2:2";"Exp60_154_IS20016";"Exp60_154_IS20016";NA;"2023-09-28 06:01:00";325355
"877409";"27:2:2";"Exp60_154_IS20016";"Exp60_154_IS20016";NA;"2023-09-28 06:17:00";325341
"877410";"27:2:2";"Exp60_154_IS20016";"Exp60_154_IS20016";NA;"2023-09-28 07:16:00";325285
"877411";"27:2:2";"Exp60_154_IS20016";"Exp60_154_IS20016";NA;"2023-09-28 07:32:00";325256
"877412";"27:2:2";"Exp60_154_IS20016";"Exp60_154_IS20016";NA;"2023-09-28 08:16:00";325143
"877413";"27:2:2";"Exp60_154_IS20016";"Exp60_154_IS20016";NA;"2023-09-28 08:47:00";324937
"877414";"27:2:2";"Exp60_154_IS20016";"Exp60_154_IS20016";NA;"2023-09-28 09:01:00";324892
"877415";"27:2:2";"Exp60_154_IS20016";"Exp60_154_IS20016";NA;"2023-09-28 16:16:00";322357
"877416";"27:2:2";"Exp60_154_IS20016";"Exp60_154_IS20016";NA;"2023-09-28 16:47:00";322378
"877417";"27:2:2";"Exp60_154_IS20016";"Exp60_154_IS20016";NA;"2023-09-28 17:01:00";322121
"877418";"27:2:2";"Exp60_154_IS20016";"Exp60_154_IS20016";NA;"2023-09-28 17:17:00";322062
"877419";"27:2:2";"Exp60_154_IS20016";"Exp60_154_IS20016";NA;"2023-09-28 17:31:00";322063
"877420";"27:2:2";"Exp60_154_IS20016";"Exp60_154_IS20016";NA;"2023-09-28 18:02:00";322054
"877421";"27:2:2";"Exp60_154_IS20016";"Exp60_154_IS20016";NA;"2023-09-28 18:16:00";322396
"877422";"27:2:2";"Exp60_154_IS20016";"Exp60_154_IS20016";NA;"2023-09-28 18:32:00";322633
"877423";"27:2:2";"Exp60_154_IS20016";"Exp60_154_IS20016";NA;"2023-09-28 18:46:00";322821
"877424";"27:2:2";"Exp60_154_IS20016";"Exp60_154_IS20016";NA;"2023-09-28 19:02:00";322828
"877425";"27:2:2";"Exp60_154_IS20016";"Exp60_154_IS20016";NA;"2023-09-28 19:16:00";322829
"877426";"27:2:2";"Exp60_154_IS20016";"Exp60_154_IS20016";NA;"2023-09-28 19:32:00";322811
"877427";"27:2:2";"Exp60_154_IS20016";"Exp60_154_IS20016";NA;"2023-09-28 19:46:00";322789
"877428";"27:2:2";"Exp60_154_IS20016";"Exp60_154_IS20016";NA;"2023-09-28 20:02:00";322765
"877429";"27:2:2";"Exp60_154_IS20016";"Exp60_154_IS20016";NA;"2023-09-28 20:16:00";322750
"877430";"27:2:2";"Exp60_154_IS20016";"Exp60_154_IS20016";NA;"2023-09-28 20:32:00";322729
"877431";"27:2:2";"Exp60_154_IS20016";"Exp60_154_IS20016";NA;"2023-09-28 20:46:00";322712
"877432";"27:2:2";"Exp60_154_IS20016";"Exp60_154_IS20016";NA;"2023-09-28 21:02:00";322701
"877433";"27:2:2";"Exp60_154_IS20016";"Exp60_154_IS20016";NA;"2023-09-28 21:16:00";322692
"877434";"27:2:2";"Exp60_154_IS20016";"Exp60_154_IS20016";NA;"2023-09-28 21:32:00";322693
"877435";"27:2:2";"Exp60_154_IS20016";"Exp60_154_IS20016";NA;"2023-09-28 21:46:00";322675
"877436";"27:2:2";"Exp60_154_IS20016";"Exp60_154_IS20016";NA;"2023-09-28 22:17:00";322659
"877437";"27:2:2";"Exp60_154_IS20016";"Exp60_154_IS20016";NA;"2023-09-28 22:31:00";322643
"877438";"27:2:2";"Exp60_154_IS20016";"Exp60_154_IS20016";NA;"2023-09-28 22:47:00";322644
"877439";"27:2:2";"Exp60_154_IS20016";"Exp60_154_IS20016";NA;"2023-09-28 23:01:00";322633
"877440";"27:2:2";"Exp60_154_IS20016";"Exp60_154_IS20016";NA;"2023-09-28 23:17:00";322634
"877441";"27:2:2";"Exp60_154_IS20016";"Exp60_154_IS20016";NA;"2023-09-28 23:31:00";322636
"877442";"27:2:2";"Exp60_154_IS20016";"Exp60_154_IS20016";NA;"2023-09-29 00:17:00";322630
"877443";"27:2:2";"Exp60_154_IS20016";"Exp60_154_IS20016";NA;"2023-09-29 00:31:00";322627
"877444";"27:2:2";"Exp60_154_IS20016";"Exp60_154_IS20016";NA;"2023-09-29 00:47:00";322629
"877445";"27:2:2";"Exp60_154_IS20016";"Exp60_154_IS20016";NA;"2023-09-29 01:01:00";322625
"877446";"27:2:2";"Exp60_154_IS20016";"Exp60_154_IS20016";NA;"2023-09-29 01:17:00";322619
"877447";"27:2:2";"Exp60_154_IS20016";"Exp60_154_IS20016";NA;"2023-09-29 01:31:00";322620
"877448";"27:2:2";"Exp60_154_IS20016";"Exp60_154_IS20016";NA;"2023-09-29 01:47:00";322623
"877449";"27:2:2";"Exp60_154_IS20016";"Exp60_154_IS20016";NA;"2023-09-29 02:01:00";322621
"877450";"27:2:2";"Exp60_154_IS20016";"Exp60_154_IS20016";NA;"2023-09-29 02:17:00";322625
"877451";"27:2:2";"Exp60_154_IS20016";"Exp60_154_IS20016";NA;"2023-09-29 02:31:00";322618
"877452";"27:2:2";"Exp60_154_IS20016";"Exp60_154_IS20016";NA;"2023-09-29 02:47:00";322619
"877453";"27:2:2";"Exp60_154_IS20016";"Exp60_154_IS20016";NA;"2023-09-29 03:01:00";322616
"877454";"27:2:2";"Exp60_154_IS20016";"Exp60_154_IS20016";NA;"2023-09-29 03:47:00";322618
"877455";"27:2:2";"Exp60_154_IS20016";"Exp60_154_IS20016";NA;"2023-09-29 04:01:00";322613
"877456";"27:2:2";"Exp60_154_IS20016";"Exp60_154_IS20016";NA;"2023-09-29 04:17:00";322613
"877457";"27:2:2";"Exp60_154_IS20016";"Exp60_154_IS20016";NA;"2023-09-29 04:31:00";322616
"877458";"27:2:2";"Exp60_154_IS20016";"Exp60_154_IS20016";NA;"2023-09-29 12:31:00";321318
"877459";"27:2:2";"Exp60_154_IS20016";"Exp60_154_IS20016";NA;"2023-09-29 18:46:00";77427,7
"877460";"27:2:2";"Exp60_154_IS20016";"Exp60_154_IS20016";NA;"2023-09-29 19:17:00";77430,6
"877461";"27:2:2";"Exp60_154_IS20016";"Exp60_154_IS20016";NA;"2023-09-29 19:31:00";77428,5
"877462";"27:2:2";"Exp60_154_IS20016";"Exp60_154_IS20016";NA;"2023-09-29 19:47:00";77432,2
"877463";"27:2:2";"Exp60_154_IS20016";"Exp60_154_IS20016";NA;"2023-09-29 20:01:00";77435,5
"877464";"27:2:2";"Exp60_154_IS20016";"Exp60_154_IS20016";NA;"2023-09-29 20:17:00";77432,6
"877465";"27:2:2";"Exp60_154_IS20016";"Exp60_154_IS20016";NA;"2023-09-29 20:31:00";77432,6
"877466";"27:2:2";"Exp60_154_IS20016";"Exp60_154_IS20016";NA;"2023-09-29 21:02:00";77431,3
"877467";"27:2:2";"Exp60_154_IS20016";"Exp60_154_IS20016";NA;"2023-09-29 21:16:00";77429,8
"877468";"27:2:2";"Exp60_154_IS20016";"Exp60_154_IS20016";NA;"2023-09-29 21:32:00";77433,5
"877469";"27:2:2";"Exp60_154_IS20016";"Exp60_154_IS20016";NA;"2023-09-29 21:46:00";77433,5
"877470";"27:2:2";"Exp60_154_IS20016";"Exp60_154_IS20016";NA;"2023-09-29 22:02:00";77433,3
"877471";"27:2:2";"Exp60_154_IS20016";"Exp60_154_IS20016";NA;"2023-09-29 22:16:00";77430
"877472";"27:2:2";"Exp60_154_IS20016";"Exp60_154_IS20016";NA;"2023-09-29 22:32:00";77431,7
"877473";"27:2:2";"Exp60_154_IS20016";"Exp60_154_IS20016";NA;"2023-09-29 22:46:00";77431,9
"877474";"27:2:2";"Exp60_154_IS20016";"Exp60_154_IS20016";NA;"2023-09-29 23:02:00";77429,7
"877475";"27:2:2";"Exp60_154_IS20016";"Exp60_154_IS20016";NA;"2023-09-29 23:16:00";77425
"877476";"27:2:2";"Exp60_154_IS20016";"Exp60_154_IS20016";NA;"2023-09-29 23:32:00";77427,5
"877477";"27:2:2";"Exp60_154_IS20016";"Exp60_154_IS20016";NA;"2023-09-29 23:46:00";77430,5
"877478";"27:2:2";"Exp60_154_IS20016";"Exp60_154_IS20016";NA;"2023-09-30 00:02:00";77432,5
"877479";"27:2:2";"Exp60_154_IS20016";"Exp60_154_IS20016";NA;"2023-09-30 00:16:00";77433,3
"877480";"27:2:2";"Exp60_154_IS20016";"Exp60_154_IS20016";NA;"2023-09-30 00:32:00";77434,2
"877481";"27:2:2";"Exp60_154_IS20016";"Exp60_154_IS20016";NA;"2023-09-30 00:46:00";77434,8
"877482";"27:2:2";"Exp60_154_IS20016";"Exp60_154_IS20016";NA;"2023-09-30 01:02:00";77436,5
"877483";"27:2:2";"Exp60_154_IS20016";"Exp60_154_IS20016";NA;"2023-09-30 01:16:00";77435,3
"877484";"27:2:2";"Exp60_154_IS20016";"Exp60_154_IS20016";NA;"2023-09-30 01:32:00";77440,2
"877485";"27:2:2";"Exp60_154_IS20016";"Exp60_154_IS20016";NA;"2023-09-30 01:46:00";77577,9
"877486";"27:2:2";"Exp60_154_IS20016";"Exp60_154_IS20016";NA;"2023-09-30 08:46:00";77578,3
"877487";"27:2:2";"Exp60_154_IS20016";"Exp60_154_IS20016";NA;"2023-09-30 09:02:00";77572,2
"877488";"27:2:2";"Exp60_154_IS20016";"Exp60_154_IS20016";NA;"2023-09-30 09:16:00";77510,3
"877489";"27:2:2";"Exp60_154_IS20016";"Exp60_154_IS20016";NA;"2023-09-30 09:32:00";77508,8
"877490";"27:2:2";"Exp60_154_IS20016";"Exp60_154_IS20016";NA;"2023-09-30 09:46:00";77467,5
"877491";"27:2:2";"Exp60_154_IS20016";"Exp60_154_IS20016";NA;"2023-09-30 10:02:00";77456,2
"877492";"27:2:2";"Exp60_154_IS20016";"Exp60_154_IS20016";NA;"2023-09-30 10:16:00";77423,4
"877493";"27:2:2";"Exp60_154_IS20016";"Exp60_154_IS20016";NA;"2023-09-30 10:32:00";77422,2
"877494";"27:2:2";"Exp60_154_IS20016";"Exp60_154_IS20016";NA;"2023-09-30 10:46:00";77395,9
"877495";"27:2:2";"Exp60_154_IS20016";"Exp60_154_IS20016";NA;"2023-09-30 11:02:00";77359,5
"877496";"27:2:2";"Exp60_154_IS20016";"Exp60_154_IS20016";NA;"2023-09-30 11:16:00";77346,9
"877497";"27:2:2";"Exp60_154_IS20016";"Exp60_154_IS20016";NA;"2023-09-30 11:32:00";77322,1
"877498";"27:2:2";"Exp60_154_IS20016";"Exp60_154_IS20016";NA;"2023-09-30 11:46:00";77308,2
"877499";"27:2:2";"Exp60_154_IS20016";"Exp60_154_IS20016";NA;"2023-09-30 19:01:00";79059,1
"877500";"27:2:2";"Exp60_154_IS20016";"Exp60_154_IS20016";NA;"2023-09-30 19:17:00";79041,8
"877501";"27:2:2";"Exp60_154_IS20016";"Exp60_154_IS20016";NA;"2023-09-30 19:31:00";79028,8
"877502";"27:2:2";"Exp60_154_IS20016";"Exp60_154_IS20016";NA;"2023-09-30 19:47:00";79015,4
"877503";"27:2:2";"Exp60_154_IS20016";"Exp60_154_IS20016";NA;"2023-09-30 20:01:00";79003,5
"877504";"27:2:2";"Exp60_154_IS20016";"Exp60_154_IS20016";NA;"2023-09-30 20:17:00";78989,2
"877505";"27:2:2";"Exp60_154_IS20016";"Exp60_154_IS20016";NA;"2023-09-30 20:31:00";78977,2
"877506";"27:2:2";"Exp60_154_IS20016";"Exp60_154_IS20016";NA;"2023-09-30 20:47:00";78967,1
"877507";"27:2:2";"Exp60_154_IS20016";"Exp60_154_IS20016";NA;"2023-09-30 21:01:00";78955,9
"877508";"27:2:2";"Exp60_154_IS20016";"Exp60_154_IS20016";NA;"2023-09-30 21:32:00";78941,5
"877509";"27:2:2";"Exp60_154_IS20016";"Exp60_154_IS20016";NA;"2023-09-30 21:46:00";78933,3
"877510";"27:2:2";"Exp60_154_IS20016";"Exp60_154_IS20016";NA;"2023-09-30 22:02:00";78924,1
"877511";"27:2:2";"Exp60_154_IS20016";"Exp60_154_IS20016";NA;"2023-09-30 22:16:00";78914,7
"877512";"27:2:2";"Exp60_154_IS20016";"Exp60_154_IS20016";NA;"2023-09-30 22:32:00";78904,2
"877513";"27:2:2";"Exp60_154_IS20016";"Exp60_154_IS20016";NA;"2023-09-30 22:46:00";78898,8
"877514";"27:2:2";"Exp60_154_IS20016";"Exp60_154_IS20016";NA;"2023-09-30 23:02:00";78894,8
"877515";"27:2:2";"Exp60_154_IS20016";"Exp60_154_IS20016";NA;"2023-09-30 23:16:00";78890,9
"877516";"27:2:2";"Exp60_154_IS20016";"Exp60_154_IS20016";NA;"2023-09-30 23:32:00";78885,6
"877517";"27:2:2";"Exp60_154_IS20016";"Exp60_154_IS20016";NA;"2023-09-30 23:46:00";78882
"877518";"27:2:2";"Exp60_154_IS20016";"Exp60_154_IS20016";NA;"2023-10-01 00:02:00";78874
"877519";"27:2:2";"Exp60_154_IS20016";"Exp60_154_IS20016";NA;"2023-10-01 00:16:00";78869,3
"877520";"27:2:2";"Exp60_154_IS20016";"Exp60_154_IS20016";NA;"2023-10-01 00:32:00";78858,5
"877521";"27:2:2";"Exp60_154_IS20016";"Exp60_154_IS20016";NA;"2023-10-01 01:16:00";78846,5
"877522";"27:2:2";"Exp60_154_IS20016";"Exp60_154_IS20016";NA;"2023-10-01 01:32:00";78843,3
"877523";"27:2:2";"Exp60_154_IS20016";"Exp60_154_IS20016";NA;"2023-10-01 01:46:00";78841,5
"877524";"27:2:2";"Exp60_154_IS20016";"Exp60_154_IS20016";NA;"2023-10-01 02:02:00";78839,5
"877525";"27:2:2";"Exp60_154_IS20016";"Exp60_154_IS20016";NA;"2023-10-01 02:16:00";78833,3
"877526";"27:2:2";"Exp60_154_IS20016";"Exp60_154_IS20016";NA;"2023-10-01 02:32:00";78830,3
"877527";"27:2:2";"Exp60_154_IS20016";"Exp60_154_IS20016";NA;"2023-10-01 02:46:00";78831,6
"877528";"27:2:2";"Exp60_154_IS20016";"Exp60_154_IS20016";NA;"2023-10-01 09:31:00";78670
"877529";"27:2:2";"Exp60_154_IS20016";"Exp60_154_IS20016";NA;"2023-10-01 09:47:00";78638
"877530";"27:2:2";"Exp60_154_IS20016";"Exp60_154_IS20016";NA;"2023-10-01 10:01:00";78625,8
"877531";"27:2:2";"Exp60_154_IS20016";"Exp60_154_IS20016";NA;"2023-10-01 10:17:00";78596
"877532";"27:2:2";"Exp60_154_IS20016";"Exp60_154_IS20016";NA;"2023-10-01 10:31:00";78571,8
"877533";"27:2:2";"Exp60_154_IS20016";"Exp60_154_IS20016";NA;"2023-10-01 10:47:00";78535,9
"877534";"27:2:2";"Exp60_154_IS20016";"Exp60_154_IS20016";NA;"2023-10-01 11:01:00";78524,5
"877535";"27:2:2";"Exp60_154_IS20016";"Exp60_154_IS20016";NA;"2023-10-01 17:46:00";78128,3
"877536";"27:2:2";"Exp60_154_IS20016";"Exp60_154_IS20016";NA;"2023-10-01 18:02:00";78130,5
"877537";"27:2:2";"Exp60_154_IS20016";"Exp60_154_IS20016";NA;"2023-10-01 18:16:00";78129,9
"877538";"27:2:2";"Exp60_154_IS20016";"Exp60_154_IS20016";NA;"2023-10-01 18:32:00";78134,2
"877539";"27:2:2";"Exp60_154_IS20016";"Exp60_154_IS20016";NA;"2023-10-01 18:46:00";78133,4
"877540";"27:2:2";"Exp60_154_IS20016";"Exp60_154_IS20016";NA;"2023-10-01 19:02:00";78133,9
"877541";"27:2:2";"Exp60_154_IS20016";"Exp60_154_IS20016";NA;"2023-10-01 19:16:00";78129,7
"877542";"27:2:2";"Exp60_154_IS20016";"Exp60_154_IS20016";NA;"2023-10-01 19:32:00";78130,1
"877543";"27:2:2";"Exp60_154_IS20016";"Exp60_154_IS20016";NA;"2023-10-01 19:46:00";78129,2
"877544";"27:2:2";"Exp60_154_IS20016";"Exp60_154_IS20016";NA;"2023-10-01 20:02:00";78130,3
"877545";"27:2:2";"Exp60_154_IS20016";"Exp60_154_IS20016";NA;"2023-10-01 20:16:00";78128
"877546";"27:2:2";"Exp60_154_IS20016";"Exp60_154_IS20016";NA;"2023-10-01 20:32:00";78130,2
"877547";"27:2:2";"Exp60_154_IS20016";"Exp60_154_IS20016";NA;"2023-10-01 20:46:00";78129,2
"877548";"27:2:2";"Exp60_154_IS20016";"Exp60_154_IS20016";NA;"2023-10-01 21:02:00";78125,1
"877549";"27:2:2";"Exp60_154_IS20016";"Exp60_154_IS20016";NA;"2023-10-01 21:16:00";78129,5
"877550";"27:2:2";"Exp60_154_IS20016";"Exp60_154_IS20016";NA;"2023-10-01 21:32:00";78121
"877551";"27:2:2";"Exp60_154_IS20016";"Exp60_154_IS20016";NA;"2023-10-01 21:46:00";78123,1
"877552";"27:2:2";"Exp60_154_IS20016";"Exp60_154_IS20016";NA;"2023-10-01 22:02:00";78125
"877553";"27:2:2";"Exp60_154_IS20016";"Exp60_154_IS20016";NA;"2023-10-01 22:16:00";78123,9
"877554";"27:2:2";"Exp60_154_IS20016";"Exp60_154_IS20016";NA;"2023-10-01 22:32:00";78122,3
"877555";"27:2:2";"Exp60_154_IS20016";"Exp60_154_IS20016";NA;"2023-10-01 22:46:00";78120,8
"877556";"27:2:2";"Exp60_154_IS20016";"Exp60_154_IS20016";NA;"2023-10-01 23:17:00";78120,5
"877557";"27:2:2";"Exp60_154_IS20016";"Exp60_154_IS20016";NA;"2023-10-01 23:31:00";78119
"877558";"27:2:2";"Exp60_154_IS20016";"Exp60_154_IS20016";NA;"2023-10-02 07:01:00";78103,2
"877559";"27:2:2";"Exp60_154_IS20016";"Exp60_154_IS20016";NA;"2023-10-02 07:17:00";78096,9
"877560";"27:2:2";"Exp60_154_IS20016";"Exp60_154_IS20016";NA;"2023-10-02 07:31:00";78090,2
"877561";"27:2:2";"Exp60_154_IS20016";"Exp60_154_IS20016";NA;"2023-10-02 07:47:00";78084,8
"877562";"27:2:2";"Exp60_154_IS20016";"Exp60_154_IS20016";NA;"2023-10-02 08:01:00";78073,2
"877563";"27:2:2";"Exp60_154_IS20016";"Exp60_154_IS20016";NA;"2023-10-02 08:17:00";78064,8
"877564";"27:2:2";"Exp60_154_IS20016";"Exp60_154_IS20016";NA;"2023-10-02 08:31:00";78058,2
"877565";"27:2:2";"Exp60_154_IS20016";"Exp60_154_IS20016";NA;"2023-10-02 08:47:00";78046,6
"877566";"27:2:2";"Exp60_154_IS20016";"Exp60_154_IS20016";NA;"2023-10-02 09:01:00";78040,1
"877567";"27:2:2";"Exp60_154_IS20016";"Exp60_154_IS20016";NA;"2023-10-02 09:17:00";78032,7
"877568";"27:2:2";"Exp60_154_IS20016";"Exp60_154_IS20016";NA;"2023-10-02 09:31:00";78025
"877569";"27:2:2";"Exp60_154_IS20016";"Exp60_154_IS20016";NA;"2023-10-02 09:47:00";78023,5
"877570";"27:2:2";"Exp60_154_IS20016";"Exp60_154_IS20016";NA;"2023-10-02 10:01:00";78015,1
"877571";"27:2:2";"Exp60_154_IS20016";"Exp60_154_IS20016";NA;"2023-10-02 10:32:00";77993,4
"877572";"27:2:2";"Exp60_154_IS20016";"Exp60_154_IS20016";NA;"2023-10-02 10:46:00";77982
"877573";"27:2:2";"Exp60_154_IS20016";"Exp60_154_IS20016";NA;"2023-10-02 11:17:00";77954,5
"877574";"27:2:2";"Exp60_154_IS20016";"Exp60_154_IS20016";NA;"2023-10-02 11:31:00";77945,9
"877575";"27:2:2";"Exp60_154_IS20016";"Exp60_154_IS20016";NA;"2023-10-02 11:47:00";77930,8
"877576";"27:2:2";"Exp60_154_IS20016";"Exp60_154_IS20016";NA;"2023-10-02 12:01:00";77915,7
"877577";"27:2:2";"Exp60_154_IS20016";"Exp60_154_IS20016";NA;"2023-10-02 12:17:00";77902,2
"877578";"27:2:2";"Exp60_154_IS20016";"Exp60_154_IS20016";NA;"2023-10-02 12:31:00";77885,1
"877579";"27:2:2";"Exp60_154_IS20016";"Exp60_154_IS20016";NA;"2023-10-02 12:47:00";77868,5
"877580";"27:2:2";"Exp60_154_IS20016";"Exp60_154_IS20016";NA;"2023-10-02 13:01:00";77851,7
"877581";"27:2:2";"Exp60_154_IS20016";"Exp60_154_IS20016";NA;"2023-10-02 13:17:00";77852,9
"877582";"27:2:2";"Exp60_154_IS20016";"Exp60_154_IS20016";NA;"2023-10-02 13:31:00";77827,1
"877583";"27:2:2";"Exp60_154_IS20016";"Exp60_154_IS20016";NA;"2023-10-02 13:47:00";77804,5
"877584";"27:2:2";"Exp60_154_IS20016";"Exp60_154_IS20016";NA;"2023-10-02 14:01:00";77799
"877585";"27:2:2";"Exp60_154_IS20016";"Exp60_154_IS20016";NA;"2023-10-02 14:17:00";77793,7
"877586";"27:2:2";"Exp60_154_IS20016";"Exp60_154_IS20016";NA;"2023-10-02 14:31:00";77770,4
"877587";"27:2:2";"Exp60_154_IS20016";"Exp60_154_IS20016";NA;"2023-10-02 14:47:00";77763,5
"877588";"27:2:2";"Exp60_154_IS20016";"Exp60_154_IS20016";NA;"2023-10-02 15:01:00";77753,9
"877589";"27:2:2";"Exp60_154_IS20016";"Exp60_154_IS20016";NA;"2023-10-02 15:32:00";77735,1
"877590";"27:2:2";"Exp60_154_IS20016";"Exp60_154_IS20016";NA;"2023-10-02 15:46:00";77724
"877591";"27:2:2";"Exp60_154_IS20016";"Exp60_154_IS20016";NA;"2023-10-02 16:02:00";77715,8
"877592";"27:2:2";"Exp60_154_IS20016";"Exp60_154_IS20016";NA;"2023-10-02 16:16:00";77712,1
"877593";"27:2:2";"Exp60_154_IS20016";"Exp60_154_IS20016";NA;"2023-10-02 23:01:00";77743,7
"877594";"27:2:2";"Exp60_154_IS20016";"Exp60_154_IS20016";NA;"2023-10-02 23:17:00";77743,3
"877595";"27:2:2";"Exp60_154_IS20016";"Exp60_154_IS20016";NA;"2023-10-02 23:31:00";77744
"877596";"27:2:2";"Exp60_154_IS20016";"Exp60_154_IS20016";NA;"2023-10-02 23:47:00";77740,4
"877597";"27:2:2";"Exp60_154_IS20016";"Exp60_154_IS20016";NA;"2023-10-03 00:01:00";77741
"877598";"27:2:2";"Exp60_154_IS20016";"Exp60_154_IS20016";NA;"2023-10-03 00:17:00";77740,7
"877599";"27:2:2";"Exp60_154_IS20016";"Exp60_154_IS20016";NA;"2023-10-03 00:31:00";77739,5
"877600";"27:2:2";"Exp60_154_IS20016";"Exp60_154_IS20016";NA;"2023-10-03 00:47:00";77738,7
"877601";"27:2:2";"Exp60_154_IS20016";"Exp60_154_IS20016";NA;"2023-10-03 01:01:00";77735,7
"877602";"27:2:2";"Exp60_154_IS20016";"Exp60_154_IS20016";NA;"2023-10-03 01:17:00";77736,6
"877603";"27:2:2";"Exp60_154_IS20016";"Exp60_154_IS20016";NA;"2023-10-03 01:31:00";77736,5
"877604";"27:2:2";"Exp60_154_IS20016";"Exp60_154_IS20016";NA;"2023-10-03 01:47:00";77735,9
"877605";"27:2:2";"Exp60_154_IS20016";"Exp60_154_IS20016";NA;"2023-10-03 02:01:00";77737,4
"877606";"27:2:2";"Exp60_154_IS20016";"Exp60_154_IS20016";NA;"2023-10-03 02:17:00";77737,3
"877607";"27:2:2";"Exp60_154_IS20016";"Exp60_154_IS20016";NA;"2023-10-03 02:31:00";77738,3
"877608";"27:2:2";"Exp60_154_IS20016";"Exp60_154_IS20016";NA;"2023-10-03 03:47:00";77737,9
"877609";"27:2:2";"Exp60_154_IS20016";"Exp60_154_IS20016";NA;"2023-10-03 04:01:00";77737
"877610";"27:2:2";"Exp60_154_IS20016";"Exp60_154_IS20016";NA;"2023-10-03 04:17:00";77734,6
"877611";"27:2:2";"Exp60_154_IS20016";"Exp60_154_IS20016";NA;"2023-10-03 04:31:00";77733,1
"877612";"27:2:2";"Exp60_154_IS20016";"Exp60_154_IS20016";NA;"2023-10-03 04:47:00";77733,5
"877613";"27:2:2";"Exp60_154_IS20016";"Exp60_154_IS20016";NA;"2023-10-03 05:01:00";77734,4
"877614";"27:2:2";"Exp60_154_IS20016";"Exp60_154_IS20016";NA;"2023-10-03 05:17:00";77737,6
"877615";"27:2:2";"Exp60_154_IS20016";"Exp60_154_IS20016";NA;"2023-10-03 06:01:00";77729,1
"877616";"27:2:2";"Exp60_154_IS20016";"Exp60_154_IS20016";NA;"2023-10-03 06:17:00";77731,9
"877617";"27:2:2";"Exp60_154_IS20016";"Exp60_154_IS20016";NA;"2023-10-03 06:31:00";77731
"877618";"27:2:2";"Exp60_154_IS20016";"Exp60_154_IS20016";NA;"2023-10-03 06:47:00";77727,3
"877619";"27:2:2";"Exp60_154_IS20016";"Exp60_154_IS20016";NA;"2023-10-03 07:01:00";77719,8
"877620";"27:2:2";"Exp60_154_IS20016";"Exp60_154_IS20016";NA;"2023-10-03 07:17:00";77714,1
"877621";"27:2:2";"Exp60_154_IS20016";"Exp60_154_IS20016";NA;"2023-10-03 07:31:00";77704,4
"877622";"27:2:2";"Exp60_154_IS20016";"Exp60_154_IS20016";NA;"2023-10-03 08:02:00";77692
"877623";"27:2:2";"Exp60_154_IS20016";"Exp60_154_IS20016";NA;"2023-10-03 08:16:00";77675,5
"877624";"27:2:2";"Exp60_154_IS20016";"Exp60_154_IS20016";NA;"2023-10-03 08:32:00";77666,7
"877625";"27:2:2";"Exp60_154_IS20016";"Exp60_154_IS20016";NA;"2023-10-03 08:46:00";77654,2
"877626";"27:2:2";"Exp60_154_IS20016";"Exp60_154_IS20016";NA;"2023-10-03 15:16:00";77137,8
"877627";"27:2:2";"Exp60_154_IS20016";"Exp60_154_IS20016";NA;"2023-10-03 21:16:00";78569,6
"877628";"27:2:2";"Exp60_154_IS20016";"Exp60_154_IS20016";NA;"2023-10-03 22:02:00";78573,4
"877629";"27:2:2";"Exp60_154_IS20016";"Exp60_154_IS20016";NA;"2023-10-03 22:16:00";78574,3
"877630";"27:2:2";"Exp60_154_IS20016";"Exp60_154_IS20016";NA;"2023-10-03 22:32:00";78574,7
"877631";"27:2:2";"Exp60_154_IS20016";"Exp60_154_IS20016";NA;"2023-10-03 22:46:00";78575,7
"877632";"27:2:2";"Exp60_154_IS20016";"Exp60_154_IS20016";NA;"2023-10-03 23:17:00";78574,6
"877633";"27:2:2";"Exp60_154_IS20016";"Exp60_154_IS20016";NA;"2023-10-03 23:31:00";78574,3
"877634";"27:2:2";"Exp60_154_IS20016";"Exp60_154_IS20016";NA;"2023-10-03 23:47:00";78573,3
"877635";"27:2:2";"Exp60_154_IS20016";"Exp60_154_IS20016";NA;"2023-10-04 00:16:00";78571,8
"877636";"27:2:2";"Exp60_154_IS20016";"Exp60_154_IS20016";NA;"2023-10-04 00:32:00";78571,2
"877637";"27:2:2";"Exp60_154_IS20016";"Exp60_154_IS20016";NA;"2023-10-04 00:46:00";78570,4
"877638";"27:2:2";"Exp60_154_IS20016";"Exp60_154_IS20016";NA;"2023-10-04 01:02:00";78569,8
"877639";"27:2:2";"Exp60_154_IS20016";"Exp60_154_IS20016";NA;"2023-10-04 01:16:00";78569,3
"877640";"27:2:2";"Exp60_154_IS20016";"Exp60_154_IS20016";NA;"2023-10-04 01:32:00";78566,9
"877641";"27:2:2";"Exp60_154_IS20016";"Exp60_154_IS20016";NA;"2023-10-04 01:46:00";78564,9
"877642";"27:2:2";"Exp60_154_IS20016";"Exp60_154_IS20016";NA;"2023-10-04 02:02:00";78565,9
"877643";"27:2:2";"Exp60_154_IS20016";"Exp60_154_IS20016";NA;"2023-10-04 02:16:00";78562,6
"877644";"27:2:2";"Exp60_154_IS20016";"Exp60_154_IS20016";NA;"2023-10-04 02:32:00";78561,3
"877645";"27:2:2";"Exp60_154_IS20016";"Exp60_154_IS20016";NA;"2023-10-04 02:46:00";78560,2
"877646";"27:2:2";"Exp60_154_IS20016";"Exp60_154_IS20016";NA;"2023-10-04 03:17:00";78559,6
"877647";"27:2:2";"Exp60_154_IS20016";"Exp60_154_IS20016";NA;"2023-10-04 03:31:00";78554,4
"877648";"27:2:2";"Exp60_154_IS20016";"Exp60_154_IS20016";NA;"2023-10-04 03:47:00";78551,5
"877649";"27:2:2";"Exp60_154_IS20016";"Exp60_154_IS20016";NA;"2023-10-04 04:01:00";78549,9
"877650";"27:2:2";"Exp60_154_IS20016";"Exp60_154_IS20016";NA;"2023-10-04 04:32:00";78547,6
"877651";"27:2:2";"Exp60_154_IS20016";"Exp60_154_IS20016";NA;"2023-10-04 04:46:00";78544,4
"877652";"27:2:2";"Exp60_154_IS20016";"Exp60_154_IS20016";NA;"2023-10-04 05:02:00";78543,6
"877653";"27:2:2";"Exp60_154_IS20016";"Exp60_154_IS20016";NA;"2023-10-04 05:16:00";78546,9
"877654";"27:2:2";"Exp60_154_IS20016";"Exp60_154_IS20016";NA;"2023-10-04 05:32:00";78546,9
"877655";"27:2:2";"Exp60_154_IS20016";"Exp60_154_IS20016";NA;"2023-10-04 05:46:00";78546,5
"877656";"27:2:2";"Exp60_154_IS20016";"Exp60_154_IS20016";NA;"2023-10-04 06:32:00";78538,5
"877657";"27:2:2";"Exp60_154_IS20016";"Exp60_154_IS20016";NA;"2023-10-04 06:46:00";78536,8
"877658";"27:2:2";"Exp60_154_IS20016";"Exp60_154_IS20016";NA;"2023-10-04 07:17:00";78526,4
"877659";"27:2:2";"Exp60_154_IS20016";"Exp60_154_IS20016";NA;"2023-10-04 07:31:00";78519,6
"877660";"27:2:2";"Exp60_154_IS20016";"Exp60_154_IS20016";NA;"2023-10-04 07:47:00";78508,9
"877661";"27:2:2";"Exp60_154_IS20016";"Exp60_154_IS20016";NA;"2023-10-04 08:01:00";78498,1
"877662";"27:2:2";"Exp60_154_IS20016";"Exp60_154_IS20016";NA;"2023-10-04 08:17:00";78481,5
"877663";"27:2:2";"Exp60_154_IS20016";"Exp60_154_IS20016";NA;"2023-10-04 08:31:00";78463,5
"877664";"27:2:2";"Exp60_154_IS20016";"Exp60_154_IS20016";NA;"2023-10-04 08:47:00";78449,9
"877665";"27:2:2";"Exp60_154_IS20016";"Exp60_154_IS20016";NA;"2023-10-04 09:01:00";78419,3
"877666";"27:2:2";"Exp60_154_IS20016";"Exp60_154_IS20016";NA;"2023-10-04 09:17:00";78411
"877667";"27:2:2";"Exp60_154_IS20016";"Exp60_154_IS20016";NA;"2023-10-04 09:31:00";78390,4
"877668";"27:2:2";"Exp60_154_IS20016";"Exp60_154_IS20016";NA;"2023-10-04 09:47:00";78365,5
"877669";"27:2:2";"Exp60_154_IS20016";"Exp60_154_IS20016";NA;"2023-10-04 10:01:00";78335,5
"877670";"27:2:2";"Exp60_154_IS20016";"Exp60_154_IS20016";NA;"2023-10-04 10:17:00";78307
"877671";"27:2:2";"Exp60_154_IS20016";"Exp60_154_IS20016";NA;"2023-10-04 10:31:00";78269,8
"877672";"27:2:2";"Exp60_154_IS20016";"Exp60_154_IS20016";NA;"2023-10-04 10:47:00";78226,2
"877673";"27:2:2";"Exp60_154_IS20016";"Exp60_154_IS20016";NA;"2023-10-04 11:01:00";78203,1
"877674";"27:2:2";"Exp60_154_IS20016";"Exp60_154_IS20016";NA;"2023-10-04 11:17:00";78163,3
"877675";"27:2:2";"Exp60_154_IS20016";"Exp60_154_IS20016";NA;"2023-10-04 11:31:00";78136,4
"877676";"27:2:2";"Exp60_154_IS20016";"Exp60_154_IS20016";NA;"2023-10-04 11:47:00";78113,6
"877677";"27:2:2";"Exp60_154_IS20016";"Exp60_154_IS20016";NA;"2023-10-04 12:01:00";78085,4
"877678";"27:2:2";"Exp60_154_IS20016";"Exp60_154_IS20016";NA;"2023-10-04 12:32:00";78022,4
"877679";"27:2:2";"Exp60_154_IS20016";"Exp60_154_IS20016";NA;"2023-10-04 12:46:00";77992,8
"877680";"27:2:2";"Exp60_154_IS20016";"Exp60_154_IS20016";NA;"2023-10-04 13:02:00";77969
"877681";"27:2:2";"Exp60_154_IS20016";"Exp60_154_IS20016";NA;"2023-10-04 13:16:00";77950
"877682";"27:2:2";"Exp60_154_IS20016";"Exp60_154_IS20016";NA;"2023-10-04 13:32:00";77925,7
"877683";"27:2:2";"Exp60_154_IS20016";"Exp60_154_IS20016";NA;"2023-10-04 13:46:00";77889,8
"877684";"27:2:2";"Exp60_154_IS20016";"Exp60_154_IS20016";NA;"2023-10-04 21:01:00";77726,8
"877685";"27:2:2";"Exp60_154_IS20016";"Exp60_154_IS20016";NA;"2023-10-05 03:31:00";77764,1
"877686";"27:2:2";"Exp60_154_IS20016";"Exp60_154_IS20016";NA;"2023-10-05 03:47:00";77765
"877687";"27:2:2";"Exp60_154_IS20016";"Exp60_154_IS20016";NA;"2023-10-05 04:01:00";77765,8
"877688";"27:2:2";"Exp60_154_IS20016";"Exp60_154_IS20016";NA;"2023-10-05 04:17:00";77768,3
"877689";"27:2:2";"Exp60_154_IS20016";"Exp60_154_IS20016";NA;"2023-10-05 04:31:00";77768,2
"877690";"27:2:2";"Exp60_154_IS20016";"Exp60_154_IS20016";NA;"2023-10-05 04:47:00";77772,5
"877691";"27:2:2";"Exp60_154_IS20016";"Exp60_154_IS20016";NA;"2023-10-05 05:01:00";77775
"877692";"27:2:2";"Exp60_154_IS20016";"Exp60_154_IS20016";NA;"2023-10-05 05:17:00";77778,6
"877693";"27:2:2";"Exp60_154_IS20016";"Exp60_154_IS20016";NA;"2023-10-05 05:31:00";77779,8
"877694";"27:2:2";"Exp60_154_IS20016";"Exp60_154_IS20016";NA;"2023-10-05 05:47:00";77782,8
"877695";"27:2:2";"Exp60_154_IS20016";"Exp60_154_IS20016";NA;"2023-10-05 06:01:00";77783,6
"877696";"27:2:2";"Exp60_154_IS20016";"Exp60_154_IS20016";NA;"2023-10-05 06:17:00";77784,8
"877697";"27:2:2";"Exp60_154_IS20016";"Exp60_154_IS20016";NA;"2023-10-05 06:31:00";77783,7
"877698";"27:2:2";"Exp60_154_IS20016";"Exp60_154_IS20016";NA;"2023-10-05 06:47:00";77780,1
"877699";"27:2:2";"Exp60_154_IS20016";"Exp60_154_IS20016";NA;"2023-10-05 07:01:00";77775,5
"877700";"27:2:2";"Exp60_154_IS20016";"Exp60_154_IS20016";NA;"2023-10-05 07:17:00";77772,2
"877701";"27:2:2";"Exp60_154_IS20016";"Exp60_154_IS20016";NA;"2023-10-05 07:31:00";77765,4
"877702";"27:2:2";"Exp60_154_IS20016";"Exp60_154_IS20016";NA;"2023-10-05 07:47:00";77758,9
"877703";"27:2:2";"Exp60_154_IS20016";"Exp60_154_IS20016";NA;"2023-10-05 08:01:00";77747,2
"877704";"27:2:2";"Exp60_154_IS20016";"Exp60_154_IS20016";NA;"2023-10-05 08:17:00";77728,1
"877705";"27:2:2";"Exp60_154_IS20016";"Exp60_154_IS20016";NA;"2023-10-05 08:31:00";77711,4
"877706";"27:2:2";"Exp60_154_IS20016";"Exp60_154_IS20016";NA;"2023-10-05 08:47:00";77688,4
"877707";"27:2:2";"Exp60_154_IS20016";"Exp60_154_IS20016";NA;"2023-10-05 09:01:00";77674,8
"877708";"27:2:2";"Exp60_154_IS20016";"Exp60_154_IS20016";NA;"2023-10-05 09:17:00";77657,9
"877709";"27:2:2";"Exp60_154_IS20016";"Exp60_154_IS20016";NA;"2023-10-05 09:31:00";77640
"877710";"27:2:2";"Exp60_154_IS20016";"Exp60_154_IS20016";NA;"2023-10-05 09:47:00";77622,7
"877711";"27:2:2";"Exp60_154_IS20016";"Exp60_154_IS20016";NA;"2023-10-05 10:01:00";77598,3
"877712";"27:2:2";"Exp60_154_IS20016";"Exp60_154_IS20016";NA;"2023-10-05 10:17:00";77562,9
"877713";"27:2:2";"Exp60_154_IS20016";"Exp60_154_IS20016";NA;"2023-10-05 10:31:00";77541,9
"877714";"27:2:2";"Exp60_154_IS20016";"Exp60_154_IS20016";NA;"2023-10-05 10:47:00";77496,3
"877715";"27:2:2";"Exp60_154_IS20016";"Exp60_154_IS20016";NA;"2023-10-05 11:01:00";77470,6
"877716";"27:2:2";"Exp60_154_IS20016";"Exp60_154_IS20016";NA;"2023-10-05 11:17:00";77436,4
"877717";"27:2:2";"Exp60_154_IS20016";"Exp60_154_IS20016";NA;"2023-10-05 11:31:00";77419,3
"877718";"27:2:2";"Exp60_154_IS20016";"Exp60_154_IS20016";NA;"2023-10-05 11:47:00";77350,7
"877719";"27:2:2";"Exp60_154_IS20016";"Exp60_154_IS20016";NA;"2023-10-05 12:01:00";77342,8
"877720";"27:2:2";"Exp60_154_IS20016";"Exp60_154_IS20016";NA;"2023-10-05 18:01:00";76948,7
"877721";"27:2:2";"Exp60_154_IS20016";"Exp60_154_IS20016";NA;"2023-10-05 18:17:00";76955
"877722";"27:2:2";"Exp60_154_IS20016";"Exp60_154_IS20016";NA;"2023-10-05 18:31:00";76960,9
"877723";"27:2:2";"Exp60_154_IS20016";"Exp60_154_IS20016";NA;"2023-10-06 00:31:00";77026,5
"877724";"27:2:2";"Exp60_154_IS20016";"Exp60_154_IS20016";NA;"2023-10-06 00:47:00";77029,6
"877725";"27:2:2";"Exp60_154_IS20016";"Exp60_154_IS20016";NA;"2023-10-06 01:01:00";77032,5
"877726";"27:2:2";"Exp60_154_IS20016";"Exp60_154_IS20016";NA;"2023-10-06 01:17:00";77034,9
"877727";"27:2:2";"Exp60_154_IS20016";"Exp60_154_IS20016";NA;"2023-10-06 01:31:00";77038,7
"877728";"27:2:2";"Exp60_154_IS20016";"Exp60_154_IS20016";NA;"2023-10-06 01:47:00";77047,8
"877729";"27:2:2";"Exp60_154_IS20016";"Exp60_154_IS20016";NA;"2023-10-06 02:01:00";77046,2
"877730";"27:2:2";"Exp60_154_IS20016";"Exp60_154_IS20016";NA;"2023-10-06 02:17:00";77048,7
"877731";"27:2:2";"Exp60_154_IS20016";"Exp60_154_IS20016";NA;"2023-10-06 02:31:00";77051,5
"877732";"27:2:2";"Exp60_154_IS20016";"Exp60_154_IS20016";NA;"2023-10-06 02:47:00";77052,5
"877733";"27:2:2";"Exp60_154_IS20016";"Exp60_154_IS20016";NA;"2023-10-06 03:16:00";77053,1
"877734";"27:2:2";"Exp60_154_IS20016";"Exp60_154_IS20016";NA;"2023-10-06 03:32:00";77051,2
"877735";"27:2:2";"Exp60_154_IS20016";"Exp60_154_IS20016";NA;"2023-10-06 03:46:00";77048,7
"877736";"27:2:2";"Exp60_154_IS20016";"Exp60_154_IS20016";NA;"2023-10-06 10:46:00";76846,2
"877737";"27:2:2";"Exp60_154_IS20016";"Exp60_154_IS20016";NA;"2023-10-06 11:02:00";76827,5
"877738";"27:2:2";"Exp60_154_IS20016";"Exp60_154_IS20016";NA;"2023-10-06 11:16:00";76804,5
"877739";"27:2:2";"Exp60_154_IS20016";"Exp60_154_IS20016";NA;"2023-10-06 11:47:00";76746,9
"877740";"27:2:2";"Exp60_154_IS20016";"Exp60_154_IS20016";NA;"2023-10-06 12:01:00";76734,9
"877741";"27:2:2";"Exp60_154_IS20016";"Exp60_154_IS20016";NA;"2023-10-06 20:01:00";78854
"877742";"27:2:2";"Exp60_154_IS20016";"Exp60_154_IS20016";NA;"2023-10-06 20:17:00";78843,1
"877743";"27:2:2";"Exp60_154_IS20016";"Exp60_154_IS20016";NA;"2023-10-06 20:31:00";78836,3
"877744";"27:2:2";"Exp60_154_IS20016";"Exp60_154_IS20016";NA;"2023-10-07 03:01:00";78808,8
"877745";"27:2:2";"Exp60_154_IS20016";"Exp60_154_IS20016";NA;"2023-10-07 03:17:00";78811
"877746";"27:2:2";"Exp60_154_IS20016";"Exp60_154_IS20016";NA;"2023-10-07 03:31:00";78812,9
"877747";"27:2:2";"Exp60_154_IS20016";"Exp60_154_IS20016";NA;"2023-10-07 03:47:00";78810,9
"877748";"27:2:2";"Exp60_154_IS20016";"Exp60_154_IS20016";NA;"2023-10-07 04:01:00";78813,2
"877749";"27:2:2";"Exp60_154_IS20016";"Exp60_154_IS20016";NA;"2023-10-07 11:01:00";78443
"877750";"27:2:2";"Exp60_154_IS20016";"Exp60_154_IS20016";NA;"2023-10-07 11:17:00";78403,9
"877751";"27:2:2";"Exp60_154_IS20016";"Exp60_154_IS20016";NA;"2023-10-07 11:31:00";78371,5
"877752";"27:2:2";"Exp60_154_IS20016";"Exp60_154_IS20016";NA;"2023-10-07 11:47:00";78332,9
"877753";"27:2:2";"Exp60_154_IS20016";"Exp60_154_IS20016";NA;"2023-10-07 12:01:00";78297,1
"877754";"27:2:2";"Exp60_154_IS20016";"Exp60_154_IS20016";NA;"2023-10-07 12:47:00";78202,7
"877755";"27:2:2";"Exp60_154_IS20016";"Exp60_154_IS20016";NA;"2023-10-07 13:01:00";78169,5
"877756";"27:2:2";"Exp60_154_IS20016";"Exp60_154_IS20016";NA;"2023-10-07 13:17:00";78126,4
"877757";"27:2:2";"Exp60_154_IS20016";"Exp60_154_IS20016";NA;"2023-10-07 13:31:00";78093
"877758";"27:2:2";"Exp60_154_IS20016";"Exp60_154_IS20016";NA;"2023-10-07 13:47:00";78057,4
"877759";"27:2:2";"Exp60_154_IS20016";"Exp60_154_IS20016";NA;"2023-10-07 14:01:00";78036,1
"877760";"27:2:2";"Exp60_154_IS20016";"Exp60_154_IS20016";NA;"2023-10-07 14:17:00";78004,6
"877761";"27:2:2";"Exp60_154_IS20016";"Exp60_154_IS20016";NA;"2023-10-07 14:31:00";78013,2
"877762";"27:2:2";"Exp60_154_IS20016";"Exp60_154_IS20016";NA;"2023-10-07 20:46:00";77918,3
"877763";"27:2:2";"Exp60_154_IS20016";"Exp60_154_IS20016";NA;"2023-10-07 21:02:00";77923
"877764";"27:2:2";"Exp60_154_IS20016";"Exp60_154_IS20016";NA;"2023-10-07 21:16:00";77924,3
"877765";"27:2:2";"Exp60_154_IS20016";"Exp60_154_IS20016";NA;"2023-10-07 21:32:00";77924,9
"877766";"27:2:2";"Exp60_154_IS20016";"Exp60_154_IS20016";NA;"2023-10-07 21:46:00";77922
"877767";"27:2:2";"Exp60_154_IS20016";"Exp60_154_IS20016";NA;"2023-10-07 22:02:00";77922,9
"877768";"27:2:2";"Exp60_154_IS20016";"Exp60_154_IS20016";NA;"2023-10-07 22:16:00";77925,6
"877769";"27:2:2";"Exp60_154_IS20016";"Exp60_154_IS20016";NA;"2023-10-07 22:32:00";77926,1
"877770";"27:2:2";"Exp60_154_IS20016";"Exp60_154_IS20016";NA;"2023-10-07 22:46:00";77926,9
"877771";"27:2:2";"Exp60_154_IS20016";"Exp60_154_IS20016";NA;"2023-10-07 23:02:00";77928,7
"877772";"27:2:2";"Exp60_154_IS20016";"Exp60_154_IS20016";NA;"2023-10-07 23:16:00";77929,8
"877773";"27:2:2";"Exp60_154_IS20016";"Exp60_154_IS20016";NA;"2023-10-07 23:32:00";77933,2
"877774";"27:2:2";"Exp60_154_IS20016";"Exp60_154_IS20016";NA;"2023-10-07 23:46:00";77933,3
"877775";"27:2:2";"Exp60_154_IS20016";"Exp60_154_IS20016";NA;"2023-10-08 00:02:00";77937,1
"877776";"27:2:2";"Exp60_154_IS20016";"Exp60_154_IS20016";NA;"2023-10-08 00:16:00";77938,9
"877777";"27:2:2";"Exp60_154_IS20016";"Exp60_154_IS20016";NA;"2023-10-08 00:32:00";77938,8
"877778";"27:2:2";"Exp60_154_IS20016";"Exp60_154_IS20016";NA;"2023-10-08 00:46:00";77945
"877779";"27:2:2";"Exp60_154_IS20016";"Exp60_154_IS20016";NA;"2023-10-08 01:02:00";77943,8
"877780";"27:2:2";"Exp60_154_IS20016";"Exp60_154_IS20016";NA;"2023-10-08 01:16:00";77946,3
"877781";"27:2:2";"Exp60_154_IS20016";"Exp60_154_IS20016";NA;"2023-10-08 01:32:00";77951
"877782";"27:2:2";"Exp60_154_IS20016";"Exp60_154_IS20016";NA;"2023-10-08 01:46:00";77952,9
"877783";"27:2:2";"Exp60_154_IS20016";"Exp60_154_IS20016";NA;"2023-10-08 02:02:00";77958,1
"877784";"27:2:2";"Exp60_154_IS20016";"Exp60_154_IS20016";NA;"2023-10-08 02:16:00";77958,8
"877785";"27:2:2";"Exp60_154_IS20016";"Exp60_154_IS20016";NA;"2023-10-08 02:32:00";77959,8
"877786";"27:2:2";"Exp60_154_IS20016";"Exp60_154_IS20016";NA;"2023-10-08 02:46:00";77960,1
"877787";"27:2:2";"Exp60_154_IS20016";"Exp60_154_IS20016";NA;"2023-10-08 03:02:00";77962,6
"877788";"27:2:2";"Exp60_154_IS20016";"Exp60_154_IS20016";NA;"2023-10-08 03:16:00";77964,2
"877789";"27:2:2";"Exp60_154_IS20016";"Exp60_154_IS20016";NA;"2023-10-08 03:32:00";77962,8
"877790";"27:2:2";"Exp60_154_IS20016";"Exp60_154_IS20016";NA;"2023-10-08 03:46:00";77963,6
"877791";"27:2:2";"Exp60_154_IS20016";"Exp60_154_IS20016";NA;"2023-10-08 04:02:00";77962,5
"877792";"27:2:2";"Exp60_154_IS20016";"Exp60_154_IS20016";NA;"2023-10-08 04:16:00";77963,8
"877793";"27:2:2";"Exp60_154_IS20016";"Exp60_154_IS20016";NA;"2023-10-08 04:32:00";77964,6
"877794";"27:2:2";"Exp60_154_IS20016";"Exp60_154_IS20016";NA;"2023-10-08 04:46:00";77965,6
"877795";"27:2:2";"Exp60_154_IS20016";"Exp60_154_IS20016";NA;"2023-10-08 05:02:00";77961,3
"877796";"27:2:2";"Exp60_154_IS20016";"Exp60_154_IS20016";NA;"2023-10-08 05:16:00";77959,2
"877797";"27:2:2";"Exp60_154_IS20016";"Exp60_154_IS20016";NA;"2023-10-08 05:32:00";77957,1
"877798";"27:2:2";"Exp60_154_IS20016";"Exp60_154_IS20016";NA;"2023-10-08 05:46:00";77957,6
"877799";"27:2:2";"Exp60_154_IS20016";"Exp60_154_IS20016";NA;"2023-10-08 06:02:00";77960,4
"877800";"27:2:2";"Exp60_154_IS20016";"Exp60_154_IS20016";NA;"2023-10-08 06:16:00";77961,2
"877801";"27:2:2";"Exp60_154_IS20016";"Exp60_154_IS20016";NA;"2023-10-08 06:32:00";77959,7
"877802";"27:2:2";"Exp60_154_IS20016";"Exp60_154_IS20016";NA;"2023-10-08 06:46:00";77963,9
"877803";"27:2:2";"Exp60_154_IS20016";"Exp60_154_IS20016";NA;"2023-10-08 07:02:00";77962,9
"877804";"27:2:2";"Exp60_154_IS20016";"Exp60_154_IS20016";NA;"2023-10-08 07:16:00";77965,4
"877805";"27:2:2";"Exp60_154_IS20016";"Exp60_154_IS20016";NA;"2023-10-08 07:32:00";77962
"877806";"27:2:2";"Exp60_154_IS20016";"Exp60_154_IS20016";NA;"2023-10-08 07:46:00";77958,2
"877807";"27:2:2";"Exp60_154_IS20016";"Exp60_154_IS20016";NA;"2023-10-08 08:02:00";77952,4
"877808";"27:2:2";"Exp60_154_IS20016";"Exp60_154_IS20016";NA;"2023-10-08 08:16:00";77948,6
"877809";"27:2:2";"Exp60_154_IS20016";"Exp60_154_IS20016";NA;"2023-10-08 08:32:00";77936,7
"877810";"27:2:2";"Exp60_154_IS20016";"Exp60_154_IS20016";NA;"2023-10-08 08:46:00";77925,7
"877811";"27:2:2";"Exp60_154_IS20016";"Exp60_154_IS20016";NA;"2023-10-08 09:02:00";77904,4
"877812";"27:2:2";"Exp60_154_IS20016";"Exp60_154_IS20016";NA;"2023-10-08 09:16:00";77880
"877813";"27:2:2";"Exp60_154_IS20016";"Exp60_154_IS20016";NA;"2023-10-08 09:32:00";77853,4
"877814";"27:2:2";"Exp60_154_IS20016";"Exp60_154_IS20016";NA;"2023-10-08 09:46:00";77829,2
"877815";"27:2:2";"Exp60_154_IS20016";"Exp60_154_IS20016";NA;"2023-10-08 10:32:00";77720,4
"877816";"27:2:2";"Exp60_154_IS20016";"Exp60_154_IS20016";NA;"2023-10-08 10:46:00";77684,1
"877817";"27:2:2";"Exp60_154_IS20016";"Exp60_154_IS20016";NA;"2023-10-08 11:17:00";77597,9
"877818";"27:2:2";"Exp60_154_IS20016";"Exp60_154_IS20016";NA;"2023-10-08 11:31:00";77574
"877819";"27:2:2";"Exp60_154_IS20016";"Exp60_154_IS20016";NA;"2023-10-08 12:02:00";77497,8
"877820";"27:2:2";"Exp60_154_IS20016";"Exp60_154_IS20016";NA;"2023-10-08 12:16:00";77469,7
"877821";"27:2:2";"Exp60_154_IS20016";"Exp60_154_IS20016";NA;"2023-10-08 12:32:00";77425,6
"877822";"27:2:2";"Exp60_154_IS20016";"Exp60_154_IS20016";NA;"2023-10-08 12:46:00";77400
"877823";"27:2:2";"Exp60_154_IS20016";"Exp60_154_IS20016";NA;"2023-10-08 13:02:00";77377,1
"877824";"27:2:2";"Exp60_154_IS20016";"Exp60_154_IS20016";NA;"2023-10-08 13:16:00";77343,4
"877825";"27:2:2";"Exp60_154_IS20016";"Exp60_154_IS20016";NA;"2023-10-08 13:47:00";77287,8
"877826";"27:2:2";"Exp60_154_IS20016";"Exp60_154_IS20016";NA;"2023-10-08 14:01:00";77269,8
"877827";"27:2:2";"Exp60_154_IS20016";"Exp60_154_IS20016";NA;"2023-10-08 14:17:00";77248,7
"877828";"27:2:2";"Exp60_154_IS20016";"Exp60_154_IS20016";NA;"2023-10-08 14:31:00";77241,9
"877829";"27:2:2";"Exp60_154_IS20016";"Exp60_154_IS20016";NA;"2023-10-08 14:47:00";77226,6
"877830";"27:2:2";"Exp60_154_IS20016";"Exp60_154_IS20016";NA;"2023-10-08 15:01:00";77207,2
"877831";"27:2:2";"Exp60_154_IS20016";"Exp60_154_IS20016";NA;"2023-10-08 22:46:00";77217,7
"877832";"27:2:2";"Exp60_154_IS20016";"Exp60_154_IS20016";NA;"2023-10-08 23:02:00";77219,6
"877833";"27:2:2";"Exp60_154_IS20016";"Exp60_154_IS20016";NA;"2023-10-08 23:16:00";77221
"877834";"27:2:2";"Exp60_154_IS20016";"Exp60_154_IS20016";NA;"2023-10-08 23:32:00";77223,1
"877835";"27:2:2";"Exp60_154_IS20016";"Exp60_154_IS20016";NA;"2023-10-08 23:46:00";77224,5
"877836";"27:2:2";"Exp60_154_IS20016";"Exp60_154_IS20016";NA;"2023-10-09 00:02:00";77223,2
"877837";"27:2:2";"Exp60_154_IS20016";"Exp60_154_IS20016";NA;"2023-10-09 00:16:00";77224,7
"877838";"27:2:2";"Exp60_154_IS20016";"Exp60_154_IS20016";NA;"2023-10-09 00:32:00";77228,2
"877839";"27:2:2";"Exp60_154_IS20016";"Exp60_154_IS20016";NA;"2023-10-09 00:46:00";77232,3
"877840";"27:2:2";"Exp60_154_IS20016";"Exp60_154_IS20016";NA;"2023-10-09 01:02:00";77234,8
"877841";"27:2:2";"Exp60_154_IS20016";"Exp60_154_IS20016";NA;"2023-10-09 01:16:00";77236,1
"877842";"27:2:2";"Exp60_154_IS20016";"Exp60_154_IS20016";NA;"2023-10-09 01:32:00";77237,7
"877843";"27:2:2";"Exp60_154_IS20016";"Exp60_154_IS20016";NA;"2023-10-09 01:46:00";77240
"877844";"27:2:2";"Exp60_154_IS20016";"Exp60_154_IS20016";NA;"2023-10-09 02:02:00";77237,8
"877845";"27:2:2";"Exp60_154_IS20016";"Exp60_154_IS20016";NA;"2023-10-09 02:16:00";77237,7
"877846";"27:2:2";"Exp60_154_IS20016";"Exp60_154_IS20016";NA;"2023-10-09 02:32:00";77234,7
"877847";"27:2:2";"Exp60_154_IS20016";"Exp60_154_IS20016";NA;"2023-10-09 02:46:00";77235,3
"877848";"27:2:2";"Exp60_154_IS20016";"Exp60_154_IS20016";NA;"2023-10-09 03:02:00";77234,6
"877849";"27:2:2";"Exp60_154_IS20016";"Exp60_154_IS20016";NA;"2023-10-09 03:16:00";77237,7
"877850";"27:2:2";"Exp60_154_IS20016";"Exp60_154_IS20016";NA;"2023-10-09 03:32:00";77241,4
"877851";"27:2:2";"Exp60_154_IS20016";"Exp60_154_IS20016";NA;"2023-10-09 03:46:00";77243,1
"877852";"27:2:2";"Exp60_154_IS20016";"Exp60_154_IS20016";NA;"2023-10-09 04:17:00";77244,4
"877853";"27:2:2";"Exp60_154_IS20016";"Exp60_154_IS20016";NA;"2023-10-09 04:31:00";77247,5
"877854";"27:2:2";"Exp60_154_IS20016";"Exp60_154_IS20016";NA;"2023-10-09 04:47:00";77248,3
"877855";"27:2:2";"Exp60_154_IS20016";"Exp60_154_IS20016";NA;"2023-10-09 05:01:00";77249,8
"877856";"27:2:2";"Exp60_154_IS20016";"Exp60_154_IS20016";NA;"2023-10-09 05:17:00";77251,6
"877857";"27:2:2";"Exp60_154_IS20016";"Exp60_154_IS20016";NA;"2023-10-09 05:31:00";77253,5
"877858";"27:2:2";"Exp60_154_IS20016";"Exp60_154_IS20016";NA;"2023-10-09 05:47:00";77250
"877859";"27:2:2";"Exp60_154_IS20016";"Exp60_154_IS20016";NA;"2023-10-09 06:01:00";77249,2
"877860";"27:2:2";"Exp60_154_IS20016";"Exp60_154_IS20016";NA;"2023-10-09 06:17:00";77248,4
"877861";"27:2:2";"Exp60_154_IS20016";"Exp60_154_IS20016";NA;"2023-10-09 06:31:00";77246,3
"877862";"27:2:2";"Exp60_154_IS20016";"Exp60_154_IS20016";NA;"2023-10-09 06:47:00";77243,4
"877863";"27:2:2";"Exp60_154_IS20016";"Exp60_154_IS20016";NA;"2023-10-09 07:01:00";77239,3
"877864";"27:2:2";"Exp60_154_IS20016";"Exp60_154_IS20016";NA;"2023-10-09 07:17:00";77236,7
"877865";"27:2:2";"Exp60_154_IS20016";"Exp60_154_IS20016";NA;"2023-10-09 07:31:00";77239,4
"877866";"27:2:2";"Exp60_154_IS20016";"Exp60_154_IS20016";NA;"2023-10-09 07:47:00";77233,3
"877867";"27:2:2";"Exp60_154_IS20016";"Exp60_154_IS20016";NA;"2023-10-09 08:01:00";77227,1
"877868";"27:2:2";"Exp60_154_IS20016";"Exp60_154_IS20016";NA;"2023-10-09 08:17:00";77213,8
"877869";"27:2:2";"Exp60_154_IS20016";"Exp60_154_IS20016";NA;"2023-10-09 08:31:00";77205,7
"877870";"27:2:2";"Exp60_154_IS20016";"Exp60_154_IS20016";NA;"2023-10-09 08:47:00";77195,9
"877871";"27:2:2";"Exp60_154_IS20016";"Exp60_154_IS20016";NA;"2023-10-09 09:01:00";77179,7
"877872";"27:2:2";"Exp60_154_IS20016";"Exp60_154_IS20016";NA;"2023-10-09 09:17:00";77160,9
"877873";"27:2:2";"Exp60_154_IS20016";"Exp60_154_IS20016";NA;"2023-10-09 09:31:00";77137,2
"877874";"27:2:2";"Exp60_154_IS20016";"Exp60_154_IS20016";NA;"2023-10-09 10:32:00";77004,6
"877875";"27:2:2";"Exp60_154_IS20016";"Exp60_154_IS20016";NA;"2023-10-09 10:46:00";76980,9
"877876";"27:2:2";"Exp60_154_IS20016";"Exp60_154_IS20016";NA;"2023-10-09 11:02:00";76949,6
"877877";"27:2:2";"Exp60_154_IS20016";"Exp60_154_IS20016";NA;"2023-10-09 11:16:00";76918
"877878";"27:2:2";"Exp60_154_IS20016";"Exp60_154_IS20016";NA;"2023-10-09 11:47:00";76855
"877879";"27:2:2";"Exp60_154_IS20016";"Exp60_154_IS20016";NA;"2023-10-09 12:01:00";76825,3
"877880";"27:2:2";"Exp60_154_IS20016";"Exp60_154_IS20016";NA;"2023-10-09 12:17:00";76810,9
"877881";"27:2:2";"Exp60_154_IS20016";"Exp60_154_IS20016";NA;"2023-10-09 12:31:00";76772,4
"877882";"27:2:2";"Exp60_154_IS20016";"Exp60_154_IS20016";NA;"2023-10-09 12:47:00";76742,1
"877883";"27:2:2";"Exp60_154_IS20016";"Exp60_154_IS20016";NA;"2023-10-09 13:01:00";76717,4
"877884";"27:2:2";"Exp60_154_IS20016";"Exp60_154_IS20016";NA;"2023-10-09 13:32:00";76673,4
"877885";"27:2:2";"Exp60_154_IS20016";"Exp60_154_IS20016";NA;"2023-10-09 13:46:00";76643,5
"877886";"27:2:2";"Exp60_154_IS20016";"Exp60_154_IS20016";NA;"2023-10-09 14:02:00";76638,6
"877887";"27:2:2";"Exp60_154_IS20016";"Exp60_154_IS20016";NA;"2023-10-09 14:16:00";76617,6
"877888";"27:2:2";"Exp60_154_IS20016";"Exp60_154_IS20016";NA;"2023-10-09 20:16:00";76560,7
"877889";"27:2:2";"Exp60_154_IS20016";"Exp60_154_IS20016";NA;"2023-10-09 20:32:00";76569,9
"877890";"27:2:2";"Exp60_154_IS20016";"Exp60_154_IS20016";NA;"2023-10-09 20:46:00";76574,1
"877891";"27:2:2";"Exp60_154_IS20016";"Exp60_154_IS20016";NA;"2023-10-09 21:02:00";76578,8
"877892";"27:2:2";"Exp60_154_IS20016";"Exp60_154_IS20016";NA;"2023-10-09 21:16:00";76581,4
"877893";"27:2:2";"Exp60_154_IS20016";"Exp60_154_IS20016";NA;"2023-10-09 21:32:00";76580,2
"877894";"27:2:2";"Exp60_154_IS20016";"Exp60_154_IS20016";NA;"2023-10-09 21:46:00";76579,7
"877895";"27:2:2";"Exp60_154_IS20016";"Exp60_154_IS20016";NA;"2023-10-09 22:32:00";76585,5
"877896";"27:2:2";"Exp60_154_IS20016";"Exp60_154_IS20016";NA;"2023-10-09 22:46:00";76589,5
"877897";"27:2:2";"Exp60_154_IS20016";"Exp60_154_IS20016";NA;"2023-10-09 23:17:00";76598,7
"877898";"27:2:2";"Exp60_154_IS20016";"Exp60_154_IS20016";NA;"2023-10-09 23:31:00";76604
"877899";"27:2:2";"Exp60_154_IS20016";"Exp60_154_IS20016";NA;"2023-10-09 23:47:00";76609,8
"877900";"27:2:2";"Exp60_154_IS20016";"Exp60_154_IS20016";NA;"2023-10-10 00:16:00";76617,4
"877901";"27:2:2";"Exp60_154_IS20016";"Exp60_154_IS20016";NA;"2023-10-10 00:47:00";76612,3
"877902";"27:2:2";"Exp60_154_IS20016";"Exp60_154_IS20016";NA;"2023-10-10 01:01:00";76612,4
"877903";"27:2:2";"Exp60_154_IS20016";"Exp60_154_IS20016";NA;"2023-10-10 01:17:00";76614,9
"877904";"27:2:2";"Exp60_154_IS20016";"Exp60_154_IS20016";NA;"2023-10-10 01:31:00";76616,3
"877905";"27:2:2";"Exp60_154_IS20016";"Exp60_154_IS20016";NA;"2023-10-10 01:47:00";76618
"877906";"27:2:2";"Exp60_154_IS20016";"Exp60_154_IS20016";NA;"2023-10-10 02:01:00";76619
"877907";"27:2:2";"Exp60_154_IS20016";"Exp60_154_IS20016";NA;"2023-10-10 02:17:00";76617,9
"877908";"27:2:2";"Exp60_154_IS20016";"Exp60_154_IS20016";NA;"2023-10-10 02:31:00";76616,4
"877909";"27:2:2";"Exp60_154_IS20016";"Exp60_154_IS20016";NA;"2023-10-10 02:47:00";76616,7
"877910";"27:2:2";"Exp60_154_IS20016";"Exp60_154_IS20016";NA;"2023-10-10 03:01:00";76617,6
"877911";"27:2:2";"Exp60_154_IS20016";"Exp60_154_IS20016";NA;"2023-10-10 03:17:00";76616,8
"877912";"27:2:2";"Exp60_154_IS20016";"Exp60_154_IS20016";NA;"2023-10-10 03:31:00";76617,8
"877913";"27:2:2";"Exp60_154_IS20016";"Exp60_154_IS20016";NA;"2023-10-10 03:47:00";76617,8
"877914";"27:2:2";"Exp60_154_IS20016";"Exp60_154_IS20016";NA;"2023-10-10 04:01:00";76619,9
"877915";"27:2:2";"Exp60_154_IS20016";"Exp60_154_IS20016";NA;"2023-10-10 04:17:00";76622,1
"877916";"27:2:2";"Exp60_154_IS20016";"Exp60_154_IS20016";NA;"2023-10-10 04:31:00";76624,5
"877917";"27:2:2";"Exp60_154_IS20016";"Exp60_154_IS20016";NA;"2023-10-10 04:47:00";76625,8
"877918";"27:2:2";"Exp60_154_IS20016";"Exp60_154_IS20016";NA;"2023-10-10 05:01:00";76627,7
"877919";"27:2:2";"Exp60_154_IS20016";"Exp60_154_IS20016";NA;"2023-10-10 05:17:00";76630,4
"877920";"27:2:2";"Exp60_154_IS20016";"Exp60_154_IS20016";NA;"2023-10-10 05:31:00";76632,1
"877921";"27:2:2";"Exp60_154_IS20016";"Exp60_154_IS20016";NA;"2023-10-10 05:47:00";76631,5
"877922";"27:2:2";"Exp60_154_IS20016";"Exp60_154_IS20016";NA;"2023-10-10 06:01:00";76632,5
"877923";"27:2:2";"Exp60_154_IS20016";"Exp60_154_IS20016";NA;"2023-10-10 06:17:00";76632,7
"877924";"27:2:2";"Exp60_154_IS20016";"Exp60_154_IS20016";NA;"2023-10-10 06:46:00";76631,5
"877925";"27:2:2";"Exp60_154_IS20016";"Exp60_154_IS20016";NA;"2023-10-10 07:17:00";76631,7
"877926";"27:2:2";"Exp60_154_IS20016";"Exp60_154_IS20016";NA;"2023-10-10 07:31:00";76628,2
"877927";"27:2:2";"Exp60_154_IS20016";"Exp60_154_IS20016";NA;"2023-10-10 08:02:00";76612,3
"877928";"27:2:2";"Exp60_154_IS20016";"Exp60_154_IS20016";NA;"2023-10-10 08:16:00";76605,2
"877929";"27:2:2";"Exp60_154_IS20016";"Exp60_154_IS20016";NA;"2023-10-10 08:32:00";76594,3
"877930";"27:2:2";"Exp60_154_IS20016";"Exp60_154_IS20016";NA;"2023-10-10 08:46:00";76581
"877931";"27:2:2";"Exp60_154_IS20016";"Exp60_154_IS20016";NA;"2023-10-10 09:02:00";76564,4
"877932";"27:2:2";"Exp60_154_IS20016";"Exp60_154_IS20016";NA;"2023-10-10 09:16:00";76543,8
"877933";"27:2:2";"Exp60_154_IS20016";"Exp60_154_IS20016";NA;"2023-10-10 09:32:00";76519
"877934";"27:2:2";"Exp60_154_IS20016";"Exp60_154_IS20016";NA;"2023-10-10 09:46:00";76485,8
"877935";"27:2:2";"Exp60_154_IS20016";"Exp60_154_IS20016";NA;"2023-10-10 10:02:00";76454
"877936";"27:2:2";"Exp60_154_IS20016";"Exp60_154_IS20016";NA;"2023-10-10 10:16:00";76415,3
"877937";"27:2:2";"Exp60_154_IS20016";"Exp60_154_IS20016";NA;"2023-10-10 10:32:00";76385,8
"877938";"27:2:2";"Exp60_154_IS20016";"Exp60_154_IS20016";NA;"2023-10-10 10:46:00";76345,5
"877939";"27:2:2";"Exp60_154_IS20016";"Exp60_154_IS20016";NA;"2023-10-10 11:02:00";76318,7
"877940";"27:2:2";"Exp60_154_IS20016";"Exp60_154_IS20016";NA;"2023-10-10 11:16:00";76291,6
"877941";"27:2:2";"Exp60_154_IS20016";"Exp60_154_IS20016";NA;"2023-10-10 15:46:00";76005,1
"877942";"27:2:2";"Exp60_154_IS20016";"Exp60_154_IS20016";NA;"2023-10-10 18:01:00";78186,8
"877943";"27:2:2";"Exp60_154_IS20016";"Exp60_154_IS20016";NA;"2023-10-10 18:17:00";78188,9
"877944";"27:2:2";"Exp60_154_IS20016";"Exp60_154_IS20016";NA;"2023-10-10 18:31:00";78191,1
"877945";"27:2:2";"Exp60_154_IS20016";"Exp60_154_IS20016";NA;"2023-10-10 18:47:00";78192,8
"877946";"27:2:2";"Exp60_154_IS20016";"Exp60_154_IS20016";NA;"2023-10-10 19:01:00";78193,1
"877947";"27:2:2";"Exp60_154_IS20016";"Exp60_154_IS20016";NA;"2023-10-10 19:17:00";78194,9
"877948";"27:2:2";"Exp60_154_IS20016";"Exp60_154_IS20016";NA;"2023-10-10 19:31:00";78192,4
"877949";"27:2:2";"Exp60_154_IS20016";"Exp60_154_IS20016";NA;"2023-10-10 19:47:00";78195,8
"877950";"27:2:2";"Exp60_154_IS20016";"Exp60_154_IS20016";NA;"2023-10-10 20:01:00";78196,1
"877951";"27:2:2";"Exp60_154_IS20016";"Exp60_154_IS20016";NA;"2023-10-10 20:17:00";78197,7
"877952";"27:2:2";"Exp60_154_IS20016";"Exp60_154_IS20016";NA;"2023-10-10 20:31:00";78197,8
"877953";"27:2:2";"Exp60_154_IS20016";"Exp60_154_IS20016";NA;"2023-10-10 20:47:00";78198,3
"877954";"27:2:2";"Exp60_154_IS20016";"Exp60_154_IS20016";NA;"2023-10-10 21:01:00";78199,5
"877955";"27:2:2";"Exp60_154_IS20016";"Exp60_154_IS20016";NA;"2023-10-10 21:17:00";78195
"877956";"27:2:2";"Exp60_154_IS20016";"Exp60_154_IS20016";NA;"2023-10-10 21:31:00";78192,6
"877957";"27:2:2";"Exp60_154_IS20016";"Exp60_154_IS20016";NA;"2023-10-10 21:47:00";78191
"877958";"27:2:2";"Exp60_154_IS20016";"Exp60_154_IS20016";NA;"2023-10-10 22:01:00";78191,1
"877959";"27:2:2";"Exp60_154_IS20016";"Exp60_154_IS20016";NA;"2023-10-10 22:32:00";78192,1
"877960";"27:2:2";"Exp60_154_IS20016";"Exp60_154_IS20016";NA;"2023-10-10 22:46:00";78190,2
"877961";"27:2:2";"Exp60_154_IS20016";"Exp60_154_IS20016";NA;"2023-10-10 23:02:00";78190,7
"877962";"27:2:2";"Exp60_154_IS20016";"Exp60_154_IS20016";NA;"2023-10-10 23:16:00";78192,7
"877963";"27:2:2";"Exp60_154_IS20016";"Exp60_154_IS20016";NA;"2023-10-10 23:32:00";78196,4
"877964";"27:2:2";"Exp60_154_IS20016";"Exp60_154_IS20016";NA;"2023-10-10 23:46:00";78200,5
"877965";"27:2:2";"Exp60_154_IS20016";"Exp60_154_IS20016";NA;"2023-10-11 00:02:00";78201,1
"877966";"27:2:2";"Exp60_154_IS20016";"Exp60_154_IS20016";NA;"2023-10-11 00:16:00";78201,1
"877967";"27:2:2";"Exp60_154_IS20016";"Exp60_154_IS20016";NA;"2023-10-11 00:32:00";78202,7
"877968";"27:2:2";"Exp60_154_IS20016";"Exp60_154_IS20016";NA;"2023-10-11 00:46:00";78201,4
"877969";"27:2:2";"Exp60_154_IS20016";"Exp60_154_IS20016";NA;"2023-10-11 06:31:00";78209,7
"877970";"27:2:2";"Exp60_154_IS20016";"Exp60_154_IS20016";NA;"2023-10-11 07:17:00";78204,9
"877971";"27:2:2";"Exp60_154_IS20016";"Exp60_154_IS20016";NA;"2023-10-11 07:31:00";78203,6
"877972";"27:2:2";"Exp60_154_IS20016";"Exp60_154_IS20016";NA;"2023-10-11 07:47:00";78200,5
"877973";"27:2:2";"Exp60_154_IS20016";"Exp60_154_IS20016";NA;"2023-10-11 08:01:00";78193,9
"877974";"27:2:2";"Exp60_154_IS20016";"Exp60_154_IS20016";NA;"2023-10-11 08:17:00";78181,7
"877975";"27:2:2";"Exp60_154_IS20016";"Exp60_154_IS20016";NA;"2023-10-11 08:31:00";78164,2
"877976";"27:2:2";"Exp60_154_IS20016";"Exp60_154_IS20016";NA;"2023-10-11 08:47:00";78144,2
"877977";"27:2:2";"Exp60_154_IS20016";"Exp60_154_IS20016";NA;"2023-10-11 09:01:00";78123,4
"877978";"27:2:2";"Exp60_154_IS20016";"Exp60_154_IS20016";NA;"2023-10-11 16:16:00";77413
"877979";"27:2:2";"Exp60_154_IS20016";"Exp60_154_IS20016";NA;"2023-10-11 16:32:00";77399,8
"877980";"27:2:2";"Exp60_154_IS20016";"Exp60_154_IS20016";NA;"2023-10-11 16:46:00";77389,3
"877981";"27:2:2";"Exp60_154_IS20016";"Exp60_154_IS20016";NA;"2023-10-11 17:02:00";77388
"877982";"27:2:2";"Exp60_154_IS20016";"Exp60_154_IS20016";NA;"2023-10-11 17:16:00";77390,3
"877983";"27:2:2";"Exp60_154_IS20016";"Exp60_154_IS20016";NA;"2023-10-11 17:32:00";77388,5
"877984";"27:2:2";"Exp60_154_IS20016";"Exp60_154_IS20016";NA;"2023-10-11 17:46:00";77392,7
"877985";"27:2:2";"Exp60_154_IS20016";"Exp60_154_IS20016";NA;"2023-10-11 18:02:00";77395,2
"877986";"27:2:2";"Exp60_154_IS20016";"Exp60_154_IS20016";NA;"2023-10-11 18:16:00";77401,3
"877987";"27:2:2";"Exp60_154_IS20016";"Exp60_154_IS20016";NA;"2023-10-11 18:32:00";77406,7
"877988";"27:2:2";"Exp60_154_IS20016";"Exp60_154_IS20016";NA;"2023-10-11 18:46:00";77407,5
"877989";"27:2:2";"Exp60_154_IS20016";"Exp60_154_IS20016";NA;"2023-10-11 19:02:00";77413,8
"877990";"27:2:2";"Exp60_154_IS20016";"Exp60_154_IS20016";NA;"2023-10-11 19:16:00";77417,5
"877991";"27:2:2";"Exp60_154_IS20016";"Exp60_154_IS20016";NA;"2023-10-11 19:32:00";77419,8
"877992";"27:2:2";"Exp60_154_IS20016";"Exp60_154_IS20016";NA;"2023-10-11 19:46:00";77425,4
"877993";"27:2:2";"Exp60_154_IS20016";"Exp60_154_IS20016";NA;"2023-10-11 20:02:00";77426,7
"877994";"27:2:2";"Exp60_154_IS20016";"Exp60_154_IS20016";NA;"2023-10-11 20:46:00";77432,2
"877995";"27:2:2";"Exp60_154_IS20016";"Exp60_154_IS20016";NA;"2023-10-11 21:02:00";77433,5
"877996";"27:2:2";"Exp60_154_IS20016";"Exp60_154_IS20016";NA;"2023-10-11 21:16:00";77435,4
"877997";"27:2:2";"Exp60_154_IS20016";"Exp60_154_IS20016";NA;"2023-10-11 21:32:00";77435,8
"877998";"27:2:2";"Exp60_154_IS20016";"Exp60_154_IS20016";NA;"2023-10-11 21:46:00";77435,8
"877999";"27:2:2";"Exp60_154_IS20016";"Exp60_154_IS20016";NA;"2023-10-11 22:17:00";77434,1
"878000";"27:2:2";"Exp60_154_IS20016";"Exp60_154_IS20016";NA;"2023-10-11 22:31:00";77432,3
"878001";"27:2:2";"Exp60_154_IS20016";"Exp60_154_IS20016";NA;"2023-10-11 22:47:00";77431
"878002";"27:2:2";"Exp60_154_IS20016";"Exp60_154_IS20016";NA;"2023-10-11 23:01:00";77431,9
"878003";"27:2:2";"Exp60_154_IS20016";"Exp60_154_IS20016";NA;"2023-10-11 23:17:00";77432,6
"878004";"27:2:2";"Exp60_154_IS20016";"Exp60_154_IS20016";NA;"2023-10-11 23:31:00";77435
"878005";"27:2:2";"Exp60_154_IS20016";"Exp60_154_IS20016";NA;"2023-10-11 23:47:00";77434,7
"878006";"27:2:2";"Exp60_154_IS20016";"Exp60_154_IS20016";NA;"2023-10-12 00:01:00";77436,8
"878007";"27:2:2";"Exp60_154_IS20016";"Exp60_154_IS20016";NA;"2023-10-12 00:17:00";77438,8
"878008";"27:2:2";"Exp60_154_IS20016";"Exp60_154_IS20016";NA;"2023-10-12 00:31:00";77440,3
"878009";"27:2:2";"Exp60_154_IS20016";"Exp60_154_IS20016";NA;"2023-10-12 00:47:00";77441,4
"878010";"27:2:2";"Exp60_154_IS20016";"Exp60_154_IS20016";NA;"2023-10-12 01:01:00";77443,2
"878011";"27:2:2";"Exp60_154_IS20016";"Exp60_154_IS20016";NA;"2023-10-12 01:17:00";77444,1
"878012";"27:2:2";"Exp60_154_IS20016";"Exp60_154_IS20016";NA;"2023-10-12 01:31:00";77446,5
"878013";"27:2:2";"Exp60_154_IS20016";"Exp60_154_IS20016";NA;"2023-10-12 01:47:00";77448,1
"878014";"27:2:2";"Exp60_154_IS20016";"Exp60_154_IS20016";NA;"2023-10-12 02:01:00";77451,8
"878015";"27:2:2";"Exp60_154_IS20016";"Exp60_154_IS20016";NA;"2023-10-12 02:17:00";77454,8
"878016";"27:2:2";"Exp60_154_IS20016";"Exp60_154_IS20016";NA;"2023-10-12 02:31:00";77459,3
"878017";"27:2:2";"Exp60_154_IS20016";"Exp60_154_IS20016";NA;"2023-10-12 02:47:00";77463,4
"878018";"27:2:2";"Exp60_154_IS20016";"Exp60_154_IS20016";NA;"2023-10-12 03:01:00";77466
"878019";"27:2:2";"Exp60_154_IS20016";"Exp60_154_IS20016";NA;"2023-10-12 03:17:00";77464,4
"878020";"27:2:2";"Exp60_154_IS20016";"Exp60_154_IS20016";NA;"2023-10-12 03:31:00";77466,2
"878021";"27:2:2";"Exp60_154_IS20016";"Exp60_154_IS20016";NA;"2023-10-12 03:47:00";77466,6
"878022";"27:2:2";"Exp60_154_IS20016";"Exp60_154_IS20016";NA;"2023-10-12 04:01:00";77466,2
"878023";"27:2:2";"Exp60_154_IS20016";"Exp60_154_IS20016";NA;"2023-10-12 04:17:00";77465,7
"878024";"27:2:2";"Exp60_154_IS20016";"Exp60_154_IS20016";NA;"2023-10-12 04:31:00";77465,7
"878025";"27:2:2";"Exp60_154_IS20016";"Exp60_154_IS20016";NA;"2023-10-12 04:47:00";77464,4
"878026";"27:2:2";"Exp60_154_IS20016";"Exp60_154_IS20016";NA;"2023-10-12 05:01:00";77462,3
"878027";"27:2:2";"Exp60_154_IS20016";"Exp60_154_IS20016";NA;"2023-10-12 05:32:00";77461,1
"878028";"27:2:2";"Exp60_154_IS20016";"Exp60_154_IS20016";NA;"2023-10-12 05:46:00";77461,9
"878029";"27:2:2";"Exp60_154_IS20016";"Exp60_154_IS20016";NA;"2023-10-12 06:02:00";77464,8
"878030";"27:2:2";"Exp60_154_IS20016";"Exp60_154_IS20016";NA;"2023-10-12 06:16:00";77465
"878031";"27:2:2";"Exp60_154_IS20016";"Exp60_154_IS20016";NA;"2023-10-12 06:47:00";77464,9
"878032";"27:2:2";"Exp60_154_IS20016";"Exp60_154_IS20016";NA;"2023-10-12 07:01:00";77467,5
"878033";"27:2:2";"Exp60_154_IS20016";"Exp60_154_IS20016";NA;"2023-10-12 07:17:00";77468,9
"878034";"27:2:2";"Exp60_154_IS20016";"Exp60_154_IS20016";NA;"2023-10-12 07:31:00";77468,6
"878035";"27:2:2";"Exp60_154_IS20016";"Exp60_154_IS20016";NA;"2023-10-12 07:47:00";77464,7
"878036";"27:2:2";"Exp60_154_IS20016";"Exp60_154_IS20016";NA;"2023-10-12 08:01:00";77457,4
"878037";"27:2:2";"Exp60_154_IS20016";"Exp60_154_IS20016";NA;"2023-10-12 08:17:00";77449
"878038";"27:2:2";"Exp60_154_IS20016";"Exp60_154_IS20016";NA;"2023-10-12 08:31:00";77432,2
"878039";"27:2:2";"Exp60_154_IS20016";"Exp60_154_IS20016";NA;"2023-10-12 08:47:00";77415,8
"878040";"27:2:2";"Exp60_154_IS20016";"Exp60_154_IS20016";NA;"2023-10-12 09:01:00";77396
"878041";"27:2:2";"Exp60_154_IS20016";"Exp60_154_IS20016";NA;"2023-10-12 09:17:00";77371,7
"878042";"27:2:2";"Exp60_154_IS20016";"Exp60_154_IS20016";NA;"2023-10-12 09:31:00";77345,2
"878043";"27:2:2";"Exp60_154_IS20016";"Exp60_154_IS20016";NA;"2023-10-12 09:47:00";77314,3
"878044";"27:2:2";"Exp60_154_IS20016";"Exp60_154_IS20016";NA;"2023-10-12 10:01:00";77283,2
"878045";"27:2:2";"Exp60_154_IS20016";"Exp60_154_IS20016";NA;"2023-10-12 15:01:00";76735,5
"878046";"27:2:2";"Exp60_154_IS20016";"Exp60_154_IS20016";NA;"2023-10-12 15:17:00";76706,4
"878047";"27:2:2";"Exp60_154_IS20016";"Exp60_154_IS20016";NA;"2023-10-12 15:31:00";76695,1
"878048";"27:2:2";"Exp60_154_IS20016";"Exp60_154_IS20016";NA;"2023-10-12 15:47:00";76697,5
"878049";"27:2:2";"Exp60_154_IS20016";"Exp60_154_IS20016";NA;"2023-10-12 16:01:00";76685,5
"878050";"27:2:2";"Exp60_154_IS20016";"Exp60_154_IS20016";NA;"2023-10-12 16:17:00";76673,6
"878051";"27:2:2";"Exp60_154_IS20016";"Exp60_154_IS20016";NA;"2023-10-12 16:31:00";76668,8
"878052";"27:2:2";"Exp60_154_IS20016";"Exp60_154_IS20016";NA;"2023-10-12 16:47:00";76657,6
"878053";"27:2:2";"Exp60_154_IS20016";"Exp60_154_IS20016";NA;"2023-10-12 17:01:00";76656,5
"878054";"27:2:2";"Exp60_154_IS20016";"Exp60_154_IS20016";NA;"2023-10-12 17:17:00";76657,4
"878055";"27:2:2";"Exp60_154_IS20016";"Exp60_154_IS20016";NA;"2023-10-12 17:31:00";76654,4
"878056";"27:2:2";"Exp60_154_IS20016";"Exp60_154_IS20016";NA;"2023-10-12 17:47:00";76657,4
"878057";"27:2:2";"Exp60_154_IS20016";"Exp60_154_IS20016";NA;"2023-10-12 18:01:00";76663,6
"878058";"27:2:2";"Exp60_154_IS20016";"Exp60_154_IS20016";NA;"2023-10-12 18:17:00";76662,9
"878059";"27:2:2";"Exp60_154_IS20016";"Exp60_154_IS20016";NA;"2023-10-12 18:31:00";76666,2
"878060";"27:2:2";"Exp60_154_IS20016";"Exp60_154_IS20016";NA;"2023-10-12 18:47:00";76668,5
"878061";"27:2:2";"Exp60_154_IS20016";"Exp60_154_IS20016";NA;"2023-10-12 19:01:00";76673,9
"878062";"27:2:2";"Exp60_154_IS20016";"Exp60_154_IS20016";NA;"2023-10-12 19:17:00";76676,5
"878063";"27:2:2";"Exp60_154_IS20016";"Exp60_154_IS20016";NA;"2023-10-12 19:31:00";76678
"878064";"27:2:2";"Exp60_154_IS20016";"Exp60_154_IS20016";NA;"2023-10-12 20:02:00";76681
"878065";"27:2:2";"Exp60_154_IS20016";"Exp60_154_IS20016";NA;"2023-10-12 20:16:00";76682,8
"878066";"27:2:2";"Exp60_154_IS20016";"Exp60_154_IS20016";NA;"2023-10-13 03:16:00";76773,2
"878067";"27:2:2";"Exp60_154_IS20016";"Exp60_154_IS20016";NA;"2023-10-13 03:32:00";76775,2
"878068";"27:2:2";"Exp60_154_IS20016";"Exp60_154_IS20016";NA;"2023-10-13 03:46:00";76777,1
"878069";"27:2:2";"Exp60_154_IS20016";"Exp60_154_IS20016";NA;"2023-10-13 04:02:00";76777,1
"878070";"27:2:2";"Exp60_154_IS20016";"Exp60_154_IS20016";NA;"2023-10-13 04:16:00";76777,4
"878071";"27:2:2";"Exp60_154_IS20016";"Exp60_154_IS20016";NA;"2023-10-13 04:32:00";76777,3
"878072";"27:2:2";"Exp60_154_IS20016";"Exp60_154_IS20016";NA;"2023-10-13 04:46:00";76777,1
"878073";"27:2:2";"Exp60_154_IS20016";"Exp60_154_IS20016";NA;"2023-10-13 05:02:00";76779,7
"878074";"27:2:2";"Exp60_154_IS20016";"Exp60_154_IS20016";NA;"2023-10-13 05:16:00";76782,4
"878075";"27:2:2";"Exp60_154_IS20016";"Exp60_154_IS20016";NA;"2023-10-13 05:32:00";76788,4
"878076";"27:2:2";"Exp60_154_IS20016";"Exp60_154_IS20016";NA;"2023-10-13 05:46:00";76789
"878077";"27:2:2";"Exp60_154_IS20016";"Exp60_154_IS20016";NA;"2023-10-13 06:02:00";76790,6
"878078";"27:2:2";"Exp60_154_IS20016";"Exp60_154_IS20016";NA;"2023-10-13 06:16:00";76789
"878079";"27:2:2";"Exp60_154_IS20016";"Exp60_154_IS20016";NA;"2023-10-13 06:32:00";76789,1
"878080";"27:2:2";"Exp60_154_IS20016";"Exp60_154_IS20016";NA;"2023-10-13 06:46:00";76788,2
"878081";"27:2:2";"Exp60_154_IS20016";"Exp60_154_IS20016";NA;"2023-10-13 12:46:00";76293,2
"878082";"27:2:2";"Exp60_154_IS20016";"Exp60_154_IS20016";NA;"2023-10-13 13:02:00";76276,1
"878083";"27:2:2";"Exp60_154_IS20016";"Exp60_154_IS20016";NA;"2023-10-13 13:16:00";76228,4
"878084";"27:2:2";"Exp60_154_IS20016";"Exp60_154_IS20016";NA;"2023-10-13 13:32:00";76209,3
"878085";"27:2:2";"Exp60_154_IS20016";"Exp60_154_IS20016";NA;"2023-10-13 13:46:00";76176,4
"878086";"27:2:2";"Exp60_154_IS20016";"Exp60_154_IS20016";NA;"2023-10-13 19:46:00";79722,3
"878087";"27:2:2";"Exp60_154_IS20016";"Exp60_154_IS20016";NA;"2023-10-13 20:02:00";79650,7
"878088";"27:2:2";"Exp60_154_IS20016";"Exp60_154_IS20016";NA;"2023-10-13 20:16:00";79587,1
"878089";"27:2:2";"Exp60_154_IS20016";"Exp60_154_IS20016";NA;"2023-10-13 20:32:00";79528
"878090";"27:2:2";"Exp60_154_IS20016";"Exp60_154_IS20016";NA;"2023-10-13 20:46:00";79482
"878091";"27:2:2";"Exp60_154_IS20016";"Exp60_154_IS20016";NA;"2023-10-13 21:02:00";79435,4
"878092";"27:2:2";"Exp60_154_IS20016";"Exp60_154_IS20016";NA;"2023-10-13 21:16:00";79399,3
"878093";"27:2:2";"Exp60_154_IS20016";"Exp60_154_IS20016";NA;"2023-10-13 21:32:00";79362,2
"878094";"27:2:2";"Exp60_154_IS20016";"Exp60_154_IS20016";NA;"2023-10-13 21:46:00";79336,9
"878095";"27:2:2";"Exp60_154_IS20016";"Exp60_154_IS20016";NA;"2023-10-13 22:02:00";79305,7
"878096";"27:2:2";"Exp60_154_IS20016";"Exp60_154_IS20016";NA;"2023-10-13 22:16:00";79284,8
"878097";"27:2:2";"Exp60_154_IS20016";"Exp60_154_IS20016";NA;"2023-10-13 22:32:00";79262,8
"878098";"27:2:2";"Exp60_154_IS20016";"Exp60_154_IS20016";NA;"2023-10-13 22:46:00";79249,1
"878099";"27:2:2";"Exp60_154_IS20016";"Exp60_154_IS20016";NA;"2023-10-13 23:02:00";79233,8
"878100";"27:2:2";"Exp60_154_IS20016";"Exp60_154_IS20016";NA;"2023-10-13 23:16:00";79220,6
"878101";"27:2:2";"Exp60_154_IS20016";"Exp60_154_IS20016";NA;"2023-10-13 23:47:00";79184,4
"878102";"27:2:2";"Exp60_154_IS20016";"Exp60_154_IS20016";NA;"2023-10-14 00:01:00";79177,2
"878103";"27:2:2";"Exp60_154_IS20016";"Exp60_154_IS20016";NA;"2023-10-14 00:17:00";79175,7
"878104";"27:2:2";"Exp60_154_IS20016";"Exp60_154_IS20016";NA;"2023-10-14 00:31:00";79163,1
"878105";"27:2:2";"Exp60_154_IS20016";"Exp60_154_IS20016";NA;"2023-10-14 00:47:00";79149
"878106";"27:2:2";"Exp60_154_IS20016";"Exp60_154_IS20016";NA;"2023-10-14 01:01:00";79145
"878107";"27:2:2";"Exp60_154_IS20016";"Exp60_154_IS20016";NA;"2023-10-14 01:17:00";79143,1
"878108";"27:2:2";"Exp60_154_IS20016";"Exp60_154_IS20016";NA;"2023-10-14 01:31:00";79141,2
"878109";"27:2:2";"Exp60_154_IS20016";"Exp60_154_IS20016";NA;"2023-10-14 01:47:00";79124,4
"878110";"27:2:2";"Exp60_154_IS20016";"Exp60_154_IS20016";NA;"2023-10-14 02:01:00";79123,7
"878111";"27:2:2";"Exp60_154_IS20016";"Exp60_154_IS20016";NA;"2023-10-14 02:17:00";79119,1
"878112";"27:2:2";"Exp60_154_IS20016";"Exp60_154_IS20016";NA;"2023-10-14 02:31:00";79115,9
"878113";"27:2:2";"Exp60_154_IS20016";"Exp60_154_IS20016";NA;"2023-10-14 02:47:00";79109
"878114";"27:2:2";"Exp60_154_IS20016";"Exp60_154_IS20016";NA;"2023-10-14 03:01:00";79110,2
"878115";"27:2:2";"Exp60_154_IS20016";"Exp60_154_IS20016";NA;"2023-10-14 03:17:00";79104,7
"878116";"27:2:2";"Exp60_154_IS20016";"Exp60_154_IS20016";NA;"2023-10-14 03:31:00";79100,3
"878117";"27:2:2";"Exp60_154_IS20016";"Exp60_154_IS20016";NA;"2023-10-14 04:17:00";79090
"878118";"27:2:2";"Exp60_154_IS20016";"Exp60_154_IS20016";NA;"2023-10-14 04:31:00";79087,8
"878119";"27:2:2";"Exp60_154_IS20016";"Exp60_154_IS20016";NA;"2023-10-14 04:47:00";79083
"878120";"27:2:2";"Exp60_154_IS20016";"Exp60_154_IS20016";NA;"2023-10-14 05:01:00";79081,1
"878121";"27:2:2";"Exp60_154_IS20016";"Exp60_154_IS20016";NA;"2023-10-14 05:17:00";79079,7
"878122";"27:2:2";"Exp60_154_IS20016";"Exp60_154_IS20016";NA;"2023-10-14 05:31:00";79078,6
"878123";"27:2:2";"Exp60_154_IS20016";"Exp60_154_IS20016";NA;"2023-10-14 05:47:00";79077,7
"878124";"27:2:2";"Exp60_154_IS20016";"Exp60_154_IS20016";NA;"2023-10-14 06:01:00";79076,5
"878125";"27:2:2";"Exp60_154_IS20016";"Exp60_154_IS20016";NA;"2023-10-14 06:17:00";79072,6
"878126";"27:2:2";"Exp60_154_IS20016";"Exp60_154_IS20016";NA;"2023-10-14 06:31:00";79071,3
"878127";"27:2:2";"Exp60_154_IS20016";"Exp60_154_IS20016";NA;"2023-10-14 07:02:00";79067,7
"878128";"27:2:2";"Exp60_154_IS20016";"Exp60_154_IS20016";NA;"2023-10-14 07:16:00";79066,1
"878129";"27:2:2";"Exp60_154_IS20016";"Exp60_154_IS20016";NA;"2023-10-14 07:32:00";79060,2
"878130";"27:2:2";"Exp60_154_IS20016";"Exp60_154_IS20016";NA;"2023-10-14 08:16:00";79035,4
"878131";"27:2:2";"Exp60_154_IS20016";"Exp60_154_IS20016";NA;"2023-10-14 08:32:00";79024,1
"878132";"27:2:2";"Exp60_154_IS20016";"Exp60_154_IS20016";NA;"2023-10-14 08:46:00";79009,9
"878133";"27:2:2";"Exp60_154_IS20016";"Exp60_154_IS20016";NA;"2023-10-14 09:02:00";78990,6
"878134";"27:2:2";"Exp60_154_IS20016";"Exp60_154_IS20016";NA;"2023-10-14 09:16:00";78966,9
"878135";"27:2:2";"Exp60_154_IS20016";"Exp60_154_IS20016";NA;"2023-10-14 09:32:00";78936,5
"878136";"27:2:2";"Exp60_154_IS20016";"Exp60_154_IS20016";NA;"2023-10-14 09:46:00";78913,5
"878137";"27:2:2";"Exp60_154_IS20016";"Exp60_154_IS20016";NA;"2023-10-14 10:02:00";78864,3
"878138";"27:2:2";"Exp60_154_IS20016";"Exp60_154_IS20016";NA;"2023-10-14 10:16:00";78824,3
"878139";"27:2:2";"Exp60_154_IS20016";"Exp60_154_IS20016";NA;"2023-10-14 10:32:00";78778,3
"878140";"27:2:2";"Exp60_154_IS20016";"Exp60_154_IS20016";NA;"2023-10-14 10:46:00";78741,2
"878141";"27:2:2";"Exp60_154_IS20016";"Exp60_154_IS20016";NA;"2023-10-14 11:02:00";78700,1
"878142";"27:2:2";"Exp60_154_IS20016";"Exp60_154_IS20016";NA;"2023-10-14 11:16:00";78662,2
"878143";"27:2:2";"Exp60_154_IS20016";"Exp60_154_IS20016";NA;"2023-10-14 11:32:00";78623,6
"878144";"27:2:2";"Exp60_154_IS20016";"Exp60_154_IS20016";NA;"2023-10-14 11:46:00";78585,4
"878145";"27:2:2";"Exp60_154_IS20016";"Exp60_154_IS20016";NA;"2023-10-14 12:02:00";78562,1
"878146";"27:2:2";"Exp60_154_IS20016";"Exp60_154_IS20016";NA;"2023-10-14 12:16:00";78540,6
"878147";"27:2:2";"Exp60_154_IS20016";"Exp60_154_IS20016";NA;"2023-10-14 12:32:00";78489,6
"878148";"27:2:2";"Exp60_154_IS20016";"Exp60_154_IS20016";NA;"2023-10-14 12:46:00";78472,4
"878149";"27:2:2";"Exp60_154_IS20016";"Exp60_154_IS20016";NA;"2023-10-14 13:02:00";78444
"878150";"27:2:2";"Exp60_154_IS20016";"Exp60_154_IS20016";NA;"2023-10-14 13:16:00";78424,5
"878151";"27:2:2";"Exp60_154_IS20016";"Exp60_154_IS20016";NA;"2023-10-14 13:32:00";78396,5
"878152";"27:2:2";"Exp60_154_IS20016";"Exp60_154_IS20016";NA;"2023-10-14 13:46:00";78360,8
"878153";"27:2:2";"Exp60_154_IS20016";"Exp60_154_IS20016";NA;"2023-10-14 19:31:00";78160,2
"878154";"27:2:2";"Exp60_154_IS20016";"Exp60_154_IS20016";NA;"2023-10-15 02:01:00";78182
"878155";"27:2:2";"Exp60_154_IS20016";"Exp60_154_IS20016";NA;"2023-10-15 02:17:00";78182
"878156";"27:2:2";"Exp60_154_IS20016";"Exp60_154_IS20016";NA;"2023-10-15 02:31:00";78182,2
"878157";"27:2:2";"Exp60_154_IS20016";"Exp60_154_IS20016";NA;"2023-10-15 02:47:00";78181,7
"878158";"27:2:2";"Exp60_154_IS20016";"Exp60_154_IS20016";NA;"2023-10-15 03:01:00";78182,4
"878159";"27:2:2";"Exp60_154_IS20016";"Exp60_154_IS20016";NA;"2023-10-15 03:17:00";78184,2
"878160";"27:2:2";"Exp60_154_IS20016";"Exp60_154_IS20016";NA;"2023-10-15 03:31:00";78185,8
"878161";"27:2:2";"Exp60_154_IS20016";"Exp60_154_IS20016";NA;"2023-10-15 03:47:00";78186,1
"878162";"27:2:2";"Exp60_154_IS20016";"Exp60_154_IS20016";NA;"2023-10-15 04:01:00";78187,3
"878163";"27:2:2";"Exp60_154_IS20016";"Exp60_154_IS20016";NA;"2023-10-15 04:32:00";78186,7
"878164";"27:2:2";"Exp60_154_IS20016";"Exp60_154_IS20016";NA;"2023-10-15 04:46:00";78185,8
"878165";"27:2:2";"Exp60_154_IS20016";"Exp60_154_IS20016";NA;"2023-10-15 05:32:00";78183,3
"878166";"27:2:2";"Exp60_154_IS20016";"Exp60_154_IS20016";NA;"2023-10-15 05:46:00";78185,7
"878167";"27:2:2";"Exp60_154_IS20016";"Exp60_154_IS20016";NA;"2023-10-15 06:17:00";78186,3
"878168";"27:2:2";"Exp60_154_IS20016";"Exp60_154_IS20016";NA;"2023-10-15 06:31:00";78186,3
"878169";"27:2:2";"Exp60_154_IS20016";"Exp60_154_IS20016";NA;"2023-10-15 07:02:00";78185,5
"878170";"27:2:2";"Exp60_154_IS20016";"Exp60_154_IS20016";NA;"2023-10-15 07:16:00";78186,7
"878171";"27:2:2";"Exp60_154_IS20016";"Exp60_154_IS20016";NA;"2023-10-15 07:32:00";78184,7
"878172";"27:2:2";"Exp60_154_IS20016";"Exp60_154_IS20016";NA;"2023-10-15 07:46:00";78185
"878173";"27:2:2";"Exp60_154_IS20016";"Exp60_154_IS20016";NA;"2023-10-15 08:17:00";78171,4
"878174";"27:2:2";"Exp60_154_IS20016";"Exp60_154_IS20016";NA;"2023-10-15 08:31:00";78161,4
"878175";"27:2:2";"Exp60_154_IS20016";"Exp60_154_IS20016";NA;"2023-10-15 08:47:00";78149,5
"878176";"27:2:2";"Exp60_154_IS20016";"Exp60_154_IS20016";NA;"2023-10-15 09:01:00";78138,8
"878177";"27:2:2";"Exp60_154_IS20016";"Exp60_154_IS20016";NA;"2023-10-15 09:17:00";78122,1
"878178";"27:2:2";"Exp60_154_IS20016";"Exp60_154_IS20016";NA;"2023-10-15 09:31:00";78106,1
"878179";"27:2:2";"Exp60_154_IS20016";"Exp60_154_IS20016";NA;"2023-10-15 09:47:00";78082,6
"878180";"27:2:2";"Exp60_154_IS20016";"Exp60_154_IS20016";NA;"2023-10-15 10:01:00";78052,3
"878181";"27:2:2";"Exp60_154_IS20016";"Exp60_154_IS20016";NA;"2023-10-15 10:17:00";78016,4
"878182";"27:2:2";"Exp60_154_IS20016";"Exp60_154_IS20016";NA;"2023-10-15 10:31:00";77984,7
"878183";"27:2:2";"Exp60_154_IS20016";"Exp60_154_IS20016";NA;"2023-10-15 10:47:00";77952,7
"878184";"27:2:2";"Exp60_154_IS20016";"Exp60_154_IS20016";NA;"2023-10-15 11:01:00";77920,9
"878185";"27:2:2";"Exp60_154_IS20016";"Exp60_154_IS20016";NA;"2023-10-15 18:01:00";77464,5
"878186";"27:2:2";"Exp60_154_IS20016";"Exp60_154_IS20016";NA;"2023-10-15 18:17:00";77466
"878187";"27:2:2";"Exp60_154_IS20016";"Exp60_154_IS20016";NA;"2023-10-15 18:31:00";77472,2
"878188";"27:2:2";"Exp60_154_IS20016";"Exp60_154_IS20016";NA;"2023-10-15 18:47:00";77466,5
"878189";"27:2:2";"Exp60_154_IS20016";"Exp60_154_IS20016";NA;"2023-10-15 19:01:00";77467
"878190";"27:2:2";"Exp60_154_IS20016";"Exp60_154_IS20016";NA;"2023-10-15 19:17:00";77470,3
"878191";"27:2:2";"Exp60_154_IS20016";"Exp60_154_IS20016";NA;"2023-10-15 19:31:00";77471,7
"878192";"27:2:2";"Exp60_154_IS20016";"Exp60_154_IS20016";NA;"2023-10-16 03:46:00";77551,1
"878193";"27:2:2";"Exp60_154_IS20016";"Exp60_154_IS20016";NA;"2023-10-16 04:02:00";77553,1
"878194";"27:2:2";"Exp60_154_IS20016";"Exp60_154_IS20016";NA;"2023-10-16 04:16:00";77557
"878195";"27:2:2";"Exp60_154_IS20016";"Exp60_154_IS20016";NA;"2023-10-16 04:32:00";77557
"878196";"27:2:2";"Exp60_154_IS20016";"Exp60_154_IS20016";NA;"2023-10-16 04:46:00";77557,8
"878197";"27:2:2";"Exp60_154_IS20016";"Exp60_154_IS20016";NA;"2023-10-16 05:02:00";77558,5
"878198";"27:2:2";"Exp60_154_IS20016";"Exp60_154_IS20016";NA;"2023-10-16 05:16:00";77558,5
"878199";"27:2:2";"Exp60_154_IS20016";"Exp60_154_IS20016";NA;"2023-10-16 05:32:00";77559,1
"878200";"27:2:2";"Exp60_154_IS20016";"Exp60_154_IS20016";NA;"2023-10-16 05:46:00";77560,3
"878201";"27:2:2";"Exp60_154_IS20016";"Exp60_154_IS20016";NA;"2023-10-16 06:02:00";77562,1
"878202";"27:2:2";"Exp60_154_IS20016";"Exp60_154_IS20016";NA;"2023-10-16 06:16:00";77562,5
"878203";"27:2:2";"Exp60_154_IS20016";"Exp60_154_IS20016";NA;"2023-10-16 06:32:00";77561,6
"878204";"27:2:2";"Exp60_154_IS20016";"Exp60_154_IS20016";NA;"2023-10-16 06:46:00";77563,5
"878205";"27:2:2";"Exp60_154_IS20016";"Exp60_154_IS20016";NA;"2023-10-16 07:02:00";77564,2
"878206";"27:2:2";"Exp60_154_IS20016";"Exp60_154_IS20016";NA;"2023-10-16 07:16:00";77564,6
"878207";"27:2:2";"Exp60_154_IS20016";"Exp60_154_IS20016";NA;"2023-10-16 07:47:00";77558,6
"878208";"27:2:2";"Exp60_154_IS20016";"Exp60_154_IS20016";NA;"2023-10-16 08:01:00";77553,2
"878209";"27:2:2";"Exp60_154_IS20016";"Exp60_154_IS20016";NA;"2023-10-16 08:17:00";77548,9
"878210";"27:2:2";"Exp60_154_IS20016";"Exp60_154_IS20016";NA;"2023-10-16 08:31:00";77536,5
"878211";"27:2:2";"Exp60_154_IS20016";"Exp60_154_IS20016";NA;"2023-10-16 08:47:00";77525,4
"878212";"27:2:2";"Exp60_154_IS20016";"Exp60_154_IS20016";NA;"2023-10-16 09:01:00";77512,9
"878213";"27:2:2";"Exp60_154_IS20016";"Exp60_154_IS20016";NA;"2023-10-16 09:17:00";77488,5
"878214";"27:2:2";"Exp60_154_IS20016";"Exp60_154_IS20016";NA;"2023-10-16 09:31:00";77471,7
"878215";"27:2:2";"Exp60_154_IS20016";"Exp60_154_IS20016";NA;"2023-10-16 09:47:00";77444,4
"878216";"27:2:2";"Exp60_154_IS20016";"Exp60_154_IS20016";NA;"2023-10-16 10:01:00";77416,9
"878217";"27:2:2";"Exp60_154_IS20016";"Exp60_154_IS20016";NA;"2023-10-16 10:17:00";77386,2
"878218";"27:2:2";"Exp60_154_IS20016";"Exp60_154_IS20016";NA;"2023-10-16 10:31:00";77351,3
"878219";"27:2:2";"Exp60_154_IS20016";"Exp60_154_IS20016";NA;"2023-10-16 10:47:00";77317,6
"878220";"27:2:2";"Exp60_154_IS20016";"Exp60_154_IS20016";NA;"2023-10-16 11:01:00";77288,1
"878221";"27:2:2";"Exp60_154_IS20016";"Exp60_154_IS20016";NA;"2023-10-16 11:32:00";77253,9
"878222";"27:2:2";"Exp60_154_IS20016";"Exp60_154_IS20016";NA;"2023-10-16 11:46:00";77216,1
"878223";"27:2:2";"Exp60_154_IS20016";"Exp60_154_IS20016";NA;"2023-10-16 12:17:00";77175,3
"878224";"27:2:2";"Exp60_154_IS20016";"Exp60_154_IS20016";NA;"2023-10-16 12:31:00";77140,6
"878225";"27:2:2";"Exp60_154_IS20016";"Exp60_154_IS20016";NA;"2023-10-16 13:02:00";77091,5
"878226";"27:2:2";"Exp60_154_IS20016";"Exp60_154_IS20016";NA;"2023-10-16 13:16:00";77061,1
"878227";"27:2:2";"Exp60_154_IS20016";"Exp60_154_IS20016";NA;"2023-10-16 13:32:00";77055,5
"878228";"27:2:2";"Exp60_154_IS20016";"Exp60_154_IS20016";NA;"2023-10-16 13:46:00";77041,1
"878229";"27:2:2";"Exp60_154_IS20016";"Exp60_154_IS20016";NA;"2023-10-16 14:02:00";77030,6
"878230";"27:2:2";"Exp60_154_IS20016";"Exp60_154_IS20016";NA;"2023-10-16 14:16:00";77027,8
"878231";"27:2:2";"Exp60_154_IS20016";"Exp60_154_IS20016";NA;"2023-10-16 14:32:00";76995
"878232";"27:2:2";"Exp60_154_IS20016";"Exp60_154_IS20016";NA;"2023-10-16 14:46:00";76994,6
"878233";"27:2:2";"Exp60_154_IS20016";"Exp60_154_IS20016";NA;"2023-10-16 22:16:00";76986,6
"878234";"27:2:2";"Exp60_154_IS20016";"Exp60_154_IS20016";NA;"2023-10-16 22:32:00";76988,6
"878235";"27:2:2";"Exp60_154_IS20016";"Exp60_154_IS20016";NA;"2023-10-16 22:46:00";76991,8
"878236";"27:2:2";"Exp60_154_IS20016";"Exp60_154_IS20016";NA;"2023-10-17 05:46:00";77026,8
"878237";"27:2:2";"Exp60_154_IS20016";"Exp60_154_IS20016";NA;"2023-10-17 06:02:00";77025,6
"878238";"27:2:2";"Exp60_154_IS20016";"Exp60_154_IS20016";NA;"2023-10-17 06:16:00";77026,5
"878239";"27:2:2";"Exp60_154_IS20016";"Exp60_154_IS20016";NA;"2023-10-17 06:32:00";77026,9
"878240";"27:2:2";"Exp60_154_IS20016";"Exp60_154_IS20016";NA;"2023-10-17 06:46:00";77027,9
"878241";"27:2:2";"Exp60_154_IS20016";"Exp60_154_IS20016";NA;"2023-10-17 12:46:00";76444,9
"878242";"27:2:2";"Exp60_154_IS20016";"Exp60_154_IS20016";NA;"2023-10-17 13:02:00";76419,7
"878243";"27:2:2";"Exp60_154_IS20016";"Exp60_154_IS20016";NA;"2023-10-17 13:16:00";76402
"878244";"27:2:2";"Exp60_154_IS20016";"Exp60_154_IS20016";NA;"2023-10-17 13:32:00";76372
"878245";"27:2:2";"Exp60_154_IS20016";"Exp60_154_IS20016";NA;"2023-10-17 13:46:00";76359
"878246";"27:2:2";"Exp60_154_IS20016";"Exp60_154_IS20016";NA;"2023-10-17 14:02:00";76338,2
"878247";"27:2:2";"Exp60_154_IS20016";"Exp60_154_IS20016";NA;"2023-10-17 14:16:00";76325,9
"878248";"27:2:2";"Exp60_154_IS20016";"Exp60_154_IS20016";NA;"2023-10-17 14:32:00";76314,3
"878249";"27:2:2";"Exp60_154_IS20016";"Exp60_154_IS20016";NA;"2023-10-17 14:46:00";76301,9
"878250";"27:2:2";"Exp60_154_IS20016";"Exp60_154_IS20016";NA;"2023-10-17 15:17:00";76272,9
"878251";"27:2:2";"Exp60_154_IS20016";"Exp60_154_IS20016";NA;"2023-10-17 15:31:00";76259,5
"878252";"27:2:2";"Exp60_154_IS20016";"Exp60_154_IS20016";NA;"2023-10-17 16:17:00";76238,3
"878253";"27:2:2";"Exp60_154_IS20016";"Exp60_154_IS20016";NA;"2023-10-17 16:31:00";76230,4
"878254";"27:2:2";"Exp60_154_IS20016";"Exp60_154_IS20016";NA;"2023-10-17 16:47:00";76225,4
"878255";"27:2:2";"Exp60_154_IS20016";"Exp60_154_IS20016";NA;"2023-10-17 17:01:00";76224,5
"878256";"27:2:2";"Exp60_154_IS20016";"Exp60_154_IS20016";NA;"2023-10-17 18:32:00";76235
"878257";"27:2:2";"Exp60_154_IS20016";"Exp60_154_IS20016";NA;"2023-10-17 18:46:00";76238,7
"878258";"27:2:2";"Exp60_154_IS20016";"Exp60_154_IS20016";NA;"2023-10-17 19:02:00";76246,1
"878259";"27:2:2";"Exp60_154_IS20016";"Exp60_154_IS20016";NA;"2023-10-17 19:16:00";76249,2
"878260";"27:2:2";"Exp60_154_IS20016";"Exp60_154_IS20016";NA;"2023-10-17 19:32:00";76254,5
"878261";"27:2:2";"Exp60_154_IS20016";"Exp60_154_IS20016";NA;"2023-10-17 19:46:00";76259,1
"878262";"27:2:2";"Exp60_154_IS20016";"Exp60_154_IS20016";NA;"2023-10-18 01:31:00";76321,1
"878263";"27:2:2";"Exp60_154_IS20016";"Exp60_154_IS20016";NA;"2023-10-18 02:02:00";76326,5
"878264";"27:2:2";"Exp60_154_IS20016";"Exp60_154_IS20016";NA;"2023-10-18 02:16:00";76326,7
"878265";"27:2:2";"Exp60_154_IS20016";"Exp60_154_IS20016";NA;"2023-10-18 02:32:00";76329
"878266";"27:2:2";"Exp60_154_IS20016";"Exp60_154_IS20016";NA;"2023-10-18 02:46:00";76332,1
"878267";"27:2:2";"Exp60_154_IS20016";"Exp60_154_IS20016";NA;"2023-10-18 03:02:00";76334,3
"878268";"27:2:2";"Exp60_154_IS20016";"Exp60_154_IS20016";NA;"2023-10-18 03:16:00";76340,6
"878269";"27:2:2";"Exp60_154_IS20016";"Exp60_154_IS20016";NA;"2023-10-18 03:32:00";76344,5
"878270";"27:2:2";"Exp60_154_IS20016";"Exp60_154_IS20016";NA;"2023-10-18 04:01:00";76347,2
"878271";"27:2:2";"Exp60_154_IS20016";"Exp60_154_IS20016";NA;"2023-10-18 04:17:00";76348,3
"878272";"27:2:2";"Exp60_154_IS20016";"Exp60_154_IS20016";NA;"2023-10-18 04:31:00";76349,8
"878273";"27:2:2";"Exp60_154_IS20016";"Exp60_154_IS20016";NA;"2023-10-18 04:47:00";76354,5
"878274";"27:2:2";"Exp60_154_IS20016";"Exp60_154_IS20016";NA;"2023-10-18 05:01:00";76355,7
"878275";"27:2:2";"Exp60_154_IS20016";"Exp60_154_IS20016";NA;"2023-10-18 05:17:00";76356,6
"878276";"27:2:2";"Exp60_154_IS20016";"Exp60_154_IS20016";NA;"2023-10-18 05:31:00";76358,8
"878277";"27:2:2";"Exp60_154_IS20016";"Exp60_154_IS20016";NA;"2023-10-18 05:47:00";76360,8
"878278";"27:2:2";"Exp60_154_IS20016";"Exp60_154_IS20016";NA;"2023-10-18 06:01:00";76366,2
"878279";"27:2:2";"Exp60_154_IS20016";"Exp60_154_IS20016";NA;"2023-10-18 06:17:00";76366
"878280";"27:2:2";"Exp60_154_IS20016";"Exp60_154_IS20016";NA;"2023-10-18 06:31:00";76367,5
"878281";"27:2:2";"Exp60_154_IS20016";"Exp60_154_IS20016";NA;"2023-10-18 07:32:00";76363,8
"878282";"27:2:2";"Exp60_154_IS20016";"Exp60_154_IS20016";NA;"2023-10-18 07:46:00";76365,2
"878283";"27:2:2";"Exp60_154_IS20016";"Exp60_154_IS20016";NA;"2023-10-18 08:02:00";76363,1
"878284";"27:2:2";"Exp60_154_IS20016";"Exp60_154_IS20016";NA;"2023-10-18 08:16:00";76359
"878285";"27:2:2";"Exp60_154_IS20016";"Exp60_154_IS20016";NA;"2023-10-18 08:47:00";76341,7
"878286";"27:2:2";"Exp60_154_IS20016";"Exp60_154_IS20016";NA;"2023-10-18 09:01:00";76323,7
"878287";"27:2:2";"Exp60_154_IS20016";"Exp60_154_IS20016";NA;"2023-10-18 09:17:00";76308
"878288";"27:2:2";"Exp60_154_IS20016";"Exp60_154_IS20016";NA;"2023-10-18 09:31:00";76282,5
"878289";"27:2:2";"Exp60_154_IS20016";"Exp60_154_IS20016";NA;"2023-10-18 15:31:00";75830,1
"878290";"27:2:2";"Exp60_154_IS20016";"Exp60_154_IS20016";NA;"2023-10-18 16:32:00";75804,1
"878291";"27:2:2";"Exp60_154_IS20016";"Exp60_154_IS20016";NA;"2023-10-18 16:46:00";75800,7
"878292";"27:2:2";"Exp60_154_IS20016";"Exp60_154_IS20016";NA;"2023-10-18 17:02:00";75798
"878293";"27:2:2";"Exp60_154_IS20016";"Exp60_154_IS20016";NA;"2023-10-18 17:16:00";75799,7
"878294";"27:2:2";"Exp60_154_IS20016";"Exp60_154_IS20016";NA;"2023-10-18 17:32:00";75804,4
"878295";"27:2:2";"Exp60_154_IS20016";"Exp60_154_IS20016";NA;"2023-10-18 17:46:00";75808
"878296";"27:2:2";"Exp60_154_IS20016";"Exp60_154_IS20016";NA;"2023-10-18 18:02:00";75814,5
"878297";"27:2:2";"Exp60_154_IS20016";"Exp60_154_IS20016";NA;"2023-10-18 18:16:00";75818,9
"878298";"27:2:2";"Exp60_154_IS20016";"Exp60_154_IS20016";NA;"2023-10-18 18:32:00";75825,8
"878299";"27:2:2";"Exp60_154_IS20016";"Exp60_154_IS20016";NA;"2023-10-18 18:46:00";75830,7
"878300";"27:2:2";"Exp60_154_IS20016";"Exp60_154_IS20016";NA;"2023-10-19 01:16:00";75897,9
"878301";"27:2:2";"Exp60_154_IS20016";"Exp60_154_IS20016";NA;"2023-10-19 01:32:00";75902,6
"878302";"27:2:2";"Exp60_154_IS20016";"Exp60_154_IS20016";NA;"2023-10-19 01:46:00";75905,7
"878303";"27:2:2";"Exp60_154_IS20016";"Exp60_154_IS20016";NA;"2023-10-19 02:02:00";75909,6
"878304";"27:2:2";"Exp60_154_IS20016";"Exp60_154_IS20016";NA;"2023-10-19 02:16:00";75912,9
"878305";"27:2:2";"Exp60_154_IS20016";"Exp60_154_IS20016";NA;"2023-10-19 02:32:00";75916
"878306";"27:2:2";"Exp60_154_IS20016";"Exp60_154_IS20016";NA;"2023-10-19 02:46:00";75918,3
"878307";"27:2:2";"Exp60_154_IS20016";"Exp60_154_IS20016";NA;"2023-10-19 03:17:00";75920,9
"878308";"27:2:2";"Exp60_154_IS20016";"Exp60_154_IS20016";NA;"2023-10-19 03:31:00";75923,4
"878309";"27:2:2";"Exp60_154_IS20016";"Exp60_154_IS20016";NA;"2023-10-19 03:47:00";75925,6
"878310";"27:2:2";"Exp60_154_IS20016";"Exp60_154_IS20016";NA;"2023-10-19 04:01:00";75924,7
"878311";"27:2:2";"Exp60_154_IS20016";"Exp60_154_IS20016";NA;"2023-10-19 04:17:00";75924,1
"878312";"27:2:2";"Exp60_154_IS20016";"Exp60_154_IS20016";NA;"2023-10-19 04:31:00";75925,2
"878313";"27:2:2";"Exp60_154_IS20016";"Exp60_154_IS20016";NA;"2023-10-19 04:47:00";75930,1
"878314";"27:2:2";"Exp60_154_IS20016";"Exp60_154_IS20016";NA;"2023-10-19 05:01:00";75931,2
"878315";"27:2:2";"Exp60_154_IS20016";"Exp60_154_IS20016";NA;"2023-10-19 05:17:00";75934,4
"878316";"27:2:2";"Exp60_154_IS20016";"Exp60_154_IS20016";NA;"2023-10-19 05:31:00";75935
"878317";"27:2:2";"Exp60_154_IS20016";"Exp60_154_IS20016";NA;"2023-10-19 05:47:00";75936,9
"878318";"27:2:2";"Exp60_154_IS20016";"Exp60_154_IS20016";NA;"2023-10-19 06:01:00";75941,5
"878319";"27:2:2";"Exp60_154_IS20016";"Exp60_154_IS20016";NA;"2023-10-19 06:17:00";75944,7
"878320";"27:2:2";"Exp60_154_IS20016";"Exp60_154_IS20016";NA;"2023-10-19 06:31:00";75946,5
"878321";"27:2:2";"Exp60_154_IS20016";"Exp60_154_IS20016";NA;"2023-10-19 06:47:00";75948,9
"878322";"27:2:2";"Exp60_154_IS20016";"Exp60_154_IS20016";NA;"2023-10-19 07:01:00";75950,4
"878323";"27:2:2";"Exp60_154_IS20016";"Exp60_154_IS20016";NA;"2023-10-19 13:46:00";75610,5
"878324";"27:2:2";"Exp60_154_IS20016";"Exp60_154_IS20016";NA;"2023-10-19 14:02:00";75602,3
"878325";"27:2:2";"Exp60_154_IS20016";"Exp60_154_IS20016";NA;"2023-10-19 14:16:00";75583,6
"878326";"27:2:2";"Exp60_154_IS20016";"Exp60_154_IS20016";NA;"2023-10-19 14:32:00";75569,1
"878327";"27:2:2";"Exp60_154_IS20016";"Exp60_154_IS20016";NA;"2023-10-19 14:46:00";75558,9
"878328";"27:2:2";"Exp60_154_IS20016";"Exp60_154_IS20016";NA;"2023-10-19 15:02:00";75549,9
"878329";"27:2:2";"Exp60_154_IS20016";"Exp60_154_IS20016";NA;"2023-10-19 15:16:00";75539,9
"878330";"27:2:2";"Exp60_154_IS20016";"Exp60_154_IS20016";NA;"2023-10-19 15:32:00";75543
"878331";"27:2:2";"Exp60_154_IS20016";"Exp60_154_IS20016";NA;"2023-10-19 15:46:00";76656,8
"878332";"27:2:2";"Exp60_154_IS20016";"Exp60_154_IS20016";NA;"2023-10-19 16:02:00";77676,6
"878333";"27:2:2";"Exp60_154_IS20016";"Exp60_154_IS20016";NA;"2023-10-19 16:16:00";78590,2
"878334";"27:2:2";"Exp60_154_IS20016";"Exp60_154_IS20016";NA;"2023-10-19 16:47:00";79286,6
"878335";"27:2:2";"Exp60_154_IS20016";"Exp60_154_IS20016";NA;"2023-10-19 17:01:00";79221,1
"878336";"27:2:2";"Exp60_154_IS20016";"Exp60_154_IS20016";NA;"2023-10-19 17:17:00";79160,2
"878337";"27:2:2";"Exp60_154_IS20016";"Exp60_154_IS20016";NA;"2023-10-19 17:31:00";79111,4
"878338";"27:2:2";"Exp60_154_IS20016";"Exp60_154_IS20016";NA;"2023-10-19 17:47:00";79062,6
"878339";"27:2:2";"Exp60_154_IS20016";"Exp60_154_IS20016";NA;"2023-10-19 18:01:00";79016,6
"878340";"27:2:2";"Exp60_154_IS20016";"Exp60_154_IS20016";NA;"2023-10-20 01:31:00";78607
"878341";"27:2:2";"Exp60_154_IS20016";"Exp60_154_IS20016";NA;"2023-10-20 01:47:00";78600,5
"878342";"27:2:2";"Exp60_154_IS20016";"Exp60_154_IS20016";NA;"2023-10-20 02:01:00";78603,3
"878343";"27:2:2";"Exp60_154_IS20016";"Exp60_154_IS20016";NA;"2023-10-20 02:17:00";78601,8
"878344";"27:2:2";"Exp60_154_IS20016";"Exp60_154_IS20016";NA;"2023-10-20 02:31:00";78597,3
"878345";"27:2:2";"Exp60_154_IS20016";"Exp60_154_IS20016";NA;"2023-10-20 02:47:00";78602,2
"878346";"27:2:2";"Exp60_154_IS20016";"Exp60_154_IS20016";NA;"2023-10-20 03:01:00";78600,9
"878347";"27:2:2";"Exp60_154_IS20016";"Exp60_154_IS20016";NA;"2023-10-20 03:47:00";78596
"878348";"27:2:2";"Exp60_154_IS20016";"Exp60_154_IS20016";NA;"2023-10-20 04:01:00";78598,3
"878349";"27:2:2";"Exp60_154_IS20016";"Exp60_154_IS20016";NA;"2023-10-20 04:32:00";78596,8
"878350";"27:2:2";"Exp60_154_IS20016";"Exp60_154_IS20016";NA;"2023-10-20 04:46:00";78595,8
"878351";"27:2:2";"Exp60_154_IS20016";"Exp60_154_IS20016";NA;"2023-10-20 05:02:00";78598,3
"878352";"27:2:2";"Exp60_154_IS20016";"Exp60_154_IS20016";NA;"2023-10-20 05:16:00";78597,7
"878353";"27:2:2";"Exp60_154_IS20016";"Exp60_154_IS20016";NA;"2023-10-20 05:32:00";78592,8
"878354";"27:2:2";"Exp60_154_IS20016";"Exp60_154_IS20016";NA;"2023-10-20 05:46:00";78594,6
"878355";"27:2:2";"Exp60_154_IS20016";"Exp60_154_IS20016";NA;"2023-10-20 06:02:00";78595,7
"878356";"27:2:2";"Exp60_154_IS20016";"Exp60_154_IS20016";NA;"2023-10-20 06:16:00";78594,6
"878357";"27:2:2";"Exp60_154_IS20016";"Exp60_154_IS20016";NA;"2023-10-20 06:32:00";78591,7
"878358";"27:2:2";"Exp60_154_IS20016";"Exp60_154_IS20016";NA;"2023-10-20 06:46:00";78588,6
"878359";"27:2:2";"Exp60_154_IS20016";"Exp60_154_IS20016";NA;"2023-10-20 07:02:00";78587,2
"878360";"27:2:2";"Exp60_154_IS20016";"Exp60_154_IS20016";NA;"2023-10-20 07:16:00";78585,2
"878361";"27:2:2";"Exp60_154_IS20016";"Exp60_154_IS20016";NA;"2023-10-20 07:47:00";78576,9
"878362";"27:2:2";"Exp60_154_IS20016";"Exp60_154_IS20016";NA;"2023-10-20 08:01:00";78575,2
"878363";"27:2:2";"Exp60_154_IS20016";"Exp60_154_IS20016";NA;"2023-10-20 08:17:00";78566,6
"878364";"27:2:2";"Exp60_154_IS20016";"Exp60_154_IS20016";NA;"2023-10-20 08:31:00";78556,5
"878365";"27:2:2";"Exp60_154_IS20016";"Exp60_154_IS20016";NA;"2023-10-20 08:47:00";78540
"878366";"27:2:2";"Exp60_154_IS20016";"Exp60_154_IS20016";NA;"2023-10-20 09:01:00";78520,5
"878367";"27:2:2";"Exp60_154_IS20016";"Exp60_154_IS20016";NA;"2023-10-20 13:46:00";78019,8
"878368";"27:2:2";"Exp60_154_IS20016";"Exp60_154_IS20016";NA;"2023-10-20 15:31:00";77890,9
"878369";"27:2:2";"Exp60_154_IS20016";"Exp60_154_IS20016";NA;"2023-10-20 15:47:00";77883,2
"878370";"27:2:2";"Exp60_154_IS20016";"Exp60_154_IS20016";NA;"2023-10-20 16:01:00";77870,7
"878371";"27:2:2";"Exp60_154_IS20016";"Exp60_154_IS20016";NA;"2023-10-20 16:17:00";77858,6
"878372";"27:2:2";"Exp60_154_IS20016";"Exp60_154_IS20016";NA;"2023-10-20 16:31:00";77851,4
"878373";"27:2:2";"Exp60_154_IS20016";"Exp60_154_IS20016";NA;"2023-10-20 16:47:00";77848
"878374";"27:2:2";"Exp60_154_IS20016";"Exp60_154_IS20016";NA;"2023-10-20 17:01:00";77853,2
"878375";"27:2:2";"Exp60_154_IS20016";"Exp60_154_IS20016";NA;"2023-10-20 23:31:00";77886,2
"878376";"27:2:2";"Exp60_154_IS20016";"Exp60_154_IS20016";NA;"2023-10-20 23:47:00";77894,8
"878377";"27:2:2";"Exp60_154_IS20016";"Exp60_154_IS20016";NA;"2023-10-21 00:01:00";77888,9
"878378";"27:2:2";"Exp60_154_IS20016";"Exp60_154_IS20016";NA;"2023-10-21 00:17:00";77891,1
"878379";"27:2:2";"Exp60_154_IS20016";"Exp60_154_IS20016";NA;"2023-10-21 00:31:00";77893,2
"878380";"27:2:2";"Exp60_154_IS20016";"Exp60_154_IS20016";NA;"2023-10-21 01:17:00";77890,8
"878381";"27:2:2";"Exp60_154_IS20016";"Exp60_154_IS20016";NA;"2023-10-21 01:31:00";77886,3
"878382";"27:2:2";"Exp60_154_IS20016";"Exp60_154_IS20016";NA;"2023-10-21 01:47:00";77888,6
"878383";"27:2:2";"Exp60_154_IS20016";"Exp60_154_IS20016";NA;"2023-10-21 02:01:00";77889,5
"878384";"27:2:2";"Exp60_154_IS20016";"Exp60_154_IS20016";NA;"2023-10-21 08:31:00";77907,1
"878385";"27:2:2";"Exp60_154_IS20016";"Exp60_154_IS20016";NA;"2023-10-21 08:47:00";77893,6
"878386";"27:2:2";"Exp60_154_IS20016";"Exp60_154_IS20016";NA;"2023-10-21 09:01:00";77883,2
"878387";"27:2:2";"Exp60_154_IS20016";"Exp60_154_IS20016";NA;"2023-10-21 09:17:00";77868,8
"878388";"27:2:2";"Exp60_154_IS20016";"Exp60_154_IS20016";NA;"2023-10-21 09:31:00";77856,6
"878389";"27:2:2";"Exp60_154_IS20016";"Exp60_154_IS20016";NA;"2023-10-21 09:47:00";77833,2
"878390";"27:2:2";"Exp60_154_IS20016";"Exp60_154_IS20016";NA;"2023-10-21 10:01:00";77804,9
"878391";"27:2:2";"Exp60_154_IS20016";"Exp60_154_IS20016";NA;"2023-10-21 10:32:00";77750,4
"878392";"27:2:2";"Exp60_154_IS20016";"Exp60_154_IS20016";NA;"2023-10-21 10:46:00";77734,2
"878393";"27:2:2";"Exp60_154_IS20016";"Exp60_154_IS20016";NA;"2023-10-21 17:01:00";79192,1
"878394";"27:2:2";"Exp60_154_IS20016";"Exp60_154_IS20016";NA;"2023-10-21 17:32:00";79076,3
"878395";"27:2:2";"Exp60_154_IS20016";"Exp60_154_IS20016";NA;"2023-10-21 17:46:00";79056,2
"878396";"27:2:2";"Exp60_154_IS20016";"Exp60_154_IS20016";NA;"2023-10-21 18:02:00";79037,8
"878397";"27:2:2";"Exp60_154_IS20016";"Exp60_154_IS20016";NA;"2023-10-21 18:16:00";79018,4
"878398";"27:2:2";"Exp60_154_IS20016";"Exp60_154_IS20016";NA;"2023-10-21 18:32:00";78998,1
"878399";"27:2:2";"Exp60_154_IS20016";"Exp60_154_IS20016";NA;"2023-10-21 18:46:00";78977,1
"878400";"27:2:2";"Exp60_154_IS20016";"Exp60_154_IS20016";NA;"2023-10-21 19:02:00";78959,8
"878401";"27:2:2";"Exp60_154_IS20016";"Exp60_154_IS20016";NA;"2023-10-21 19:16:00";78944,7
"878402";"27:2:2";"Exp60_154_IS20016";"Exp60_154_IS20016";NA;"2023-10-21 19:32:00";78927,8
"878403";"27:2:2";"Exp60_154_IS20016";"Exp60_154_IS20016";NA;"2023-10-21 19:46:00";78917,2
"878404";"27:2:2";"Exp60_154_IS20016";"Exp60_154_IS20016";NA;"2023-10-21 20:02:00";78901,6
"878405";"27:2:2";"Exp60_154_IS20016";"Exp60_154_IS20016";NA;"2023-10-21 20:16:00";78887,9
"878406";"27:2:2";"Exp60_154_IS20016";"Exp60_154_IS20016";NA;"2023-10-21 20:32:00";78877,5
"878407";"27:2:2";"Exp60_154_IS20016";"Exp60_154_IS20016";NA;"2023-10-21 20:46:00";78867
"878408";"27:3:1";"Exp60_289_IS32087";"Exp60_289_IS32087";NA;"2023-09-22 10:17:00";78763,5
"878409";"27:3:1";"Exp60_289_IS32087";"Exp60_289_IS32087";NA;"2023-09-22 10:31:00";78743,3
"878410";"27:3:1";"Exp60_289_IS32087";"Exp60_289_IS32087";NA;"2023-09-22 10:47:00";78719,5
"878411";"27:3:1";"Exp60_289_IS32087";"Exp60_289_IS32087";NA;"2023-09-22 11:01:00";78692,7
"878412";"27:3:1";"Exp60_289_IS32087";"Exp60_289_IS32087";NA;"2023-09-22 11:32:00";78644,6
"878413";"27:3:1";"Exp60_289_IS32087";"Exp60_289_IS32087";NA;"2023-09-22 11:46:00";78624,8
"878414";"27:3:1";"Exp60_289_IS32087";"Exp60_289_IS32087";NA;"2023-09-22 12:02:00";78603,6
"878415";"27:3:1";"Exp60_289_IS32087";"Exp60_289_IS32087";NA;"2023-09-22 12:16:00";78585,6
"878416";"27:3:1";"Exp60_289_IS32087";"Exp60_289_IS32087";NA;"2023-09-22 12:32:00";78564,3
"878417";"27:3:1";"Exp60_289_IS32087";"Exp60_289_IS32087";NA;"2023-09-22 12:46:00";78543,4
"878418";"27:3:1";"Exp60_289_IS32087";"Exp60_289_IS32087";NA;"2023-09-22 13:02:00";78521,6
"878419";"27:3:1";"Exp60_289_IS32087";"Exp60_289_IS32087";NA;"2023-09-22 13:16:00";78502,8
"878420";"27:3:1";"Exp60_289_IS32087";"Exp60_289_IS32087";NA;"2023-09-22 13:32:00";78486,1
"878421";"27:3:1";"Exp60_289_IS32087";"Exp60_289_IS32087";NA;"2023-09-22 13:46:00";78466
"878422";"27:3:1";"Exp60_289_IS32087";"Exp60_289_IS32087";NA;"2023-09-22 20:31:00";78272,6
"878423";"27:3:1";"Exp60_289_IS32087";"Exp60_289_IS32087";NA;"2023-09-22 20:47:00";78272
"878424";"27:3:1";"Exp60_289_IS32087";"Exp60_289_IS32087";NA;"2023-09-22 21:01:00";78271,3
"878425";"27:3:1";"Exp60_289_IS32087";"Exp60_289_IS32087";NA;"2023-09-22 21:17:00";78270,6
"878426";"27:3:1";"Exp60_289_IS32087";"Exp60_289_IS32087";NA;"2023-09-22 21:31:00";78270,3
"878427";"27:3:1";"Exp60_289_IS32087";"Exp60_289_IS32087";NA;"2023-09-22 21:47:00";78269,5
"878428";"27:3:1";"Exp60_289_IS32087";"Exp60_289_IS32087";NA;"2023-09-22 22:01:00";78268,4
"878429";"27:3:1";"Exp60_289_IS32087";"Exp60_289_IS32087";NA;"2023-09-22 22:17:00";78269,4
"878430";"27:3:1";"Exp60_289_IS32087";"Exp60_289_IS32087";NA;"2023-09-22 22:31:00";78268,4
"878431";"27:3:1";"Exp60_289_IS32087";"Exp60_289_IS32087";NA;"2023-09-22 22:47:00";78268,4
"878432";"27:3:1";"Exp60_289_IS32087";"Exp60_289_IS32087";NA;"2023-09-22 23:01:00";78269,1
"878433";"27:3:1";"Exp60_289_IS32087";"Exp60_289_IS32087";NA;"2023-09-22 23:17:00";78268,7
"878434";"27:3:1";"Exp60_289_IS32087";"Exp60_289_IS32087";NA;"2023-09-22 23:31:00";78267,8
"878435";"27:3:1";"Exp60_289_IS32087";"Exp60_289_IS32087";NA;"2023-09-22 23:47:00";78267,5
"878436";"27:3:1";"Exp60_289_IS32087";"Exp60_289_IS32087";NA;"2023-09-23 00:01:00";78267,8
"878437";"27:3:1";"Exp60_289_IS32087";"Exp60_289_IS32087";NA;"2023-09-23 00:17:00";78266,8
"878438";"27:3:1";"Exp60_289_IS32087";"Exp60_289_IS32087";NA;"2023-09-23 01:01:00";78265,9
"878439";"27:3:1";"Exp60_289_IS32087";"Exp60_289_IS32087";NA;"2023-09-23 01:17:00";78268,2
"878440";"27:3:1";"Exp60_289_IS32087";"Exp60_289_IS32087";NA;"2023-09-23 01:31:00";78266,2
"878441";"27:3:1";"Exp60_289_IS32087";"Exp60_289_IS32087";NA;"2023-09-23 01:47:00";78266,9
"878442";"27:3:1";"Exp60_289_IS32087";"Exp60_289_IS32087";NA;"2023-09-23 02:01:00";78264,9
"878443";"27:3:1";"Exp60_289_IS32087";"Exp60_289_IS32087";NA;"2023-09-23 02:17:00";78263,8
"878444";"27:3:1";"Exp60_289_IS32087";"Exp60_289_IS32087";NA;"2023-09-23 02:31:00";78261,3
"878445";"27:3:1";"Exp60_289_IS32087";"Exp60_289_IS32087";NA;"2023-09-23 02:47:00";78259,1
"878446";"27:3:1";"Exp60_289_IS32087";"Exp60_289_IS32087";NA;"2023-09-23 03:01:00";78259,7
"878447";"27:3:1";"Exp60_289_IS32087";"Exp60_289_IS32087";NA;"2023-09-23 03:17:00";78259,1
"878448";"27:3:1";"Exp60_289_IS32087";"Exp60_289_IS32087";NA;"2023-09-23 03:31:00";78258,3
"878449";"27:3:1";"Exp60_289_IS32087";"Exp60_289_IS32087";NA;"2023-09-23 03:47:00";78257,4
"878450";"27:3:1";"Exp60_289_IS32087";"Exp60_289_IS32087";NA;"2023-09-23 04:16:00";78254,7
"878451";"27:3:1";"Exp60_289_IS32087";"Exp60_289_IS32087";NA;"2023-09-23 04:32:00";78257,5
"878452";"27:3:1";"Exp60_289_IS32087";"Exp60_289_IS32087";NA;"2023-09-23 04:46:00";78254,4
"878453";"27:3:1";"Exp60_289_IS32087";"Exp60_289_IS32087";NA;"2023-09-23 05:02:00";78254,7
"878454";"27:3:1";"Exp60_289_IS32087";"Exp60_289_IS32087";NA;"2023-09-23 05:16:00";78245,4
"878455";"27:3:1";"Exp60_289_IS32087";"Exp60_289_IS32087";NA;"2023-09-23 05:32:00";78250,8
"878456";"27:3:1";"Exp60_289_IS32087";"Exp60_289_IS32087";NA;"2023-09-23 05:46:00";78249,1
"878457";"27:3:1";"Exp60_289_IS32087";"Exp60_289_IS32087";NA;"2023-09-23 06:02:00";78248,9
"878458";"27:3:1";"Exp60_289_IS32087";"Exp60_289_IS32087";NA;"2023-09-23 06:16:00";78249,4
"878459";"27:3:1";"Exp60_289_IS32087";"Exp60_289_IS32087";NA;"2023-09-23 06:32:00";78248,4
"878460";"27:3:1";"Exp60_289_IS32087";"Exp60_289_IS32087";NA;"2023-09-23 06:46:00";78247,6
"878461";"27:3:1";"Exp60_289_IS32087";"Exp60_289_IS32087";NA;"2023-09-23 07:02:00";78244,2
"878462";"27:3:1";"Exp60_289_IS32087";"Exp60_289_IS32087";NA;"2023-09-23 07:16:00";78240,1
"878463";"27:3:1";"Exp60_289_IS32087";"Exp60_289_IS32087";NA;"2023-09-23 07:32:00";78233,1
"878464";"27:3:1";"Exp60_289_IS32087";"Exp60_289_IS32087";NA;"2023-09-23 07:46:00";78227,6
"878465";"27:3:1";"Exp60_289_IS32087";"Exp60_289_IS32087";NA;"2023-09-23 08:02:00";78214,7
"878466";"27:3:1";"Exp60_289_IS32087";"Exp60_289_IS32087";NA;"2023-09-23 08:16:00";78204,7
"878467";"27:3:1";"Exp60_289_IS32087";"Exp60_289_IS32087";NA;"2023-09-23 08:32:00";78195,5
"878468";"27:3:1";"Exp60_289_IS32087";"Exp60_289_IS32087";NA;"2023-09-23 08:46:00";78192,6
"878469";"27:3:1";"Exp60_289_IS32087";"Exp60_289_IS32087";NA;"2023-09-23 09:02:00";78172,8
"878470";"27:3:1";"Exp60_289_IS32087";"Exp60_289_IS32087";NA;"2023-09-23 09:16:00";78169,6
"878471";"27:3:1";"Exp60_289_IS32087";"Exp60_289_IS32087";NA;"2023-09-23 14:01:00";77800,3
"878472";"27:3:1";"Exp60_289_IS32087";"Exp60_289_IS32087";NA;"2023-09-23 14:17:00";77776,8
"878473";"27:3:1";"Exp60_289_IS32087";"Exp60_289_IS32087";NA;"2023-09-23 14:31:00";77759,4
"878474";"27:3:1";"Exp60_289_IS32087";"Exp60_289_IS32087";NA;"2023-09-23 14:47:00";77747,6
"878475";"27:3:1";"Exp60_289_IS32087";"Exp60_289_IS32087";NA;"2023-09-23 15:01:00";77735,2
"878476";"27:3:1";"Exp60_289_IS32087";"Exp60_289_IS32087";NA;"2023-09-23 15:32:00";77717,7
"878477";"27:3:1";"Exp60_289_IS32087";"Exp60_289_IS32087";NA;"2023-09-23 15:46:00";77709
"878478";"27:3:1";"Exp60_289_IS32087";"Exp60_289_IS32087";NA;"2023-09-23 16:17:00";77691,9
"878479";"27:3:1";"Exp60_289_IS32087";"Exp60_289_IS32087";NA;"2023-09-23 16:31:00";77686,3
"878480";"27:3:1";"Exp60_289_IS32087";"Exp60_289_IS32087";NA;"2023-09-23 16:47:00";77679,6
"878481";"27:3:1";"Exp60_289_IS32087";"Exp60_289_IS32087";NA;"2023-09-23 17:01:00";77675,7
"878482";"27:3:1";"Exp60_289_IS32087";"Exp60_289_IS32087";NA;"2023-09-23 17:17:00";77671,3
"878483";"27:3:1";"Exp60_289_IS32087";"Exp60_289_IS32087";NA;"2023-09-23 17:31:00";77666,8
"878484";"27:3:1";"Exp60_289_IS32087";"Exp60_289_IS32087";NA;"2023-09-23 17:47:00";77663,6
"878485";"27:3:1";"Exp60_289_IS32087";"Exp60_289_IS32087";NA;"2023-09-23 18:01:00";77661,9
"878486";"27:3:1";"Exp60_289_IS32087";"Exp60_289_IS32087";NA;"2023-09-23 18:17:00";77661,1
"878487";"27:3:1";"Exp60_289_IS32087";"Exp60_289_IS32087";NA;"2023-09-23 18:31:00";77659,8
"878488";"27:3:1";"Exp60_289_IS32087";"Exp60_289_IS32087";NA;"2023-09-23 18:47:00";77658,9
"878489";"27:3:1";"Exp60_289_IS32087";"Exp60_289_IS32087";NA;"2023-09-23 19:01:00";77658,1
"878490";"27:3:1";"Exp60_289_IS32087";"Exp60_289_IS32087";NA;"2023-09-23 19:17:00";77657,4
"878491";"27:3:1";"Exp60_289_IS32087";"Exp60_289_IS32087";NA;"2023-09-23 19:31:00";77657,2
"878492";"27:3:1";"Exp60_289_IS32087";"Exp60_289_IS32087";NA;"2023-09-23 20:02:00";77655,7
"878493";"27:3:1";"Exp60_289_IS32087";"Exp60_289_IS32087";NA;"2023-09-23 20:16:00";77655,4
"878494";"27:3:1";"Exp60_289_IS32087";"Exp60_289_IS32087";NA;"2023-09-23 20:32:00";77655,1
"878495";"27:3:1";"Exp60_289_IS32087";"Exp60_289_IS32087";NA;"2023-09-23 20:46:00";77655
"878496";"27:3:1";"Exp60_289_IS32087";"Exp60_289_IS32087";NA;"2023-09-23 21:02:00";77654,5
"878497";"27:3:1";"Exp60_289_IS32087";"Exp60_289_IS32087";NA;"2023-09-23 21:16:00";77654,9
"878498";"27:3:1";"Exp60_289_IS32087";"Exp60_289_IS32087";NA;"2023-09-23 21:32:00";77654,6
"878499";"27:3:1";"Exp60_289_IS32087";"Exp60_289_IS32087";NA;"2023-09-23 21:46:00";77653,1
"878500";"27:3:1";"Exp60_289_IS32087";"Exp60_289_IS32087";NA;"2023-09-23 22:02:00";77654,1
"878501";"27:3:1";"Exp60_289_IS32087";"Exp60_289_IS32087";NA;"2023-09-23 22:16:00";77654
"878502";"27:3:1";"Exp60_289_IS32087";"Exp60_289_IS32087";NA;"2023-09-23 23:17:00";77655,2
"878503";"27:3:1";"Exp60_289_IS32087";"Exp60_289_IS32087";NA;"2023-09-23 23:31:00";77654,6
"878504";"27:3:1";"Exp60_289_IS32087";"Exp60_289_IS32087";NA;"2023-09-23 23:47:00";77654,3
"878505";"27:3:1";"Exp60_289_IS32087";"Exp60_289_IS32087";NA;"2023-09-24 00:01:00";77654,1
"878506";"27:3:1";"Exp60_289_IS32087";"Exp60_289_IS32087";NA;"2023-09-24 00:17:00";77654,1
"878507";"27:3:1";"Exp60_289_IS32087";"Exp60_289_IS32087";NA;"2023-09-24 00:31:00";77655,6
"878508";"27:3:1";"Exp60_289_IS32087";"Exp60_289_IS32087";NA;"2023-09-24 00:47:00";77655,4
"878509";"27:3:1";"Exp60_289_IS32087";"Exp60_289_IS32087";NA;"2023-09-24 01:01:00";77653,6
"878510";"27:3:1";"Exp60_289_IS32087";"Exp60_289_IS32087";NA;"2023-09-24 01:17:00";77656,4
"878511";"27:3:1";"Exp60_289_IS32087";"Exp60_289_IS32087";NA;"2023-09-24 01:31:00";77655,8
"878512";"27:3:1";"Exp60_289_IS32087";"Exp60_289_IS32087";NA;"2023-09-24 01:47:00";77655,8
"878513";"27:3:1";"Exp60_289_IS32087";"Exp60_289_IS32087";NA;"2023-09-24 02:01:00";77655,1
"878514";"27:3:1";"Exp60_289_IS32087";"Exp60_289_IS32087";NA;"2023-09-24 02:17:00";77656,4
"878515";"27:3:1";"Exp60_289_IS32087";"Exp60_289_IS32087";NA;"2023-09-24 02:31:00";77656,3
"878516";"27:3:1";"Exp60_289_IS32087";"Exp60_289_IS32087";NA;"2023-09-24 02:47:00";77656,5
"878517";"27:3:1";"Exp60_289_IS32087";"Exp60_289_IS32087";NA;"2023-09-24 03:01:00";77656,5
"878518";"27:3:1";"Exp60_289_IS32087";"Exp60_289_IS32087";NA;"2023-09-24 10:01:00";77607,5
"878519";"27:3:1";"Exp60_289_IS32087";"Exp60_289_IS32087";NA;"2023-09-24 10:17:00";77592,2
"878520";"27:3:1";"Exp60_289_IS32087";"Exp60_289_IS32087";NA;"2023-09-24 10:31:00";77581,4
"878521";"27:3:1";"Exp60_289_IS32087";"Exp60_289_IS32087";NA;"2023-09-24 10:47:00";77569
"878522";"27:3:1";"Exp60_289_IS32087";"Exp60_289_IS32087";NA;"2023-09-24 11:01:00";77558
"878523";"27:3:1";"Exp60_289_IS32087";"Exp60_289_IS32087";NA;"2023-09-24 11:17:00";77540,4
"878524";"27:3:1";"Exp60_289_IS32087";"Exp60_289_IS32087";NA;"2023-09-24 11:31:00";77535
"878525";"27:3:1";"Exp60_289_IS32087";"Exp60_289_IS32087";NA;"2023-09-24 11:47:00";77517,1
"878526";"27:3:1";"Exp60_289_IS32087";"Exp60_289_IS32087";NA;"2023-09-24 12:01:00";77499,6
"878527";"27:3:1";"Exp60_289_IS32087";"Exp60_289_IS32087";NA;"2023-09-24 12:17:00";77485
"878528";"27:3:1";"Exp60_289_IS32087";"Exp60_289_IS32087";NA;"2023-09-24 12:31:00";77470,2
"878529";"27:3:1";"Exp60_289_IS32087";"Exp60_289_IS32087";NA;"2023-09-24 12:47:00";77459,7
"878530";"27:3:1";"Exp60_289_IS32087";"Exp60_289_IS32087";NA;"2023-09-24 13:01:00";77457,7
"878531";"27:3:1";"Exp60_289_IS32087";"Exp60_289_IS32087";NA;"2023-09-24 13:17:00";77448,7
"878532";"27:3:1";"Exp60_289_IS32087";"Exp60_289_IS32087";NA;"2023-09-24 13:31:00";77441,4
"878533";"27:3:1";"Exp60_289_IS32087";"Exp60_289_IS32087";NA;"2023-09-24 13:47:00";77428,9
"878534";"27:3:1";"Exp60_289_IS32087";"Exp60_289_IS32087";NA;"2023-09-24 14:01:00";77424,7
"878535";"27:3:1";"Exp60_289_IS32087";"Exp60_289_IS32087";NA;"2023-09-24 14:17:00";77420,1
"878536";"27:3:1";"Exp60_289_IS32087";"Exp60_289_IS32087";NA;"2023-09-24 14:31:00";77449,9
"878537";"27:3:1";"Exp60_289_IS32087";"Exp60_289_IS32087";NA;"2023-09-24 14:47:00";77531
"878538";"27:3:1";"Exp60_289_IS32087";"Exp60_289_IS32087";NA;"2023-09-24 15:01:00";77518,9
"878539";"27:3:1";"Exp60_289_IS32087";"Exp60_289_IS32087";NA;"2023-09-24 15:17:00";77511,1
"878540";"27:3:1";"Exp60_289_IS32087";"Exp60_289_IS32087";NA;"2023-09-24 15:31:00";77506,3
"878541";"27:3:1";"Exp60_289_IS32087";"Exp60_289_IS32087";NA;"2023-09-24 15:47:00";77498,3
"878542";"27:3:1";"Exp60_289_IS32087";"Exp60_289_IS32087";NA;"2023-09-24 16:01:00";77490,3
"878543";"27:3:1";"Exp60_289_IS32087";"Exp60_289_IS32087";NA;"2023-09-24 22:31:00";77631,4
"878544";"27:3:1";"Exp60_289_IS32087";"Exp60_289_IS32087";NA;"2023-09-24 22:47:00";77630,7
"878545";"27:3:1";"Exp60_289_IS32087";"Exp60_289_IS32087";NA;"2023-09-24 23:01:00";77629,8
"878546";"27:3:1";"Exp60_289_IS32087";"Exp60_289_IS32087";NA;"2023-09-24 23:17:00";77629,2
"878547";"27:3:1";"Exp60_289_IS32087";"Exp60_289_IS32087";NA;"2023-09-24 23:31:00";77629,6
"878548";"27:3:1";"Exp60_289_IS32087";"Exp60_289_IS32087";NA;"2023-09-24 23:47:00";77629,3
"878549";"27:3:1";"Exp60_289_IS32087";"Exp60_289_IS32087";NA;"2023-09-25 00:01:00";77629,1
"878550";"27:3:1";"Exp60_289_IS32087";"Exp60_289_IS32087";NA;"2023-09-25 00:17:00";77628,3
"878551";"27:3:1";"Exp60_289_IS32087";"Exp60_289_IS32087";NA;"2023-09-25 00:31:00";77628,7
"878552";"27:3:1";"Exp60_289_IS32087";"Exp60_289_IS32087";NA;"2023-09-25 00:47:00";77628,8
"878553";"27:3:1";"Exp60_289_IS32087";"Exp60_289_IS32087";NA;"2023-09-25 01:01:00";77627,8
"878554";"27:3:1";"Exp60_289_IS32087";"Exp60_289_IS32087";NA;"2023-09-25 01:17:00";77626,4
"878555";"27:3:1";"Exp60_289_IS32087";"Exp60_289_IS32087";NA;"2023-09-25 01:31:00";77627,2
"878556";"27:3:1";"Exp60_289_IS32087";"Exp60_289_IS32087";NA;"2023-09-25 01:47:00";77626,6
"878557";"27:3:1";"Exp60_289_IS32087";"Exp60_289_IS32087";NA;"2023-09-25 02:01:00";77625,5
"878558";"27:3:1";"Exp60_289_IS32087";"Exp60_289_IS32087";NA;"2023-09-25 03:02:00";77624,5
"878559";"27:3:1";"Exp60_289_IS32087";"Exp60_289_IS32087";NA;"2023-09-25 03:16:00";77623,8
"878560";"27:3:1";"Exp60_289_IS32087";"Exp60_289_IS32087";NA;"2023-09-25 04:32:00";77621,8
"878561";"27:3:1";"Exp60_289_IS32087";"Exp60_289_IS32087";NA;"2023-09-25 04:46:00";77621,9
"878562";"27:3:1";"Exp60_289_IS32087";"Exp60_289_IS32087";NA;"2023-09-25 05:17:00";77620,1
"878563";"27:3:1";"Exp60_289_IS32087";"Exp60_289_IS32087";NA;"2023-09-25 05:31:00";77618
"878564";"27:3:1";"Exp60_289_IS32087";"Exp60_289_IS32087";NA;"2023-09-25 05:47:00";77618,2
"878565";"27:3:1";"Exp60_289_IS32087";"Exp60_289_IS32087";NA;"2023-09-25 06:01:00";77617,8
"878566";"27:3:1";"Exp60_289_IS32087";"Exp60_289_IS32087";NA;"2023-09-25 06:17:00";77619,1
"878567";"27:3:1";"Exp60_289_IS32087";"Exp60_289_IS32087";NA;"2023-09-25 06:31:00";77619,3
"878568";"27:3:1";"Exp60_289_IS32087";"Exp60_289_IS32087";NA;"2023-09-25 06:47:00";77617,1
"878569";"27:3:1";"Exp60_289_IS32087";"Exp60_289_IS32087";NA;"2023-09-25 07:01:00";77615,4
"878570";"27:3:1";"Exp60_289_IS32087";"Exp60_289_IS32087";NA;"2023-09-25 07:17:00";77613,5
"878571";"27:3:1";"Exp60_289_IS32087";"Exp60_289_IS32087";NA;"2023-09-25 07:31:00";77610,5
"878572";"27:3:1";"Exp60_289_IS32087";"Exp60_289_IS32087";NA;"2023-09-25 07:47:00";77600,4
"878573";"27:3:1";"Exp60_289_IS32087";"Exp60_289_IS32087";NA;"2023-09-25 08:01:00";77600,9
"878574";"27:3:1";"Exp60_289_IS32087";"Exp60_289_IS32087";NA;"2023-09-25 14:46:00";77288,6
"878575";"27:3:1";"Exp60_289_IS32087";"Exp60_289_IS32087";NA;"2023-09-25 15:02:00";77284,4
"878576";"27:3:1";"Exp60_289_IS32087";"Exp60_289_IS32087";NA;"2023-09-25 15:16:00";77283,2
"878577";"27:3:1";"Exp60_289_IS32087";"Exp60_289_IS32087";NA;"2023-09-25 15:32:00";77273,3
"878578";"27:3:1";"Exp60_289_IS32087";"Exp60_289_IS32087";NA;"2023-09-25 15:46:00";77263,8
"878579";"27:3:1";"Exp60_289_IS32087";"Exp60_289_IS32087";NA;"2023-09-25 16:02:00";77257,1
"878580";"27:3:1";"Exp60_289_IS32087";"Exp60_289_IS32087";NA;"2023-09-25 17:16:00";77245
"878581";"27:3:1";"Exp60_289_IS32087";"Exp60_289_IS32087";NA;"2023-09-25 17:32:00";77242,5
"878582";"27:3:1";"Exp60_289_IS32087";"Exp60_289_IS32087";NA;"2023-09-25 17:46:00";77240,4
"878583";"27:3:1";"Exp60_289_IS32087";"Exp60_289_IS32087";NA;"2023-09-25 18:02:00";77240,9
"878584";"27:3:1";"Exp60_289_IS32087";"Exp60_289_IS32087";NA;"2023-09-25 19:01:00";77239,4
"878585";"27:3:1";"Exp60_289_IS32087";"Exp60_289_IS32087";NA;"2023-09-25 19:17:00";77239
"878586";"27:3:1";"Exp60_289_IS32087";"Exp60_289_IS32087";NA;"2023-09-25 19:31:00";77238,7
"878587";"27:3:1";"Exp60_289_IS32087";"Exp60_289_IS32087";NA;"2023-09-25 19:47:00";77238,8
"878588";"27:3:1";"Exp60_289_IS32087";"Exp60_289_IS32087";NA;"2023-09-25 20:01:00";77239,7
"878589";"27:3:1";"Exp60_289_IS32087";"Exp60_289_IS32087";NA;"2023-09-25 20:17:00";77239,5
"878590";"27:3:1";"Exp60_289_IS32087";"Exp60_289_IS32087";NA;"2023-09-25 20:31:00";77239,4
"878591";"27:3:1";"Exp60_289_IS32087";"Exp60_289_IS32087";NA;"2023-09-25 20:47:00";77238,8
"878592";"27:3:1";"Exp60_289_IS32087";"Exp60_289_IS32087";NA;"2023-09-25 21:16:00";77239,6
"878593";"27:3:1";"Exp60_289_IS32087";"Exp60_289_IS32087";NA;"2023-09-25 21:32:00";77241
"878594";"27:3:1";"Exp60_289_IS32087";"Exp60_289_IS32087";NA;"2023-09-25 21:46:00";77240,9
"878595";"27:3:1";"Exp60_289_IS32087";"Exp60_289_IS32087";NA;"2023-09-25 22:02:00";77241,4
"878596";"27:3:1";"Exp60_289_IS32087";"Exp60_289_IS32087";NA;"2023-09-25 22:16:00";77241,3
"878597";"27:3:1";"Exp60_289_IS32087";"Exp60_289_IS32087";NA;"2023-09-25 22:32:00";77241,3
"878598";"27:3:1";"Exp60_289_IS32087";"Exp60_289_IS32087";NA;"2023-09-25 22:46:00";77240,8
"878599";"27:3:1";"Exp60_289_IS32087";"Exp60_289_IS32087";NA;"2023-09-25 23:02:00";77240
"878600";"27:3:1";"Exp60_289_IS32087";"Exp60_289_IS32087";NA;"2023-09-25 23:16:00";77240,4
"878601";"27:3:1";"Exp60_289_IS32087";"Exp60_289_IS32087";NA;"2023-09-25 23:32:00";77241,4
"878602";"27:3:1";"Exp60_289_IS32087";"Exp60_289_IS32087";NA;"2023-09-25 23:46:00";77241,5
"878603";"27:3:1";"Exp60_289_IS32087";"Exp60_289_IS32087";NA;"2023-09-26 00:02:00";77241,9
"878604";"27:3:1";"Exp60_289_IS32087";"Exp60_289_IS32087";NA;"2023-09-26 00:16:00";77241,9
"878605";"27:3:1";"Exp60_289_IS32087";"Exp60_289_IS32087";NA;"2023-09-26 00:32:00";77241,9
"878606";"27:3:1";"Exp60_289_IS32087";"Exp60_289_IS32087";NA;"2023-09-26 00:46:00";77238
"878607";"27:3:1";"Exp60_289_IS32087";"Exp60_289_IS32087";NA;"2023-09-26 01:02:00";77237,9
"878608";"27:3:1";"Exp60_289_IS32087";"Exp60_289_IS32087";NA;"2023-09-26 01:16:00";77239,6
"878609";"27:3:1";"Exp60_289_IS32087";"Exp60_289_IS32087";NA;"2023-09-26 01:32:00";77238,3
"878610";"27:3:1";"Exp60_289_IS32087";"Exp60_289_IS32087";NA;"2023-09-26 01:46:00";77237,9
"878611";"27:3:1";"Exp60_289_IS32087";"Exp60_289_IS32087";NA;"2023-09-26 02:02:00";77235,9
"878612";"27:3:1";"Exp60_289_IS32087";"Exp60_289_IS32087";NA;"2023-09-26 02:16:00";77234,9
"878613";"27:3:1";"Exp60_289_IS32087";"Exp60_289_IS32087";NA;"2023-09-26 02:32:00";77234,5
"878614";"27:3:1";"Exp60_289_IS32087";"Exp60_289_IS32087";NA;"2023-09-26 02:46:00";77234,7
"878615";"27:3:1";"Exp60_289_IS32087";"Exp60_289_IS32087";NA;"2023-09-26 03:02:00";77232,4
"878616";"27:3:1";"Exp60_289_IS32087";"Exp60_289_IS32087";NA;"2023-09-26 03:16:00";77232
"878617";"27:3:1";"Exp60_289_IS32087";"Exp60_289_IS32087";NA;"2023-09-26 03:32:00";77229
"878618";"27:3:1";"Exp60_289_IS32087";"Exp60_289_IS32087";NA;"2023-09-26 03:46:00";77230,1
"878619";"27:3:1";"Exp60_289_IS32087";"Exp60_289_IS32087";NA;"2023-09-26 04:02:00";77229,1
"878620";"27:3:1";"Exp60_289_IS32087";"Exp60_289_IS32087";NA;"2023-09-26 04:16:00";77228
"878621";"27:3:1";"Exp60_289_IS32087";"Exp60_289_IS32087";NA;"2023-09-26 04:32:00";77228,1
"878622";"27:3:1";"Exp60_289_IS32087";"Exp60_289_IS32087";NA;"2023-09-26 04:46:00";77226
"878623";"27:3:1";"Exp60_289_IS32087";"Exp60_289_IS32087";NA;"2023-09-26 05:02:00";77225,6
"878624";"27:3:1";"Exp60_289_IS32087";"Exp60_289_IS32087";NA;"2023-09-26 05:16:00";77224,3
"878625";"27:3:1";"Exp60_289_IS32087";"Exp60_289_IS32087";NA;"2023-09-26 05:32:00";77223,3
"878626";"27:3:1";"Exp60_289_IS32087";"Exp60_289_IS32087";NA;"2023-09-26 05:46:00";77222,4
"878627";"27:3:1";"Exp60_289_IS32087";"Exp60_289_IS32087";NA;"2023-09-26 06:02:00";77220,9
"878628";"27:3:1";"Exp60_289_IS32087";"Exp60_289_IS32087";NA;"2023-09-26 06:16:00";77220
"878629";"27:3:1";"Exp60_289_IS32087";"Exp60_289_IS32087";NA;"2023-09-26 06:32:00";77218,9
"878630";"27:3:1";"Exp60_289_IS32087";"Exp60_289_IS32087";NA;"2023-09-26 06:46:00";77217,8
"878631";"27:3:1";"Exp60_289_IS32087";"Exp60_289_IS32087";NA;"2023-09-26 07:02:00";77216,8
"878632";"27:3:1";"Exp60_289_IS32087";"Exp60_289_IS32087";NA;"2023-09-26 07:16:00";77215,3
"878633";"27:3:1";"Exp60_289_IS32087";"Exp60_289_IS32087";NA;"2023-09-26 07:47:00";77208,8
"878634";"27:3:1";"Exp60_289_IS32087";"Exp60_289_IS32087";NA;"2023-09-26 08:01:00";77208,3
"878635";"27:3:1";"Exp60_289_IS32087";"Exp60_289_IS32087";NA;"2023-09-26 08:17:00";77204,3
"878636";"27:3:1";"Exp60_289_IS32087";"Exp60_289_IS32087";NA;"2023-09-26 08:31:00";77201,7
"878637";"27:3:1";"Exp60_289_IS32087";"Exp60_289_IS32087";NA;"2023-09-26 09:02:00";77192,6
"878638";"27:3:1";"Exp60_289_IS32087";"Exp60_289_IS32087";NA;"2023-09-26 09:16:00";77186,6
"878639";"27:3:1";"Exp60_289_IS32087";"Exp60_289_IS32087";NA;"2023-09-26 09:32:00";77179,5
"878640";"27:3:1";"Exp60_289_IS32087";"Exp60_289_IS32087";NA;"2023-09-26 09:46:00";77181,6
"878641";"27:3:1";"Exp60_289_IS32087";"Exp60_289_IS32087";NA;"2023-09-26 10:02:00";77164,9
"878642";"27:3:1";"Exp60_289_IS32087";"Exp60_289_IS32087";NA;"2023-09-26 10:16:00";77150,1
"878643";"27:3:1";"Exp60_289_IS32087";"Exp60_289_IS32087";NA;"2023-09-26 10:32:00";77134,2
"878644";"27:3:1";"Exp60_289_IS32087";"Exp60_289_IS32087";NA;"2023-09-26 10:46:00";77123,9
"878645";"27:3:1";"Exp60_289_IS32087";"Exp60_289_IS32087";NA;"2023-09-26 11:02:00";77108,5
"878646";"27:3:1";"Exp60_289_IS32087";"Exp60_289_IS32087";NA;"2023-09-26 11:16:00";77094,2
"878647";"27:3:1";"Exp60_289_IS32087";"Exp60_289_IS32087";NA;"2023-09-26 11:47:00";77062,7
"878648";"27:3:1";"Exp60_289_IS32087";"Exp60_289_IS32087";NA;"2023-09-26 12:01:00";77051,4
"878649";"27:3:1";"Exp60_289_IS32087";"Exp60_289_IS32087";NA;"2023-09-26 12:17:00";77045,2
"878650";"27:3:1";"Exp60_289_IS32087";"Exp60_289_IS32087";NA;"2023-09-26 12:31:00";77030,9
"878651";"27:3:1";"Exp60_289_IS32087";"Exp60_289_IS32087";NA;"2023-09-26 12:47:00";77014,9
"878652";"27:3:1";"Exp60_289_IS32087";"Exp60_289_IS32087";NA;"2023-09-26 13:01:00";77004
"878653";"27:3:1";"Exp60_289_IS32087";"Exp60_289_IS32087";NA;"2023-09-26 13:32:00";76984,3
"878654";"27:3:1";"Exp60_289_IS32087";"Exp60_289_IS32087";NA;"2023-09-26 13:46:00";76978,5
"878655";"27:3:1";"Exp60_289_IS32087";"Exp60_289_IS32087";NA;"2023-09-26 14:02:00";76967,3
"878656";"27:3:1";"Exp60_289_IS32087";"Exp60_289_IS32087";NA;"2023-09-26 14:16:00";76951,6
"878657";"27:3:1";"Exp60_289_IS32087";"Exp60_289_IS32087";NA;"2023-09-26 14:32:00";76942,6
"878658";"27:3:1";"Exp60_289_IS32087";"Exp60_289_IS32087";NA;"2023-09-26 14:46:00";76929,1
"878659";"27:3:1";"Exp60_289_IS32087";"Exp60_289_IS32087";NA;"2023-09-26 15:02:00";76919,4
"878660";"27:3:1";"Exp60_289_IS32087";"Exp60_289_IS32087";NA;"2023-09-26 15:16:00";76915,5
"878661";"27:3:1";"Exp60_289_IS32087";"Exp60_289_IS32087";NA;"2023-09-26 15:32:00";76911,7
"878662";"27:3:1";"Exp60_289_IS32087";"Exp60_289_IS32087";NA;"2023-09-26 15:46:00";76912,7
"878663";"27:3:1";"Exp60_289_IS32087";"Exp60_289_IS32087";NA;"2023-09-26 16:02:00";77650,6
"878664";"27:3:1";"Exp60_289_IS32087";"Exp60_289_IS32087";NA;"2023-09-26 16:16:00";78149,1
"878665";"27:3:1";"Exp60_289_IS32087";"Exp60_289_IS32087";NA;"2023-09-26 22:01:00";77964
"878666";"27:3:1";"Exp60_289_IS32087";"Exp60_289_IS32087";NA;"2023-09-26 22:17:00";77960,2
"878667";"27:3:1";"Exp60_289_IS32087";"Exp60_289_IS32087";NA;"2023-09-26 22:31:00";77958,3
"878668";"27:3:1";"Exp60_289_IS32087";"Exp60_289_IS32087";NA;"2023-09-26 22:47:00";77956,4
"878669";"27:3:1";"Exp60_289_IS32087";"Exp60_289_IS32087";NA;"2023-09-26 23:01:00";77955,2
"878670";"27:3:1";"Exp60_289_IS32087";"Exp60_289_IS32087";NA;"2023-09-26 23:17:00";77952,6
"878671";"27:3:1";"Exp60_289_IS32087";"Exp60_289_IS32087";NA;"2023-09-26 23:31:00";77952,6
"878672";"27:3:1";"Exp60_289_IS32087";"Exp60_289_IS32087";NA;"2023-09-26 23:47:00";77950,6
"878673";"27:3:1";"Exp60_289_IS32087";"Exp60_289_IS32087";NA;"2023-09-27 00:31:00";77947,9
"878674";"27:3:1";"Exp60_289_IS32087";"Exp60_289_IS32087";NA;"2023-09-27 00:47:00";77947,7
"878675";"27:3:1";"Exp60_289_IS32087";"Exp60_289_IS32087";NA;"2023-09-27 01:01:00";77947,4
"878676";"27:3:1";"Exp60_289_IS32087";"Exp60_289_IS32087";NA;"2023-09-27 01:17:00";77946,2
"878677";"27:3:1";"Exp60_289_IS32087";"Exp60_289_IS32087";NA;"2023-09-27 01:31:00";77945,5
"878678";"27:3:1";"Exp60_289_IS32087";"Exp60_289_IS32087";NA;"2023-09-27 01:47:00";77944,9
"878679";"27:3:1";"Exp60_289_IS32087";"Exp60_289_IS32087";NA;"2023-09-27 02:01:00";77943,8
"878680";"27:3:1";"Exp60_289_IS32087";"Exp60_289_IS32087";NA;"2023-09-27 02:17:00";77943,7
"878681";"27:3:1";"Exp60_289_IS32087";"Exp60_289_IS32087";NA;"2023-09-27 02:31:00";77943,2
"878682";"27:3:1";"Exp60_289_IS32087";"Exp60_289_IS32087";NA;"2023-09-27 02:47:00";77943
"878683";"27:3:1";"Exp60_289_IS32087";"Exp60_289_IS32087";NA;"2023-09-27 03:01:00";77942,7
"878684";"27:3:1";"Exp60_289_IS32087";"Exp60_289_IS32087";NA;"2023-09-27 03:17:00";77943,1
"878685";"27:3:1";"Exp60_289_IS32087";"Exp60_289_IS32087";NA;"2023-09-27 03:31:00";77942,9
"878686";"27:3:1";"Exp60_289_IS32087";"Exp60_289_IS32087";NA;"2023-09-27 03:47:00";77942,8
"878687";"27:3:1";"Exp60_289_IS32087";"Exp60_289_IS32087";NA;"2023-09-27 04:01:00";77942,3
"878688";"27:3:1";"Exp60_289_IS32087";"Exp60_289_IS32087";NA;"2023-09-27 04:17:00";77942,4
"878689";"27:3:1";"Exp60_289_IS32087";"Exp60_289_IS32087";NA;"2023-09-27 04:31:00";77941,6
"878690";"27:3:1";"Exp60_289_IS32087";"Exp60_289_IS32087";NA;"2023-09-27 04:47:00";77941,1
"878691";"27:3:1";"Exp60_289_IS32087";"Exp60_289_IS32087";NA;"2023-09-27 05:01:00";77941,9
"878692";"27:3:1";"Exp60_289_IS32087";"Exp60_289_IS32087";NA;"2023-09-27 05:17:00";77942
"878693";"27:3:1";"Exp60_289_IS32087";"Exp60_289_IS32087";NA;"2023-09-27 05:31:00";77942
"878694";"27:3:1";"Exp60_289_IS32087";"Exp60_289_IS32087";NA;"2023-09-27 05:47:00";77942,5
"878695";"27:3:1";"Exp60_289_IS32087";"Exp60_289_IS32087";NA;"2023-09-27 06:01:00";77941,7
"878696";"27:3:1";"Exp60_289_IS32087";"Exp60_289_IS32087";NA;"2023-09-27 06:17:00";77941,3
"878697";"27:3:1";"Exp60_289_IS32087";"Exp60_289_IS32087";NA;"2023-09-27 06:31:00";77941
"878698";"27:3:1";"Exp60_289_IS32087";"Exp60_289_IS32087";NA;"2023-09-27 06:47:00";77940,8
"878699";"27:3:1";"Exp60_289_IS32087";"Exp60_289_IS32087";NA;"2023-09-27 07:01:00";77939,2
"878700";"27:3:1";"Exp60_289_IS32087";"Exp60_289_IS32087";NA;"2023-09-27 07:32:00";77933,1
"878701";"27:3:1";"Exp60_289_IS32087";"Exp60_289_IS32087";NA;"2023-09-27 07:46:00";77928,2
"878702";"27:3:1";"Exp60_289_IS32087";"Exp60_289_IS32087";NA;"2023-09-27 08:02:00";77920,8
"878703";"27:3:1";"Exp60_289_IS32087";"Exp60_289_IS32087";NA;"2023-09-27 08:16:00";77914,5
"878704";"27:3:1";"Exp60_289_IS32087";"Exp60_289_IS32087";NA;"2023-09-27 08:32:00";77907,2
"878705";"27:3:1";"Exp60_289_IS32087";"Exp60_289_IS32087";NA;"2023-09-27 08:46:00";77897,6
"878706";"27:3:1";"Exp60_289_IS32087";"Exp60_289_IS32087";NA;"2023-09-27 09:02:00";77880,7
"878707";"27:3:1";"Exp60_289_IS32087";"Exp60_289_IS32087";NA;"2023-09-27 09:16:00";77862,7
"878708";"27:3:1";"Exp60_289_IS32087";"Exp60_289_IS32087";NA;"2023-09-27 15:46:00";78201,3
"878709";"27:3:1";"Exp60_289_IS32087";"Exp60_289_IS32087";NA;"2023-09-27 16:02:00";78894,3
"878710";"27:3:1";"Exp60_289_IS32087";"Exp60_289_IS32087";NA;"2023-09-27 16:16:00";79083,2
"878711";"27:3:1";"Exp60_289_IS32087";"Exp60_289_IS32087";NA;"2023-09-27 16:32:00";78858,6
"878712";"27:3:1";"Exp60_289_IS32087";"Exp60_289_IS32087";NA;"2023-09-27 16:46:00";78716
"878713";"27:3:1";"Exp60_289_IS32087";"Exp60_289_IS32087";NA;"2023-09-27 17:17:00";78520,4
"878714";"27:3:1";"Exp60_289_IS32087";"Exp60_289_IS32087";NA;"2023-09-27 17:31:00";78463,3
"878715";"27:3:1";"Exp60_289_IS32087";"Exp60_289_IS32087";NA;"2023-09-27 17:47:00";78413,7
"878716";"27:3:1";"Exp60_289_IS32087";"Exp60_289_IS32087";NA;"2023-09-27 18:01:00";78376,5
"878717";"27:3:1";"Exp60_289_IS32087";"Exp60_289_IS32087";NA;"2023-09-27 18:17:00";78343
"878718";"27:3:1";"Exp60_289_IS32087";"Exp60_289_IS32087";NA;"2023-09-27 18:31:00";78320,4
"878719";"27:3:1";"Exp60_289_IS32087";"Exp60_289_IS32087";NA;"2023-09-27 18:47:00";78303,3
"878720";"27:3:1";"Exp60_289_IS32087";"Exp60_289_IS32087";NA;"2023-09-27 19:01:00";78285,8
"878721";"27:3:1";"Exp60_289_IS32087";"Exp60_289_IS32087";NA;"2023-09-27 19:17:00";78277
"878722";"27:3:1";"Exp60_289_IS32087";"Exp60_289_IS32087";NA;"2023-09-27 19:31:00";78275,5
"878723";"27:3:1";"Exp60_289_IS32087";"Exp60_289_IS32087";NA;"2023-09-27 19:47:00";78300
"878724";"27:3:1";"Exp60_289_IS32087";"Exp60_289_IS32087";NA;"2023-09-27 20:01:00";78303,3
"878725";"27:3:1";"Exp60_289_IS32087";"Exp60_289_IS32087";NA;"2023-09-27 20:17:00";78310,6
"878726";"27:3:1";"Exp60_289_IS32087";"Exp60_289_IS32087";NA;"2023-09-27 20:31:00";78305
"878727";"27:3:1";"Exp60_289_IS32087";"Exp60_289_IS32087";NA;"2023-09-27 20:47:00";78298,1
"878728";"27:3:1";"Exp60_289_IS32087";"Exp60_289_IS32087";NA;"2023-09-27 21:01:00";78291,9
"878729";"27:3:1";"Exp60_289_IS32087";"Exp60_289_IS32087";NA;"2023-09-28 01:31:00";78231,8
"878730";"27:3:1";"Exp60_289_IS32087";"Exp60_289_IS32087";NA;"2023-09-28 01:47:00";78229,1
"878731";"27:3:1";"Exp60_289_IS32087";"Exp60_289_IS32087";NA;"2023-09-28 02:01:00";78228,1
"878732";"27:3:1";"Exp60_289_IS32087";"Exp60_289_IS32087";NA;"2023-09-28 02:17:00";78226,2
"878733";"27:3:1";"Exp60_289_IS32087";"Exp60_289_IS32087";NA;"2023-09-28 02:31:00";78224,3
"878734";"27:3:1";"Exp60_289_IS32087";"Exp60_289_IS32087";NA;"2023-09-28 03:17:00";78221,1
"878735";"27:3:1";"Exp60_289_IS32087";"Exp60_289_IS32087";NA;"2023-09-28 03:31:00";78220,1
"878736";"27:3:1";"Exp60_289_IS32087";"Exp60_289_IS32087";NA;"2023-09-28 03:47:00";78219,2
"878737";"27:3:1";"Exp60_289_IS32087";"Exp60_289_IS32087";NA;"2023-09-28 04:01:00";78218,5
"878738";"27:3:1";"Exp60_289_IS32087";"Exp60_289_IS32087";NA;"2023-09-28 04:17:00";78219,2
"878739";"27:3:1";"Exp60_289_IS32087";"Exp60_289_IS32087";NA;"2023-09-28 04:31:00";78218,8
"878740";"27:3:1";"Exp60_289_IS32087";"Exp60_289_IS32087";NA;"2023-09-28 04:47:00";78217,2
"878741";"27:3:1";"Exp60_289_IS32087";"Exp60_289_IS32087";NA;"2023-09-28 05:01:00";78216,9
"878742";"27:3:1";"Exp60_289_IS32087";"Exp60_289_IS32087";NA;"2023-09-28 05:17:00";78216,7
"878743";"27:3:1";"Exp60_289_IS32087";"Exp60_289_IS32087";NA;"2023-09-28 05:31:00";78215,6
"878744";"27:3:1";"Exp60_289_IS32087";"Exp60_289_IS32087";NA;"2023-09-28 05:47:00";78214,7
"878745";"27:3:1";"Exp60_289_IS32087";"Exp60_289_IS32087";NA;"2023-09-28 06:01:00";78215
"878746";"27:3:1";"Exp60_289_IS32087";"Exp60_289_IS32087";NA;"2023-09-28 06:17:00";78213,8
"878747";"27:3:1";"Exp60_289_IS32087";"Exp60_289_IS32087";NA;"2023-09-28 07:16:00";78202,6
"878748";"27:3:1";"Exp60_289_IS32087";"Exp60_289_IS32087";NA;"2023-09-28 07:32:00";78198,4
"878749";"27:3:1";"Exp60_289_IS32087";"Exp60_289_IS32087";NA;"2023-09-28 08:16:00";78166,7
"878750";"27:3:1";"Exp60_289_IS32087";"Exp60_289_IS32087";NA;"2023-09-28 08:47:00";78138,4
"878751";"27:3:1";"Exp60_289_IS32087";"Exp60_289_IS32087";NA;"2023-09-28 09:01:00";78121,7
"878752";"27:3:1";"Exp60_289_IS32087";"Exp60_289_IS32087";NA;"2023-09-28 16:16:00";77586,9
"878753";"27:3:1";"Exp60_289_IS32087";"Exp60_289_IS32087";NA;"2023-09-28 16:47:00";77575,5
"878754";"27:3:1";"Exp60_289_IS32087";"Exp60_289_IS32087";NA;"2023-09-28 17:01:00";77561,4
"878755";"27:3:1";"Exp60_289_IS32087";"Exp60_289_IS32087";NA;"2023-09-28 17:17:00";77561,3
"878756";"27:3:1";"Exp60_289_IS32087";"Exp60_289_IS32087";NA;"2023-09-28 17:31:00";77561,6
"878757";"27:3:1";"Exp60_289_IS32087";"Exp60_289_IS32087";NA;"2023-09-28 18:02:00";77556,1
"878758";"27:3:1";"Exp60_289_IS32087";"Exp60_289_IS32087";NA;"2023-09-28 18:16:00";77618,2
"878759";"27:3:1";"Exp60_289_IS32087";"Exp60_289_IS32087";NA;"2023-09-28 18:32:00";77707
"878760";"27:3:1";"Exp60_289_IS32087";"Exp60_289_IS32087";NA;"2023-09-28 18:46:00";77726,8
"878761";"27:3:1";"Exp60_289_IS32087";"Exp60_289_IS32087";NA;"2023-09-28 19:02:00";77723,3
"878762";"27:3:1";"Exp60_289_IS32087";"Exp60_289_IS32087";NA;"2023-09-28 19:16:00";77718,8
"878763";"27:3:1";"Exp60_289_IS32087";"Exp60_289_IS32087";NA;"2023-09-28 19:32:00";77713,5
"878764";"27:3:1";"Exp60_289_IS32087";"Exp60_289_IS32087";NA;"2023-09-28 19:46:00";77709
"878765";"27:3:1";"Exp60_289_IS32087";"Exp60_289_IS32087";NA;"2023-09-28 20:02:00";77703,5
"878766";"27:3:1";"Exp60_289_IS32087";"Exp60_289_IS32087";NA;"2023-09-28 20:16:00";77702,6
"878767";"27:3:1";"Exp60_289_IS32087";"Exp60_289_IS32087";NA;"2023-09-28 20:32:00";77699,1
"878768";"27:3:1";"Exp60_289_IS32087";"Exp60_289_IS32087";NA;"2023-09-28 20:46:00";77696,9
"878769";"27:3:1";"Exp60_289_IS32087";"Exp60_289_IS32087";NA;"2023-09-28 21:02:00";77694,7
"878770";"27:3:1";"Exp60_289_IS32087";"Exp60_289_IS32087";NA;"2023-09-28 21:16:00";77693
"878771";"27:3:1";"Exp60_289_IS32087";"Exp60_289_IS32087";NA;"2023-09-28 21:32:00";77690,2
"878772";"27:3:1";"Exp60_289_IS32087";"Exp60_289_IS32087";NA;"2023-09-28 21:46:00";77688,2
"878773";"27:3:1";"Exp60_289_IS32087";"Exp60_289_IS32087";NA;"2023-09-28 22:17:00";77685,1
"878774";"27:3:1";"Exp60_289_IS32087";"Exp60_289_IS32087";NA;"2023-09-28 22:31:00";77682,8
"878775";"27:3:1";"Exp60_289_IS32087";"Exp60_289_IS32087";NA;"2023-09-28 22:47:00";77681
"878776";"27:3:1";"Exp60_289_IS32087";"Exp60_289_IS32087";NA;"2023-09-28 23:01:00";77680,7
"878777";"27:3:1";"Exp60_289_IS32087";"Exp60_289_IS32087";NA;"2023-09-28 23:17:00";77679,7
"878778";"27:3:1";"Exp60_289_IS32087";"Exp60_289_IS32087";NA;"2023-09-28 23:31:00";77678,7
"878779";"27:3:1";"Exp60_289_IS32087";"Exp60_289_IS32087";NA;"2023-09-29 00:17:00";77676,4
"878780";"27:3:1";"Exp60_289_IS32087";"Exp60_289_IS32087";NA;"2023-09-29 00:31:00";77675,4
"878781";"27:3:1";"Exp60_289_IS32087";"Exp60_289_IS32087";NA;"2023-09-29 00:47:00";77675,3
"878782";"27:3:1";"Exp60_289_IS32087";"Exp60_289_IS32087";NA;"2023-09-29 01:01:00";77674,1
"878783";"27:3:1";"Exp60_289_IS32087";"Exp60_289_IS32087";NA;"2023-09-29 01:17:00";77673,9
"878784";"27:3:1";"Exp60_289_IS32087";"Exp60_289_IS32087";NA;"2023-09-29 01:31:00";77672,7
"878785";"27:3:1";"Exp60_289_IS32087";"Exp60_289_IS32087";NA;"2023-09-29 01:47:00";77671,9
"878786";"27:3:1";"Exp60_289_IS32087";"Exp60_289_IS32087";NA;"2023-09-29 02:01:00";77671,4
"878787";"27:3:1";"Exp60_289_IS32087";"Exp60_289_IS32087";NA;"2023-09-29 02:17:00";77671,6
"878788";"27:3:1";"Exp60_289_IS32087";"Exp60_289_IS32087";NA;"2023-09-29 02:31:00";77671,8
"878789";"27:3:1";"Exp60_289_IS32087";"Exp60_289_IS32087";NA;"2023-09-29 02:47:00";77670,6
"878790";"27:3:1";"Exp60_289_IS32087";"Exp60_289_IS32087";NA;"2023-09-29 03:01:00";77670,3
"878791";"27:3:1";"Exp60_289_IS32087";"Exp60_289_IS32087";NA;"2023-09-29 03:47:00";77669,3
"878792";"27:3:1";"Exp60_289_IS32087";"Exp60_289_IS32087";NA;"2023-09-29 04:01:00";77668,9
"878793";"27:3:1";"Exp60_289_IS32087";"Exp60_289_IS32087";NA;"2023-09-29 04:17:00";77668,8
"878794";"27:3:1";"Exp60_289_IS32087";"Exp60_289_IS32087";NA;"2023-09-29 04:31:00";77669,5
"878795";"27:3:1";"Exp60_289_IS32087";"Exp60_289_IS32087";NA;"2023-09-29 12:31:00";77409
"878796";"27:3:1";"Exp60_289_IS32087";"Exp60_289_IS32087";NA;"2023-09-29 18:46:00";77242,5
"878797";"27:3:1";"Exp60_289_IS32087";"Exp60_289_IS32087";NA;"2023-09-29 19:17:00";77241,2
"878798";"27:3:1";"Exp60_289_IS32087";"Exp60_289_IS32087";NA;"2023-09-29 19:31:00";77241,1
"878799";"27:3:1";"Exp60_289_IS32087";"Exp60_289_IS32087";NA;"2023-09-29 19:47:00";77240,3
"878800";"27:3:1";"Exp60_289_IS32087";"Exp60_289_IS32087";NA;"2023-09-29 20:01:00";77241,6
"878801";"27:3:1";"Exp60_289_IS32087";"Exp60_289_IS32087";NA;"2023-09-29 20:17:00";77239,8
"878802";"27:3:1";"Exp60_289_IS32087";"Exp60_289_IS32087";NA;"2023-09-29 20:31:00";77241,3
"878803";"27:3:1";"Exp60_289_IS32087";"Exp60_289_IS32087";NA;"2023-09-29 21:02:00";77238,8
"878804";"27:3:1";"Exp60_289_IS32087";"Exp60_289_IS32087";NA;"2023-09-29 21:16:00";77237,7
"878805";"27:3:1";"Exp60_289_IS32087";"Exp60_289_IS32087";NA;"2023-09-29 21:32:00";77238
"878806";"27:3:1";"Exp60_289_IS32087";"Exp60_289_IS32087";NA;"2023-09-29 21:46:00";77237,6
"878807";"27:3:1";"Exp60_289_IS32087";"Exp60_289_IS32087";NA;"2023-09-29 22:02:00";77237,2
"878808";"27:3:1";"Exp60_289_IS32087";"Exp60_289_IS32087";NA;"2023-09-29 22:16:00";77236,5
"878809";"27:3:1";"Exp60_289_IS32087";"Exp60_289_IS32087";NA;"2023-09-29 22:32:00";77235,9
"878810";"27:3:1";"Exp60_289_IS32087";"Exp60_289_IS32087";NA;"2023-09-29 22:46:00";77235,9
"878811";"27:3:1";"Exp60_289_IS32087";"Exp60_289_IS32087";NA;"2023-09-29 23:02:00";77236
"878812";"27:3:1";"Exp60_289_IS32087";"Exp60_289_IS32087";NA;"2023-09-29 23:16:00";77232,9
"878813";"27:3:1";"Exp60_289_IS32087";"Exp60_289_IS32087";NA;"2023-09-29 23:32:00";77238,1
"878814";"27:3:1";"Exp60_289_IS32087";"Exp60_289_IS32087";NA;"2023-09-29 23:46:00";77235,3
"878815";"27:3:1";"Exp60_289_IS32087";"Exp60_289_IS32087";NA;"2023-09-30 00:02:00";77235,4
"878816";"27:3:1";"Exp60_289_IS32087";"Exp60_289_IS32087";NA;"2023-09-30 00:16:00";77235,5
"878817";"27:3:1";"Exp60_289_IS32087";"Exp60_289_IS32087";NA;"2023-09-30 00:32:00";77235,8
"878818";"27:3:1";"Exp60_289_IS32087";"Exp60_289_IS32087";NA;"2023-09-30 00:46:00";77236,2
"878819";"27:3:1";"Exp60_289_IS32087";"Exp60_289_IS32087";NA;"2023-09-30 01:02:00";77232,3
"878820";"27:3:1";"Exp60_289_IS32087";"Exp60_289_IS32087";NA;"2023-09-30 01:16:00";77231,6
"878821";"27:3:1";"Exp60_289_IS32087";"Exp60_289_IS32087";NA;"2023-09-30 01:32:00";77232,3
"878822";"27:3:1";"Exp60_289_IS32087";"Exp60_289_IS32087";NA;"2023-09-30 01:46:00";77358,3
"878823";"27:3:1";"Exp60_289_IS32087";"Exp60_289_IS32087";NA;"2023-09-30 08:46:00";77394,1
"878824";"27:3:1";"Exp60_289_IS32087";"Exp60_289_IS32087";NA;"2023-09-30 09:02:00";77361,7
"878825";"27:3:1";"Exp60_289_IS32087";"Exp60_289_IS32087";NA;"2023-09-30 09:16:00";77347,8
"878826";"27:3:1";"Exp60_289_IS32087";"Exp60_289_IS32087";NA;"2023-09-30 09:32:00";77340,3
"878827";"27:3:1";"Exp60_289_IS32087";"Exp60_289_IS32087";NA;"2023-09-30 09:46:00";77310,5
"878828";"27:3:1";"Exp60_289_IS32087";"Exp60_289_IS32087";NA;"2023-09-30 10:02:00";77298,5
"878829";"27:3:1";"Exp60_289_IS32087";"Exp60_289_IS32087";NA;"2023-09-30 10:16:00";77276,4
"878830";"27:3:1";"Exp60_289_IS32087";"Exp60_289_IS32087";NA;"2023-09-30 10:32:00";77252,8
"878831";"27:3:1";"Exp60_289_IS32087";"Exp60_289_IS32087";NA;"2023-09-30 10:46:00";77235,8
"878832";"27:3:1";"Exp60_289_IS32087";"Exp60_289_IS32087";NA;"2023-09-30 11:02:00";77221,3
"878833";"27:3:1";"Exp60_289_IS32087";"Exp60_289_IS32087";NA;"2023-09-30 11:16:00";77202,8
"878834";"27:3:1";"Exp60_289_IS32087";"Exp60_289_IS32087";NA;"2023-09-30 11:32:00";77192,8
"878835";"27:3:1";"Exp60_289_IS32087";"Exp60_289_IS32087";NA;"2023-09-30 11:46:00";77171,7
"878836";"27:3:1";"Exp60_289_IS32087";"Exp60_289_IS32087";NA;"2023-09-30 19:01:00";78407,2
"878837";"27:3:1";"Exp60_289_IS32087";"Exp60_289_IS32087";NA;"2023-09-30 19:17:00";78387,7
"878838";"27:3:1";"Exp60_289_IS32087";"Exp60_289_IS32087";NA;"2023-09-30 19:31:00";78371,7
"878839";"27:3:1";"Exp60_289_IS32087";"Exp60_289_IS32087";NA;"2023-09-30 19:47:00";78357
"878840";"27:3:1";"Exp60_289_IS32087";"Exp60_289_IS32087";NA;"2023-09-30 20:01:00";78344,4
"878841";"27:3:1";"Exp60_289_IS32087";"Exp60_289_IS32087";NA;"2023-09-30 20:17:00";78332,9
"878842";"27:3:1";"Exp60_289_IS32087";"Exp60_289_IS32087";NA;"2023-09-30 20:31:00";78325,9
"878843";"27:3:1";"Exp60_289_IS32087";"Exp60_289_IS32087";NA;"2023-09-30 20:47:00";78319,2
"878844";"27:3:1";"Exp60_289_IS32087";"Exp60_289_IS32087";NA;"2023-09-30 21:01:00";78314,5
"878845";"27:3:1";"Exp60_289_IS32087";"Exp60_289_IS32087";NA;"2023-09-30 21:32:00";78305,2
"878846";"27:3:1";"Exp60_289_IS32087";"Exp60_289_IS32087";NA;"2023-09-30 21:46:00";78299,9
"878847";"27:3:1";"Exp60_289_IS32087";"Exp60_289_IS32087";NA;"2023-09-30 22:02:00";78294,6
"878848";"27:3:1";"Exp60_289_IS32087";"Exp60_289_IS32087";NA;"2023-09-30 22:16:00";78287,9
"878849";"27:3:1";"Exp60_289_IS32087";"Exp60_289_IS32087";NA;"2023-09-30 22:32:00";78283,1
"878850";"27:3:1";"Exp60_289_IS32087";"Exp60_289_IS32087";NA;"2023-09-30 22:46:00";78278,4
"878851";"27:3:1";"Exp60_289_IS32087";"Exp60_289_IS32087";NA;"2023-09-30 23:02:00";78276,1
"878852";"27:3:1";"Exp60_289_IS32087";"Exp60_289_IS32087";NA;"2023-09-30 23:16:00";78273,5
"878853";"27:3:1";"Exp60_289_IS32087";"Exp60_289_IS32087";NA;"2023-09-30 23:32:00";78270
"878854";"27:3:1";"Exp60_289_IS32087";"Exp60_289_IS32087";NA;"2023-09-30 23:46:00";78266
"878855";"27:3:1";"Exp60_289_IS32087";"Exp60_289_IS32087";NA;"2023-10-01 00:02:00";78262,9
"878856";"27:3:1";"Exp60_289_IS32087";"Exp60_289_IS32087";NA;"2023-10-01 00:16:00";78259,4
"878857";"27:3:1";"Exp60_289_IS32087";"Exp60_289_IS32087";NA;"2023-10-01 00:32:00";78256,9
"878858";"27:3:1";"Exp60_289_IS32087";"Exp60_289_IS32087";NA;"2023-10-01 01:16:00";78249,6
"878859";"27:3:1";"Exp60_289_IS32087";"Exp60_289_IS32087";NA;"2023-10-01 01:32:00";78247,3
"878860";"27:3:1";"Exp60_289_IS32087";"Exp60_289_IS32087";NA;"2023-10-01 01:46:00";78245,6
"878861";"27:3:1";"Exp60_289_IS32087";"Exp60_289_IS32087";NA;"2023-10-01 02:02:00";78242,9
"878862";"27:3:1";"Exp60_289_IS32087";"Exp60_289_IS32087";NA;"2023-10-01 02:16:00";78242,1
"878863";"27:3:1";"Exp60_289_IS32087";"Exp60_289_IS32087";NA;"2023-10-01 02:32:00";78239,7
"878864";"27:3:1";"Exp60_289_IS32087";"Exp60_289_IS32087";NA;"2023-10-01 02:46:00";78238,7
"878865";"27:3:1";"Exp60_289_IS32087";"Exp60_289_IS32087";NA;"2023-10-01 09:31:00";78115,6
"878866";"27:3:1";"Exp60_289_IS32087";"Exp60_289_IS32087";NA;"2023-10-01 09:47:00";78091,8
"878867";"27:3:1";"Exp60_289_IS32087";"Exp60_289_IS32087";NA;"2023-10-01 10:01:00";78080,8
"878868";"27:3:1";"Exp60_289_IS32087";"Exp60_289_IS32087";NA;"2023-10-01 10:17:00";78050,7
"878869";"27:3:1";"Exp60_289_IS32087";"Exp60_289_IS32087";NA;"2023-10-01 10:31:00";78027,7
"878870";"27:3:1";"Exp60_289_IS32087";"Exp60_289_IS32087";NA;"2023-10-01 10:47:00";78002,3
"878871";"27:3:1";"Exp60_289_IS32087";"Exp60_289_IS32087";NA;"2023-10-01 11:01:00";77986,8
"878872";"27:3:1";"Exp60_289_IS32087";"Exp60_289_IS32087";NA;"2023-10-01 17:46:00";77682,8
"878873";"27:3:1";"Exp60_289_IS32087";"Exp60_289_IS32087";NA;"2023-10-01 18:02:00";77681,5
"878874";"27:3:1";"Exp60_289_IS32087";"Exp60_289_IS32087";NA;"2023-10-01 18:16:00";77679
"878875";"27:3:1";"Exp60_289_IS32087";"Exp60_289_IS32087";NA;"2023-10-01 18:32:00";77679,4
"878876";"27:3:1";"Exp60_289_IS32087";"Exp60_289_IS32087";NA;"2023-10-01 18:46:00";77676,8
"878877";"27:3:1";"Exp60_289_IS32087";"Exp60_289_IS32087";NA;"2023-10-01 19:02:00";77677,2
"878878";"27:3:1";"Exp60_289_IS32087";"Exp60_289_IS32087";NA;"2023-10-01 19:16:00";77671,9
"878879";"27:3:1";"Exp60_289_IS32087";"Exp60_289_IS32087";NA;"2023-10-01 19:32:00";77671,6
"878880";"27:3:1";"Exp60_289_IS32087";"Exp60_289_IS32087";NA;"2023-10-01 19:46:00";77667
"878881";"27:3:1";"Exp60_289_IS32087";"Exp60_289_IS32087";NA;"2023-10-01 20:02:00";77665,5
"878882";"27:3:1";"Exp60_289_IS32087";"Exp60_289_IS32087";NA;"2023-10-01 20:16:00";77666,7
"878883";"27:3:1";"Exp60_289_IS32087";"Exp60_289_IS32087";NA;"2023-10-01 20:32:00";77664,8
"878884";"27:3:1";"Exp60_289_IS32087";"Exp60_289_IS32087";NA;"2023-10-01 20:46:00";77663,4
"878885";"27:3:1";"Exp60_289_IS32087";"Exp60_289_IS32087";NA;"2023-10-01 21:02:00";77661
"878886";"27:3:1";"Exp60_289_IS32087";"Exp60_289_IS32087";NA;"2023-10-01 21:16:00";77661,6
"878887";"27:3:1";"Exp60_289_IS32087";"Exp60_289_IS32087";NA;"2023-10-01 21:32:00";77663,4
"878888";"27:3:1";"Exp60_289_IS32087";"Exp60_289_IS32087";NA;"2023-10-01 21:46:00";77659,5
"878889";"27:3:1";"Exp60_289_IS32087";"Exp60_289_IS32087";NA;"2023-10-01 22:02:00";77656,9
"878890";"27:3:1";"Exp60_289_IS32087";"Exp60_289_IS32087";NA;"2023-10-01 22:16:00";77655,8
"878891";"27:3:1";"Exp60_289_IS32087";"Exp60_289_IS32087";NA;"2023-10-01 22:32:00";77654,6
"878892";"27:3:1";"Exp60_289_IS32087";"Exp60_289_IS32087";NA;"2023-10-01 22:46:00";77653,3
"878893";"27:3:1";"Exp60_289_IS32087";"Exp60_289_IS32087";NA;"2023-10-01 23:17:00";77651,1
"878894";"27:3:1";"Exp60_289_IS32087";"Exp60_289_IS32087";NA;"2023-10-01 23:31:00";77650,7
"878895";"27:3:1";"Exp60_289_IS32087";"Exp60_289_IS32087";NA;"2023-10-02 07:01:00";77632,1
"878896";"27:3:1";"Exp60_289_IS32087";"Exp60_289_IS32087";NA;"2023-10-02 07:17:00";77627,8
"878897";"27:3:1";"Exp60_289_IS32087";"Exp60_289_IS32087";NA;"2023-10-02 07:31:00";77626,7
"878898";"27:3:1";"Exp60_289_IS32087";"Exp60_289_IS32087";NA;"2023-10-02 07:47:00";77614,5
"878899";"27:3:1";"Exp60_289_IS32087";"Exp60_289_IS32087";NA;"2023-10-02 08:01:00";77608,6
"878900";"27:3:1";"Exp60_289_IS32087";"Exp60_289_IS32087";NA;"2023-10-02 08:17:00";77603,8
"878901";"27:3:1";"Exp60_289_IS32087";"Exp60_289_IS32087";NA;"2023-10-02 08:31:00";77598
"878902";"27:3:1";"Exp60_289_IS32087";"Exp60_289_IS32087";NA;"2023-10-02 08:47:00";77590,5
"878903";"27:3:1";"Exp60_289_IS32087";"Exp60_289_IS32087";NA;"2023-10-02 09:01:00";77586,6
"878904";"27:3:1";"Exp60_289_IS32087";"Exp60_289_IS32087";NA;"2023-10-02 09:17:00";77578,6
"878905";"27:3:1";"Exp60_289_IS32087";"Exp60_289_IS32087";NA;"2023-10-02 09:31:00";77572,8
"878906";"27:3:1";"Exp60_289_IS32087";"Exp60_289_IS32087";NA;"2023-10-02 09:47:00";77566,9
"878907";"27:3:1";"Exp60_289_IS32087";"Exp60_289_IS32087";NA;"2023-10-02 10:01:00";77560,1
"878908";"27:3:1";"Exp60_289_IS32087";"Exp60_289_IS32087";NA;"2023-10-02 10:32:00";77549,8
"878909";"27:3:1";"Exp60_289_IS32087";"Exp60_289_IS32087";NA;"2023-10-02 10:46:00";77541,5
"878910";"27:3:1";"Exp60_289_IS32087";"Exp60_289_IS32087";NA;"2023-10-02 11:17:00";77523,4
"878911";"27:3:1";"Exp60_289_IS32087";"Exp60_289_IS32087";NA;"2023-10-02 11:31:00";77515,9
"878912";"27:3:1";"Exp60_289_IS32087";"Exp60_289_IS32087";NA;"2023-10-02 11:47:00";77504,2
"878913";"27:3:1";"Exp60_289_IS32087";"Exp60_289_IS32087";NA;"2023-10-02 12:01:00";77496,6
"878914";"27:3:1";"Exp60_289_IS32087";"Exp60_289_IS32087";NA;"2023-10-02 12:17:00";77487,6
"878915";"27:3:1";"Exp60_289_IS32087";"Exp60_289_IS32087";NA;"2023-10-02 12:31:00";77479,8
"878916";"27:3:1";"Exp60_289_IS32087";"Exp60_289_IS32087";NA;"2023-10-02 12:47:00";77471,2
"878917";"27:3:1";"Exp60_289_IS32087";"Exp60_289_IS32087";NA;"2023-10-02 13:01:00";77458,6
"878918";"27:3:1";"Exp60_289_IS32087";"Exp60_289_IS32087";NA;"2023-10-02 13:17:00";77449,7
"878919";"27:3:1";"Exp60_289_IS32087";"Exp60_289_IS32087";NA;"2023-10-02 13:31:00";77441,8
"878920";"27:3:1";"Exp60_289_IS32087";"Exp60_289_IS32087";NA;"2023-10-02 13:47:00";77432,4
"878921";"27:3:1";"Exp60_289_IS32087";"Exp60_289_IS32087";NA;"2023-10-02 14:01:00";77420,4
"878922";"27:3:1";"Exp60_289_IS32087";"Exp60_289_IS32087";NA;"2023-10-02 14:17:00";77412,9
"878923";"27:3:1";"Exp60_289_IS32087";"Exp60_289_IS32087";NA;"2023-10-02 14:31:00";77404,3
"878924";"27:3:1";"Exp60_289_IS32087";"Exp60_289_IS32087";NA;"2023-10-02 14:47:00";77399,5
"878925";"27:3:1";"Exp60_289_IS32087";"Exp60_289_IS32087";NA;"2023-10-02 15:01:00";77393,2
"878926";"27:3:1";"Exp60_289_IS32087";"Exp60_289_IS32087";NA;"2023-10-02 15:32:00";77380,6
"878927";"27:3:1";"Exp60_289_IS32087";"Exp60_289_IS32087";NA;"2023-10-02 15:46:00";77379,6
"878928";"27:3:1";"Exp60_289_IS32087";"Exp60_289_IS32087";NA;"2023-10-02 16:02:00";77371,7
"878929";"27:3:1";"Exp60_289_IS32087";"Exp60_289_IS32087";NA;"2023-10-02 16:16:00";77369,8
"878930";"27:3:1";"Exp60_289_IS32087";"Exp60_289_IS32087";NA;"2023-10-02 23:01:00";77358,1
"878931";"27:3:1";"Exp60_289_IS32087";"Exp60_289_IS32087";NA;"2023-10-02 23:17:00";77357,9
"878932";"27:3:1";"Exp60_289_IS32087";"Exp60_289_IS32087";NA;"2023-10-02 23:31:00";77358,9
"878933";"27:3:1";"Exp60_289_IS32087";"Exp60_289_IS32087";NA;"2023-10-02 23:47:00";77358,9
"878934";"27:3:1";"Exp60_289_IS32087";"Exp60_289_IS32087";NA;"2023-10-03 00:01:00";77360,2
"878935";"27:3:1";"Exp60_289_IS32087";"Exp60_289_IS32087";NA;"2023-10-03 00:17:00";77358,8
"878936";"27:3:1";"Exp60_289_IS32087";"Exp60_289_IS32087";NA;"2023-10-03 00:31:00";77359,2
"878937";"27:3:1";"Exp60_289_IS32087";"Exp60_289_IS32087";NA;"2023-10-03 00:47:00";77358,4
"878938";"27:3:1";"Exp60_289_IS32087";"Exp60_289_IS32087";NA;"2023-10-03 01:01:00";77357,2
"878939";"27:3:1";"Exp60_289_IS32087";"Exp60_289_IS32087";NA;"2023-10-03 01:17:00";77358,6
"878940";"27:3:1";"Exp60_289_IS32087";"Exp60_289_IS32087";NA;"2023-10-03 01:31:00";77356,8
"878941";"27:3:1";"Exp60_289_IS32087";"Exp60_289_IS32087";NA;"2023-10-03 01:47:00";77358,2
"878942";"27:3:1";"Exp60_289_IS32087";"Exp60_289_IS32087";NA;"2023-10-03 02:01:00";77357,5
"878943";"27:3:1";"Exp60_289_IS32087";"Exp60_289_IS32087";NA;"2023-10-03 02:17:00";77357,6
"878944";"27:3:1";"Exp60_289_IS32087";"Exp60_289_IS32087";NA;"2023-10-03 02:31:00";77364,1
"878945";"27:3:1";"Exp60_289_IS32087";"Exp60_289_IS32087";NA;"2023-10-03 03:47:00";77354,1
"878946";"27:3:1";"Exp60_289_IS32087";"Exp60_289_IS32087";NA;"2023-10-03 04:01:00";77353,8
"878947";"27:3:1";"Exp60_289_IS32087";"Exp60_289_IS32087";NA;"2023-10-03 04:17:00";77352,3
"878948";"27:3:1";"Exp60_289_IS32087";"Exp60_289_IS32087";NA;"2023-10-03 04:31:00";77354,5
"878949";"27:3:1";"Exp60_289_IS32087";"Exp60_289_IS32087";NA;"2023-10-03 04:47:00";77352,8
"878950";"27:3:1";"Exp60_289_IS32087";"Exp60_289_IS32087";NA;"2023-10-03 05:01:00";77352,5
"878951";"27:3:1";"Exp60_289_IS32087";"Exp60_289_IS32087";NA;"2023-10-03 05:17:00";77353,1
"878952";"27:3:1";"Exp60_289_IS32087";"Exp60_289_IS32087";NA;"2023-10-03 06:01:00";77352,6
"878953";"27:3:1";"Exp60_289_IS32087";"Exp60_289_IS32087";NA;"2023-10-03 06:17:00";77351,6
"878954";"27:3:1";"Exp60_289_IS32087";"Exp60_289_IS32087";NA;"2023-10-03 06:31:00";77351,9
"878955";"27:3:1";"Exp60_289_IS32087";"Exp60_289_IS32087";NA;"2023-10-03 06:47:00";77350,6
"878956";"27:3:1";"Exp60_289_IS32087";"Exp60_289_IS32087";NA;"2023-10-03 07:01:00";77347,8
"878957";"27:3:1";"Exp60_289_IS32087";"Exp60_289_IS32087";NA;"2023-10-03 07:17:00";77345,2
"878958";"27:3:1";"Exp60_289_IS32087";"Exp60_289_IS32087";NA;"2023-10-03 07:31:00";77339,1
"878959";"27:3:1";"Exp60_289_IS32087";"Exp60_289_IS32087";NA;"2023-10-03 08:02:00";77324,7
"878960";"27:3:1";"Exp60_289_IS32087";"Exp60_289_IS32087";NA;"2023-10-03 08:16:00";77317
"878961";"27:3:1";"Exp60_289_IS32087";"Exp60_289_IS32087";NA;"2023-10-03 08:32:00";77309
"878962";"27:3:1";"Exp60_289_IS32087";"Exp60_289_IS32087";NA;"2023-10-03 08:46:00";77299,4
"878963";"27:3:1";"Exp60_289_IS32087";"Exp60_289_IS32087";NA;"2023-10-03 15:16:00";77014,3
"878964";"27:3:1";"Exp60_289_IS32087";"Exp60_289_IS32087";NA;"2023-10-03 21:16:00";78019,1
"878965";"27:3:1";"Exp60_289_IS32087";"Exp60_289_IS32087";NA;"2023-10-03 22:02:00";78011,5
"878966";"27:3:1";"Exp60_289_IS32087";"Exp60_289_IS32087";NA;"2023-10-03 22:16:00";78008,5
"878967";"27:3:1";"Exp60_289_IS32087";"Exp60_289_IS32087";NA;"2023-10-03 22:32:00";78007,8
"878968";"27:3:1";"Exp60_289_IS32087";"Exp60_289_IS32087";NA;"2023-10-03 22:46:00";78005,9
"878969";"27:3:1";"Exp60_289_IS32087";"Exp60_289_IS32087";NA;"2023-10-03 23:17:00";78002
"878970";"27:3:1";"Exp60_289_IS32087";"Exp60_289_IS32087";NA;"2023-10-03 23:31:00";78000,2
"878971";"27:3:1";"Exp60_289_IS32087";"Exp60_289_IS32087";NA;"2023-10-03 23:47:00";77998,7
"878972";"27:3:1";"Exp60_289_IS32087";"Exp60_289_IS32087";NA;"2023-10-04 00:16:00";77996,1
"878973";"27:3:1";"Exp60_289_IS32087";"Exp60_289_IS32087";NA;"2023-10-04 00:32:00";77995,1
"878974";"27:3:1";"Exp60_289_IS32087";"Exp60_289_IS32087";NA;"2023-10-04 00:46:00";77993,8
"878975";"27:3:1";"Exp60_289_IS32087";"Exp60_289_IS32087";NA;"2023-10-04 01:02:00";77993,9
"878976";"27:3:1";"Exp60_289_IS32087";"Exp60_289_IS32087";NA;"2023-10-04 01:16:00";77992,4
"878977";"27:3:1";"Exp60_289_IS32087";"Exp60_289_IS32087";NA;"2023-10-04 01:32:00";77990,6
"878978";"27:3:1";"Exp60_289_IS32087";"Exp60_289_IS32087";NA;"2023-10-04 01:46:00";77990,3
"878979";"27:3:1";"Exp60_289_IS32087";"Exp60_289_IS32087";NA;"2023-10-04 02:02:00";77989
"878980";"27:3:1";"Exp60_289_IS32087";"Exp60_289_IS32087";NA;"2023-10-04 02:16:00";77988,8
"878981";"27:3:1";"Exp60_289_IS32087";"Exp60_289_IS32087";NA;"2023-10-04 02:32:00";77988,3
"878982";"27:3:1";"Exp60_289_IS32087";"Exp60_289_IS32087";NA;"2023-10-04 02:46:00";77988,4
"878983";"27:3:1";"Exp60_289_IS32087";"Exp60_289_IS32087";NA;"2023-10-04 03:17:00";77986,5
"878984";"27:3:1";"Exp60_289_IS32087";"Exp60_289_IS32087";NA;"2023-10-04 03:31:00";77984,9
"878985";"27:3:1";"Exp60_289_IS32087";"Exp60_289_IS32087";NA;"2023-10-04 03:47:00";77984,1
"878986";"27:3:1";"Exp60_289_IS32087";"Exp60_289_IS32087";NA;"2023-10-04 04:01:00";77981,8
"878987";"27:3:1";"Exp60_289_IS32087";"Exp60_289_IS32087";NA;"2023-10-04 04:32:00";77981
"878988";"27:3:1";"Exp60_289_IS32087";"Exp60_289_IS32087";NA;"2023-10-04 04:46:00";77981
"878989";"27:3:1";"Exp60_289_IS32087";"Exp60_289_IS32087";NA;"2023-10-04 05:02:00";77979,8
"878990";"27:3:1";"Exp60_289_IS32087";"Exp60_289_IS32087";NA;"2023-10-04 05:16:00";77978,6
"878991";"27:3:1";"Exp60_289_IS32087";"Exp60_289_IS32087";NA;"2023-10-04 05:32:00";77979
"878992";"27:3:1";"Exp60_289_IS32087";"Exp60_289_IS32087";NA;"2023-10-04 05:46:00";77978,9
"878993";"27:3:1";"Exp60_289_IS32087";"Exp60_289_IS32087";NA;"2023-10-04 06:32:00";77976,5
"878994";"27:3:1";"Exp60_289_IS32087";"Exp60_289_IS32087";NA;"2023-10-04 06:46:00";77975
"878995";"27:3:1";"Exp60_289_IS32087";"Exp60_289_IS32087";NA;"2023-10-04 07:17:00";77967
"878996";"27:3:1";"Exp60_289_IS32087";"Exp60_289_IS32087";NA;"2023-10-04 07:31:00";77962,7
"878997";"27:3:1";"Exp60_289_IS32087";"Exp60_289_IS32087";NA;"2023-10-04 07:47:00";77953,9
"878998";"27:3:1";"Exp60_289_IS32087";"Exp60_289_IS32087";NA;"2023-10-04 08:01:00";77943,3
"878999";"27:3:1";"Exp60_289_IS32087";"Exp60_289_IS32087";NA;"2023-10-04 08:17:00";77935,8
"879000";"27:3:1";"Exp60_289_IS32087";"Exp60_289_IS32087";NA;"2023-10-04 08:31:00";77924,4
"879001";"27:3:1";"Exp60_289_IS32087";"Exp60_289_IS32087";NA;"2023-10-04 08:47:00";77907,2
"879002";"27:3:1";"Exp60_289_IS32087";"Exp60_289_IS32087";NA;"2023-10-04 09:01:00";77899,5
"879003";"27:3:1";"Exp60_289_IS32087";"Exp60_289_IS32087";NA;"2023-10-04 09:17:00";77876,1
"879004";"27:3:1";"Exp60_289_IS32087";"Exp60_289_IS32087";NA;"2023-10-04 09:31:00";77860,8
"879005";"27:3:1";"Exp60_289_IS32087";"Exp60_289_IS32087";NA;"2023-10-04 09:47:00";77839,4
"879006";"27:3:1";"Exp60_289_IS32087";"Exp60_289_IS32087";NA;"2023-10-04 10:01:00";77811,7
"879007";"27:3:1";"Exp60_289_IS32087";"Exp60_289_IS32087";NA;"2023-10-04 10:17:00";77799,7
"879008";"27:3:1";"Exp60_289_IS32087";"Exp60_289_IS32087";NA;"2023-10-04 10:31:00";77779,2
"879009";"27:3:1";"Exp60_289_IS32087";"Exp60_289_IS32087";NA;"2023-10-04 10:47:00";77759,2
"879010";"27:3:1";"Exp60_289_IS32087";"Exp60_289_IS32087";NA;"2023-10-04 11:01:00";77740,6
"879011";"27:3:1";"Exp60_289_IS32087";"Exp60_289_IS32087";NA;"2023-10-04 11:17:00";77716,9
"879012";"27:3:1";"Exp60_289_IS32087";"Exp60_289_IS32087";NA;"2023-10-04 11:31:00";77702,3
"879013";"27:3:1";"Exp60_289_IS32087";"Exp60_289_IS32087";NA;"2023-10-04 11:47:00";77692,5
"879014";"27:3:1";"Exp60_289_IS32087";"Exp60_289_IS32087";NA;"2023-10-04 12:01:00";77670,9
"879015";"27:3:1";"Exp60_289_IS32087";"Exp60_289_IS32087";NA;"2023-10-04 12:32:00";77634,3
"879016";"27:3:1";"Exp60_289_IS32087";"Exp60_289_IS32087";NA;"2023-10-04 12:46:00";77626
"879017";"27:3:1";"Exp60_289_IS32087";"Exp60_289_IS32087";NA;"2023-10-04 13:02:00";77593
"879018";"27:3:1";"Exp60_289_IS32087";"Exp60_289_IS32087";NA;"2023-10-04 13:16:00";77579,5
"879019";"27:3:1";"Exp60_289_IS32087";"Exp60_289_IS32087";NA;"2023-10-04 13:32:00";77570,5
"879020";"27:3:1";"Exp60_289_IS32087";"Exp60_289_IS32087";NA;"2023-10-04 13:46:00";77554,6
"879021";"27:3:1";"Exp60_289_IS32087";"Exp60_289_IS32087";NA;"2023-10-04 21:01:00";77427,7
"879022";"27:3:1";"Exp60_289_IS32087";"Exp60_289_IS32087";NA;"2023-10-05 03:31:00";77432,1
"879023";"27:3:1";"Exp60_289_IS32087";"Exp60_289_IS32087";NA;"2023-10-05 03:47:00";77432,7
"879024";"27:3:1";"Exp60_289_IS32087";"Exp60_289_IS32087";NA;"2023-10-05 04:01:00";77432,2
"879025";"27:3:1";"Exp60_289_IS32087";"Exp60_289_IS32087";NA;"2023-10-05 04:17:00";77434
"879026";"27:3:1";"Exp60_289_IS32087";"Exp60_289_IS32087";NA;"2023-10-05 04:31:00";77432,8
"879027";"27:3:1";"Exp60_289_IS32087";"Exp60_289_IS32087";NA;"2023-10-05 04:47:00";77434
"879028";"27:3:1";"Exp60_289_IS32087";"Exp60_289_IS32087";NA;"2023-10-05 05:01:00";77435
"879029";"27:3:1";"Exp60_289_IS32087";"Exp60_289_IS32087";NA;"2023-10-05 05:17:00";77435,6
"879030";"27:3:1";"Exp60_289_IS32087";"Exp60_289_IS32087";NA;"2023-10-05 05:31:00";77436,3
"879031";"27:3:1";"Exp60_289_IS32087";"Exp60_289_IS32087";NA;"2023-10-05 05:47:00";77436,9
"879032";"27:3:1";"Exp60_289_IS32087";"Exp60_289_IS32087";NA;"2023-10-05 06:01:00";77438,3
"879033";"27:3:1";"Exp60_289_IS32087";"Exp60_289_IS32087";NA;"2023-10-05 06:17:00";77437,6
"879034";"27:3:1";"Exp60_289_IS32087";"Exp60_289_IS32087";NA;"2023-10-05 06:31:00";77439,2
"879035";"27:3:1";"Exp60_289_IS32087";"Exp60_289_IS32087";NA;"2023-10-05 06:47:00";77439,1
"879036";"27:3:1";"Exp60_289_IS32087";"Exp60_289_IS32087";NA;"2023-10-05 07:01:00";77436,9
"879037";"27:3:1";"Exp60_289_IS32087";"Exp60_289_IS32087";NA;"2023-10-05 07:17:00";77432,4
"879038";"27:3:1";"Exp60_289_IS32087";"Exp60_289_IS32087";NA;"2023-10-05 07:31:00";77428
"879039";"27:3:1";"Exp60_289_IS32087";"Exp60_289_IS32087";NA;"2023-10-05 07:47:00";77422,6
"879040";"27:3:1";"Exp60_289_IS32087";"Exp60_289_IS32087";NA;"2023-10-05 08:01:00";77415,2
"879041";"27:3:1";"Exp60_289_IS32087";"Exp60_289_IS32087";NA;"2023-10-05 08:17:00";77406,6
"879042";"27:3:1";"Exp60_289_IS32087";"Exp60_289_IS32087";NA;"2023-10-05 08:31:00";77390,4
"879043";"27:3:1";"Exp60_289_IS32087";"Exp60_289_IS32087";NA;"2023-10-05 08:47:00";77378,8
"879044";"27:3:1";"Exp60_289_IS32087";"Exp60_289_IS32087";NA;"2023-10-05 09:01:00";77368,4
"879045";"27:3:1";"Exp60_289_IS32087";"Exp60_289_IS32087";NA;"2023-10-05 09:17:00";77360,5
"879046";"27:3:1";"Exp60_289_IS32087";"Exp60_289_IS32087";NA;"2023-10-05 09:31:00";77349,9
"879047";"27:3:1";"Exp60_289_IS32087";"Exp60_289_IS32087";NA;"2023-10-05 09:47:00";77333,9
"879048";"27:3:1";"Exp60_289_IS32087";"Exp60_289_IS32087";NA;"2023-10-05 10:01:00";77319,5
"879049";"27:3:1";"Exp60_289_IS32087";"Exp60_289_IS32087";NA;"2023-10-05 10:17:00";77301,2
"879050";"27:3:1";"Exp60_289_IS32087";"Exp60_289_IS32087";NA;"2023-10-05 10:31:00";77292,1
"879051";"27:3:1";"Exp60_289_IS32087";"Exp60_289_IS32087";NA;"2023-10-05 10:47:00";77274,7
"879052";"27:3:1";"Exp60_289_IS32087";"Exp60_289_IS32087";NA;"2023-10-05 11:01:00";77267
"879053";"27:3:1";"Exp60_289_IS32087";"Exp60_289_IS32087";NA;"2023-10-05 11:17:00";77248,8
"879054";"27:3:1";"Exp60_289_IS32087";"Exp60_289_IS32087";NA;"2023-10-05 11:31:00";77228,3
"879055";"27:3:1";"Exp60_289_IS32087";"Exp60_289_IS32087";NA;"2023-10-05 11:47:00";77214,4
"879056";"27:3:1";"Exp60_289_IS32087";"Exp60_289_IS32087";NA;"2023-10-05 12:01:00";77189,1
"879057";"27:3:1";"Exp60_289_IS32087";"Exp60_289_IS32087";NA;"2023-10-05 18:01:00";76945,7
"879058";"27:3:1";"Exp60_289_IS32087";"Exp60_289_IS32087";NA;"2023-10-05 18:17:00";76946
"879059";"27:3:1";"Exp60_289_IS32087";"Exp60_289_IS32087";NA;"2023-10-05 18:31:00";76945,6
"879060";"27:3:1";"Exp60_289_IS32087";"Exp60_289_IS32087";NA;"2023-10-06 00:31:00";76948,1
"879061";"27:3:1";"Exp60_289_IS32087";"Exp60_289_IS32087";NA;"2023-10-06 00:47:00";76948,2
"879062";"27:3:1";"Exp60_289_IS32087";"Exp60_289_IS32087";NA;"2023-10-06 01:01:00";76948,4
"879063";"27:3:1";"Exp60_289_IS32087";"Exp60_289_IS32087";NA;"2023-10-06 01:17:00";76947,1
"879064";"27:3:1";"Exp60_289_IS32087";"Exp60_289_IS32087";NA;"2023-10-06 01:31:00";76948,7
"879065";"27:3:1";"Exp60_289_IS32087";"Exp60_289_IS32087";NA;"2023-10-06 01:47:00";76949,1
"879066";"27:3:1";"Exp60_289_IS32087";"Exp60_289_IS32087";NA;"2023-10-06 02:01:00";76949,8
"879067";"27:3:1";"Exp60_289_IS32087";"Exp60_289_IS32087";NA;"2023-10-06 02:17:00";76948,1
"879068";"27:3:1";"Exp60_289_IS32087";"Exp60_289_IS32087";NA;"2023-10-06 02:31:00";76949,1
"879069";"27:3:1";"Exp60_289_IS32087";"Exp60_289_IS32087";NA;"2023-10-06 02:47:00";76949,7
"879070";"27:3:1";"Exp60_289_IS32087";"Exp60_289_IS32087";NA;"2023-10-06 03:16:00";76949,4
"879071";"27:3:1";"Exp60_289_IS32087";"Exp60_289_IS32087";NA;"2023-10-06 03:32:00";76948,7
"879072";"27:3:1";"Exp60_289_IS32087";"Exp60_289_IS32087";NA;"2023-10-06 03:46:00";76949,4
"879073";"27:3:1";"Exp60_289_IS32087";"Exp60_289_IS32087";NA;"2023-10-06 10:46:00";76798,9
"879074";"27:3:1";"Exp60_289_IS32087";"Exp60_289_IS32087";NA;"2023-10-06 11:02:00";76785
"879075";"27:3:1";"Exp60_289_IS32087";"Exp60_289_IS32087";NA;"2023-10-06 11:16:00";76772,6
"879076";"27:3:1";"Exp60_289_IS32087";"Exp60_289_IS32087";NA;"2023-10-06 11:47:00";76736,8
"879077";"27:3:1";"Exp60_289_IS32087";"Exp60_289_IS32087";NA;"2023-10-06 12:01:00";76720,6
"879078";"27:3:1";"Exp60_289_IS32087";"Exp60_289_IS32087";NA;"2023-10-06 20:01:00";78235
"879079";"27:3:1";"Exp60_289_IS32087";"Exp60_289_IS32087";NA;"2023-10-06 20:17:00";78225,4
"879080";"27:3:1";"Exp60_289_IS32087";"Exp60_289_IS32087";NA;"2023-10-06 20:31:00";78219,6
"879081";"27:3:1";"Exp60_289_IS32087";"Exp60_289_IS32087";NA;"2023-10-07 03:01:00";78160,4
"879082";"27:3:1";"Exp60_289_IS32087";"Exp60_289_IS32087";NA;"2023-10-07 03:17:00";78159,9
"879083";"27:3:1";"Exp60_289_IS32087";"Exp60_289_IS32087";NA;"2023-10-07 03:31:00";78159,7
"879084";"27:3:1";"Exp60_289_IS32087";"Exp60_289_IS32087";NA;"2023-10-07 03:47:00";78159,1
"879085";"27:3:1";"Exp60_289_IS32087";"Exp60_289_IS32087";NA;"2023-10-07 04:01:00";78157,4
"879086";"27:3:1";"Exp60_289_IS32087";"Exp60_289_IS32087";NA;"2023-10-07 11:01:00";77915,1
"879087";"27:3:1";"Exp60_289_IS32087";"Exp60_289_IS32087";NA;"2023-10-07 11:17:00";77885,6
"879088";"27:3:1";"Exp60_289_IS32087";"Exp60_289_IS32087";NA;"2023-10-07 11:31:00";77862,3
"879089";"27:3:1";"Exp60_289_IS32087";"Exp60_289_IS32087";NA;"2023-10-07 11:47:00";77833,6
"879090";"27:3:1";"Exp60_289_IS32087";"Exp60_289_IS32087";NA;"2023-10-07 12:01:00";77806,8
"879091";"27:3:1";"Exp60_289_IS32087";"Exp60_289_IS32087";NA;"2023-10-07 12:47:00";77734,6
"879092";"27:3:1";"Exp60_289_IS32087";"Exp60_289_IS32087";NA;"2023-10-07 13:01:00";77717
"879093";"27:3:1";"Exp60_289_IS32087";"Exp60_289_IS32087";NA;"2023-10-07 13:17:00";77697,1
"879094";"27:3:1";"Exp60_289_IS32087";"Exp60_289_IS32087";NA;"2023-10-07 13:31:00";77671,7
"879095";"27:3:1";"Exp60_289_IS32087";"Exp60_289_IS32087";NA;"2023-10-07 13:47:00";77649,8
"879096";"27:3:1";"Exp60_289_IS32087";"Exp60_289_IS32087";NA;"2023-10-07 14:01:00";77631
"879097";"27:3:1";"Exp60_289_IS32087";"Exp60_289_IS32087";NA;"2023-10-07 14:17:00";77612,2
"879098";"27:3:1";"Exp60_289_IS32087";"Exp60_289_IS32087";NA;"2023-10-07 14:31:00";77605,7
"879099";"27:3:1";"Exp60_289_IS32087";"Exp60_289_IS32087";NA;"2023-10-07 20:46:00";77493,4
"879100";"27:3:1";"Exp60_289_IS32087";"Exp60_289_IS32087";NA;"2023-10-07 21:02:00";77493,5
"879101";"27:3:1";"Exp60_289_IS32087";"Exp60_289_IS32087";NA;"2023-10-07 21:16:00";77493,7
"879102";"27:3:1";"Exp60_289_IS32087";"Exp60_289_IS32087";NA;"2023-10-07 21:32:00";77492,9
"879103";"27:3:1";"Exp60_289_IS32087";"Exp60_289_IS32087";NA;"2023-10-07 21:46:00";77491
"879104";"27:3:1";"Exp60_289_IS32087";"Exp60_289_IS32087";NA;"2023-10-07 22:02:00";77490,8
"879105";"27:3:1";"Exp60_289_IS32087";"Exp60_289_IS32087";NA;"2023-10-07 22:16:00";77490,3
"879106";"27:3:1";"Exp60_289_IS32087";"Exp60_289_IS32087";NA;"2023-10-07 22:32:00";77490
"879107";"27:3:1";"Exp60_289_IS32087";"Exp60_289_IS32087";NA;"2023-10-07 22:46:00";77487,6
"879108";"27:3:1";"Exp60_289_IS32087";"Exp60_289_IS32087";NA;"2023-10-07 23:02:00";77487,6
"879109";"27:3:1";"Exp60_289_IS32087";"Exp60_289_IS32087";NA;"2023-10-07 23:16:00";77486,7
"879110";"27:3:1";"Exp60_289_IS32087";"Exp60_289_IS32087";NA;"2023-10-07 23:32:00";77485,5
"879111";"27:3:1";"Exp60_289_IS32087";"Exp60_289_IS32087";NA;"2023-10-07 23:46:00";77486,8
"879112";"27:3:1";"Exp60_289_IS32087";"Exp60_289_IS32087";NA;"2023-10-08 00:02:00";77485,4
"879113";"27:3:1";"Exp60_289_IS32087";"Exp60_289_IS32087";NA;"2023-10-08 00:16:00";77485,9
"879114";"27:3:1";"Exp60_289_IS32087";"Exp60_289_IS32087";NA;"2023-10-08 00:32:00";77485,3
"879115";"27:3:1";"Exp60_289_IS32087";"Exp60_289_IS32087";NA;"2023-10-08 00:46:00";77485,2
"879116";"27:3:1";"Exp60_289_IS32087";"Exp60_289_IS32087";NA;"2023-10-08 01:02:00";77486,1
"879117";"27:3:1";"Exp60_289_IS32087";"Exp60_289_IS32087";NA;"2023-10-08 01:16:00";77485,1
"879118";"27:3:1";"Exp60_289_IS32087";"Exp60_289_IS32087";NA;"2023-10-08 01:32:00";77485
"879119";"27:3:1";"Exp60_289_IS32087";"Exp60_289_IS32087";NA;"2023-10-08 01:46:00";77484,6
"879120";"27:3:1";"Exp60_289_IS32087";"Exp60_289_IS32087";NA;"2023-10-08 02:02:00";77485,5
"879121";"27:3:1";"Exp60_289_IS32087";"Exp60_289_IS32087";NA;"2023-10-08 02:16:00";77487,2
"879122";"27:3:1";"Exp60_289_IS32087";"Exp60_289_IS32087";NA;"2023-10-08 02:32:00";77487,1
"879123";"27:3:1";"Exp60_289_IS32087";"Exp60_289_IS32087";NA;"2023-10-08 02:46:00";77487,3
"879124";"27:3:1";"Exp60_289_IS32087";"Exp60_289_IS32087";NA;"2023-10-08 03:02:00";77486,4
"879125";"27:3:1";"Exp60_289_IS32087";"Exp60_289_IS32087";NA;"2023-10-08 03:16:00";77485,6
"879126";"27:3:1";"Exp60_289_IS32087";"Exp60_289_IS32087";NA;"2023-10-08 03:32:00";77486,1
"879127";"27:3:1";"Exp60_289_IS32087";"Exp60_289_IS32087";NA;"2023-10-08 03:46:00";77486,7
"879128";"27:3:1";"Exp60_289_IS32087";"Exp60_289_IS32087";NA;"2023-10-08 04:02:00";77486,3
"879129";"27:3:1";"Exp60_289_IS32087";"Exp60_289_IS32087";NA;"2023-10-08 04:16:00";77486,4
"879130";"27:3:1";"Exp60_289_IS32087";"Exp60_289_IS32087";NA;"2023-10-08 04:32:00";77487,3
"879131";"27:3:1";"Exp60_289_IS32087";"Exp60_289_IS32087";NA;"2023-10-08 04:46:00";77486,7
"879132";"27:3:1";"Exp60_289_IS32087";"Exp60_289_IS32087";NA;"2023-10-08 05:02:00";77486,4
"879133";"27:3:1";"Exp60_289_IS32087";"Exp60_289_IS32087";NA;"2023-10-08 05:16:00";77485,2
"879134";"27:3:1";"Exp60_289_IS32087";"Exp60_289_IS32087";NA;"2023-10-08 05:32:00";77484,6
"879135";"27:3:1";"Exp60_289_IS32087";"Exp60_289_IS32087";NA;"2023-10-08 05:46:00";77485
"879136";"27:3:1";"Exp60_289_IS32087";"Exp60_289_IS32087";NA;"2023-10-08 06:02:00";77484,2
"879137";"27:3:1";"Exp60_289_IS32087";"Exp60_289_IS32087";NA;"2023-10-08 06:16:00";77483,6
"879138";"27:3:1";"Exp60_289_IS32087";"Exp60_289_IS32087";NA;"2023-10-08 06:32:00";77483,5
"879139";"27:3:1";"Exp60_289_IS32087";"Exp60_289_IS32087";NA;"2023-10-08 06:46:00";77482,6
"879140";"27:3:1";"Exp60_289_IS32087";"Exp60_289_IS32087";NA;"2023-10-08 07:02:00";77479,8
"879141";"27:3:1";"Exp60_289_IS32087";"Exp60_289_IS32087";NA;"2023-10-08 07:16:00";77476,5
"879142";"27:3:1";"Exp60_289_IS32087";"Exp60_289_IS32087";NA;"2023-10-08 07:32:00";77473
"879143";"27:3:1";"Exp60_289_IS32087";"Exp60_289_IS32087";NA;"2023-10-08 07:46:00";77465,8
"879144";"27:3:1";"Exp60_289_IS32087";"Exp60_289_IS32087";NA;"2023-10-08 08:02:00";77458,4
"879145";"27:3:1";"Exp60_289_IS32087";"Exp60_289_IS32087";NA;"2023-10-08 08:16:00";77452,2
"879146";"27:3:1";"Exp60_289_IS32087";"Exp60_289_IS32087";NA;"2023-10-08 08:32:00";77443
"879147";"27:3:1";"Exp60_289_IS32087";"Exp60_289_IS32087";NA;"2023-10-08 08:46:00";77433,3
"879148";"27:3:1";"Exp60_289_IS32087";"Exp60_289_IS32087";NA;"2023-10-08 09:02:00";77422,2
"879149";"27:3:1";"Exp60_289_IS32087";"Exp60_289_IS32087";NA;"2023-10-08 09:16:00";77406,7
"879150";"27:3:1";"Exp60_289_IS32087";"Exp60_289_IS32087";NA;"2023-10-08 09:32:00";77395,4
"879151";"27:3:1";"Exp60_289_IS32087";"Exp60_289_IS32087";NA;"2023-10-08 09:46:00";77377,9
"879152";"27:3:1";"Exp60_289_IS32087";"Exp60_289_IS32087";NA;"2023-10-08 10:32:00";77327,5
"879153";"27:3:1";"Exp60_289_IS32087";"Exp60_289_IS32087";NA;"2023-10-08 10:46:00";77312,7
"879154";"27:3:1";"Exp60_289_IS32087";"Exp60_289_IS32087";NA;"2023-10-08 11:17:00";77264,4
"879155";"27:3:1";"Exp60_289_IS32087";"Exp60_289_IS32087";NA;"2023-10-08 11:31:00";77249,3
"879156";"27:3:1";"Exp60_289_IS32087";"Exp60_289_IS32087";NA;"2023-10-08 12:02:00";77191,6
"879157";"27:3:1";"Exp60_289_IS32087";"Exp60_289_IS32087";NA;"2023-10-08 12:16:00";77175,1
"879158";"27:3:1";"Exp60_289_IS32087";"Exp60_289_IS32087";NA;"2023-10-08 12:32:00";77155,7
"879159";"27:3:1";"Exp60_289_IS32087";"Exp60_289_IS32087";NA;"2023-10-08 12:46:00";77130,6
"879160";"27:3:1";"Exp60_289_IS32087";"Exp60_289_IS32087";NA;"2023-10-08 13:02:00";77106
"879161";"27:3:1";"Exp60_289_IS32087";"Exp60_289_IS32087";NA;"2023-10-08 13:16:00";77089,7
"879162";"27:3:1";"Exp60_289_IS32087";"Exp60_289_IS32087";NA;"2023-10-08 13:47:00";77047
"879163";"27:3:1";"Exp60_289_IS32087";"Exp60_289_IS32087";NA;"2023-10-08 14:01:00";77031,1
"879164";"27:3:1";"Exp60_289_IS32087";"Exp60_289_IS32087";NA;"2023-10-08 14:17:00";77016
"879165";"27:3:1";"Exp60_289_IS32087";"Exp60_289_IS32087";NA;"2023-10-08 14:31:00";77015,8
"879166";"27:3:1";"Exp60_289_IS32087";"Exp60_289_IS32087";NA;"2023-10-08 14:47:00";76992,2
"879167";"27:3:1";"Exp60_289_IS32087";"Exp60_289_IS32087";NA;"2023-10-08 15:01:00";76977,4
"879168";"27:3:1";"Exp60_289_IS32087";"Exp60_289_IS32087";NA;"2023-10-08 22:46:00";76886,6
"879169";"27:3:1";"Exp60_289_IS32087";"Exp60_289_IS32087";NA;"2023-10-08 23:02:00";76886,8
"879170";"27:3:1";"Exp60_289_IS32087";"Exp60_289_IS32087";NA;"2023-10-08 23:16:00";76886,4
"879171";"27:3:1";"Exp60_289_IS32087";"Exp60_289_IS32087";NA;"2023-10-08 23:32:00";76886,1
"879172";"27:3:1";"Exp60_289_IS32087";"Exp60_289_IS32087";NA;"2023-10-08 23:46:00";76885,8
"879173";"27:3:1";"Exp60_289_IS32087";"Exp60_289_IS32087";NA;"2023-10-09 00:02:00";76884,5
"879174";"27:3:1";"Exp60_289_IS32087";"Exp60_289_IS32087";NA;"2023-10-09 00:16:00";76884,4
"879175";"27:3:1";"Exp60_289_IS32087";"Exp60_289_IS32087";NA;"2023-10-09 00:32:00";76885,1
"879176";"27:3:1";"Exp60_289_IS32087";"Exp60_289_IS32087";NA;"2023-10-09 00:46:00";76886
"879177";"27:3:1";"Exp60_289_IS32087";"Exp60_289_IS32087";NA;"2023-10-09 01:02:00";76887,4
"879178";"27:3:1";"Exp60_289_IS32087";"Exp60_289_IS32087";NA;"2023-10-09 01:16:00";76886,8
"879179";"27:3:1";"Exp60_289_IS32087";"Exp60_289_IS32087";NA;"2023-10-09 01:32:00";76886,8
"879180";"27:3:1";"Exp60_289_IS32087";"Exp60_289_IS32087";NA;"2023-10-09 01:46:00";76886,9
"879181";"27:3:1";"Exp60_289_IS32087";"Exp60_289_IS32087";NA;"2023-10-09 02:02:00";76886,3
"879182";"27:3:1";"Exp60_289_IS32087";"Exp60_289_IS32087";NA;"2023-10-09 02:16:00";76885,8
"879183";"27:3:1";"Exp60_289_IS32087";"Exp60_289_IS32087";NA;"2023-10-09 02:32:00";76885,6
"879184";"27:3:1";"Exp60_289_IS32087";"Exp60_289_IS32087";NA;"2023-10-09 02:46:00";76884,2
"879185";"27:3:1";"Exp60_289_IS32087";"Exp60_289_IS32087";NA;"2023-10-09 03:02:00";76884,6
"879186";"27:3:1";"Exp60_289_IS32087";"Exp60_289_IS32087";NA;"2023-10-09 03:16:00";76884,7
"879187";"27:3:1";"Exp60_289_IS32087";"Exp60_289_IS32087";NA;"2023-10-09 03:32:00";76885,4
"879188";"27:3:1";"Exp60_289_IS32087";"Exp60_289_IS32087";NA;"2023-10-09 03:46:00";76885,2
"879189";"27:3:1";"Exp60_289_IS32087";"Exp60_289_IS32087";NA;"2023-10-09 04:17:00";76884,6
"879190";"27:3:1";"Exp60_289_IS32087";"Exp60_289_IS32087";NA;"2023-10-09 04:31:00";76885,7
"879191";"27:3:1";"Exp60_289_IS32087";"Exp60_289_IS32087";NA;"2023-10-09 04:47:00";76885,2
"879192";"27:3:1";"Exp60_289_IS32087";"Exp60_289_IS32087";NA;"2023-10-09 05:01:00";76886,6
"879193";"27:3:1";"Exp60_289_IS32087";"Exp60_289_IS32087";NA;"2023-10-09 05:17:00";76885,6
"879194";"27:3:1";"Exp60_289_IS32087";"Exp60_289_IS32087";NA;"2023-10-09 05:31:00";76886,4
"879195";"27:3:1";"Exp60_289_IS32087";"Exp60_289_IS32087";NA;"2023-10-09 05:47:00";76886,7
"879196";"27:3:1";"Exp60_289_IS32087";"Exp60_289_IS32087";NA;"2023-10-09 06:01:00";76885,4
"879197";"27:3:1";"Exp60_289_IS32087";"Exp60_289_IS32087";NA;"2023-10-09 06:17:00";76885,6
"879198";"27:3:1";"Exp60_289_IS32087";"Exp60_289_IS32087";NA;"2023-10-09 06:31:00";76885,4
"879199";"27:3:1";"Exp60_289_IS32087";"Exp60_289_IS32087";NA;"2023-10-09 06:47:00";76884,2
"879200";"27:3:1";"Exp60_289_IS32087";"Exp60_289_IS32087";NA;"2023-10-09 07:01:00";76881
"879201";"27:3:1";"Exp60_289_IS32087";"Exp60_289_IS32087";NA;"2023-10-09 07:17:00";76879,1
"879202";"27:3:1";"Exp60_289_IS32087";"Exp60_289_IS32087";NA;"2023-10-09 07:31:00";76875,2
"879203";"27:3:1";"Exp60_289_IS32087";"Exp60_289_IS32087";NA;"2023-10-09 07:47:00";76867,9
"879204";"27:3:1";"Exp60_289_IS32087";"Exp60_289_IS32087";NA;"2023-10-09 08:01:00";76862,1
"879205";"27:3:1";"Exp60_289_IS32087";"Exp60_289_IS32087";NA;"2023-10-09 08:17:00";76852,3
"879206";"27:3:1";"Exp60_289_IS32087";"Exp60_289_IS32087";NA;"2023-10-09 08:31:00";76843,7
"879207";"27:3:1";"Exp60_289_IS32087";"Exp60_289_IS32087";NA;"2023-10-09 08:47:00";76833,4
"879208";"27:3:1";"Exp60_289_IS32087";"Exp60_289_IS32087";NA;"2023-10-09 09:01:00";76826,2
"879209";"27:3:1";"Exp60_289_IS32087";"Exp60_289_IS32087";NA;"2023-10-09 09:17:00";76811,2
"879210";"27:3:1";"Exp60_289_IS32087";"Exp60_289_IS32087";NA;"2023-10-09 09:31:00";76797,2
"879211";"27:3:1";"Exp60_289_IS32087";"Exp60_289_IS32087";NA;"2023-10-09 10:32:00";76730
"879212";"27:3:1";"Exp60_289_IS32087";"Exp60_289_IS32087";NA;"2023-10-09 10:46:00";76710,6
"879213";"27:3:1";"Exp60_289_IS32087";"Exp60_289_IS32087";NA;"2023-10-09 11:02:00";76693,7
"879214";"27:3:1";"Exp60_289_IS32087";"Exp60_289_IS32087";NA;"2023-10-09 11:16:00";76670
"879215";"27:3:1";"Exp60_289_IS32087";"Exp60_289_IS32087";NA;"2023-10-09 11:47:00";76625,9
"879216";"27:3:1";"Exp60_289_IS32087";"Exp60_289_IS32087";NA;"2023-10-09 12:01:00";76607,9
"879217";"27:3:1";"Exp60_289_IS32087";"Exp60_289_IS32087";NA;"2023-10-09 12:17:00";76584,4
"879218";"27:3:1";"Exp60_289_IS32087";"Exp60_289_IS32087";NA;"2023-10-09 12:31:00";76562,1
"879219";"27:3:1";"Exp60_289_IS32087";"Exp60_289_IS32087";NA;"2023-10-09 12:47:00";76539,5
"879220";"27:3:1";"Exp60_289_IS32087";"Exp60_289_IS32087";NA;"2023-10-09 13:01:00";76518,2
"879221";"27:3:1";"Exp60_289_IS32087";"Exp60_289_IS32087";NA;"2023-10-09 13:32:00";76471,8
"879222";"27:3:1";"Exp60_289_IS32087";"Exp60_289_IS32087";NA;"2023-10-09 13:46:00";76460,7
"879223";"27:3:1";"Exp60_289_IS32087";"Exp60_289_IS32087";NA;"2023-10-09 14:02:00";76446,5
"879224";"27:3:1";"Exp60_289_IS32087";"Exp60_289_IS32087";NA;"2023-10-09 14:16:00";76439,5
"879225";"27:3:1";"Exp60_289_IS32087";"Exp60_289_IS32087";NA;"2023-10-09 20:16:00";76312,8
"879226";"27:3:1";"Exp60_289_IS32087";"Exp60_289_IS32087";NA;"2023-10-09 20:32:00";76312,2
"879227";"27:3:1";"Exp60_289_IS32087";"Exp60_289_IS32087";NA;"2023-10-09 20:46:00";76311,3
"879228";"27:3:1";"Exp60_289_IS32087";"Exp60_289_IS32087";NA;"2023-10-09 21:02:00";76312,7
"879229";"27:3:1";"Exp60_289_IS32087";"Exp60_289_IS32087";NA;"2023-10-09 21:16:00";76312,3
"879230";"27:3:1";"Exp60_289_IS32087";"Exp60_289_IS32087";NA;"2023-10-09 21:32:00";76311,3
"879231";"27:3:1";"Exp60_289_IS32087";"Exp60_289_IS32087";NA;"2023-10-09 21:46:00";76310,9
"879232";"27:3:1";"Exp60_289_IS32087";"Exp60_289_IS32087";NA;"2023-10-09 22:32:00";76310
"879233";"27:3:1";"Exp60_289_IS32087";"Exp60_289_IS32087";NA;"2023-10-09 22:46:00";76308,4
"879234";"27:3:1";"Exp60_289_IS32087";"Exp60_289_IS32087";NA;"2023-10-09 23:17:00";76310
"879235";"27:3:1";"Exp60_289_IS32087";"Exp60_289_IS32087";NA;"2023-10-09 23:31:00";76310,2
"879236";"27:3:1";"Exp60_289_IS32087";"Exp60_289_IS32087";NA;"2023-10-09 23:47:00";76309,1
"879237";"27:3:1";"Exp60_289_IS32087";"Exp60_289_IS32087";NA;"2023-10-10 00:16:00";76310,5
"879238";"27:3:1";"Exp60_289_IS32087";"Exp60_289_IS32087";NA;"2023-10-10 00:47:00";76309,3
"879239";"27:3:1";"Exp60_289_IS32087";"Exp60_289_IS32087";NA;"2023-10-10 01:01:00";76308,7
"879240";"27:3:1";"Exp60_289_IS32087";"Exp60_289_IS32087";NA;"2023-10-10 01:17:00";76308,9
"879241";"27:3:1";"Exp60_289_IS32087";"Exp60_289_IS32087";NA;"2023-10-10 01:31:00";76308,4
"879242";"27:3:1";"Exp60_289_IS32087";"Exp60_289_IS32087";NA;"2023-10-10 01:47:00";76308,1
"879243";"27:3:1";"Exp60_289_IS32087";"Exp60_289_IS32087";NA;"2023-10-10 02:01:00";76308,3
"879244";"27:3:1";"Exp60_289_IS32087";"Exp60_289_IS32087";NA;"2023-10-10 02:17:00";76308,7
"879245";"27:3:1";"Exp60_289_IS32087";"Exp60_289_IS32087";NA;"2023-10-10 02:31:00";76307,3
"879246";"27:3:1";"Exp60_289_IS32087";"Exp60_289_IS32087";NA;"2023-10-10 02:47:00";76307,5
"879247";"27:3:1";"Exp60_289_IS32087";"Exp60_289_IS32087";NA;"2023-10-10 03:01:00";76306,2
"879248";"27:3:1";"Exp60_289_IS32087";"Exp60_289_IS32087";NA;"2023-10-10 03:17:00";76306,8
"879249";"27:3:1";"Exp60_289_IS32087";"Exp60_289_IS32087";NA;"2023-10-10 03:31:00";76306,3
"879250";"27:3:1";"Exp60_289_IS32087";"Exp60_289_IS32087";NA;"2023-10-10 03:47:00";76305,7
"879251";"27:3:1";"Exp60_289_IS32087";"Exp60_289_IS32087";NA;"2023-10-10 04:01:00";76304,9
"879252";"27:3:1";"Exp60_289_IS32087";"Exp60_289_IS32087";NA;"2023-10-10 04:17:00";76305,2
"879253";"27:3:1";"Exp60_289_IS32087";"Exp60_289_IS32087";NA;"2023-10-10 04:31:00";76305,9
"879254";"27:3:1";"Exp60_289_IS32087";"Exp60_289_IS32087";NA;"2023-10-10 04:47:00";76305,8
"879255";"27:3:1";"Exp60_289_IS32087";"Exp60_289_IS32087";NA;"2023-10-10 05:01:00";76305,3
"879256";"27:3:1";"Exp60_289_IS32087";"Exp60_289_IS32087";NA;"2023-10-10 05:17:00";76306,1
"879257";"27:3:1";"Exp60_289_IS32087";"Exp60_289_IS32087";NA;"2023-10-10 05:31:00";76305,7
"879258";"27:3:1";"Exp60_289_IS32087";"Exp60_289_IS32087";NA;"2023-10-10 05:47:00";76305
"879259";"27:3:1";"Exp60_289_IS32087";"Exp60_289_IS32087";NA;"2023-10-10 06:01:00";76304,9
"879260";"27:3:1";"Exp60_289_IS32087";"Exp60_289_IS32087";NA;"2023-10-10 06:17:00";76305,8
"879261";"27:3:1";"Exp60_289_IS32087";"Exp60_289_IS32087";NA;"2023-10-10 06:46:00";76304,1
"879262";"27:3:1";"Exp60_289_IS32087";"Exp60_289_IS32087";NA;"2023-10-10 07:17:00";76300
"879263";"27:3:1";"Exp60_289_IS32087";"Exp60_289_IS32087";NA;"2023-10-10 07:31:00";76296,8
"879264";"27:3:1";"Exp60_289_IS32087";"Exp60_289_IS32087";NA;"2023-10-10 08:02:00";76284,1
"879265";"27:3:1";"Exp60_289_IS32087";"Exp60_289_IS32087";NA;"2023-10-10 08:16:00";76276,6
"879266";"27:3:1";"Exp60_289_IS32087";"Exp60_289_IS32087";NA;"2023-10-10 08:32:00";76267,8
"879267";"27:3:1";"Exp60_289_IS32087";"Exp60_289_IS32087";NA;"2023-10-10 08:46:00";76258,5
"879268";"27:3:1";"Exp60_289_IS32087";"Exp60_289_IS32087";NA;"2023-10-10 09:02:00";76246,7
"879269";"27:3:1";"Exp60_289_IS32087";"Exp60_289_IS32087";NA;"2023-10-10 09:16:00";76234,8
"879270";"27:3:1";"Exp60_289_IS32087";"Exp60_289_IS32087";NA;"2023-10-10 09:32:00";76219,9
"879271";"27:3:1";"Exp60_289_IS32087";"Exp60_289_IS32087";NA;"2023-10-10 09:46:00";76202,7
"879272";"27:3:1";"Exp60_289_IS32087";"Exp60_289_IS32087";NA;"2023-10-10 10:02:00";76179,3
"879273";"27:3:1";"Exp60_289_IS32087";"Exp60_289_IS32087";NA;"2023-10-10 10:16:00";76161,6
"879274";"27:3:1";"Exp60_289_IS32087";"Exp60_289_IS32087";NA;"2023-10-10 10:32:00";76139,8
"879275";"27:3:1";"Exp60_289_IS32087";"Exp60_289_IS32087";NA;"2023-10-10 10:46:00";76134,4
"879276";"27:3:1";"Exp60_289_IS32087";"Exp60_289_IS32087";NA;"2023-10-10 11:02:00";76104,6
"879277";"27:3:1";"Exp60_289_IS32087";"Exp60_289_IS32087";NA;"2023-10-10 11:16:00";76080,4
"879278";"27:3:1";"Exp60_289_IS32087";"Exp60_289_IS32087";NA;"2023-10-10 15:46:00";75815
"879279";"27:3:1";"Exp60_289_IS32087";"Exp60_289_IS32087";NA;"2023-10-10 18:01:00";77660,8
"879280";"27:3:1";"Exp60_289_IS32087";"Exp60_289_IS32087";NA;"2023-10-10 18:17:00";77659
"879281";"27:3:1";"Exp60_289_IS32087";"Exp60_289_IS32087";NA;"2023-10-10 18:31:00";77656,2
"879282";"27:3:1";"Exp60_289_IS32087";"Exp60_289_IS32087";NA;"2023-10-10 18:47:00";77654,1
"879283";"27:3:1";"Exp60_289_IS32087";"Exp60_289_IS32087";NA;"2023-10-10 19:01:00";77652,7
"879284";"27:3:1";"Exp60_289_IS32087";"Exp60_289_IS32087";NA;"2023-10-10 19:17:00";77650,4
"879285";"27:3:1";"Exp60_289_IS32087";"Exp60_289_IS32087";NA;"2023-10-10 19:31:00";77648,4
"879286";"27:3:1";"Exp60_289_IS32087";"Exp60_289_IS32087";NA;"2023-10-10 19:47:00";77646,9
"879287";"27:3:1";"Exp60_289_IS32087";"Exp60_289_IS32087";NA;"2023-10-10 20:01:00";77645,4
"879288";"27:3:1";"Exp60_289_IS32087";"Exp60_289_IS32087";NA;"2023-10-10 20:17:00";77644,3
"879289";"27:3:1";"Exp60_289_IS32087";"Exp60_289_IS32087";NA;"2023-10-10 20:31:00";77641,5
"879290";"27:3:1";"Exp60_289_IS32087";"Exp60_289_IS32087";NA;"2023-10-10 20:47:00";77641,1
"879291";"27:3:1";"Exp60_289_IS32087";"Exp60_289_IS32087";NA;"2023-10-10 21:01:00";77639,2
"879292";"27:3:1";"Exp60_289_IS32087";"Exp60_289_IS32087";NA;"2023-10-10 21:17:00";77637,7
"879293";"27:3:1";"Exp60_289_IS32087";"Exp60_289_IS32087";NA;"2023-10-10 21:31:00";77635,5
"879294";"27:3:1";"Exp60_289_IS32087";"Exp60_289_IS32087";NA;"2023-10-10 21:47:00";77632,3
"879295";"27:3:1";"Exp60_289_IS32087";"Exp60_289_IS32087";NA;"2023-10-10 22:01:00";77630,4
"879296";"27:3:1";"Exp60_289_IS32087";"Exp60_289_IS32087";NA;"2023-10-10 22:32:00";77628,8
"879297";"27:3:1";"Exp60_289_IS32087";"Exp60_289_IS32087";NA;"2023-10-10 22:46:00";77628,5
"879298";"27:3:1";"Exp60_289_IS32087";"Exp60_289_IS32087";NA;"2023-10-10 23:02:00";77627
"879299";"27:3:1";"Exp60_289_IS32087";"Exp60_289_IS32087";NA;"2023-10-10 23:16:00";77626,1
"879300";"27:3:1";"Exp60_289_IS32087";"Exp60_289_IS32087";NA;"2023-10-10 23:32:00";77625,9
"879301";"27:3:1";"Exp60_289_IS32087";"Exp60_289_IS32087";NA;"2023-10-10 23:46:00";77625,7
"879302";"27:3:1";"Exp60_289_IS32087";"Exp60_289_IS32087";NA;"2023-10-11 00:02:00";77625,1
"879303";"27:3:1";"Exp60_289_IS32087";"Exp60_289_IS32087";NA;"2023-10-11 00:16:00";77624,7
"879304";"27:3:1";"Exp60_289_IS32087";"Exp60_289_IS32087";NA;"2023-10-11 00:32:00";77623,3
"879305";"27:3:1";"Exp60_289_IS32087";"Exp60_289_IS32087";NA;"2023-10-11 00:46:00";77623,5
"879306";"27:3:1";"Exp60_289_IS32087";"Exp60_289_IS32087";NA;"2023-10-11 06:31:00";77617,9
"879307";"27:3:1";"Exp60_289_IS32087";"Exp60_289_IS32087";NA;"2023-10-11 07:17:00";77611,2
"879308";"27:3:1";"Exp60_289_IS32087";"Exp60_289_IS32087";NA;"2023-10-11 07:31:00";77608
"879309";"27:3:1";"Exp60_289_IS32087";"Exp60_289_IS32087";NA;"2023-10-11 07:47:00";77601,8
"879310";"27:3:1";"Exp60_289_IS32087";"Exp60_289_IS32087";NA;"2023-10-11 08:01:00";77596,5
"879311";"27:3:1";"Exp60_289_IS32087";"Exp60_289_IS32087";NA;"2023-10-11 08:17:00";77586,9
"879312";"27:3:1";"Exp60_289_IS32087";"Exp60_289_IS32087";NA;"2023-10-11 08:31:00";77575,5
"879313";"27:3:1";"Exp60_289_IS32087";"Exp60_289_IS32087";NA;"2023-10-11 08:47:00";77560,9
"879314";"27:3:1";"Exp60_289_IS32087";"Exp60_289_IS32087";NA;"2023-10-11 09:01:00";77543,5
"879315";"27:3:1";"Exp60_289_IS32087";"Exp60_289_IS32087";NA;"2023-10-11 16:16:00";76970,2
"879316";"27:3:1";"Exp60_289_IS32087";"Exp60_289_IS32087";NA;"2023-10-11 16:32:00";76965,1
"879317";"27:3:1";"Exp60_289_IS32087";"Exp60_289_IS32087";NA;"2023-10-11 16:46:00";76955,8
"879318";"27:3:1";"Exp60_289_IS32087";"Exp60_289_IS32087";NA;"2023-10-11 17:02:00";76947,8
"879319";"27:3:1";"Exp60_289_IS32087";"Exp60_289_IS32087";NA;"2023-10-11 17:16:00";76944,6
"879320";"27:3:1";"Exp60_289_IS32087";"Exp60_289_IS32087";NA;"2023-10-11 17:32:00";76943,5
"879321";"27:3:1";"Exp60_289_IS32087";"Exp60_289_IS32087";NA;"2023-10-11 17:46:00";76941,4
"879322";"27:3:1";"Exp60_289_IS32087";"Exp60_289_IS32087";NA;"2023-10-11 18:02:00";76936,9
"879323";"27:3:1";"Exp60_289_IS32087";"Exp60_289_IS32087";NA;"2023-10-11 18:16:00";76937,9
"879324";"27:3:1";"Exp60_289_IS32087";"Exp60_289_IS32087";NA;"2023-10-11 18:32:00";76936
"879325";"27:3:1";"Exp60_289_IS32087";"Exp60_289_IS32087";NA;"2023-10-11 18:46:00";76930,9
"879326";"27:3:1";"Exp60_289_IS32087";"Exp60_289_IS32087";NA;"2023-10-11 19:02:00";76932,1
"879327";"27:3:1";"Exp60_289_IS32087";"Exp60_289_IS32087";NA;"2023-10-11 19:16:00";76931,5
"879328";"27:3:1";"Exp60_289_IS32087";"Exp60_289_IS32087";NA;"2023-10-11 19:32:00";76929,9
"879329";"27:3:1";"Exp60_289_IS32087";"Exp60_289_IS32087";NA;"2023-10-11 19:46:00";76930
"879330";"27:3:1";"Exp60_289_IS32087";"Exp60_289_IS32087";NA;"2023-10-11 20:02:00";76926,3
"879331";"27:3:1";"Exp60_289_IS32087";"Exp60_289_IS32087";NA;"2023-10-11 20:46:00";76925,6
"879332";"27:3:1";"Exp60_289_IS32087";"Exp60_289_IS32087";NA;"2023-10-11 21:02:00";76923,8
"879333";"27:3:1";"Exp60_289_IS32087";"Exp60_289_IS32087";NA;"2023-10-11 21:16:00";76923,2
"879334";"27:3:1";"Exp60_289_IS32087";"Exp60_289_IS32087";NA;"2023-10-11 21:32:00";76921,4
"879335";"27:3:1";"Exp60_289_IS32087";"Exp60_289_IS32087";NA;"2023-10-11 21:46:00";76920,9
"879336";"27:3:1";"Exp60_289_IS32087";"Exp60_289_IS32087";NA;"2023-10-11 22:17:00";76919,8
"879337";"27:3:1";"Exp60_289_IS32087";"Exp60_289_IS32087";NA;"2023-10-11 22:31:00";76918,3
"879338";"27:3:1";"Exp60_289_IS32087";"Exp60_289_IS32087";NA;"2023-10-11 22:47:00";76917,5
"879339";"27:3:1";"Exp60_289_IS32087";"Exp60_289_IS32087";NA;"2023-10-11 23:01:00";76916,3
"879340";"27:3:1";"Exp60_289_IS32087";"Exp60_289_IS32087";NA;"2023-10-11 23:17:00";76916,3
"879341";"27:3:1";"Exp60_289_IS32087";"Exp60_289_IS32087";NA;"2023-10-11 23:31:00";76916
"879342";"27:3:1";"Exp60_289_IS32087";"Exp60_289_IS32087";NA;"2023-10-11 23:47:00";76916,1
"879343";"27:3:1";"Exp60_289_IS32087";"Exp60_289_IS32087";NA;"2023-10-12 00:01:00";76916,2
"879344";"27:3:1";"Exp60_289_IS32087";"Exp60_289_IS32087";NA;"2023-10-12 00:17:00";76915,7
"879345";"27:3:1";"Exp60_289_IS32087";"Exp60_289_IS32087";NA;"2023-10-12 00:31:00";76916,8
"879346";"27:3:1";"Exp60_289_IS32087";"Exp60_289_IS32087";NA;"2023-10-12 00:47:00";76916,2
"879347";"27:3:1";"Exp60_289_IS32087";"Exp60_289_IS32087";NA;"2023-10-12 01:01:00";76915
"879348";"27:3:1";"Exp60_289_IS32087";"Exp60_289_IS32087";NA;"2023-10-12 01:17:00";76915,4
"879349";"27:3:1";"Exp60_289_IS32087";"Exp60_289_IS32087";NA;"2023-10-12 01:31:00";76914,9
"879350";"27:3:1";"Exp60_289_IS32087";"Exp60_289_IS32087";NA;"2023-10-12 01:47:00";76914,3
"879351";"27:3:1";"Exp60_289_IS32087";"Exp60_289_IS32087";NA;"2023-10-12 02:01:00";76912,8
"879352";"27:3:1";"Exp60_289_IS32087";"Exp60_289_IS32087";NA;"2023-10-12 02:17:00";76914,1
"879353";"27:3:1";"Exp60_289_IS32087";"Exp60_289_IS32087";NA;"2023-10-12 02:31:00";76915,9
"879354";"27:3:1";"Exp60_289_IS32087";"Exp60_289_IS32087";NA;"2023-10-12 02:47:00";76916,8
"879355";"27:3:1";"Exp60_289_IS32087";"Exp60_289_IS32087";NA;"2023-10-12 03:01:00";76917,4
"879356";"27:3:1";"Exp60_289_IS32087";"Exp60_289_IS32087";NA;"2023-10-12 03:17:00";76917,3
"879357";"27:3:1";"Exp60_289_IS32087";"Exp60_289_IS32087";NA;"2023-10-12 03:31:00";76918
"879358";"27:3:1";"Exp60_289_IS32087";"Exp60_289_IS32087";NA;"2023-10-12 03:47:00";76918,6
"879359";"27:3:1";"Exp60_289_IS32087";"Exp60_289_IS32087";NA;"2023-10-12 04:01:00";76917,4
"879360";"27:3:1";"Exp60_289_IS32087";"Exp60_289_IS32087";NA;"2023-10-12 04:17:00";76917,1
"879361";"27:3:1";"Exp60_289_IS32087";"Exp60_289_IS32087";NA;"2023-10-12 04:31:00";76915,8
"879362";"27:3:1";"Exp60_289_IS32087";"Exp60_289_IS32087";NA;"2023-10-12 04:47:00";76913,9
"879363";"27:3:1";"Exp60_289_IS32087";"Exp60_289_IS32087";NA;"2023-10-12 05:01:00";76914,1
"879364";"27:3:1";"Exp60_289_IS32087";"Exp60_289_IS32087";NA;"2023-10-12 05:32:00";76913
"879365";"27:3:1";"Exp60_289_IS32087";"Exp60_289_IS32087";NA;"2023-10-12 05:46:00";76912,1
"879366";"27:3:1";"Exp60_289_IS32087";"Exp60_289_IS32087";NA;"2023-10-12 06:02:00";76914,5
"879367";"27:3:1";"Exp60_289_IS32087";"Exp60_289_IS32087";NA;"2023-10-12 06:16:00";76913,9
"879368";"27:3:1";"Exp60_289_IS32087";"Exp60_289_IS32087";NA;"2023-10-12 06:47:00";76911,6
"879369";"27:3:1";"Exp60_289_IS32087";"Exp60_289_IS32087";NA;"2023-10-12 07:01:00";76911,6
"879370";"27:3:1";"Exp60_289_IS32087";"Exp60_289_IS32087";NA;"2023-10-12 07:17:00";76909,1
"879371";"27:3:1";"Exp60_289_IS32087";"Exp60_289_IS32087";NA;"2023-10-12 07:31:00";76904,3
"879372";"27:3:1";"Exp60_289_IS32087";"Exp60_289_IS32087";NA;"2023-10-12 07:47:00";76897,1
"879373";"27:3:1";"Exp60_289_IS32087";"Exp60_289_IS32087";NA;"2023-10-12 08:01:00";76890,4
"879374";"27:3:1";"Exp60_289_IS32087";"Exp60_289_IS32087";NA;"2023-10-12 08:17:00";76879
"879375";"27:3:1";"Exp60_289_IS32087";"Exp60_289_IS32087";NA;"2023-10-12 08:31:00";76869,8
"879376";"27:3:1";"Exp60_289_IS32087";"Exp60_289_IS32087";NA;"2023-10-12 08:47:00";76854,8
"879377";"27:3:1";"Exp60_289_IS32087";"Exp60_289_IS32087";NA;"2023-10-12 09:01:00";76838,5
"879378";"27:3:1";"Exp60_289_IS32087";"Exp60_289_IS32087";NA;"2023-10-12 09:17:00";76822,2
"879379";"27:3:1";"Exp60_289_IS32087";"Exp60_289_IS32087";NA;"2023-10-12 09:31:00";76803,5
"879380";"27:3:1";"Exp60_289_IS32087";"Exp60_289_IS32087";NA;"2023-10-12 09:47:00";76781,4
"879381";"27:3:1";"Exp60_289_IS32087";"Exp60_289_IS32087";NA;"2023-10-12 10:01:00";76769,4
"879382";"27:3:1";"Exp60_289_IS32087";"Exp60_289_IS32087";NA;"2023-10-12 15:01:00";76301,4
"879383";"27:3:1";"Exp60_289_IS32087";"Exp60_289_IS32087";NA;"2023-10-12 15:17:00";76283,7
"879384";"27:3:1";"Exp60_289_IS32087";"Exp60_289_IS32087";NA;"2023-10-12 15:31:00";76277,4
"879385";"27:3:1";"Exp60_289_IS32087";"Exp60_289_IS32087";NA;"2023-10-12 15:47:00";76264
"879386";"27:3:1";"Exp60_289_IS32087";"Exp60_289_IS32087";NA;"2023-10-12 16:01:00";76250,6
"879387";"27:3:1";"Exp60_289_IS32087";"Exp60_289_IS32087";NA;"2023-10-12 16:17:00";76235,4
"879388";"27:3:1";"Exp60_289_IS32087";"Exp60_289_IS32087";NA;"2023-10-12 16:31:00";76231,1
"879389";"27:3:1";"Exp60_289_IS32087";"Exp60_289_IS32087";NA;"2023-10-12 16:47:00";76224
"879390";"27:3:1";"Exp60_289_IS32087";"Exp60_289_IS32087";NA;"2023-10-12 17:01:00";76213,9
"879391";"27:3:1";"Exp60_289_IS32087";"Exp60_289_IS32087";NA;"2023-10-12 17:17:00";76220,4
"879392";"27:3:1";"Exp60_289_IS32087";"Exp60_289_IS32087";NA;"2023-10-12 17:31:00";76214,8
"879393";"27:3:1";"Exp60_289_IS32087";"Exp60_289_IS32087";NA;"2023-10-12 17:47:00";76209,8
"879394";"27:3:1";"Exp60_289_IS32087";"Exp60_289_IS32087";NA;"2023-10-12 18:01:00";76209,4
"879395";"27:3:1";"Exp60_289_IS32087";"Exp60_289_IS32087";NA;"2023-10-12 18:17:00";76205,7
"879396";"27:3:1";"Exp60_289_IS32087";"Exp60_289_IS32087";NA;"2023-10-12 18:31:00";76204,5
"879397";"27:3:1";"Exp60_289_IS32087";"Exp60_289_IS32087";NA;"2023-10-12 18:47:00";76204,5
"879398";"27:3:1";"Exp60_289_IS32087";"Exp60_289_IS32087";NA;"2023-10-12 19:01:00";76202,3
"879399";"27:3:1";"Exp60_289_IS32087";"Exp60_289_IS32087";NA;"2023-10-12 19:17:00";76202,3
"879400";"27:3:1";"Exp60_289_IS32087";"Exp60_289_IS32087";NA;"2023-10-12 19:31:00";76199,8
"879401";"27:3:1";"Exp60_289_IS32087";"Exp60_289_IS32087";NA;"2023-10-12 20:02:00";76198,4
"879402";"27:3:1";"Exp60_289_IS32087";"Exp60_289_IS32087";NA;"2023-10-12 20:16:00";76197,1
"879403";"27:3:1";"Exp60_289_IS32087";"Exp60_289_IS32087";NA;"2023-10-13 03:16:00";76194,6
"879404";"27:3:1";"Exp60_289_IS32087";"Exp60_289_IS32087";NA;"2023-10-13 03:32:00";76194,5
"879405";"27:3:1";"Exp60_289_IS32087";"Exp60_289_IS32087";NA;"2023-10-13 03:46:00";76195
"879406";"27:3:1";"Exp60_289_IS32087";"Exp60_289_IS32087";NA;"2023-10-13 04:02:00";76195,2
"879407";"27:3:1";"Exp60_289_IS32087";"Exp60_289_IS32087";NA;"2023-10-13 04:16:00";76195,2
"879408";"27:3:1";"Exp60_289_IS32087";"Exp60_289_IS32087";NA;"2023-10-13 04:32:00";76194,3
"879409";"27:3:1";"Exp60_289_IS32087";"Exp60_289_IS32087";NA;"2023-10-13 04:46:00";76194,6
"879410";"27:3:1";"Exp60_289_IS32087";"Exp60_289_IS32087";NA;"2023-10-13 05:02:00";76194,6
"879411";"27:3:1";"Exp60_289_IS32087";"Exp60_289_IS32087";NA;"2023-10-13 05:16:00";76194,6
"879412";"27:3:1";"Exp60_289_IS32087";"Exp60_289_IS32087";NA;"2023-10-13 05:32:00";76195,2
"879413";"27:3:1";"Exp60_289_IS32087";"Exp60_289_IS32087";NA;"2023-10-13 05:46:00";76195,6
"879414";"27:3:1";"Exp60_289_IS32087";"Exp60_289_IS32087";NA;"2023-10-13 06:02:00";76195,6
"879415";"27:3:1";"Exp60_289_IS32087";"Exp60_289_IS32087";NA;"2023-10-13 06:16:00";76195,9
"879416";"27:3:1";"Exp60_289_IS32087";"Exp60_289_IS32087";NA;"2023-10-13 06:32:00";76196
"879417";"27:3:1";"Exp60_289_IS32087";"Exp60_289_IS32087";NA;"2023-10-13 06:46:00";76193,2
"879418";"27:3:1";"Exp60_289_IS32087";"Exp60_289_IS32087";NA;"2023-10-13 12:46:00";75813,9
"879419";"27:3:1";"Exp60_289_IS32087";"Exp60_289_IS32087";NA;"2023-10-13 13:02:00";75826,8
"879420";"27:3:1";"Exp60_289_IS32087";"Exp60_289_IS32087";NA;"2023-10-13 13:16:00";75770,5
"879421";"27:3:1";"Exp60_289_IS32087";"Exp60_289_IS32087";NA;"2023-10-13 13:32:00";75748,3
"879422";"27:3:1";"Exp60_289_IS32087";"Exp60_289_IS32087";NA;"2023-10-13 13:46:00";75724,1
"879423";"27:3:1";"Exp60_289_IS32087";"Exp60_289_IS32087";NA;"2023-10-13 19:46:00";78696,4
"879424";"27:3:1";"Exp60_289_IS32087";"Exp60_289_IS32087";NA;"2023-10-13 20:02:00";78664,1
"879425";"27:3:1";"Exp60_289_IS32087";"Exp60_289_IS32087";NA;"2023-10-13 20:16:00";78639,9
"879426";"27:3:1";"Exp60_289_IS32087";"Exp60_289_IS32087";NA;"2023-10-13 20:32:00";78614,9
"879427";"27:3:1";"Exp60_289_IS32087";"Exp60_289_IS32087";NA;"2023-10-13 20:46:00";78594,3
"879428";"27:3:1";"Exp60_289_IS32087";"Exp60_289_IS32087";NA;"2023-10-13 21:02:00";78576,2
"879429";"27:3:1";"Exp60_289_IS32087";"Exp60_289_IS32087";NA;"2023-10-13 21:16:00";78561,9
"879430";"27:3:1";"Exp60_289_IS32087";"Exp60_289_IS32087";NA;"2023-10-13 21:32:00";78545,7
"879431";"27:3:1";"Exp60_289_IS32087";"Exp60_289_IS32087";NA;"2023-10-13 21:46:00";78536,3
"879432";"27:3:1";"Exp60_289_IS32087";"Exp60_289_IS32087";NA;"2023-10-13 22:02:00";78524,5
"879433";"27:3:1";"Exp60_289_IS32087";"Exp60_289_IS32087";NA;"2023-10-13 22:16:00";78517,1
"879434";"27:3:1";"Exp60_289_IS32087";"Exp60_289_IS32087";NA;"2023-10-13 22:32:00";78506,6
"879435";"27:3:1";"Exp60_289_IS32087";"Exp60_289_IS32087";NA;"2023-10-13 22:46:00";78500,7
"879436";"27:3:1";"Exp60_289_IS32087";"Exp60_289_IS32087";NA;"2023-10-13 23:02:00";78493,1
"879437";"27:3:1";"Exp60_289_IS32087";"Exp60_289_IS32087";NA;"2023-10-13 23:16:00";78488,2
"879438";"27:3:1";"Exp60_289_IS32087";"Exp60_289_IS32087";NA;"2023-10-13 23:47:00";78476,9
"879439";"27:3:1";"Exp60_289_IS32087";"Exp60_289_IS32087";NA;"2023-10-14 00:01:00";78473
"879440";"27:3:1";"Exp60_289_IS32087";"Exp60_289_IS32087";NA;"2023-10-14 00:17:00";78470,7
"879441";"27:3:1";"Exp60_289_IS32087";"Exp60_289_IS32087";NA;"2023-10-14 00:31:00";78467,7
"879442";"27:3:1";"Exp60_289_IS32087";"Exp60_289_IS32087";NA;"2023-10-14 00:47:00";78464,4
"879443";"27:3:1";"Exp60_289_IS32087";"Exp60_289_IS32087";NA;"2023-10-14 01:01:00";78461,6
"879444";"27:3:1";"Exp60_289_IS32087";"Exp60_289_IS32087";NA;"2023-10-14 01:17:00";78459,6
"879445";"27:3:1";"Exp60_289_IS32087";"Exp60_289_IS32087";NA;"2023-10-14 01:31:00";78458,3
"879446";"27:3:1";"Exp60_289_IS32087";"Exp60_289_IS32087";NA;"2023-10-14 01:47:00";78455,8
"879447";"27:3:1";"Exp60_289_IS32087";"Exp60_289_IS32087";NA;"2023-10-14 02:01:00";78452,8
"879448";"27:3:1";"Exp60_289_IS32087";"Exp60_289_IS32087";NA;"2023-10-14 02:17:00";78451,9
"879449";"27:3:1";"Exp60_289_IS32087";"Exp60_289_IS32087";NA;"2023-10-14 02:31:00";78450,3
"879450";"27:3:1";"Exp60_289_IS32087";"Exp60_289_IS32087";NA;"2023-10-14 02:47:00";78449
"879451";"27:3:1";"Exp60_289_IS32087";"Exp60_289_IS32087";NA;"2023-10-14 03:01:00";78448,7
"879452";"27:3:1";"Exp60_289_IS32087";"Exp60_289_IS32087";NA;"2023-10-14 03:17:00";78447,4
"879453";"27:3:1";"Exp60_289_IS32087";"Exp60_289_IS32087";NA;"2023-10-14 03:31:00";78444,3
"879454";"27:3:1";"Exp60_289_IS32087";"Exp60_289_IS32087";NA;"2023-10-14 04:17:00";78445,3
"879455";"27:3:1";"Exp60_289_IS32087";"Exp60_289_IS32087";NA;"2023-10-14 04:31:00";78447,3
"879456";"27:3:1";"Exp60_289_IS32087";"Exp60_289_IS32087";NA;"2023-10-14 04:47:00";78444,9
"879457";"27:3:1";"Exp60_289_IS32087";"Exp60_289_IS32087";NA;"2023-10-14 05:01:00";78441,7
"879458";"27:3:1";"Exp60_289_IS32087";"Exp60_289_IS32087";NA;"2023-10-14 05:17:00";78436,3
"879459";"27:3:1";"Exp60_289_IS32087";"Exp60_289_IS32087";NA;"2023-10-14 05:31:00";78436,8
"879460";"27:3:1";"Exp60_289_IS32087";"Exp60_289_IS32087";NA;"2023-10-14 05:47:00";78435,6
"879461";"27:3:1";"Exp60_289_IS32087";"Exp60_289_IS32087";NA;"2023-10-14 06:01:00";78434,9
"879462";"27:3:1";"Exp60_289_IS32087";"Exp60_289_IS32087";NA;"2023-10-14 06:17:00";78434,2
"879463";"27:3:1";"Exp60_289_IS32087";"Exp60_289_IS32087";NA;"2023-10-14 06:31:00";78433
"879464";"27:3:1";"Exp60_289_IS32087";"Exp60_289_IS32087";NA;"2023-10-14 07:02:00";78427,8
"879465";"27:3:1";"Exp60_289_IS32087";"Exp60_289_IS32087";NA;"2023-10-14 07:16:00";78425,1
"879466";"27:3:1";"Exp60_289_IS32087";"Exp60_289_IS32087";NA;"2023-10-14 07:32:00";78418,7
"879467";"27:3:1";"Exp60_289_IS32087";"Exp60_289_IS32087";NA;"2023-10-14 08:16:00";78394,1
"879468";"27:3:1";"Exp60_289_IS32087";"Exp60_289_IS32087";NA;"2023-10-14 08:32:00";78382,4
"879469";"27:3:1";"Exp60_289_IS32087";"Exp60_289_IS32087";NA;"2023-10-14 08:46:00";78364,2
"879470";"27:3:1";"Exp60_289_IS32087";"Exp60_289_IS32087";NA;"2023-10-14 09:02:00";78347,1
"879471";"27:3:1";"Exp60_289_IS32087";"Exp60_289_IS32087";NA;"2023-10-14 09:16:00";78321,7
"879472";"27:3:1";"Exp60_289_IS32087";"Exp60_289_IS32087";NA;"2023-10-14 09:32:00";78303,5
"879473";"27:3:1";"Exp60_289_IS32087";"Exp60_289_IS32087";NA;"2023-10-14 09:46:00";78281,4
"879474";"27:3:1";"Exp60_289_IS32087";"Exp60_289_IS32087";NA;"2023-10-14 10:02:00";78254,7
"879475";"27:3:1";"Exp60_289_IS32087";"Exp60_289_IS32087";NA;"2023-10-14 10:16:00";78229,4
"879476";"27:3:1";"Exp60_289_IS32087";"Exp60_289_IS32087";NA;"2023-10-14 10:32:00";78199,9
"879477";"27:3:1";"Exp60_289_IS32087";"Exp60_289_IS32087";NA;"2023-10-14 10:46:00";78177,3
"879478";"27:3:1";"Exp60_289_IS32087";"Exp60_289_IS32087";NA;"2023-10-14 11:02:00";78143,7
"879479";"27:3:1";"Exp60_289_IS32087";"Exp60_289_IS32087";NA;"2023-10-14 11:16:00";78109,5
"879480";"27:3:1";"Exp60_289_IS32087";"Exp60_289_IS32087";NA;"2023-10-14 11:32:00";78070,2
"879481";"27:3:1";"Exp60_289_IS32087";"Exp60_289_IS32087";NA;"2023-10-14 11:46:00";78034,4
"879482";"27:3:1";"Exp60_289_IS32087";"Exp60_289_IS32087";NA;"2023-10-14 12:02:00";78000,5
"879483";"27:3:1";"Exp60_289_IS32087";"Exp60_289_IS32087";NA;"2023-10-14 12:16:00";77976,2
"879484";"27:3:1";"Exp60_289_IS32087";"Exp60_289_IS32087";NA;"2023-10-14 12:32:00";77942,6
"879485";"27:3:1";"Exp60_289_IS32087";"Exp60_289_IS32087";NA;"2023-10-14 12:46:00";77933,3
"879486";"27:3:1";"Exp60_289_IS32087";"Exp60_289_IS32087";NA;"2023-10-14 13:02:00";77901,5
"879487";"27:3:1";"Exp60_289_IS32087";"Exp60_289_IS32087";NA;"2023-10-14 13:16:00";77875,8
"879488";"27:3:1";"Exp60_289_IS32087";"Exp60_289_IS32087";NA;"2023-10-14 13:32:00";77852,2
"879489";"27:3:1";"Exp60_289_IS32087";"Exp60_289_IS32087";NA;"2023-10-14 13:46:00";77823,9
"879490";"27:3:1";"Exp60_289_IS32087";"Exp60_289_IS32087";NA;"2023-10-14 19:31:00";77567,6
"879491";"27:3:1";"Exp60_289_IS32087";"Exp60_289_IS32087";NA;"2023-10-15 02:01:00";77539,5
"879492";"27:3:1";"Exp60_289_IS32087";"Exp60_289_IS32087";NA;"2023-10-15 02:17:00";77539,2
"879493";"27:3:1";"Exp60_289_IS32087";"Exp60_289_IS32087";NA;"2023-10-15 02:31:00";77537,8
"879494";"27:3:1";"Exp60_289_IS32087";"Exp60_289_IS32087";NA;"2023-10-15 02:47:00";77536,9
"879495";"27:3:1";"Exp60_289_IS32087";"Exp60_289_IS32087";NA;"2023-10-15 03:01:00";77536,8
"879496";"27:3:1";"Exp60_289_IS32087";"Exp60_289_IS32087";NA;"2023-10-15 03:17:00";77536,7
"879497";"27:3:1";"Exp60_289_IS32087";"Exp60_289_IS32087";NA;"2023-10-15 03:31:00";77536,7
"879498";"27:3:1";"Exp60_289_IS32087";"Exp60_289_IS32087";NA;"2023-10-15 03:47:00";77536,4
"879499";"27:3:1";"Exp60_289_IS32087";"Exp60_289_IS32087";NA;"2023-10-15 04:01:00";77535,9
"879500";"27:3:1";"Exp60_289_IS32087";"Exp60_289_IS32087";NA;"2023-10-15 04:32:00";77534,3
"879501";"27:3:1";"Exp60_289_IS32087";"Exp60_289_IS32087";NA;"2023-10-15 04:46:00";77533,5
"879502";"27:3:1";"Exp60_289_IS32087";"Exp60_289_IS32087";NA;"2023-10-15 05:32:00";77532,4
"879503";"27:3:1";"Exp60_289_IS32087";"Exp60_289_IS32087";NA;"2023-10-15 05:46:00";77531,7
"879504";"27:3:1";"Exp60_289_IS32087";"Exp60_289_IS32087";NA;"2023-10-15 06:17:00";77530,1
"879505";"27:3:1";"Exp60_289_IS32087";"Exp60_289_IS32087";NA;"2023-10-15 06:31:00";77530,3
"879506";"27:3:1";"Exp60_289_IS32087";"Exp60_289_IS32087";NA;"2023-10-15 07:02:00";77527,2
"879507";"27:3:1";"Exp60_289_IS32087";"Exp60_289_IS32087";NA;"2023-10-15 07:16:00";77524,6
"879508";"27:3:1";"Exp60_289_IS32087";"Exp60_289_IS32087";NA;"2023-10-15 07:32:00";77519,4
"879509";"27:3:1";"Exp60_289_IS32087";"Exp60_289_IS32087";NA;"2023-10-15 07:46:00";77515,6
"879510";"27:3:1";"Exp60_289_IS32087";"Exp60_289_IS32087";NA;"2023-10-15 08:17:00";77500,5
"879511";"27:3:1";"Exp60_289_IS32087";"Exp60_289_IS32087";NA;"2023-10-15 08:31:00";77489,3
"879512";"27:3:1";"Exp60_289_IS32087";"Exp60_289_IS32087";NA;"2023-10-15 08:47:00";77481,9
"879513";"27:3:1";"Exp60_289_IS32087";"Exp60_289_IS32087";NA;"2023-10-15 09:01:00";77468,2
"879514";"27:3:1";"Exp60_289_IS32087";"Exp60_289_IS32087";NA;"2023-10-15 09:17:00";77452
"879515";"27:3:1";"Exp60_289_IS32087";"Exp60_289_IS32087";NA;"2023-10-15 09:31:00";77436,3
"879516";"27:3:1";"Exp60_289_IS32087";"Exp60_289_IS32087";NA;"2023-10-15 09:47:00";77416,1
"879517";"27:3:1";"Exp60_289_IS32087";"Exp60_289_IS32087";NA;"2023-10-15 10:01:00";77401,4
"879518";"27:3:1";"Exp60_289_IS32087";"Exp60_289_IS32087";NA;"2023-10-15 10:17:00";77383,5
"879519";"27:3:1";"Exp60_289_IS32087";"Exp60_289_IS32087";NA;"2023-10-15 10:31:00";77360,5
"879520";"27:3:1";"Exp60_289_IS32087";"Exp60_289_IS32087";NA;"2023-10-15 10:47:00";77346,7
"879521";"27:3:1";"Exp60_289_IS32087";"Exp60_289_IS32087";NA;"2023-10-15 11:01:00";77322
"879522";"27:3:1";"Exp60_289_IS32087";"Exp60_289_IS32087";NA;"2023-10-15 18:01:00";76873,6
"879523";"27:3:1";"Exp60_289_IS32087";"Exp60_289_IS32087";NA;"2023-10-15 18:17:00";76871,6
"879524";"27:3:1";"Exp60_289_IS32087";"Exp60_289_IS32087";NA;"2023-10-15 18:31:00";76869,6
"879525";"27:3:1";"Exp60_289_IS32087";"Exp60_289_IS32087";NA;"2023-10-15 18:47:00";76868,6
"879526";"27:3:1";"Exp60_289_IS32087";"Exp60_289_IS32087";NA;"2023-10-15 19:01:00";76865,6
"879527";"27:3:1";"Exp60_289_IS32087";"Exp60_289_IS32087";NA;"2023-10-15 19:17:00";76864,6
"879528";"27:3:1";"Exp60_289_IS32087";"Exp60_289_IS32087";NA;"2023-10-15 19:31:00";76863,8
"879529";"27:3:1";"Exp60_289_IS32087";"Exp60_289_IS32087";NA;"2023-10-16 03:46:00";76846,1
"879530";"27:3:1";"Exp60_289_IS32087";"Exp60_289_IS32087";NA;"2023-10-16 04:02:00";76846,3
"879531";"27:3:1";"Exp60_289_IS32087";"Exp60_289_IS32087";NA;"2023-10-16 04:16:00";76846,3
"879532";"27:3:1";"Exp60_289_IS32087";"Exp60_289_IS32087";NA;"2023-10-16 04:32:00";76846,4
"879533";"27:3:1";"Exp60_289_IS32087";"Exp60_289_IS32087";NA;"2023-10-16 04:46:00";76846,8
"879534";"27:3:1";"Exp60_289_IS32087";"Exp60_289_IS32087";NA;"2023-10-16 05:02:00";76845,8
"879535";"27:3:1";"Exp60_289_IS32087";"Exp60_289_IS32087";NA;"2023-10-16 05:16:00";76845,8
"879536";"27:3:1";"Exp60_289_IS32087";"Exp60_289_IS32087";NA;"2023-10-16 05:32:00";76846,3
"879537";"27:3:1";"Exp60_289_IS32087";"Exp60_289_IS32087";NA;"2023-10-16 05:46:00";76845,9
"879538";"27:3:1";"Exp60_289_IS32087";"Exp60_289_IS32087";NA;"2023-10-16 06:02:00";76845,9
"879539";"27:3:1";"Exp60_289_IS32087";"Exp60_289_IS32087";NA;"2023-10-16 06:16:00";76845,7
"879540";"27:3:1";"Exp60_289_IS32087";"Exp60_289_IS32087";NA;"2023-10-16 06:32:00";76844,8
"879541";"27:3:1";"Exp60_289_IS32087";"Exp60_289_IS32087";NA;"2023-10-16 06:46:00";76844,3
"879542";"27:3:1";"Exp60_289_IS32087";"Exp60_289_IS32087";NA;"2023-10-16 07:02:00";76841,6
"879543";"27:3:1";"Exp60_289_IS32087";"Exp60_289_IS32087";NA;"2023-10-16 07:16:00";76840,1
"879544";"27:3:1";"Exp60_289_IS32087";"Exp60_289_IS32087";NA;"2023-10-16 07:47:00";76829,2
"879545";"27:3:1";"Exp60_289_IS32087";"Exp60_289_IS32087";NA;"2023-10-16 08:01:00";76824,4
"879546";"27:3:1";"Exp60_289_IS32087";"Exp60_289_IS32087";NA;"2023-10-16 08:17:00";76816,4
"879547";"27:3:1";"Exp60_289_IS32087";"Exp60_289_IS32087";NA;"2023-10-16 08:31:00";76807,6
"879548";"27:3:1";"Exp60_289_IS32087";"Exp60_289_IS32087";NA;"2023-10-16 08:47:00";76799
"879549";"27:3:1";"Exp60_289_IS32087";"Exp60_289_IS32087";NA;"2023-10-16 09:01:00";76790,8
"879550";"27:3:1";"Exp60_289_IS32087";"Exp60_289_IS32087";NA;"2023-10-16 09:17:00";76783,5
"879551";"27:3:1";"Exp60_289_IS32087";"Exp60_289_IS32087";NA;"2023-10-16 09:31:00";76762,3
"879552";"27:3:1";"Exp60_289_IS32087";"Exp60_289_IS32087";NA;"2023-10-16 09:47:00";76742,7
"879553";"27:3:1";"Exp60_289_IS32087";"Exp60_289_IS32087";NA;"2023-10-16 10:01:00";76724,7
"879554";"27:3:1";"Exp60_289_IS32087";"Exp60_289_IS32087";NA;"2023-10-16 10:17:00";76709,3
"879555";"27:3:1";"Exp60_289_IS32087";"Exp60_289_IS32087";NA;"2023-10-16 10:31:00";76686,3
"879556";"27:3:1";"Exp60_289_IS32087";"Exp60_289_IS32087";NA;"2023-10-16 10:47:00";76669,8
"879557";"27:3:1";"Exp60_289_IS32087";"Exp60_289_IS32087";NA;"2023-10-16 11:01:00";76650,1
"879558";"27:3:1";"Exp60_289_IS32087";"Exp60_289_IS32087";NA;"2023-10-16 11:32:00";76606,4
"879559";"27:3:1";"Exp60_289_IS32087";"Exp60_289_IS32087";NA;"2023-10-16 11:46:00";76582,4
"879560";"27:3:1";"Exp60_289_IS32087";"Exp60_289_IS32087";NA;"2023-10-16 12:17:00";76548,8
"879561";"27:3:1";"Exp60_289_IS32087";"Exp60_289_IS32087";NA;"2023-10-16 12:31:00";76530,7
"879562";"27:3:1";"Exp60_289_IS32087";"Exp60_289_IS32087";NA;"2023-10-16 13:02:00";76481,5
"879563";"27:3:1";"Exp60_289_IS32087";"Exp60_289_IS32087";NA;"2023-10-16 13:16:00";76460,6
"879564";"27:3:1";"Exp60_289_IS32087";"Exp60_289_IS32087";NA;"2023-10-16 13:32:00";76437,9
"879565";"27:3:1";"Exp60_289_IS32087";"Exp60_289_IS32087";NA;"2023-10-16 13:46:00";76423,8
"879566";"27:3:1";"Exp60_289_IS32087";"Exp60_289_IS32087";NA;"2023-10-16 14:02:00";76412,5
"879567";"27:3:1";"Exp60_289_IS32087";"Exp60_289_IS32087";NA;"2023-10-16 14:16:00";76402,3
"879568";"27:3:1";"Exp60_289_IS32087";"Exp60_289_IS32087";NA;"2023-10-16 14:32:00";76387,9
"879569";"27:3:1";"Exp60_289_IS32087";"Exp60_289_IS32087";NA;"2023-10-16 14:46:00";76377,4
"879570";"27:3:1";"Exp60_289_IS32087";"Exp60_289_IS32087";NA;"2023-10-16 22:16:00";76271,3
"879571";"27:3:1";"Exp60_289_IS32087";"Exp60_289_IS32087";NA;"2023-10-16 22:32:00";76272,1
"879572";"27:3:1";"Exp60_289_IS32087";"Exp60_289_IS32087";NA;"2023-10-16 22:46:00";76272
"879573";"27:3:1";"Exp60_289_IS32087";"Exp60_289_IS32087";NA;"2023-10-17 05:46:00";76268,3
"879574";"27:3:1";"Exp60_289_IS32087";"Exp60_289_IS32087";NA;"2023-10-17 06:02:00";76268,2
"879575";"27:3:1";"Exp60_289_IS32087";"Exp60_289_IS32087";NA;"2023-10-17 06:16:00";76268,4
"879576";"27:3:1";"Exp60_289_IS32087";"Exp60_289_IS32087";NA;"2023-10-17 06:32:00";76267,6
"879577";"27:3:1";"Exp60_289_IS32087";"Exp60_289_IS32087";NA;"2023-10-17 06:46:00";76266,2
"879578";"27:3:1";"Exp60_289_IS32087";"Exp60_289_IS32087";NA;"2023-10-17 12:46:00";75836,9
"879579";"27:3:1";"Exp60_289_IS32087";"Exp60_289_IS32087";NA;"2023-10-17 13:02:00";75825,6
"879580";"27:3:1";"Exp60_289_IS32087";"Exp60_289_IS32087";NA;"2023-10-17 13:16:00";75807,1
"879581";"27:3:1";"Exp60_289_IS32087";"Exp60_289_IS32087";NA;"2023-10-17 13:32:00";75790,1
"879582";"27:3:1";"Exp60_289_IS32087";"Exp60_289_IS32087";NA;"2023-10-17 13:46:00";75780,8
"879583";"27:3:1";"Exp60_289_IS32087";"Exp60_289_IS32087";NA;"2023-10-17 14:02:00";75768,1
"879584";"27:3:1";"Exp60_289_IS32087";"Exp60_289_IS32087";NA;"2023-10-17 14:16:00";75758,2
"879585";"27:3:1";"Exp60_289_IS32087";"Exp60_289_IS32087";NA;"2023-10-17 14:32:00";75751
"879586";"27:3:1";"Exp60_289_IS32087";"Exp60_289_IS32087";NA;"2023-10-17 14:46:00";75744,1
"879587";"27:3:1";"Exp60_289_IS32087";"Exp60_289_IS32087";NA;"2023-10-17 15:17:00";75729
"879588";"27:3:1";"Exp60_289_IS32087";"Exp60_289_IS32087";NA;"2023-10-17 15:31:00";75723,2
"879589";"27:3:1";"Exp60_289_IS32087";"Exp60_289_IS32087";NA;"2023-10-17 16:17:00";75712,1
"879590";"27:3:1";"Exp60_289_IS32087";"Exp60_289_IS32087";NA;"2023-10-17 16:31:00";75709,6
"879591";"27:3:1";"Exp60_289_IS32087";"Exp60_289_IS32087";NA;"2023-10-17 16:47:00";75705,2
"879592";"27:3:1";"Exp60_289_IS32087";"Exp60_289_IS32087";NA;"2023-10-17 17:01:00";75702,2
"879593";"27:3:1";"Exp60_289_IS32087";"Exp60_289_IS32087";NA;"2023-10-17 18:32:00";75705,4
"879594";"27:3:1";"Exp60_289_IS32087";"Exp60_289_IS32087";NA;"2023-10-17 18:46:00";75705,7
"879595";"27:3:1";"Exp60_289_IS32087";"Exp60_289_IS32087";NA;"2023-10-17 19:02:00";75706
"879596";"27:3:1";"Exp60_289_IS32087";"Exp60_289_IS32087";NA;"2023-10-17 19:16:00";75706,9
"879597";"27:3:1";"Exp60_289_IS32087";"Exp60_289_IS32087";NA;"2023-10-17 19:32:00";75706,9
"879598";"27:3:1";"Exp60_289_IS32087";"Exp60_289_IS32087";NA;"2023-10-17 19:46:00";75705,7
"879599";"27:3:1";"Exp60_289_IS32087";"Exp60_289_IS32087";NA;"2023-10-18 01:31:00";75721,3
"879600";"27:3:1";"Exp60_289_IS32087";"Exp60_289_IS32087";NA;"2023-10-18 02:02:00";75722,8
"879601";"27:3:1";"Exp60_289_IS32087";"Exp60_289_IS32087";NA;"2023-10-18 02:16:00";75725,3
"879602";"27:3:1";"Exp60_289_IS32087";"Exp60_289_IS32087";NA;"2023-10-18 02:32:00";75725,2
"879603";"27:3:1";"Exp60_289_IS32087";"Exp60_289_IS32087";NA;"2023-10-18 02:46:00";75725,1
"879604";"27:3:1";"Exp60_289_IS32087";"Exp60_289_IS32087";NA;"2023-10-18 03:02:00";75726,6
"879605";"27:3:1";"Exp60_289_IS32087";"Exp60_289_IS32087";NA;"2023-10-18 03:16:00";75728,7
"879606";"27:3:1";"Exp60_289_IS32087";"Exp60_289_IS32087";NA;"2023-10-18 03:32:00";75729
"879607";"27:3:1";"Exp60_289_IS32087";"Exp60_289_IS32087";NA;"2023-10-18 04:01:00";75731,1
"879608";"27:3:1";"Exp60_289_IS32087";"Exp60_289_IS32087";NA;"2023-10-18 04:17:00";75730,7
"879609";"27:3:1";"Exp60_289_IS32087";"Exp60_289_IS32087";NA;"2023-10-18 04:31:00";75731,1
"879610";"27:3:1";"Exp60_289_IS32087";"Exp60_289_IS32087";NA;"2023-10-18 04:47:00";75732,6
"879611";"27:3:1";"Exp60_289_IS32087";"Exp60_289_IS32087";NA;"2023-10-18 05:01:00";75734,9
"879612";"27:3:1";"Exp60_289_IS32087";"Exp60_289_IS32087";NA;"2023-10-18 05:17:00";75734,3
"879613";"27:3:1";"Exp60_289_IS32087";"Exp60_289_IS32087";NA;"2023-10-18 05:31:00";75736,5
"879614";"27:3:1";"Exp60_289_IS32087";"Exp60_289_IS32087";NA;"2023-10-18 05:47:00";75736,2
"879615";"27:3:1";"Exp60_289_IS32087";"Exp60_289_IS32087";NA;"2023-10-18 06:01:00";75736,6
"879616";"27:3:1";"Exp60_289_IS32087";"Exp60_289_IS32087";NA;"2023-10-18 06:17:00";75737,3
"879617";"27:3:1";"Exp60_289_IS32087";"Exp60_289_IS32087";NA;"2023-10-18 06:31:00";75738,2
"879618";"27:3:1";"Exp60_289_IS32087";"Exp60_289_IS32087";NA;"2023-10-18 07:32:00";75729,7
"879619";"27:3:1";"Exp60_289_IS32087";"Exp60_289_IS32087";NA;"2023-10-18 07:46:00";75725,2
"879620";"27:3:1";"Exp60_289_IS32087";"Exp60_289_IS32087";NA;"2023-10-18 08:02:00";75718,5
"879621";"27:3:1";"Exp60_289_IS32087";"Exp60_289_IS32087";NA;"2023-10-18 08:16:00";75712,9
"879622";"27:3:1";"Exp60_289_IS32087";"Exp60_289_IS32087";NA;"2023-10-18 08:47:00";75698,1
"879623";"27:3:1";"Exp60_289_IS32087";"Exp60_289_IS32087";NA;"2023-10-18 09:01:00";75689,4
"879624";"27:3:1";"Exp60_289_IS32087";"Exp60_289_IS32087";NA;"2023-10-18 09:17:00";75674,4
"879625";"27:3:1";"Exp60_289_IS32087";"Exp60_289_IS32087";NA;"2023-10-18 09:31:00";75667,6
"879626";"27:3:1";"Exp60_289_IS32087";"Exp60_289_IS32087";NA;"2023-10-18 15:31:00";75449,7
"879627";"27:3:1";"Exp60_289_IS32087";"Exp60_289_IS32087";NA;"2023-10-18 16:32:00";75436,4
"879628";"27:3:1";"Exp60_289_IS32087";"Exp60_289_IS32087";NA;"2023-10-18 16:46:00";75430,4
"879629";"27:3:1";"Exp60_289_IS32087";"Exp60_289_IS32087";NA;"2023-10-18 17:02:00";75437,1
"879630";"27:3:1";"Exp60_289_IS32087";"Exp60_289_IS32087";NA;"2023-10-18 17:16:00";75436,6
"879631";"27:3:1";"Exp60_289_IS32087";"Exp60_289_IS32087";NA;"2023-10-18 17:32:00";75437,7
"879632";"27:3:1";"Exp60_289_IS32087";"Exp60_289_IS32087";NA;"2023-10-18 17:46:00";75439,3
"879633";"27:3:1";"Exp60_289_IS32087";"Exp60_289_IS32087";NA;"2023-10-18 18:02:00";75440,9
"879634";"27:3:1";"Exp60_289_IS32087";"Exp60_289_IS32087";NA;"2023-10-18 18:16:00";75441,8
"879635";"27:3:1";"Exp60_289_IS32087";"Exp60_289_IS32087";NA;"2023-10-18 18:32:00";75443,4
"879636";"27:3:1";"Exp60_289_IS32087";"Exp60_289_IS32087";NA;"2023-10-18 18:46:00";75445
"879637";"27:3:1";"Exp60_289_IS32087";"Exp60_289_IS32087";NA;"2023-10-19 01:16:00";75462,3
"879638";"27:3:1";"Exp60_289_IS32087";"Exp60_289_IS32087";NA;"2023-10-19 01:32:00";75462,2
"879639";"27:3:1";"Exp60_289_IS32087";"Exp60_289_IS32087";NA;"2023-10-19 01:46:00";75464,2
"879640";"27:3:1";"Exp60_289_IS32087";"Exp60_289_IS32087";NA;"2023-10-19 02:02:00";75465,1
"879641";"27:3:1";"Exp60_289_IS32087";"Exp60_289_IS32087";NA;"2023-10-19 02:16:00";75466,8
"879642";"27:3:1";"Exp60_289_IS32087";"Exp60_289_IS32087";NA;"2023-10-19 02:32:00";75467,6
"879643";"27:3:1";"Exp60_289_IS32087";"Exp60_289_IS32087";NA;"2023-10-19 02:46:00";75468,5
"879644";"27:3:1";"Exp60_289_IS32087";"Exp60_289_IS32087";NA;"2023-10-19 03:17:00";75471,1
"879645";"27:3:1";"Exp60_289_IS32087";"Exp60_289_IS32087";NA;"2023-10-19 03:31:00";75471,7
"879646";"27:3:1";"Exp60_289_IS32087";"Exp60_289_IS32087";NA;"2023-10-19 03:47:00";75472,6
"879647";"27:3:1";"Exp60_289_IS32087";"Exp60_289_IS32087";NA;"2023-10-19 04:01:00";75472,5
"879648";"27:3:1";"Exp60_289_IS32087";"Exp60_289_IS32087";NA;"2023-10-19 04:17:00";75474,1
"879649";"27:3:1";"Exp60_289_IS32087";"Exp60_289_IS32087";NA;"2023-10-19 04:31:00";75474,5
"879650";"27:3:1";"Exp60_289_IS32087";"Exp60_289_IS32087";NA;"2023-10-19 04:47:00";75475,6
"879651";"27:3:1";"Exp60_289_IS32087";"Exp60_289_IS32087";NA;"2023-10-19 05:01:00";75477,2
"879652";"27:3:1";"Exp60_289_IS32087";"Exp60_289_IS32087";NA;"2023-10-19 05:17:00";75477,9
"879653";"27:3:1";"Exp60_289_IS32087";"Exp60_289_IS32087";NA;"2023-10-19 05:31:00";75477,7
"879654";"27:3:1";"Exp60_289_IS32087";"Exp60_289_IS32087";NA;"2023-10-19 05:47:00";75478,2
"879655";"27:3:1";"Exp60_289_IS32087";"Exp60_289_IS32087";NA;"2023-10-19 06:01:00";75480,8
"879656";"27:3:1";"Exp60_289_IS32087";"Exp60_289_IS32087";NA;"2023-10-19 06:17:00";75482,2
"879657";"27:3:1";"Exp60_289_IS32087";"Exp60_289_IS32087";NA;"2023-10-19 06:31:00";75482,8
"879658";"27:3:1";"Exp60_289_IS32087";"Exp60_289_IS32087";NA;"2023-10-19 06:47:00";75482,6
"879659";"27:3:1";"Exp60_289_IS32087";"Exp60_289_IS32087";NA;"2023-10-19 07:01:00";75481,4
"879660";"27:3:1";"Exp60_289_IS32087";"Exp60_289_IS32087";NA;"2023-10-19 13:46:00";75263
"879661";"27:3:1";"Exp60_289_IS32087";"Exp60_289_IS32087";NA;"2023-10-19 14:02:00";75248,7
"879662";"27:3:1";"Exp60_289_IS32087";"Exp60_289_IS32087";NA;"2023-10-19 14:16:00";75241,4
"879663";"27:3:1";"Exp60_289_IS32087";"Exp60_289_IS32087";NA;"2023-10-19 14:32:00";75234,9
"879664";"27:3:1";"Exp60_289_IS32087";"Exp60_289_IS32087";NA;"2023-10-19 14:46:00";75234,6
"879665";"27:3:1";"Exp60_289_IS32087";"Exp60_289_IS32087";NA;"2023-10-19 15:02:00";75235,3
"879666";"27:3:1";"Exp60_289_IS32087";"Exp60_289_IS32087";NA;"2023-10-19 15:16:00";75227,8
"879667";"27:3:1";"Exp60_289_IS32087";"Exp60_289_IS32087";NA;"2023-10-19 15:32:00";75330,7
"879668";"27:3:1";"Exp60_289_IS32087";"Exp60_289_IS32087";NA;"2023-10-19 15:46:00";76289,6
"879669";"27:3:1";"Exp60_289_IS32087";"Exp60_289_IS32087";NA;"2023-10-19 16:02:00";77351,4
"879670";"27:3:1";"Exp60_289_IS32087";"Exp60_289_IS32087";NA;"2023-10-19 16:16:00";78264,6
"879671";"27:3:1";"Exp60_289_IS32087";"Exp60_289_IS32087";NA;"2023-10-19 16:47:00";78742,6
"879672";"27:3:1";"Exp60_289_IS32087";"Exp60_289_IS32087";NA;"2023-10-19 17:01:00";78555,6
"879673";"27:3:1";"Exp60_289_IS32087";"Exp60_289_IS32087";NA;"2023-10-19 17:17:00";78401,9
"879674";"27:3:1";"Exp60_289_IS32087";"Exp60_289_IS32087";NA;"2023-10-19 17:31:00";78302,6
"879675";"27:3:1";"Exp60_289_IS32087";"Exp60_289_IS32087";NA;"2023-10-19 17:47:00";78220,6
"879676";"27:3:1";"Exp60_289_IS32087";"Exp60_289_IS32087";NA;"2023-10-19 18:01:00";78166,5
"879677";"27:3:1";"Exp60_289_IS32087";"Exp60_289_IS32087";NA;"2023-10-20 01:31:00";77829,2
"879678";"27:3:1";"Exp60_289_IS32087";"Exp60_289_IS32087";NA;"2023-10-20 01:47:00";77829,4
"879679";"27:3:1";"Exp60_289_IS32087";"Exp60_289_IS32087";NA;"2023-10-20 02:01:00";77828
"879680";"27:3:1";"Exp60_289_IS32087";"Exp60_289_IS32087";NA;"2023-10-20 02:17:00";77827,6
"879681";"27:3:1";"Exp60_289_IS32087";"Exp60_289_IS32087";NA;"2023-10-20 02:31:00";77827,6
"879682";"27:3:1";"Exp60_289_IS32087";"Exp60_289_IS32087";NA;"2023-10-20 02:47:00";77826,4
"879683";"27:3:1";"Exp60_289_IS32087";"Exp60_289_IS32087";NA;"2023-10-20 03:01:00";77827,5
"879684";"27:3:1";"Exp60_289_IS32087";"Exp60_289_IS32087";NA;"2023-10-20 03:47:00";77826,4
"879685";"27:3:1";"Exp60_289_IS32087";"Exp60_289_IS32087";NA;"2023-10-20 04:01:00";77827,2
"879686";"27:3:1";"Exp60_289_IS32087";"Exp60_289_IS32087";NA;"2023-10-20 04:32:00";77827,7
"879687";"27:3:1";"Exp60_289_IS32087";"Exp60_289_IS32087";NA;"2023-10-20 04:46:00";77827,9
"879688";"27:3:1";"Exp60_289_IS32087";"Exp60_289_IS32087";NA;"2023-10-20 05:02:00";77828
"879689";"27:3:1";"Exp60_289_IS32087";"Exp60_289_IS32087";NA;"2023-10-20 05:16:00";77827,2
"879690";"27:3:1";"Exp60_289_IS32087";"Exp60_289_IS32087";NA;"2023-10-20 05:32:00";77825,7
"879691";"27:3:1";"Exp60_289_IS32087";"Exp60_289_IS32087";NA;"2023-10-20 05:46:00";77827,6
"879692";"27:3:1";"Exp60_289_IS32087";"Exp60_289_IS32087";NA;"2023-10-20 06:02:00";77828,2
"879693";"27:3:1";"Exp60_289_IS32087";"Exp60_289_IS32087";NA;"2023-10-20 06:16:00";77827,9
"879694";"27:3:1";"Exp60_289_IS32087";"Exp60_289_IS32087";NA;"2023-10-20 06:32:00";77827,9
"879695";"27:3:1";"Exp60_289_IS32087";"Exp60_289_IS32087";NA;"2023-10-20 06:46:00";77826,6
"879696";"27:3:1";"Exp60_289_IS32087";"Exp60_289_IS32087";NA;"2023-10-20 07:02:00";77825,2
"879697";"27:3:1";"Exp60_289_IS32087";"Exp60_289_IS32087";NA;"2023-10-20 07:16:00";77822,6
"879698";"27:3:1";"Exp60_289_IS32087";"Exp60_289_IS32087";NA;"2023-10-20 07:47:00";77812,9
"879699";"27:3:1";"Exp60_289_IS32087";"Exp60_289_IS32087";NA;"2023-10-20 08:01:00";77807,1
"879700";"27:3:1";"Exp60_289_IS32087";"Exp60_289_IS32087";NA;"2023-10-20 08:17:00";77798,6
"879701";"27:3:1";"Exp60_289_IS32087";"Exp60_289_IS32087";NA;"2023-10-20 08:31:00";77790,8
"879702";"27:3:1";"Exp60_289_IS32087";"Exp60_289_IS32087";NA;"2023-10-20 08:47:00";77778,2
"879703";"27:3:1";"Exp60_289_IS32087";"Exp60_289_IS32087";NA;"2023-10-20 09:01:00";77765,8
"879704";"27:3:1";"Exp60_289_IS32087";"Exp60_289_IS32087";NA;"2023-10-20 13:46:00";77450
"879705";"27:3:1";"Exp60_289_IS32087";"Exp60_289_IS32087";NA;"2023-10-20 15:31:00";77373,7
"879706";"27:3:1";"Exp60_289_IS32087";"Exp60_289_IS32087";NA;"2023-10-20 15:47:00";77371,4
"879707";"27:3:1";"Exp60_289_IS32087";"Exp60_289_IS32087";NA;"2023-10-20 16:01:00";77361,6
"879708";"27:3:1";"Exp60_289_IS32087";"Exp60_289_IS32087";NA;"2023-10-20 16:17:00";77353,1
"879709";"27:3:1";"Exp60_289_IS32087";"Exp60_289_IS32087";NA;"2023-10-20 16:31:00";77346,5
"879710";"27:3:1";"Exp60_289_IS32087";"Exp60_289_IS32087";NA;"2023-10-20 16:47:00";77345,3
"879711";"27:3:1";"Exp60_289_IS32087";"Exp60_289_IS32087";NA;"2023-10-20 17:01:00";77339,1
"879712";"27:3:1";"Exp60_289_IS32087";"Exp60_289_IS32087";NA;"2023-10-20 23:31:00";77319,1
"879713";"27:3:1";"Exp60_289_IS32087";"Exp60_289_IS32087";NA;"2023-10-20 23:47:00";77319,3
"879714";"27:3:1";"Exp60_289_IS32087";"Exp60_289_IS32087";NA;"2023-10-21 00:01:00";77319,9
"879715";"27:3:1";"Exp60_289_IS32087";"Exp60_289_IS32087";NA;"2023-10-21 00:17:00";77320,5
"879716";"27:3:1";"Exp60_289_IS32087";"Exp60_289_IS32087";NA;"2023-10-21 00:31:00";77319,6
"879717";"27:3:1";"Exp60_289_IS32087";"Exp60_289_IS32087";NA;"2023-10-21 01:17:00";77318,9
"879718";"27:3:1";"Exp60_289_IS32087";"Exp60_289_IS32087";NA;"2023-10-21 01:31:00";77317,9
"879719";"27:3:1";"Exp60_289_IS32087";"Exp60_289_IS32087";NA;"2023-10-21 01:47:00";77317,9
"879720";"27:3:1";"Exp60_289_IS32087";"Exp60_289_IS32087";NA;"2023-10-21 02:01:00";77317,1
"879721";"27:3:1";"Exp60_289_IS32087";"Exp60_289_IS32087";NA;"2023-10-21 08:31:00";77297,2
"879722";"27:3:1";"Exp60_289_IS32087";"Exp60_289_IS32087";NA;"2023-10-21 08:47:00";77291,1
"879723";"27:3:1";"Exp60_289_IS32087";"Exp60_289_IS32087";NA;"2023-10-21 09:01:00";77279,1
"879724";"27:3:1";"Exp60_289_IS32087";"Exp60_289_IS32087";NA;"2023-10-21 09:17:00";77275,2
"879725";"27:3:1";"Exp60_289_IS32087";"Exp60_289_IS32087";NA;"2023-10-21 09:31:00";77264,1
"879726";"27:3:1";"Exp60_289_IS32087";"Exp60_289_IS32087";NA;"2023-10-21 09:47:00";77254
"879727";"27:3:1";"Exp60_289_IS32087";"Exp60_289_IS32087";NA;"2023-10-21 10:01:00";77244,5
"879728";"27:3:1";"Exp60_289_IS32087";"Exp60_289_IS32087";NA;"2023-10-21 10:32:00";77226,2
"879729";"27:3:1";"Exp60_289_IS32087";"Exp60_289_IS32087";NA;"2023-10-21 10:46:00";77213,7
"879730";"27:3:1";"Exp60_289_IS32087";"Exp60_289_IS32087";NA;"2023-10-21 17:01:00";78629,6
"879731";"27:3:1";"Exp60_289_IS32087";"Exp60_289_IS32087";NA;"2023-10-21 17:32:00";78451
"879732";"27:3:1";"Exp60_289_IS32087";"Exp60_289_IS32087";NA;"2023-10-21 17:46:00";78396,2
"879733";"27:3:1";"Exp60_289_IS32087";"Exp60_289_IS32087";NA;"2023-10-21 18:02:00";78341,5
"879734";"27:3:1";"Exp60_289_IS32087";"Exp60_289_IS32087";NA;"2023-10-21 18:16:00";78301,4
"879735";"27:3:1";"Exp60_289_IS32087";"Exp60_289_IS32087";NA;"2023-10-21 18:32:00";78259,4
"879736";"27:3:1";"Exp60_289_IS32087";"Exp60_289_IS32087";NA;"2023-10-21 18:46:00";78230,1
"879737";"27:3:1";"Exp60_289_IS32087";"Exp60_289_IS32087";NA;"2023-10-21 19:02:00";78198,4
"879738";"27:3:1";"Exp60_289_IS32087";"Exp60_289_IS32087";NA;"2023-10-21 19:16:00";78175
"879739";"27:3:1";"Exp60_289_IS32087";"Exp60_289_IS32087";NA;"2023-10-21 19:32:00";78155,5
"879740";"27:3:1";"Exp60_289_IS32087";"Exp60_289_IS32087";NA;"2023-10-21 19:46:00";78136,4
"879741";"27:3:1";"Exp60_289_IS32087";"Exp60_289_IS32087";NA;"2023-10-21 20:02:00";78119,1
"879742";"27:3:1";"Exp60_289_IS32087";"Exp60_289_IS32087";NA;"2023-10-21 20:16:00";78104,4
"879743";"27:3:1";"Exp60_289_IS32087";"Exp60_289_IS32087";NA;"2023-10-21 20:32:00";78088,5
"879744";"27:3:1";"Exp60_289_IS32087";"Exp60_289_IS32087";NA;"2023-10-21 20:46:00";78076,9
"879745";"27:3:2";"Exp60_266_IS30175";"Exp60_266_IS30175";NA;"2023-09-22 10:17:00";76909,5
"879746";"27:3:2";"Exp60_266_IS30175";"Exp60_266_IS30175";NA;"2023-09-22 10:31:00";76893,2
"879747";"27:3:2";"Exp60_266_IS30175";"Exp60_266_IS30175";NA;"2023-09-22 10:47:00";76867,5
"879748";"27:3:2";"Exp60_266_IS30175";"Exp60_266_IS30175";NA;"2023-09-22 11:01:00";76852,5
"879749";"27:3:2";"Exp60_266_IS30175";"Exp60_266_IS30175";NA;"2023-09-22 11:32:00";76810,1
"879750";"27:3:2";"Exp60_266_IS30175";"Exp60_266_IS30175";NA;"2023-09-22 11:46:00";76791,5
"879751";"27:3:2";"Exp60_266_IS30175";"Exp60_266_IS30175";NA;"2023-09-22 12:02:00";76773,8
"879752";"27:3:2";"Exp60_266_IS30175";"Exp60_266_IS30175";NA;"2023-09-22 12:16:00";76753,4
"879753";"27:3:2";"Exp60_266_IS30175";"Exp60_266_IS30175";NA;"2023-09-22 12:32:00";76724,2
"879754";"27:3:2";"Exp60_266_IS30175";"Exp60_266_IS30175";NA;"2023-09-22 12:46:00";76709,8
"879755";"27:3:2";"Exp60_266_IS30175";"Exp60_266_IS30175";NA;"2023-09-22 13:02:00";76686,2
"879756";"27:3:2";"Exp60_266_IS30175";"Exp60_266_IS30175";NA;"2023-09-22 13:16:00";76667
"879757";"27:3:2";"Exp60_266_IS30175";"Exp60_266_IS30175";NA;"2023-09-22 13:32:00";76651,5
"879758";"27:3:2";"Exp60_266_IS30175";"Exp60_266_IS30175";NA;"2023-09-22 13:46:00";76635,6
"879759";"27:3:2";"Exp60_266_IS30175";"Exp60_266_IS30175";NA;"2023-09-22 20:31:00";76450,7
"879760";"27:3:2";"Exp60_266_IS30175";"Exp60_266_IS30175";NA;"2023-09-22 20:47:00";76450,3
"879761";"27:3:2";"Exp60_266_IS30175";"Exp60_266_IS30175";NA;"2023-09-22 21:01:00";76449,8
"879762";"27:3:2";"Exp60_266_IS30175";"Exp60_266_IS30175";NA;"2023-09-22 21:17:00";76449,9
"879763";"27:3:2";"Exp60_266_IS30175";"Exp60_266_IS30175";NA;"2023-09-22 21:31:00";76449
"879764";"27:3:2";"Exp60_266_IS30175";"Exp60_266_IS30175";NA;"2023-09-22 21:47:00";76449
"879765";"27:3:2";"Exp60_266_IS30175";"Exp60_266_IS30175";NA;"2023-09-22 22:01:00";76449,6
"879766";"27:3:2";"Exp60_266_IS30175";"Exp60_266_IS30175";NA;"2023-09-22 22:17:00";76448,5
"879767";"27:3:2";"Exp60_266_IS30175";"Exp60_266_IS30175";NA;"2023-09-22 22:31:00";76448,6
"879768";"27:3:2";"Exp60_266_IS30175";"Exp60_266_IS30175";NA;"2023-09-22 22:47:00";76447,7
"879769";"27:3:2";"Exp60_266_IS30175";"Exp60_266_IS30175";NA;"2023-09-22 23:01:00";76448,3
"879770";"27:3:2";"Exp60_266_IS30175";"Exp60_266_IS30175";NA;"2023-09-22 23:17:00";76447,1
"879771";"27:3:2";"Exp60_266_IS30175";"Exp60_266_IS30175";NA;"2023-09-22 23:31:00";76447
"879772";"27:3:2";"Exp60_266_IS30175";"Exp60_266_IS30175";NA;"2023-09-22 23:47:00";76446,6
"879773";"27:3:2";"Exp60_266_IS30175";"Exp60_266_IS30175";NA;"2023-09-23 00:01:00";76446,2
"879774";"27:3:2";"Exp60_266_IS30175";"Exp60_266_IS30175";NA;"2023-09-23 00:17:00";76444,9
"879775";"27:3:2";"Exp60_266_IS30175";"Exp60_266_IS30175";NA;"2023-09-23 01:01:00";76443,2
"879776";"27:3:2";"Exp60_266_IS30175";"Exp60_266_IS30175";NA;"2023-09-23 01:17:00";76444
"879777";"27:3:2";"Exp60_266_IS30175";"Exp60_266_IS30175";NA;"2023-09-23 01:31:00";76443,9
"879778";"27:3:2";"Exp60_266_IS30175";"Exp60_266_IS30175";NA;"2023-09-23 01:47:00";76439,7
"879779";"27:3:2";"Exp60_266_IS30175";"Exp60_266_IS30175";NA;"2023-09-23 02:01:00";76440,5
"879780";"27:3:2";"Exp60_266_IS30175";"Exp60_266_IS30175";NA;"2023-09-23 02:17:00";76439,3
"879781";"27:3:2";"Exp60_266_IS30175";"Exp60_266_IS30175";NA;"2023-09-23 02:31:00";76439,8
"879782";"27:3:2";"Exp60_266_IS30175";"Exp60_266_IS30175";NA;"2023-09-23 02:47:00";76437,2
"879783";"27:3:2";"Exp60_266_IS30175";"Exp60_266_IS30175";NA;"2023-09-23 03:01:00";76437,3
"879784";"27:3:2";"Exp60_266_IS30175";"Exp60_266_IS30175";NA;"2023-09-23 03:17:00";76436,1
"879785";"27:3:2";"Exp60_266_IS30175";"Exp60_266_IS30175";NA;"2023-09-23 03:31:00";76435,9
"879786";"27:3:2";"Exp60_266_IS30175";"Exp60_266_IS30175";NA;"2023-09-23 03:47:00";76435,2
"879787";"27:3:2";"Exp60_266_IS30175";"Exp60_266_IS30175";NA;"2023-09-23 04:16:00";76431,5
"879788";"27:3:2";"Exp60_266_IS30175";"Exp60_266_IS30175";NA;"2023-09-23 04:32:00";76435,9
"879789";"27:3:2";"Exp60_266_IS30175";"Exp60_266_IS30175";NA;"2023-09-23 04:46:00";76430,6
"879790";"27:3:2";"Exp60_266_IS30175";"Exp60_266_IS30175";NA;"2023-09-23 05:02:00";76430,3
"879791";"27:3:2";"Exp60_266_IS30175";"Exp60_266_IS30175";NA;"2023-09-23 05:16:00";76433,5
"879792";"27:3:2";"Exp60_266_IS30175";"Exp60_266_IS30175";NA;"2023-09-23 05:32:00";76428,6
"879793";"27:3:2";"Exp60_266_IS30175";"Exp60_266_IS30175";NA;"2023-09-23 05:46:00";76427,5
"879794";"27:3:2";"Exp60_266_IS30175";"Exp60_266_IS30175";NA;"2023-09-23 06:02:00";76425,1
"879795";"27:3:2";"Exp60_266_IS30175";"Exp60_266_IS30175";NA;"2023-09-23 06:16:00";76425,7
"879796";"27:3:2";"Exp60_266_IS30175";"Exp60_266_IS30175";NA;"2023-09-23 06:32:00";76425,8
"879797";"27:3:2";"Exp60_266_IS30175";"Exp60_266_IS30175";NA;"2023-09-23 06:46:00";76424,6
"879798";"27:3:2";"Exp60_266_IS30175";"Exp60_266_IS30175";NA;"2023-09-23 07:02:00";76422,4
"879799";"27:3:2";"Exp60_266_IS30175";"Exp60_266_IS30175";NA;"2023-09-23 07:16:00";76421,1
"879800";"27:3:2";"Exp60_266_IS30175";"Exp60_266_IS30175";NA;"2023-09-23 07:32:00";76410,7
"879801";"27:3:2";"Exp60_266_IS30175";"Exp60_266_IS30175";NA;"2023-09-23 07:46:00";76406,5
"879802";"27:3:2";"Exp60_266_IS30175";"Exp60_266_IS30175";NA;"2023-09-23 08:02:00";76392,4
"879803";"27:3:2";"Exp60_266_IS30175";"Exp60_266_IS30175";NA;"2023-09-23 08:16:00";76385,4
"879804";"27:3:2";"Exp60_266_IS30175";"Exp60_266_IS30175";NA;"2023-09-23 08:32:00";76375,3
"879805";"27:3:2";"Exp60_266_IS30175";"Exp60_266_IS30175";NA;"2023-09-23 08:46:00";76361,4
"879806";"27:3:2";"Exp60_266_IS30175";"Exp60_266_IS30175";NA;"2023-09-23 09:02:00";76353,2
"879807";"27:3:2";"Exp60_266_IS30175";"Exp60_266_IS30175";NA;"2023-09-23 09:16:00";76354,3
"879808";"27:3:2";"Exp60_266_IS30175";"Exp60_266_IS30175";NA;"2023-09-23 14:01:00";76042,9
"879809";"27:3:2";"Exp60_266_IS30175";"Exp60_266_IS30175";NA;"2023-09-23 14:17:00";76027,6
"879810";"27:3:2";"Exp60_266_IS30175";"Exp60_266_IS30175";NA;"2023-09-23 14:31:00";76019,2
"879811";"27:3:2";"Exp60_266_IS30175";"Exp60_266_IS30175";NA;"2023-09-23 14:47:00";76007,5
"879812";"27:3:2";"Exp60_266_IS30175";"Exp60_266_IS30175";NA;"2023-09-23 15:01:00";75998,9
"879813";"27:3:2";"Exp60_266_IS30175";"Exp60_266_IS30175";NA;"2023-09-23 15:32:00";75980,9
"879814";"27:3:2";"Exp60_266_IS30175";"Exp60_266_IS30175";NA;"2023-09-23 15:46:00";75972,3
"879815";"27:3:2";"Exp60_266_IS30175";"Exp60_266_IS30175";NA;"2023-09-23 16:17:00";75957
"879816";"27:3:2";"Exp60_266_IS30175";"Exp60_266_IS30175";NA;"2023-09-23 16:31:00";75951
"879817";"27:3:2";"Exp60_266_IS30175";"Exp60_266_IS30175";NA;"2023-09-23 16:47:00";75946,5
"879818";"27:3:2";"Exp60_266_IS30175";"Exp60_266_IS30175";NA;"2023-09-23 17:01:00";75943,7
"879819";"27:3:2";"Exp60_266_IS30175";"Exp60_266_IS30175";NA;"2023-09-23 17:17:00";75937,6
"879820";"27:3:2";"Exp60_266_IS30175";"Exp60_266_IS30175";NA;"2023-09-23 17:31:00";75932,2
"879821";"27:3:2";"Exp60_266_IS30175";"Exp60_266_IS30175";NA;"2023-09-23 17:47:00";75928,6
"879822";"27:3:2";"Exp60_266_IS30175";"Exp60_266_IS30175";NA;"2023-09-23 18:01:00";75926,2
"879823";"27:3:2";"Exp60_266_IS30175";"Exp60_266_IS30175";NA;"2023-09-23 18:17:00";75921,8
"879824";"27:3:2";"Exp60_266_IS30175";"Exp60_266_IS30175";NA;"2023-09-23 18:31:00";75919,4
"879825";"27:3:2";"Exp60_266_IS30175";"Exp60_266_IS30175";NA;"2023-09-23 18:47:00";75916,6
"879826";"27:3:2";"Exp60_266_IS30175";"Exp60_266_IS30175";NA;"2023-09-23 19:01:00";75915,1
"879827";"27:3:2";"Exp60_266_IS30175";"Exp60_266_IS30175";NA;"2023-09-23 19:17:00";75913,1
"879828";"27:3:2";"Exp60_266_IS30175";"Exp60_266_IS30175";NA;"2023-09-23 19:31:00";75911,8
"879829";"27:3:2";"Exp60_266_IS30175";"Exp60_266_IS30175";NA;"2023-09-23 20:02:00";75907,1
"879830";"27:3:2";"Exp60_266_IS30175";"Exp60_266_IS30175";NA;"2023-09-23 20:16:00";75905,5
"879831";"27:3:2";"Exp60_266_IS30175";"Exp60_266_IS30175";NA;"2023-09-23 20:32:00";75903,7
"879832";"27:3:2";"Exp60_266_IS30175";"Exp60_266_IS30175";NA;"2023-09-23 20:46:00";75903,5
"879833";"27:3:2";"Exp60_266_IS30175";"Exp60_266_IS30175";NA;"2023-09-23 21:02:00";75900,7
"879834";"27:3:2";"Exp60_266_IS30175";"Exp60_266_IS30175";NA;"2023-09-23 21:16:00";75900,7
"879835";"27:3:2";"Exp60_266_IS30175";"Exp60_266_IS30175";NA;"2023-09-23 21:32:00";75900,3
"879836";"27:3:2";"Exp60_266_IS30175";"Exp60_266_IS30175";NA;"2023-09-23 21:46:00";75898,2
"879837";"27:3:2";"Exp60_266_IS30175";"Exp60_266_IS30175";NA;"2023-09-23 22:02:00";75897
"879838";"27:3:2";"Exp60_266_IS30175";"Exp60_266_IS30175";NA;"2023-09-23 22:16:00";75896
"879839";"27:3:2";"Exp60_266_IS30175";"Exp60_266_IS30175";NA;"2023-09-23 23:17:00";75892,8
"879840";"27:3:2";"Exp60_266_IS30175";"Exp60_266_IS30175";NA;"2023-09-23 23:31:00";75892,5
"879841";"27:3:2";"Exp60_266_IS30175";"Exp60_266_IS30175";NA;"2023-09-23 23:47:00";75892,7
"879842";"27:3:2";"Exp60_266_IS30175";"Exp60_266_IS30175";NA;"2023-09-24 00:01:00";75891,6
"879843";"27:3:2";"Exp60_266_IS30175";"Exp60_266_IS30175";NA;"2023-09-24 00:17:00";75890,9
"879844";"27:3:2";"Exp60_266_IS30175";"Exp60_266_IS30175";NA;"2023-09-24 00:31:00";75889,4
"879845";"27:3:2";"Exp60_266_IS30175";"Exp60_266_IS30175";NA;"2023-09-24 00:47:00";75889,5
"879846";"27:3:2";"Exp60_266_IS30175";"Exp60_266_IS30175";NA;"2023-09-24 01:01:00";75888,7
"879847";"27:3:2";"Exp60_266_IS30175";"Exp60_266_IS30175";NA;"2023-09-24 01:17:00";75885,9
"879848";"27:3:2";"Exp60_266_IS30175";"Exp60_266_IS30175";NA;"2023-09-24 01:31:00";75886,2
"879849";"27:3:2";"Exp60_266_IS30175";"Exp60_266_IS30175";NA;"2023-09-24 01:47:00";75885,5
"879850";"27:3:2";"Exp60_266_IS30175";"Exp60_266_IS30175";NA;"2023-09-24 02:01:00";75884,9
"879851";"27:3:2";"Exp60_266_IS30175";"Exp60_266_IS30175";NA;"2023-09-24 02:17:00";75883,4
"879852";"27:3:2";"Exp60_266_IS30175";"Exp60_266_IS30175";NA;"2023-09-24 02:31:00";75882,5
"879853";"27:3:2";"Exp60_266_IS30175";"Exp60_266_IS30175";NA;"2023-09-24 02:47:00";75880,1
"879854";"27:3:2";"Exp60_266_IS30175";"Exp60_266_IS30175";NA;"2023-09-24 03:01:00";75878,6
"879855";"27:3:2";"Exp60_266_IS30175";"Exp60_266_IS30175";NA;"2023-09-24 10:01:00";75818
"879856";"27:3:2";"Exp60_266_IS30175";"Exp60_266_IS30175";NA;"2023-09-24 10:17:00";75807,7
"879857";"27:3:2";"Exp60_266_IS30175";"Exp60_266_IS30175";NA;"2023-09-24 10:31:00";75802,3
"879858";"27:3:2";"Exp60_266_IS30175";"Exp60_266_IS30175";NA;"2023-09-24 10:47:00";75778,3
"879859";"27:3:2";"Exp60_266_IS30175";"Exp60_266_IS30175";NA;"2023-09-24 11:01:00";75767,6
"879860";"27:3:2";"Exp60_266_IS30175";"Exp60_266_IS30175";NA;"2023-09-24 11:17:00";75762,1
"879861";"27:3:2";"Exp60_266_IS30175";"Exp60_266_IS30175";NA;"2023-09-24 11:31:00";75750,6
"879862";"27:3:2";"Exp60_266_IS30175";"Exp60_266_IS30175";NA;"2023-09-24 11:47:00";75740,2
"879863";"27:3:2";"Exp60_266_IS30175";"Exp60_266_IS30175";NA;"2023-09-24 12:01:00";75715,6
"879864";"27:3:2";"Exp60_266_IS30175";"Exp60_266_IS30175";NA;"2023-09-24 12:17:00";75705,1
"879865";"27:3:2";"Exp60_266_IS30175";"Exp60_266_IS30175";NA;"2023-09-24 12:31:00";75696,8
"879866";"27:3:2";"Exp60_266_IS30175";"Exp60_266_IS30175";NA;"2023-09-24 12:47:00";75686,5
"879867";"27:3:2";"Exp60_266_IS30175";"Exp60_266_IS30175";NA;"2023-09-24 13:01:00";75682,6
"879868";"27:3:2";"Exp60_266_IS30175";"Exp60_266_IS30175";NA;"2023-09-24 13:17:00";75674,4
"879869";"27:3:2";"Exp60_266_IS30175";"Exp60_266_IS30175";NA;"2023-09-24 13:31:00";75663,1
"879870";"27:3:2";"Exp60_266_IS30175";"Exp60_266_IS30175";NA;"2023-09-24 13:47:00";75658,8
"879871";"27:3:2";"Exp60_266_IS30175";"Exp60_266_IS30175";NA;"2023-09-24 14:01:00";75649,7
"879872";"27:3:2";"Exp60_266_IS30175";"Exp60_266_IS30175";NA;"2023-09-24 14:17:00";75648,7
"879873";"27:3:2";"Exp60_266_IS30175";"Exp60_266_IS30175";NA;"2023-09-24 14:31:00";75718,3
"879874";"27:3:2";"Exp60_266_IS30175";"Exp60_266_IS30175";NA;"2023-09-24 14:47:00";75754,1
"879875";"27:3:2";"Exp60_266_IS30175";"Exp60_266_IS30175";NA;"2023-09-24 15:01:00";75734,3
"879876";"27:3:2";"Exp60_266_IS30175";"Exp60_266_IS30175";NA;"2023-09-24 15:17:00";75723,2
"879877";"27:3:2";"Exp60_266_IS30175";"Exp60_266_IS30175";NA;"2023-09-24 15:31:00";75712,9
"879878";"27:3:2";"Exp60_266_IS30175";"Exp60_266_IS30175";NA;"2023-09-24 15:47:00";75703,6
"879879";"27:3:2";"Exp60_266_IS30175";"Exp60_266_IS30175";NA;"2023-09-24 16:01:00";75694,1
"879880";"27:3:2";"Exp60_266_IS30175";"Exp60_266_IS30175";NA;"2023-09-24 22:31:00";75804
"879881";"27:3:2";"Exp60_266_IS30175";"Exp60_266_IS30175";NA;"2023-09-24 22:47:00";75803,4
"879882";"27:3:2";"Exp60_266_IS30175";"Exp60_266_IS30175";NA;"2023-09-24 23:01:00";75802,2
"879883";"27:3:2";"Exp60_266_IS30175";"Exp60_266_IS30175";NA;"2023-09-24 23:17:00";75801,9
"879884";"27:3:2";"Exp60_266_IS30175";"Exp60_266_IS30175";NA;"2023-09-24 23:31:00";75800,9
"879885";"27:3:2";"Exp60_266_IS30175";"Exp60_266_IS30175";NA;"2023-09-24 23:47:00";75800,7
"879886";"27:3:2";"Exp60_266_IS30175";"Exp60_266_IS30175";NA;"2023-09-25 00:01:00";75801,2
"879887";"27:3:2";"Exp60_266_IS30175";"Exp60_266_IS30175";NA;"2023-09-25 00:17:00";75800,5
"879888";"27:3:2";"Exp60_266_IS30175";"Exp60_266_IS30175";NA;"2023-09-25 00:31:00";75799,9
"879889";"27:3:2";"Exp60_266_IS30175";"Exp60_266_IS30175";NA;"2023-09-25 00:47:00";75799,1
"879890";"27:3:2";"Exp60_266_IS30175";"Exp60_266_IS30175";NA;"2023-09-25 01:01:00";75799,1
"879891";"27:3:2";"Exp60_266_IS30175";"Exp60_266_IS30175";NA;"2023-09-25 01:17:00";75797,4
"879892";"27:3:2";"Exp60_266_IS30175";"Exp60_266_IS30175";NA;"2023-09-25 01:31:00";75793,2
"879893";"27:3:2";"Exp60_266_IS30175";"Exp60_266_IS30175";NA;"2023-09-25 01:47:00";75795,1
"879894";"27:3:2";"Exp60_266_IS30175";"Exp60_266_IS30175";NA;"2023-09-25 02:01:00";75794,8
"879895";"27:3:2";"Exp60_266_IS30175";"Exp60_266_IS30175";NA;"2023-09-25 03:02:00";75791,3
"879896";"27:3:2";"Exp60_266_IS30175";"Exp60_266_IS30175";NA;"2023-09-25 03:16:00";75789,1
"879897";"27:3:2";"Exp60_266_IS30175";"Exp60_266_IS30175";NA;"2023-09-25 04:32:00";75784,2
"879898";"27:3:2";"Exp60_266_IS30175";"Exp60_266_IS30175";NA;"2023-09-25 04:46:00";75785,8
"879899";"27:3:2";"Exp60_266_IS30175";"Exp60_266_IS30175";NA;"2023-09-25 05:17:00";75782,6
"879900";"27:3:2";"Exp60_266_IS30175";"Exp60_266_IS30175";NA;"2023-09-25 05:31:00";75781,4
"879901";"27:3:2";"Exp60_266_IS30175";"Exp60_266_IS30175";NA;"2023-09-25 05:47:00";75782,1
"879902";"27:3:2";"Exp60_266_IS30175";"Exp60_266_IS30175";NA;"2023-09-25 06:01:00";75781,4
"879903";"27:3:2";"Exp60_266_IS30175";"Exp60_266_IS30175";NA;"2023-09-25 06:17:00";75781,9
"879904";"27:3:2";"Exp60_266_IS30175";"Exp60_266_IS30175";NA;"2023-09-25 06:31:00";75780,5
"879905";"27:3:2";"Exp60_266_IS30175";"Exp60_266_IS30175";NA;"2023-09-25 06:47:00";75779,8
"879906";"27:3:2";"Exp60_266_IS30175";"Exp60_266_IS30175";NA;"2023-09-25 07:01:00";75777,8
"879907";"27:3:2";"Exp60_266_IS30175";"Exp60_266_IS30175";NA;"2023-09-25 07:17:00";75774,4
"879908";"27:3:2";"Exp60_266_IS30175";"Exp60_266_IS30175";NA;"2023-09-25 07:31:00";75767,6
"879909";"27:3:2";"Exp60_266_IS30175";"Exp60_266_IS30175";NA;"2023-09-25 07:47:00";75768,6
"879910";"27:3:2";"Exp60_266_IS30175";"Exp60_266_IS30175";NA;"2023-09-25 08:01:00";75763,4
"879911";"27:3:2";"Exp60_266_IS30175";"Exp60_266_IS30175";NA;"2023-09-25 14:46:00";75504,9
"879912";"27:3:2";"Exp60_266_IS30175";"Exp60_266_IS30175";NA;"2023-09-25 15:02:00";75504,3
"879913";"27:3:2";"Exp60_266_IS30175";"Exp60_266_IS30175";NA;"2023-09-25 15:16:00";75493,8
"879914";"27:3:2";"Exp60_266_IS30175";"Exp60_266_IS30175";NA;"2023-09-25 15:32:00";75481,9
"879915";"27:3:2";"Exp60_266_IS30175";"Exp60_266_IS30175";NA;"2023-09-25 15:46:00";75467,4
"879916";"27:3:2";"Exp60_266_IS30175";"Exp60_266_IS30175";NA;"2023-09-25 16:02:00";75462,9
"879917";"27:3:2";"Exp60_266_IS30175";"Exp60_266_IS30175";NA;"2023-09-25 17:16:00";75450,5
"879918";"27:3:2";"Exp60_266_IS30175";"Exp60_266_IS30175";NA;"2023-09-25 17:32:00";75446,5
"879919";"27:3:2";"Exp60_266_IS30175";"Exp60_266_IS30175";NA;"2023-09-25 17:46:00";75443,2
"879920";"27:3:2";"Exp60_266_IS30175";"Exp60_266_IS30175";NA;"2023-09-25 18:02:00";75440
"879921";"27:3:2";"Exp60_266_IS30175";"Exp60_266_IS30175";NA;"2023-09-25 19:01:00";75431,6
"879922";"27:3:2";"Exp60_266_IS30175";"Exp60_266_IS30175";NA;"2023-09-25 19:17:00";75430,3
"879923";"27:3:2";"Exp60_266_IS30175";"Exp60_266_IS30175";NA;"2023-09-25 19:31:00";75429,7
"879924";"27:3:2";"Exp60_266_IS30175";"Exp60_266_IS30175";NA;"2023-09-25 19:47:00";75427,7
"879925";"27:3:2";"Exp60_266_IS30175";"Exp60_266_IS30175";NA;"2023-09-25 20:01:00";75427
"879926";"27:3:2";"Exp60_266_IS30175";"Exp60_266_IS30175";NA;"2023-09-25 20:17:00";75426,4
"879927";"27:3:2";"Exp60_266_IS30175";"Exp60_266_IS30175";NA;"2023-09-25 20:31:00";75425,4
"879928";"27:3:2";"Exp60_266_IS30175";"Exp60_266_IS30175";NA;"2023-09-25 20:47:00";75424,2
"879929";"27:3:2";"Exp60_266_IS30175";"Exp60_266_IS30175";NA;"2023-09-25 21:16:00";75422,9
"879930";"27:3:2";"Exp60_266_IS30175";"Exp60_266_IS30175";NA;"2023-09-25 21:32:00";75422,2
"879931";"27:3:2";"Exp60_266_IS30175";"Exp60_266_IS30175";NA;"2023-09-25 21:46:00";75421,5
"879932";"27:3:2";"Exp60_266_IS30175";"Exp60_266_IS30175";NA;"2023-09-25 22:02:00";75420,9
"879933";"27:3:2";"Exp60_266_IS30175";"Exp60_266_IS30175";NA;"2023-09-25 22:16:00";75420,4
"879934";"27:3:2";"Exp60_266_IS30175";"Exp60_266_IS30175";NA;"2023-09-25 22:32:00";75420
"879935";"27:3:2";"Exp60_266_IS30175";"Exp60_266_IS30175";NA;"2023-09-25 22:46:00";75419,5
"879936";"27:3:2";"Exp60_266_IS30175";"Exp60_266_IS30175";NA;"2023-09-25 23:02:00";75418,6
"879937";"27:3:2";"Exp60_266_IS30175";"Exp60_266_IS30175";NA;"2023-09-25 23:16:00";75417,8
"879938";"27:3:2";"Exp60_266_IS30175";"Exp60_266_IS30175";NA;"2023-09-25 23:32:00";75415,3
"879939";"27:3:2";"Exp60_266_IS30175";"Exp60_266_IS30175";NA;"2023-09-25 23:46:00";75415,7
"879940";"27:3:2";"Exp60_266_IS30175";"Exp60_266_IS30175";NA;"2023-09-26 00:02:00";75413,9
"879941";"27:3:2";"Exp60_266_IS30175";"Exp60_266_IS30175";NA;"2023-09-26 00:16:00";75412,6
"879942";"27:3:2";"Exp60_266_IS30175";"Exp60_266_IS30175";NA;"2023-09-26 00:32:00";75410,9
"879943";"27:3:2";"Exp60_266_IS30175";"Exp60_266_IS30175";NA;"2023-09-26 00:46:00";75405,9
"879944";"27:3:2";"Exp60_266_IS30175";"Exp60_266_IS30175";NA;"2023-09-26 01:02:00";75409,2
"879945";"27:3:2";"Exp60_266_IS30175";"Exp60_266_IS30175";NA;"2023-09-26 01:16:00";75408,8
"879946";"27:3:2";"Exp60_266_IS30175";"Exp60_266_IS30175";NA;"2023-09-26 01:32:00";75407,4
"879947";"27:3:2";"Exp60_266_IS30175";"Exp60_266_IS30175";NA;"2023-09-26 01:46:00";75406,5
"879948";"27:3:2";"Exp60_266_IS30175";"Exp60_266_IS30175";NA;"2023-09-26 02:02:00";75403,9
"879949";"27:3:2";"Exp60_266_IS30175";"Exp60_266_IS30175";NA;"2023-09-26 02:16:00";75403,4
"879950";"27:3:2";"Exp60_266_IS30175";"Exp60_266_IS30175";NA;"2023-09-26 02:32:00";75401,4
"879951";"27:3:2";"Exp60_266_IS30175";"Exp60_266_IS30175";NA;"2023-09-26 02:46:00";75400
"879952";"27:3:2";"Exp60_266_IS30175";"Exp60_266_IS30175";NA;"2023-09-26 03:02:00";75398
"879953";"27:3:2";"Exp60_266_IS30175";"Exp60_266_IS30175";NA;"2023-09-26 03:16:00";75396,7
"879954";"27:3:2";"Exp60_266_IS30175";"Exp60_266_IS30175";NA;"2023-09-26 03:32:00";75395,2
"879955";"27:3:2";"Exp60_266_IS30175";"Exp60_266_IS30175";NA;"2023-09-26 03:46:00";75394,6
"879956";"27:3:2";"Exp60_266_IS30175";"Exp60_266_IS30175";NA;"2023-09-26 04:02:00";75395,2
"879957";"27:3:2";"Exp60_266_IS30175";"Exp60_266_IS30175";NA;"2023-09-26 04:16:00";75390,3
"879958";"27:3:2";"Exp60_266_IS30175";"Exp60_266_IS30175";NA;"2023-09-26 04:32:00";75388,2
"879959";"27:3:2";"Exp60_266_IS30175";"Exp60_266_IS30175";NA;"2023-09-26 04:46:00";75387,6
"879960";"27:3:2";"Exp60_266_IS30175";"Exp60_266_IS30175";NA;"2023-09-26 05:02:00";75384,8
"879961";"27:3:2";"Exp60_266_IS30175";"Exp60_266_IS30175";NA;"2023-09-26 05:16:00";75384
"879962";"27:3:2";"Exp60_266_IS30175";"Exp60_266_IS30175";NA;"2023-09-26 05:32:00";75383
"879963";"27:3:2";"Exp60_266_IS30175";"Exp60_266_IS30175";NA;"2023-09-26 05:46:00";75381,9
"879964";"27:3:2";"Exp60_266_IS30175";"Exp60_266_IS30175";NA;"2023-09-26 06:02:00";75380,7
"879965";"27:3:2";"Exp60_266_IS30175";"Exp60_266_IS30175";NA;"2023-09-26 06:16:00";75379,1
"879966";"27:3:2";"Exp60_266_IS30175";"Exp60_266_IS30175";NA;"2023-09-26 06:32:00";75378,8
"879967";"27:3:2";"Exp60_266_IS30175";"Exp60_266_IS30175";NA;"2023-09-26 06:46:00";75376,5
"879968";"27:3:2";"Exp60_266_IS30175";"Exp60_266_IS30175";NA;"2023-09-26 07:02:00";75373,9
"879969";"27:3:2";"Exp60_266_IS30175";"Exp60_266_IS30175";NA;"2023-09-26 07:16:00";75372,4
"879970";"27:3:2";"Exp60_266_IS30175";"Exp60_266_IS30175";NA;"2023-09-26 07:47:00";75367,1
"879971";"27:3:2";"Exp60_266_IS30175";"Exp60_266_IS30175";NA;"2023-09-26 08:01:00";75362,9
"879972";"27:3:2";"Exp60_266_IS30175";"Exp60_266_IS30175";NA;"2023-09-26 08:17:00";75361,5
"879973";"27:3:2";"Exp60_266_IS30175";"Exp60_266_IS30175";NA;"2023-09-26 08:31:00";75357
"879974";"27:3:2";"Exp60_266_IS30175";"Exp60_266_IS30175";NA;"2023-09-26 09:02:00";75349,8
"879975";"27:3:2";"Exp60_266_IS30175";"Exp60_266_IS30175";NA;"2023-09-26 09:16:00";75344,3
"879976";"27:3:2";"Exp60_266_IS30175";"Exp60_266_IS30175";NA;"2023-09-26 09:32:00";75339,5
"879977";"27:3:2";"Exp60_266_IS30175";"Exp60_266_IS30175";NA;"2023-09-26 09:46:00";75330,9
"879978";"27:3:2";"Exp60_266_IS30175";"Exp60_266_IS30175";NA;"2023-09-26 10:02:00";75322,5
"879979";"27:3:2";"Exp60_266_IS30175";"Exp60_266_IS30175";NA;"2023-09-26 10:16:00";75311,9
"879980";"27:3:2";"Exp60_266_IS30175";"Exp60_266_IS30175";NA;"2023-09-26 10:32:00";75304,6
"879981";"27:3:2";"Exp60_266_IS30175";"Exp60_266_IS30175";NA;"2023-09-26 10:46:00";75296,4
"879982";"27:3:2";"Exp60_266_IS30175";"Exp60_266_IS30175";NA;"2023-09-26 11:02:00";75444,6
"879983";"27:3:2";"Exp60_266_IS30175";"Exp60_266_IS30175";NA;"2023-09-26 11:16:00";75419,8
"879984";"27:3:2";"Exp60_266_IS30175";"Exp60_266_IS30175";NA;"2023-09-26 11:47:00";75374,9
"879985";"27:3:2";"Exp60_266_IS30175";"Exp60_266_IS30175";NA;"2023-09-26 12:01:00";75359,4
"879986";"27:3:2";"Exp60_266_IS30175";"Exp60_266_IS30175";NA;"2023-09-26 12:17:00";75347,3
"879987";"27:3:2";"Exp60_266_IS30175";"Exp60_266_IS30175";NA;"2023-09-26 12:31:00";75333,3
"879988";"27:3:2";"Exp60_266_IS30175";"Exp60_266_IS30175";NA;"2023-09-26 12:47:00";75317,3
"879989";"27:3:2";"Exp60_266_IS30175";"Exp60_266_IS30175";NA;"2023-09-26 13:01:00";75306,1
"879990";"27:3:2";"Exp60_266_IS30175";"Exp60_266_IS30175";NA;"2023-09-26 13:32:00";75283,5
"879991";"27:3:2";"Exp60_266_IS30175";"Exp60_266_IS30175";NA;"2023-09-26 13:46:00";75273,2
"879992";"27:3:2";"Exp60_266_IS30175";"Exp60_266_IS30175";NA;"2023-09-26 14:02:00";75257,5
"879993";"27:3:2";"Exp60_266_IS30175";"Exp60_266_IS30175";NA;"2023-09-26 14:16:00";75246,4
"879994";"27:3:2";"Exp60_266_IS30175";"Exp60_266_IS30175";NA;"2023-09-26 14:32:00";75233,2
"879995";"27:3:2";"Exp60_266_IS30175";"Exp60_266_IS30175";NA;"2023-09-26 14:46:00";75222,4
"879996";"27:3:2";"Exp60_266_IS30175";"Exp60_266_IS30175";NA;"2023-09-26 15:02:00";75214
"879997";"27:3:2";"Exp60_266_IS30175";"Exp60_266_IS30175";NA;"2023-09-26 15:16:00";75198,3
"879998";"27:3:2";"Exp60_266_IS30175";"Exp60_266_IS30175";NA;"2023-09-26 15:32:00";75196,7
"879999";"27:3:2";"Exp60_266_IS30175";"Exp60_266_IS30175";NA;"2023-09-26 15:46:00";75208,2
"880000";"27:3:2";"Exp60_266_IS30175";"Exp60_266_IS30175";NA;"2023-09-26 16:02:00";75198,5
"880001";"27:3:2";"Exp60_266_IS30175";"Exp60_266_IS30175";NA;"2023-09-26 16:16:00";75195,1
"880002";"27:3:2";"Exp60_266_IS30175";"Exp60_266_IS30175";NA;"2023-09-26 22:01:00";75138,7
"880003";"27:3:2";"Exp60_266_IS30175";"Exp60_266_IS30175";NA;"2023-09-26 22:17:00";75137,5
"880004";"27:3:2";"Exp60_266_IS30175";"Exp60_266_IS30175";NA;"2023-09-26 22:31:00";75135,9
"880005";"27:3:2";"Exp60_266_IS30175";"Exp60_266_IS30175";NA;"2023-09-26 22:47:00";75135,4
"880006";"27:3:2";"Exp60_266_IS30175";"Exp60_266_IS30175";NA;"2023-09-26 23:01:00";75133,9
"880007";"27:3:2";"Exp60_266_IS30175";"Exp60_266_IS30175";NA;"2023-09-26 23:17:00";75133,2
"880008";"27:3:2";"Exp60_266_IS30175";"Exp60_266_IS30175";NA;"2023-09-26 23:31:00";75131,5
"880009";"27:3:2";"Exp60_266_IS30175";"Exp60_266_IS30175";NA;"2023-09-26 23:47:00";75130,9
"880010";"27:3:2";"Exp60_266_IS30175";"Exp60_266_IS30175";NA;"2023-09-27 00:31:00";75128,9
"880011";"27:3:2";"Exp60_266_IS30175";"Exp60_266_IS30175";NA;"2023-09-27 00:47:00";75127,8
"880012";"27:3:2";"Exp60_266_IS30175";"Exp60_266_IS30175";NA;"2023-09-27 01:01:00";75126,4
"880013";"27:3:2";"Exp60_266_IS30175";"Exp60_266_IS30175";NA;"2023-09-27 01:17:00";75125,5
"880014";"27:3:2";"Exp60_266_IS30175";"Exp60_266_IS30175";NA;"2023-09-27 01:31:00";75124,3
"880015";"27:3:2";"Exp60_266_IS30175";"Exp60_266_IS30175";NA;"2023-09-27 01:47:00";75123,4
"880016";"27:3:2";"Exp60_266_IS30175";"Exp60_266_IS30175";NA;"2023-09-27 02:01:00";75124
"880017";"27:3:2";"Exp60_266_IS30175";"Exp60_266_IS30175";NA;"2023-09-27 02:17:00";75122,4
"880018";"27:3:2";"Exp60_266_IS30175";"Exp60_266_IS30175";NA;"2023-09-27 02:31:00";75122,3
"880019";"27:3:2";"Exp60_266_IS30175";"Exp60_266_IS30175";NA;"2023-09-27 02:47:00";75121,3
"880020";"27:3:2";"Exp60_266_IS30175";"Exp60_266_IS30175";NA;"2023-09-27 03:01:00";75120,4
"880021";"27:3:2";"Exp60_266_IS30175";"Exp60_266_IS30175";NA;"2023-09-27 03:17:00";75120,4
"880022";"27:3:2";"Exp60_266_IS30175";"Exp60_266_IS30175";NA;"2023-09-27 03:31:00";75120
"880023";"27:3:2";"Exp60_266_IS30175";"Exp60_266_IS30175";NA;"2023-09-27 03:47:00";75120
"880024";"27:3:2";"Exp60_266_IS30175";"Exp60_266_IS30175";NA;"2023-09-27 04:01:00";75120,4
"880025";"27:3:2";"Exp60_266_IS30175";"Exp60_266_IS30175";NA;"2023-09-27 04:17:00";75118,5
"880026";"27:3:2";"Exp60_266_IS30175";"Exp60_266_IS30175";NA;"2023-09-27 04:31:00";75118,5
"880027";"27:3:2";"Exp60_266_IS30175";"Exp60_266_IS30175";NA;"2023-09-27 04:47:00";75117,3
"880028";"27:3:2";"Exp60_266_IS30175";"Exp60_266_IS30175";NA;"2023-09-27 05:01:00";75116,4
"880029";"27:3:2";"Exp60_266_IS30175";"Exp60_266_IS30175";NA;"2023-09-27 05:17:00";75115,7
"880030";"27:3:2";"Exp60_266_IS30175";"Exp60_266_IS30175";NA;"2023-09-27 05:31:00";75114,7
"880031";"27:3:2";"Exp60_266_IS30175";"Exp60_266_IS30175";NA;"2023-09-27 05:47:00";75114,9
"880032";"27:3:2";"Exp60_266_IS30175";"Exp60_266_IS30175";NA;"2023-09-27 06:01:00";75114,9
"880033";"27:3:2";"Exp60_266_IS30175";"Exp60_266_IS30175";NA;"2023-09-27 06:17:00";75113,9
"880034";"27:3:2";"Exp60_266_IS30175";"Exp60_266_IS30175";NA;"2023-09-27 06:31:00";75113,8
"880035";"27:3:2";"Exp60_266_IS30175";"Exp60_266_IS30175";NA;"2023-09-27 06:47:00";75111,5
"880036";"27:3:2";"Exp60_266_IS30175";"Exp60_266_IS30175";NA;"2023-09-27 07:01:00";75109,1
"880037";"27:3:2";"Exp60_266_IS30175";"Exp60_266_IS30175";NA;"2023-09-27 07:32:00";75102,1
"880038";"27:3:2";"Exp60_266_IS30175";"Exp60_266_IS30175";NA;"2023-09-27 07:46:00";75097,3
"880039";"27:3:2";"Exp60_266_IS30175";"Exp60_266_IS30175";NA;"2023-09-27 08:02:00";75088,6
"880040";"27:3:2";"Exp60_266_IS30175";"Exp60_266_IS30175";NA;"2023-09-27 08:16:00";75083,3
"880041";"27:3:2";"Exp60_266_IS30175";"Exp60_266_IS30175";NA;"2023-09-27 08:32:00";75077,3
"880042";"27:3:2";"Exp60_266_IS30175";"Exp60_266_IS30175";NA;"2023-09-27 08:46:00";75069,5
"880043";"27:3:2";"Exp60_266_IS30175";"Exp60_266_IS30175";NA;"2023-09-27 09:02:00";75057,2
"880044";"27:3:2";"Exp60_266_IS30175";"Exp60_266_IS30175";NA;"2023-09-27 09:16:00";75041,7
"880045";"27:3:2";"Exp60_266_IS30175";"Exp60_266_IS30175";NA;"2023-09-27 15:46:00";74829,1
"880046";"27:3:2";"Exp60_266_IS30175";"Exp60_266_IS30175";NA;"2023-09-27 16:02:00";74928,3
"880047";"27:3:2";"Exp60_266_IS30175";"Exp60_266_IS30175";NA;"2023-09-27 16:16:00";74970,3
"880048";"27:3:2";"Exp60_266_IS30175";"Exp60_266_IS30175";NA;"2023-09-27 16:32:00";74963,8
"880049";"27:3:2";"Exp60_266_IS30175";"Exp60_266_IS30175";NA;"2023-09-27 16:46:00";74950,1
"880050";"27:3:2";"Exp60_266_IS30175";"Exp60_266_IS30175";NA;"2023-09-27 17:17:00";74932,3
"880051";"27:3:2";"Exp60_266_IS30175";"Exp60_266_IS30175";NA;"2023-09-27 17:31:00";74928,2
"880052";"27:3:2";"Exp60_266_IS30175";"Exp60_266_IS30175";NA;"2023-09-27 17:47:00";74921,2
"880053";"27:3:2";"Exp60_266_IS30175";"Exp60_266_IS30175";NA;"2023-09-27 18:01:00";74917,5
"880054";"27:3:2";"Exp60_266_IS30175";"Exp60_266_IS30175";NA;"2023-09-27 18:17:00";74913,2
"880055";"27:3:2";"Exp60_266_IS30175";"Exp60_266_IS30175";NA;"2023-09-27 18:31:00";74913,2
"880056";"27:3:2";"Exp60_266_IS30175";"Exp60_266_IS30175";NA;"2023-09-27 18:47:00";74915,6
"880057";"27:3:2";"Exp60_266_IS30175";"Exp60_266_IS30175";NA;"2023-09-27 19:01:00";74910,9
"880058";"27:3:2";"Exp60_266_IS30175";"Exp60_266_IS30175";NA;"2023-09-27 19:17:00";74913,6
"880059";"27:3:2";"Exp60_266_IS30175";"Exp60_266_IS30175";NA;"2023-09-27 19:31:00";74921,2
"880060";"27:3:2";"Exp60_266_IS30175";"Exp60_266_IS30175";NA;"2023-09-27 19:47:00";74948,8
"880061";"27:3:2";"Exp60_266_IS30175";"Exp60_266_IS30175";NA;"2023-09-27 20:01:00";74953,4
"880062";"27:3:2";"Exp60_266_IS30175";"Exp60_266_IS30175";NA;"2023-09-27 20:17:00";74961,9
"880063";"27:3:2";"Exp60_266_IS30175";"Exp60_266_IS30175";NA;"2023-09-27 20:31:00";74961,9
"880064";"27:3:2";"Exp60_266_IS30175";"Exp60_266_IS30175";NA;"2023-09-27 20:47:00";74960
"880065";"27:3:2";"Exp60_266_IS30175";"Exp60_266_IS30175";NA;"2023-09-27 21:01:00";74957,8
"880066";"27:3:2";"Exp60_266_IS30175";"Exp60_266_IS30175";NA;"2023-09-28 01:31:00";74926,4
"880067";"27:3:2";"Exp60_266_IS30175";"Exp60_266_IS30175";NA;"2023-09-28 01:47:00";74926,3
"880068";"27:3:2";"Exp60_266_IS30175";"Exp60_266_IS30175";NA;"2023-09-28 02:01:00";74924,6
"880069";"27:3:2";"Exp60_266_IS30175";"Exp60_266_IS30175";NA;"2023-09-28 02:17:00";74922,9
"880070";"27:3:2";"Exp60_266_IS30175";"Exp60_266_IS30175";NA;"2023-09-28 02:31:00";74922,5
"880071";"27:3:2";"Exp60_266_IS30175";"Exp60_266_IS30175";NA;"2023-09-28 03:17:00";74920,1
"880072";"27:3:2";"Exp60_266_IS30175";"Exp60_266_IS30175";NA;"2023-09-28 03:31:00";74920,1
"880073";"27:3:2";"Exp60_266_IS30175";"Exp60_266_IS30175";NA;"2023-09-28 03:47:00";74919,6
"880074";"27:3:2";"Exp60_266_IS30175";"Exp60_266_IS30175";NA;"2023-09-28 04:01:00";74920
"880075";"27:3:2";"Exp60_266_IS30175";"Exp60_266_IS30175";NA;"2023-09-28 04:17:00";74919,6
"880076";"27:3:2";"Exp60_266_IS30175";"Exp60_266_IS30175";NA;"2023-09-28 04:31:00";74919,2
"880077";"27:3:2";"Exp60_266_IS30175";"Exp60_266_IS30175";NA;"2023-09-28 04:47:00";74919,6
"880078";"27:3:2";"Exp60_266_IS30175";"Exp60_266_IS30175";NA;"2023-09-28 05:01:00";74919,3
"880079";"27:3:2";"Exp60_266_IS30175";"Exp60_266_IS30175";NA;"2023-09-28 05:17:00";74919,5
"880080";"27:3:2";"Exp60_266_IS30175";"Exp60_266_IS30175";NA;"2023-09-28 05:31:00";74919,3
"880081";"27:3:2";"Exp60_266_IS30175";"Exp60_266_IS30175";NA;"2023-09-28 05:47:00";74919,2
"880082";"27:3:2";"Exp60_266_IS30175";"Exp60_266_IS30175";NA;"2023-09-28 06:01:00";74918,7
"880083";"27:3:2";"Exp60_266_IS30175";"Exp60_266_IS30175";NA;"2023-09-28 06:17:00";74918,1
"880084";"27:3:2";"Exp60_266_IS30175";"Exp60_266_IS30175";NA;"2023-09-28 07:16:00";74900,8
"880085";"27:3:2";"Exp60_266_IS30175";"Exp60_266_IS30175";NA;"2023-09-28 07:32:00";74894,1
"880086";"27:3:2";"Exp60_266_IS30175";"Exp60_266_IS30175";NA;"2023-09-28 08:16:00";74864,3
"880087";"27:3:2";"Exp60_266_IS30175";"Exp60_266_IS30175";NA;"2023-09-28 08:47:00";74816,8
"880088";"27:3:2";"Exp60_266_IS30175";"Exp60_266_IS30175";NA;"2023-09-28 09:01:00";74812
"880089";"27:3:2";"Exp60_266_IS30175";"Exp60_266_IS30175";NA;"2023-09-28 16:16:00";74464,1
"880090";"27:3:2";"Exp60_266_IS30175";"Exp60_266_IS30175";NA;"2023-09-28 16:47:00";74459,9
"880091";"27:3:2";"Exp60_266_IS30175";"Exp60_266_IS30175";NA;"2023-09-28 17:01:00";74540,3
"880092";"27:3:2";"Exp60_266_IS30175";"Exp60_266_IS30175";NA;"2023-09-28 17:17:00";74540,7
"880093";"27:3:2";"Exp60_266_IS30175";"Exp60_266_IS30175";NA;"2023-09-28 17:31:00";74534,4
"880094";"27:3:2";"Exp60_266_IS30175";"Exp60_266_IS30175";NA;"2023-09-28 18:02:00";74530,1
"880095";"27:3:2";"Exp60_266_IS30175";"Exp60_266_IS30175";NA;"2023-09-28 18:16:00";74586,2
"880096";"27:3:2";"Exp60_266_IS30175";"Exp60_266_IS30175";NA;"2023-09-28 18:32:00";74652,6
"880097";"27:3:2";"Exp60_266_IS30175";"Exp60_266_IS30175";NA;"2023-09-28 18:46:00";74662,2
"880098";"27:3:2";"Exp60_266_IS30175";"Exp60_266_IS30175";NA;"2023-09-28 19:02:00";74652,7
"880099";"27:3:2";"Exp60_266_IS30175";"Exp60_266_IS30175";NA;"2023-09-28 19:16:00";74645,9
"880100";"27:3:2";"Exp60_266_IS30175";"Exp60_266_IS30175";NA;"2023-09-28 19:32:00";74639,2
"880101";"27:3:2";"Exp60_266_IS30175";"Exp60_266_IS30175";NA;"2023-09-28 19:46:00";74634,9
"880102";"27:3:2";"Exp60_266_IS30175";"Exp60_266_IS30175";NA;"2023-09-28 20:02:00";74631,4
"880103";"27:3:2";"Exp60_266_IS30175";"Exp60_266_IS30175";NA;"2023-09-28 20:16:00";74626,8
"880104";"27:3:2";"Exp60_266_IS30175";"Exp60_266_IS30175";NA;"2023-09-28 20:32:00";74623,4
"880105";"27:3:2";"Exp60_266_IS30175";"Exp60_266_IS30175";NA;"2023-09-28 20:46:00";74619,8
"880106";"27:3:2";"Exp60_266_IS30175";"Exp60_266_IS30175";NA;"2023-09-28 21:02:00";74615,7
"880107";"27:3:2";"Exp60_266_IS30175";"Exp60_266_IS30175";NA;"2023-09-28 21:16:00";74612,1
"880108";"27:3:2";"Exp60_266_IS30175";"Exp60_266_IS30175";NA;"2023-09-28 21:32:00";74608,5
"880109";"27:3:2";"Exp60_266_IS30175";"Exp60_266_IS30175";NA;"2023-09-28 21:46:00";74606,6
"880110";"27:3:2";"Exp60_266_IS30175";"Exp60_266_IS30175";NA;"2023-09-28 22:17:00";74600,6
"880111";"27:3:2";"Exp60_266_IS30175";"Exp60_266_IS30175";NA;"2023-09-28 22:31:00";74599,5
"880112";"27:3:2";"Exp60_266_IS30175";"Exp60_266_IS30175";NA;"2023-09-28 22:47:00";74597,2
"880113";"27:3:2";"Exp60_266_IS30175";"Exp60_266_IS30175";NA;"2023-09-28 23:01:00";74595
"880114";"27:3:2";"Exp60_266_IS30175";"Exp60_266_IS30175";NA;"2023-09-28 23:17:00";74593,1
"880115";"27:3:2";"Exp60_266_IS30175";"Exp60_266_IS30175";NA;"2023-09-28 23:31:00";74591,3
"880116";"27:3:2";"Exp60_266_IS30175";"Exp60_266_IS30175";NA;"2023-09-29 00:17:00";74586,2
"880117";"27:3:2";"Exp60_266_IS30175";"Exp60_266_IS30175";NA;"2023-09-29 00:31:00";74584,7
"880118";"27:3:2";"Exp60_266_IS30175";"Exp60_266_IS30175";NA;"2023-09-29 00:47:00";74582,1
"880119";"27:3:2";"Exp60_266_IS30175";"Exp60_266_IS30175";NA;"2023-09-29 01:01:00";74580,4
"880120";"27:3:2";"Exp60_266_IS30175";"Exp60_266_IS30175";NA;"2023-09-29 01:17:00";74580
"880121";"27:3:2";"Exp60_266_IS30175";"Exp60_266_IS30175";NA;"2023-09-29 01:31:00";74578,5
"880122";"27:3:2";"Exp60_266_IS30175";"Exp60_266_IS30175";NA;"2023-09-29 01:47:00";74577,7
"880123";"27:3:2";"Exp60_266_IS30175";"Exp60_266_IS30175";NA;"2023-09-29 02:01:00";74576,8
"880124";"27:3:2";"Exp60_266_IS30175";"Exp60_266_IS30175";NA;"2023-09-29 02:17:00";74574,6
"880125";"27:3:2";"Exp60_266_IS30175";"Exp60_266_IS30175";NA;"2023-09-29 02:31:00";74573,6
"880126";"27:3:2";"Exp60_266_IS30175";"Exp60_266_IS30175";NA;"2023-09-29 02:47:00";74572,2
"880127";"27:3:2";"Exp60_266_IS30175";"Exp60_266_IS30175";NA;"2023-09-29 03:01:00";74571,2
"880128";"27:3:2";"Exp60_266_IS30175";"Exp60_266_IS30175";NA;"2023-09-29 03:47:00";74567,5
"880129";"27:3:2";"Exp60_266_IS30175";"Exp60_266_IS30175";NA;"2023-09-29 04:01:00";74567,9
"880130";"27:3:2";"Exp60_266_IS30175";"Exp60_266_IS30175";NA;"2023-09-29 04:17:00";74567,9
"880131";"27:3:2";"Exp60_266_IS30175";"Exp60_266_IS30175";NA;"2023-09-29 04:31:00";74566,8
"880132";"27:3:2";"Exp60_266_IS30175";"Exp60_266_IS30175";NA;"2023-09-29 12:31:00";74293,1
"880133";"27:3:2";"Exp60_266_IS30175";"Exp60_266_IS30175";NA;"2023-09-29 18:46:00";74286,4
"880134";"27:3:2";"Exp60_266_IS30175";"Exp60_266_IS30175";NA;"2023-09-29 19:17:00";74281,3
"880135";"27:3:2";"Exp60_266_IS30175";"Exp60_266_IS30175";NA;"2023-09-29 19:31:00";74277,9
"880136";"27:3:2";"Exp60_266_IS30175";"Exp60_266_IS30175";NA;"2023-09-29 19:47:00";74270,5
"880137";"27:3:2";"Exp60_266_IS30175";"Exp60_266_IS30175";NA;"2023-09-29 20:01:00";74266,2
"880138";"27:3:2";"Exp60_266_IS30175";"Exp60_266_IS30175";NA;"2023-09-29 20:17:00";74260,7
"880139";"27:3:2";"Exp60_266_IS30175";"Exp60_266_IS30175";NA;"2023-09-29 20:31:00";74253,6
"880140";"27:3:2";"Exp60_266_IS30175";"Exp60_266_IS30175";NA;"2023-09-29 21:02:00";74243,3
"880141";"27:3:2";"Exp60_266_IS30175";"Exp60_266_IS30175";NA;"2023-09-29 21:16:00";74240,9
"880142";"27:3:2";"Exp60_266_IS30175";"Exp60_266_IS30175";NA;"2023-09-29 21:32:00";74236,6
"880143";"27:3:2";"Exp60_266_IS30175";"Exp60_266_IS30175";NA;"2023-09-29 21:46:00";74236,3
"880144";"27:3:2";"Exp60_266_IS30175";"Exp60_266_IS30175";NA;"2023-09-29 22:02:00";74231,9
"880145";"27:3:2";"Exp60_266_IS30175";"Exp60_266_IS30175";NA;"2023-09-29 22:16:00";74230,2
"880146";"27:3:2";"Exp60_266_IS30175";"Exp60_266_IS30175";NA;"2023-09-29 22:32:00";74228,7
"880147";"27:3:2";"Exp60_266_IS30175";"Exp60_266_IS30175";NA;"2023-09-29 22:46:00";74225,9
"880148";"27:3:2";"Exp60_266_IS30175";"Exp60_266_IS30175";NA;"2023-09-29 23:02:00";74223,7
"880149";"27:3:2";"Exp60_266_IS30175";"Exp60_266_IS30175";NA;"2023-09-29 23:16:00";74222,6
"880150";"27:3:2";"Exp60_266_IS30175";"Exp60_266_IS30175";NA;"2023-09-29 23:32:00";74220,8
"880151";"27:3:2";"Exp60_266_IS30175";"Exp60_266_IS30175";NA;"2023-09-29 23:46:00";74220
"880152";"27:3:2";"Exp60_266_IS30175";"Exp60_266_IS30175";NA;"2023-09-30 00:02:00";74216,5
"880153";"27:3:2";"Exp60_266_IS30175";"Exp60_266_IS30175";NA;"2023-09-30 00:16:00";74213,3
"880154";"27:3:2";"Exp60_266_IS30175";"Exp60_266_IS30175";NA;"2023-09-30 00:32:00";74205,2
"880155";"27:3:2";"Exp60_266_IS30175";"Exp60_266_IS30175";NA;"2023-09-30 00:46:00";74197,6
"880156";"27:3:2";"Exp60_266_IS30175";"Exp60_266_IS30175";NA;"2023-09-30 01:02:00";74193,3
"880157";"27:3:2";"Exp60_266_IS30175";"Exp60_266_IS30175";NA;"2023-09-30 01:16:00";74188,6
"880158";"27:3:2";"Exp60_266_IS30175";"Exp60_266_IS30175";NA;"2023-09-30 01:32:00";74188,8
"880159";"27:3:2";"Exp60_266_IS30175";"Exp60_266_IS30175";NA;"2023-09-30 01:46:00";74323,2
"880160";"27:3:2";"Exp60_266_IS30175";"Exp60_266_IS30175";NA;"2023-09-30 08:46:00";74280,9
"880161";"27:3:2";"Exp60_266_IS30175";"Exp60_266_IS30175";NA;"2023-09-30 09:02:00";74258
"880162";"27:3:2";"Exp60_266_IS30175";"Exp60_266_IS30175";NA;"2023-09-30 09:16:00";74254,3
"880163";"27:3:2";"Exp60_266_IS30175";"Exp60_266_IS30175";NA;"2023-09-30 09:32:00";74232,4
"880164";"27:3:2";"Exp60_266_IS30175";"Exp60_266_IS30175";NA;"2023-09-30 09:46:00";74207,1
"880165";"27:3:2";"Exp60_266_IS30175";"Exp60_266_IS30175";NA;"2023-09-30 10:02:00";74191,5
"880166";"27:3:2";"Exp60_266_IS30175";"Exp60_266_IS30175";NA;"2023-09-30 10:16:00";74187,5
"880167";"27:3:2";"Exp60_266_IS30175";"Exp60_266_IS30175";NA;"2023-09-30 10:32:00";74175,4
"880168";"27:3:2";"Exp60_266_IS30175";"Exp60_266_IS30175";NA;"2023-09-30 10:46:00";74142,4
"880169";"27:3:2";"Exp60_266_IS30175";"Exp60_266_IS30175";NA;"2023-09-30 11:02:00";74133,2
"880170";"27:3:2";"Exp60_266_IS30175";"Exp60_266_IS30175";NA;"2023-09-30 11:16:00";74126,1
"880171";"27:3:2";"Exp60_266_IS30175";"Exp60_266_IS30175";NA;"2023-09-30 11:32:00";74113,7
"880172";"27:3:2";"Exp60_266_IS30175";"Exp60_266_IS30175";NA;"2023-09-30 11:46:00";74092,3
"880173";"27:3:2";"Exp60_266_IS30175";"Exp60_266_IS30175";NA;"2023-09-30 19:01:00";74038,6
"880174";"27:3:2";"Exp60_266_IS30175";"Exp60_266_IS30175";NA;"2023-09-30 19:17:00";74035
"880175";"27:3:2";"Exp60_266_IS30175";"Exp60_266_IS30175";NA;"2023-09-30 19:31:00";74032,9
"880176";"27:3:2";"Exp60_266_IS30175";"Exp60_266_IS30175";NA;"2023-09-30 19:47:00";74031,3
"880177";"27:3:2";"Exp60_266_IS30175";"Exp60_266_IS30175";NA;"2023-09-30 20:01:00";74028,6
"880178";"27:3:2";"Exp60_266_IS30175";"Exp60_266_IS30175";NA;"2023-09-30 20:17:00";74027,5
"880179";"27:3:2";"Exp60_266_IS30175";"Exp60_266_IS30175";NA;"2023-09-30 20:31:00";74026,4
"880180";"27:3:2";"Exp60_266_IS30175";"Exp60_266_IS30175";NA;"2023-09-30 20:47:00";74025,7
"880181";"27:3:2";"Exp60_266_IS30175";"Exp60_266_IS30175";NA;"2023-09-30 21:01:00";74024,3
"880182";"27:3:2";"Exp60_266_IS30175";"Exp60_266_IS30175";NA;"2023-09-30 21:32:00";74018,4
"880183";"27:3:2";"Exp60_266_IS30175";"Exp60_266_IS30175";NA;"2023-09-30 21:46:00";74019,5
"880184";"27:3:2";"Exp60_266_IS30175";"Exp60_266_IS30175";NA;"2023-09-30 22:02:00";74014,4
"880185";"27:3:2";"Exp60_266_IS30175";"Exp60_266_IS30175";NA;"2023-09-30 22:16:00";74015,4
"880186";"27:3:2";"Exp60_266_IS30175";"Exp60_266_IS30175";NA;"2023-09-30 22:32:00";74010,3
"880187";"27:3:2";"Exp60_266_IS30175";"Exp60_266_IS30175";NA;"2023-09-30 22:46:00";74008,2
"880188";"27:3:2";"Exp60_266_IS30175";"Exp60_266_IS30175";NA;"2023-09-30 23:02:00";74007,6
"880189";"27:3:2";"Exp60_266_IS30175";"Exp60_266_IS30175";NA;"2023-09-30 23:16:00";74006,6
"880190";"27:3:2";"Exp60_266_IS30175";"Exp60_266_IS30175";NA;"2023-09-30 23:32:00";74004,5
"880191";"27:3:2";"Exp60_266_IS30175";"Exp60_266_IS30175";NA;"2023-09-30 23:46:00";74003,4
"880192";"27:3:2";"Exp60_266_IS30175";"Exp60_266_IS30175";NA;"2023-10-01 00:02:00";74002,1
"880193";"27:3:2";"Exp60_266_IS30175";"Exp60_266_IS30175";NA;"2023-10-01 00:16:00";74001,9
"880194";"27:3:2";"Exp60_266_IS30175";"Exp60_266_IS30175";NA;"2023-10-01 00:32:00";74001,5
"880195";"27:3:2";"Exp60_266_IS30175";"Exp60_266_IS30175";NA;"2023-10-01 01:16:00";73997,9
"880196";"27:3:2";"Exp60_266_IS30175";"Exp60_266_IS30175";NA;"2023-10-01 01:32:00";73999,2
"880197";"27:3:2";"Exp60_266_IS30175";"Exp60_266_IS30175";NA;"2023-10-01 01:46:00";73999,3
"880198";"27:3:2";"Exp60_266_IS30175";"Exp60_266_IS30175";NA;"2023-10-01 02:02:00";73997,8
"880199";"27:3:2";"Exp60_266_IS30175";"Exp60_266_IS30175";NA;"2023-10-01 02:16:00";73997,4
"880200";"27:3:2";"Exp60_266_IS30175";"Exp60_266_IS30175";NA;"2023-10-01 02:32:00";73996,6
"880201";"27:3:2";"Exp60_266_IS30175";"Exp60_266_IS30175";NA;"2023-10-01 02:46:00";73995,7
"880202";"27:3:2";"Exp60_266_IS30175";"Exp60_266_IS30175";NA;"2023-10-01 09:31:00";73906,2
"880203";"27:3:2";"Exp60_266_IS30175";"Exp60_266_IS30175";NA;"2023-10-01 09:47:00";73900,3
"880204";"27:3:2";"Exp60_266_IS30175";"Exp60_266_IS30175";NA;"2023-10-01 10:01:00";73884,1
"880205";"27:3:2";"Exp60_266_IS30175";"Exp60_266_IS30175";NA;"2023-10-01 10:17:00";73871,4
"880206";"27:3:2";"Exp60_266_IS30175";"Exp60_266_IS30175";NA;"2023-10-01 10:31:00";73861,9
"880207";"27:3:2";"Exp60_266_IS30175";"Exp60_266_IS30175";NA;"2023-10-01 10:47:00";73856,5
"880208";"27:3:2";"Exp60_266_IS30175";"Exp60_266_IS30175";NA;"2023-10-01 11:01:00";73856
"880209";"27:3:2";"Exp60_266_IS30175";"Exp60_266_IS30175";NA;"2023-10-01 17:46:00";73651,8
"880210";"27:3:2";"Exp60_266_IS30175";"Exp60_266_IS30175";NA;"2023-10-01 18:02:00";73649,3
"880211";"27:3:2";"Exp60_266_IS30175";"Exp60_266_IS30175";NA;"2023-10-01 18:16:00";73646,7
"880212";"27:3:2";"Exp60_266_IS30175";"Exp60_266_IS30175";NA;"2023-10-01 18:32:00";73644,8
"880213";"27:3:2";"Exp60_266_IS30175";"Exp60_266_IS30175";NA;"2023-10-01 18:46:00";73642,4
"880214";"27:3:2";"Exp60_266_IS30175";"Exp60_266_IS30175";NA;"2023-10-01 19:02:00";73638,8
"880215";"27:3:2";"Exp60_266_IS30175";"Exp60_266_IS30175";NA;"2023-10-01 19:16:00";73638,2
"880216";"27:3:2";"Exp60_266_IS30175";"Exp60_266_IS30175";NA;"2023-10-01 19:32:00";73634,3
"880217";"27:3:2";"Exp60_266_IS30175";"Exp60_266_IS30175";NA;"2023-10-01 19:46:00";73632,1
"880218";"27:3:2";"Exp60_266_IS30175";"Exp60_266_IS30175";NA;"2023-10-01 20:02:00";73631,6
"880219";"27:3:2";"Exp60_266_IS30175";"Exp60_266_IS30175";NA;"2023-10-01 20:16:00";73630,1
"880220";"27:3:2";"Exp60_266_IS30175";"Exp60_266_IS30175";NA;"2023-10-01 20:32:00";73627,4
"880221";"27:3:2";"Exp60_266_IS30175";"Exp60_266_IS30175";NA;"2023-10-01 20:46:00";73625,4
"880222";"27:3:2";"Exp60_266_IS30175";"Exp60_266_IS30175";NA;"2023-10-01 21:02:00";73629,9
"880223";"27:3:2";"Exp60_266_IS30175";"Exp60_266_IS30175";NA;"2023-10-01 21:16:00";73622,6
"880224";"27:3:2";"Exp60_266_IS30175";"Exp60_266_IS30175";NA;"2023-10-01 21:32:00";73616,4
"880225";"27:3:2";"Exp60_266_IS30175";"Exp60_266_IS30175";NA;"2023-10-01 21:46:00";73618,9
"880226";"27:3:2";"Exp60_266_IS30175";"Exp60_266_IS30175";NA;"2023-10-01 22:02:00";73616,5
"880227";"27:3:2";"Exp60_266_IS30175";"Exp60_266_IS30175";NA;"2023-10-01 22:16:00";73614,3
"880228";"27:3:2";"Exp60_266_IS30175";"Exp60_266_IS30175";NA;"2023-10-01 22:32:00";73613,7
"880229";"27:3:2";"Exp60_266_IS30175";"Exp60_266_IS30175";NA;"2023-10-01 22:46:00";73612,8
"880230";"27:3:2";"Exp60_266_IS30175";"Exp60_266_IS30175";NA;"2023-10-01 23:17:00";73611,5
"880231";"27:3:2";"Exp60_266_IS30175";"Exp60_266_IS30175";NA;"2023-10-01 23:31:00";73609,2
"880232";"27:3:2";"Exp60_266_IS30175";"Exp60_266_IS30175";NA;"2023-10-02 07:01:00";73575,1
"880233";"27:3:2";"Exp60_266_IS30175";"Exp60_266_IS30175";NA;"2023-10-02 07:17:00";73569,1
"880234";"27:3:2";"Exp60_266_IS30175";"Exp60_266_IS30175";NA;"2023-10-02 07:31:00";73563,2
"880235";"27:3:2";"Exp60_266_IS30175";"Exp60_266_IS30175";NA;"2023-10-02 07:47:00";73559,9
"880236";"27:3:2";"Exp60_266_IS30175";"Exp60_266_IS30175";NA;"2023-10-02 08:01:00";73550,2
"880237";"27:3:2";"Exp60_266_IS30175";"Exp60_266_IS30175";NA;"2023-10-02 08:17:00";73544,9
"880238";"27:3:2";"Exp60_266_IS30175";"Exp60_266_IS30175";NA;"2023-10-02 08:31:00";73539,9
"880239";"27:3:2";"Exp60_266_IS30175";"Exp60_266_IS30175";NA;"2023-10-02 08:47:00";73533,3
"880240";"27:3:2";"Exp60_266_IS30175";"Exp60_266_IS30175";NA;"2023-10-02 09:01:00";73528,6
"880241";"27:3:2";"Exp60_266_IS30175";"Exp60_266_IS30175";NA;"2023-10-02 09:17:00";73521,4
"880242";"27:3:2";"Exp60_266_IS30175";"Exp60_266_IS30175";NA;"2023-10-02 09:31:00";73511,1
"880243";"27:3:2";"Exp60_266_IS30175";"Exp60_266_IS30175";NA;"2023-10-02 09:47:00";73517,2
"880244";"27:3:2";"Exp60_266_IS30175";"Exp60_266_IS30175";NA;"2023-10-02 10:01:00";73502,8
"880245";"27:3:2";"Exp60_266_IS30175";"Exp60_266_IS30175";NA;"2023-10-02 10:32:00";73494,9
"880246";"27:3:2";"Exp60_266_IS30175";"Exp60_266_IS30175";NA;"2023-10-02 10:46:00";73494,4
"880247";"27:3:2";"Exp60_266_IS30175";"Exp60_266_IS30175";NA;"2023-10-02 11:17:00";73475,7
"880248";"27:3:2";"Exp60_266_IS30175";"Exp60_266_IS30175";NA;"2023-10-02 11:31:00";73474,2
"880249";"27:3:2";"Exp60_266_IS30175";"Exp60_266_IS30175";NA;"2023-10-02 11:47:00";73464,5
"880250";"27:3:2";"Exp60_266_IS30175";"Exp60_266_IS30175";NA;"2023-10-02 12:01:00";73451
"880251";"27:3:2";"Exp60_266_IS30175";"Exp60_266_IS30175";NA;"2023-10-02 12:17:00";73448,3
"880252";"27:3:2";"Exp60_266_IS30175";"Exp60_266_IS30175";NA;"2023-10-02 12:31:00";73440,1
"880253";"27:3:2";"Exp60_266_IS30175";"Exp60_266_IS30175";NA;"2023-10-02 12:47:00";73432,2
"880254";"27:3:2";"Exp60_266_IS30175";"Exp60_266_IS30175";NA;"2023-10-02 13:01:00";73422,9
"880255";"27:3:2";"Exp60_266_IS30175";"Exp60_266_IS30175";NA;"2023-10-02 13:17:00";73423,7
"880256";"27:3:2";"Exp60_266_IS30175";"Exp60_266_IS30175";NA;"2023-10-02 13:31:00";73408,5
"880257";"27:3:2";"Exp60_266_IS30175";"Exp60_266_IS30175";NA;"2023-10-02 13:47:00";73400,4
"880258";"27:3:2";"Exp60_266_IS30175";"Exp60_266_IS30175";NA;"2023-10-02 14:01:00";73387,6
"880259";"27:3:2";"Exp60_266_IS30175";"Exp60_266_IS30175";NA;"2023-10-02 14:17:00";73386,4
"880260";"27:3:2";"Exp60_266_IS30175";"Exp60_266_IS30175";NA;"2023-10-02 14:31:00";73378,8
"880261";"27:3:2";"Exp60_266_IS30175";"Exp60_266_IS30175";NA;"2023-10-02 14:47:00";73368,6
"880262";"27:3:2";"Exp60_266_IS30175";"Exp60_266_IS30175";NA;"2023-10-02 15:01:00";73366,2
"880263";"27:3:2";"Exp60_266_IS30175";"Exp60_266_IS30175";NA;"2023-10-02 15:32:00";73358,4
"880264";"27:3:2";"Exp60_266_IS30175";"Exp60_266_IS30175";NA;"2023-10-02 15:46:00";73353,4
"880265";"27:3:2";"Exp60_266_IS30175";"Exp60_266_IS30175";NA;"2023-10-02 16:02:00";73352,2
"880266";"27:3:2";"Exp60_266_IS30175";"Exp60_266_IS30175";NA;"2023-10-02 16:16:00";73345,5
"880267";"27:3:2";"Exp60_266_IS30175";"Exp60_266_IS30175";NA;"2023-10-02 23:01:00";73295,5
"880268";"27:3:2";"Exp60_266_IS30175";"Exp60_266_IS30175";NA;"2023-10-02 23:17:00";73294
"880269";"27:3:2";"Exp60_266_IS30175";"Exp60_266_IS30175";NA;"2023-10-02 23:31:00";73293,5
"880270";"27:3:2";"Exp60_266_IS30175";"Exp60_266_IS30175";NA;"2023-10-02 23:47:00";73292,7
"880271";"27:3:2";"Exp60_266_IS30175";"Exp60_266_IS30175";NA;"2023-10-03 00:01:00";73292
"880272";"27:3:2";"Exp60_266_IS30175";"Exp60_266_IS30175";NA;"2023-10-03 00:17:00";73291,3
"880273";"27:3:2";"Exp60_266_IS30175";"Exp60_266_IS30175";NA;"2023-10-03 00:31:00";73289,2
"880274";"27:3:2";"Exp60_266_IS30175";"Exp60_266_IS30175";NA;"2023-10-03 00:47:00";73287,1
"880275";"27:3:2";"Exp60_266_IS30175";"Exp60_266_IS30175";NA;"2023-10-03 01:01:00";73286,7
"880276";"27:3:2";"Exp60_266_IS30175";"Exp60_266_IS30175";NA;"2023-10-03 01:17:00";73285,3
"880277";"27:3:2";"Exp60_266_IS30175";"Exp60_266_IS30175";NA;"2023-10-03 01:31:00";73286
"880278";"27:3:2";"Exp60_266_IS30175";"Exp60_266_IS30175";NA;"2023-10-03 01:47:00";73284
"880279";"27:3:2";"Exp60_266_IS30175";"Exp60_266_IS30175";NA;"2023-10-03 02:01:00";73281,7
"880280";"27:3:2";"Exp60_266_IS30175";"Exp60_266_IS30175";NA;"2023-10-03 02:17:00";73280,8
"880281";"27:3:2";"Exp60_266_IS30175";"Exp60_266_IS30175";NA;"2023-10-03 02:31:00";73277,4
"880282";"27:3:2";"Exp60_266_IS30175";"Exp60_266_IS30175";NA;"2023-10-03 03:47:00";73271,1
"880283";"27:3:2";"Exp60_266_IS30175";"Exp60_266_IS30175";NA;"2023-10-03 04:01:00";73269,5
"880284";"27:3:2";"Exp60_266_IS30175";"Exp60_266_IS30175";NA;"2023-10-03 04:17:00";73267,8
"880285";"27:3:2";"Exp60_266_IS30175";"Exp60_266_IS30175";NA;"2023-10-03 04:31:00";73268,4
"880286";"27:3:2";"Exp60_266_IS30175";"Exp60_266_IS30175";NA;"2023-10-03 04:47:00";73266,2
"880287";"27:3:2";"Exp60_266_IS30175";"Exp60_266_IS30175";NA;"2023-10-03 05:01:00";73262,9
"880288";"27:3:2";"Exp60_266_IS30175";"Exp60_266_IS30175";NA;"2023-10-03 05:17:00";73260,7
"880289";"27:3:2";"Exp60_266_IS30175";"Exp60_266_IS30175";NA;"2023-10-03 06:01:00";73260
"880290";"27:3:2";"Exp60_266_IS30175";"Exp60_266_IS30175";NA;"2023-10-03 06:17:00";73257,7
"880291";"27:3:2";"Exp60_266_IS30175";"Exp60_266_IS30175";NA;"2023-10-03 06:31:00";73259,2
"880292";"27:3:2";"Exp60_266_IS30175";"Exp60_266_IS30175";NA;"2023-10-03 06:47:00";73255,1
"880293";"27:3:2";"Exp60_266_IS30175";"Exp60_266_IS30175";NA;"2023-10-03 07:01:00";73253,9
"880294";"27:3:2";"Exp60_266_IS30175";"Exp60_266_IS30175";NA;"2023-10-03 07:17:00";73250,7
"880295";"27:3:2";"Exp60_266_IS30175";"Exp60_266_IS30175";NA;"2023-10-03 07:31:00";73243,7
"880296";"27:3:2";"Exp60_266_IS30175";"Exp60_266_IS30175";NA;"2023-10-03 08:02:00";73233,7
"880297";"27:3:2";"Exp60_266_IS30175";"Exp60_266_IS30175";NA;"2023-10-03 08:16:00";73229,8
"880298";"27:3:2";"Exp60_266_IS30175";"Exp60_266_IS30175";NA;"2023-10-03 08:32:00";73220
"880299";"27:3:2";"Exp60_266_IS30175";"Exp60_266_IS30175";NA;"2023-10-03 08:46:00";73208,4
"880300";"27:3:2";"Exp60_266_IS30175";"Exp60_266_IS30175";NA;"2023-10-03 15:16:00";72905,1
"880301";"27:3:2";"Exp60_266_IS30175";"Exp60_266_IS30175";NA;"2023-10-03 21:16:00";72870,7
"880302";"27:3:2";"Exp60_266_IS30175";"Exp60_266_IS30175";NA;"2023-10-03 22:02:00";72865
"880303";"27:3:2";"Exp60_266_IS30175";"Exp60_266_IS30175";NA;"2023-10-03 22:16:00";72863,4
"880304";"27:3:2";"Exp60_266_IS30175";"Exp60_266_IS30175";NA;"2023-10-03 22:32:00";72861,8
"880305";"27:3:2";"Exp60_266_IS30175";"Exp60_266_IS30175";NA;"2023-10-03 22:46:00";72860,2
"880306";"27:3:2";"Exp60_266_IS30175";"Exp60_266_IS30175";NA;"2023-10-03 23:17:00";72858
"880307";"27:3:2";"Exp60_266_IS30175";"Exp60_266_IS30175";NA;"2023-10-03 23:31:00";72856,9
"880308";"27:3:2";"Exp60_266_IS30175";"Exp60_266_IS30175";NA;"2023-10-03 23:47:00";72855,9
"880309";"27:3:2";"Exp60_266_IS30175";"Exp60_266_IS30175";NA;"2023-10-04 00:16:00";72853,9
"880310";"27:3:2";"Exp60_266_IS30175";"Exp60_266_IS30175";NA;"2023-10-04 00:32:00";72852,4
"880311";"27:3:2";"Exp60_266_IS30175";"Exp60_266_IS30175";NA;"2023-10-04 00:46:00";72852,2
"880312";"27:3:2";"Exp60_266_IS30175";"Exp60_266_IS30175";NA;"2023-10-04 01:02:00";72851,2
"880313";"27:3:2";"Exp60_266_IS30175";"Exp60_266_IS30175";NA;"2023-10-04 01:16:00";72850,7
"880314";"27:3:2";"Exp60_266_IS30175";"Exp60_266_IS30175";NA;"2023-10-04 01:32:00";72849,2
"880315";"27:3:2";"Exp60_266_IS30175";"Exp60_266_IS30175";NA;"2023-10-04 01:46:00";72848,9
"880316";"27:3:2";"Exp60_266_IS30175";"Exp60_266_IS30175";NA;"2023-10-04 02:02:00";72847,4
"880317";"27:3:2";"Exp60_266_IS30175";"Exp60_266_IS30175";NA;"2023-10-04 02:16:00";72847
"880318";"27:3:2";"Exp60_266_IS30175";"Exp60_266_IS30175";NA;"2023-10-04 02:32:00";72845,8
"880319";"27:3:2";"Exp60_266_IS30175";"Exp60_266_IS30175";NA;"2023-10-04 02:46:00";72845,1
"880320";"27:3:2";"Exp60_266_IS30175";"Exp60_266_IS30175";NA;"2023-10-04 03:17:00";72843,6
"880321";"27:3:2";"Exp60_266_IS30175";"Exp60_266_IS30175";NA;"2023-10-04 03:31:00";72844
"880322";"27:3:2";"Exp60_266_IS30175";"Exp60_266_IS30175";NA;"2023-10-04 03:47:00";72844,4
"880323";"27:3:2";"Exp60_266_IS30175";"Exp60_266_IS30175";NA;"2023-10-04 04:01:00";72843,7
"880324";"27:3:2";"Exp60_266_IS30175";"Exp60_266_IS30175";NA;"2023-10-04 04:32:00";72842,8
"880325";"27:3:2";"Exp60_266_IS30175";"Exp60_266_IS30175";NA;"2023-10-04 04:46:00";72840,6
"880326";"27:3:2";"Exp60_266_IS30175";"Exp60_266_IS30175";NA;"2023-10-04 05:02:00";72841,1
"880327";"27:3:2";"Exp60_266_IS30175";"Exp60_266_IS30175";NA;"2023-10-04 05:16:00";72841
"880328";"27:3:2";"Exp60_266_IS30175";"Exp60_266_IS30175";NA;"2023-10-04 05:32:00";72840,8
"880329";"27:3:2";"Exp60_266_IS30175";"Exp60_266_IS30175";NA;"2023-10-04 05:46:00";72841,2
"880330";"27:3:2";"Exp60_266_IS30175";"Exp60_266_IS30175";NA;"2023-10-04 06:32:00";72839,2
"880331";"27:3:2";"Exp60_266_IS30175";"Exp60_266_IS30175";NA;"2023-10-04 06:46:00";72837,2
"880332";"27:3:2";"Exp60_266_IS30175";"Exp60_266_IS30175";NA;"2023-10-04 07:17:00";72831,2
"880333";"27:3:2";"Exp60_266_IS30175";"Exp60_266_IS30175";NA;"2023-10-04 07:31:00";72826,3
"880334";"27:3:2";"Exp60_266_IS30175";"Exp60_266_IS30175";NA;"2023-10-04 07:47:00";72819,5
"880335";"27:3:2";"Exp60_266_IS30175";"Exp60_266_IS30175";NA;"2023-10-04 08:01:00";72813,4
"880336";"27:3:2";"Exp60_266_IS30175";"Exp60_266_IS30175";NA;"2023-10-04 08:17:00";72804,8
"880337";"27:3:2";"Exp60_266_IS30175";"Exp60_266_IS30175";NA;"2023-10-04 08:31:00";72792,8
"880338";"27:3:2";"Exp60_266_IS30175";"Exp60_266_IS30175";NA;"2023-10-04 08:47:00";72787,6
"880339";"27:3:2";"Exp60_266_IS30175";"Exp60_266_IS30175";NA;"2023-10-04 09:01:00";72768,3
"880340";"27:3:2";"Exp60_266_IS30175";"Exp60_266_IS30175";NA;"2023-10-04 09:17:00";72764,7
"880341";"27:3:2";"Exp60_266_IS30175";"Exp60_266_IS30175";NA;"2023-10-04 09:31:00";72748,8
"880342";"27:3:2";"Exp60_266_IS30175";"Exp60_266_IS30175";NA;"2023-10-04 09:47:00";72739
"880343";"27:3:2";"Exp60_266_IS30175";"Exp60_266_IS30175";NA;"2023-10-04 10:01:00";72730,9
"880344";"27:3:2";"Exp60_266_IS30175";"Exp60_266_IS30175";NA;"2023-10-04 10:17:00";72733,6
"880345";"27:3:2";"Exp60_266_IS30175";"Exp60_266_IS30175";NA;"2023-10-04 10:31:00";72714,9
"880346";"27:3:2";"Exp60_266_IS30175";"Exp60_266_IS30175";NA;"2023-10-04 10:47:00";72699,1
"880347";"27:3:2";"Exp60_266_IS30175";"Exp60_266_IS30175";NA;"2023-10-04 11:01:00";72841
"880348";"27:3:2";"Exp60_266_IS30175";"Exp60_266_IS30175";NA;"2023-10-04 11:17:00";72808,4
"880349";"27:3:2";"Exp60_266_IS30175";"Exp60_266_IS30175";NA;"2023-10-04 11:31:00";72802,6
"880350";"27:3:2";"Exp60_266_IS30175";"Exp60_266_IS30175";NA;"2023-10-04 11:47:00";72790,2
"880351";"27:3:2";"Exp60_266_IS30175";"Exp60_266_IS30175";NA;"2023-10-04 12:01:00";72781,2
"880352";"27:3:2";"Exp60_266_IS30175";"Exp60_266_IS30175";NA;"2023-10-04 12:32:00";72747,9
"880353";"27:3:2";"Exp60_266_IS30175";"Exp60_266_IS30175";NA;"2023-10-04 12:46:00";72734,5
"880354";"27:3:2";"Exp60_266_IS30175";"Exp60_266_IS30175";NA;"2023-10-04 13:02:00";72714,3
"880355";"27:3:2";"Exp60_266_IS30175";"Exp60_266_IS30175";NA;"2023-10-04 13:16:00";72696,3
"880356";"27:3:2";"Exp60_266_IS30175";"Exp60_266_IS30175";NA;"2023-10-04 13:32:00";72690,3
"880357";"27:3:2";"Exp60_266_IS30175";"Exp60_266_IS30175";NA;"2023-10-04 13:46:00";72666,2
"880358";"27:3:2";"Exp60_266_IS30175";"Exp60_266_IS30175";NA;"2023-10-04 21:01:00";72483,8
"880359";"27:3:2";"Exp60_266_IS30175";"Exp60_266_IS30175";NA;"2023-10-05 03:31:00";72432,6
"880360";"27:3:2";"Exp60_266_IS30175";"Exp60_266_IS30175";NA;"2023-10-05 03:47:00";72430,5
"880361";"27:3:2";"Exp60_266_IS30175";"Exp60_266_IS30175";NA;"2023-10-05 04:01:00";72429,9
"880362";"27:3:2";"Exp60_266_IS30175";"Exp60_266_IS30175";NA;"2023-10-05 04:17:00";72428,2
"880363";"27:3:2";"Exp60_266_IS30175";"Exp60_266_IS30175";NA;"2023-10-05 04:31:00";72427,1
"880364";"27:3:2";"Exp60_266_IS30175";"Exp60_266_IS30175";NA;"2023-10-05 04:47:00";72424,2
"880365";"27:3:2";"Exp60_266_IS30175";"Exp60_266_IS30175";NA;"2023-10-05 05:01:00";72422,3
"880366";"27:3:2";"Exp60_266_IS30175";"Exp60_266_IS30175";NA;"2023-10-05 05:17:00";72419,1
"880367";"27:3:2";"Exp60_266_IS30175";"Exp60_266_IS30175";NA;"2023-10-05 05:31:00";72417,9
"880368";"27:3:2";"Exp60_266_IS30175";"Exp60_266_IS30175";NA;"2023-10-05 05:47:00";72416,3
"880369";"27:3:2";"Exp60_266_IS30175";"Exp60_266_IS30175";NA;"2023-10-05 06:01:00";72416,5
"880370";"27:3:2";"Exp60_266_IS30175";"Exp60_266_IS30175";NA;"2023-10-05 06:17:00";72415
"880371";"27:3:2";"Exp60_266_IS30175";"Exp60_266_IS30175";NA;"2023-10-05 06:31:00";72413,8
"880372";"27:3:2";"Exp60_266_IS30175";"Exp60_266_IS30175";NA;"2023-10-05 06:47:00";72412,5
"880373";"27:3:2";"Exp60_266_IS30175";"Exp60_266_IS30175";NA;"2023-10-05 07:01:00";72410
"880374";"27:3:2";"Exp60_266_IS30175";"Exp60_266_IS30175";NA;"2023-10-05 07:17:00";72407
"880375";"27:3:2";"Exp60_266_IS30175";"Exp60_266_IS30175";NA;"2023-10-05 07:31:00";72402,6
"880376";"27:3:2";"Exp60_266_IS30175";"Exp60_266_IS30175";NA;"2023-10-05 07:47:00";72396,5
"880377";"27:3:2";"Exp60_266_IS30175";"Exp60_266_IS30175";NA;"2023-10-05 08:01:00";72392,6
"880378";"27:3:2";"Exp60_266_IS30175";"Exp60_266_IS30175";NA;"2023-10-05 08:17:00";72385,5
"880379";"27:3:2";"Exp60_266_IS30175";"Exp60_266_IS30175";NA;"2023-10-05 08:31:00";72375,4
"880380";"27:3:2";"Exp60_266_IS30175";"Exp60_266_IS30175";NA;"2023-10-05 08:47:00";72366
"880381";"27:3:2";"Exp60_266_IS30175";"Exp60_266_IS30175";NA;"2023-10-05 09:01:00";72354
"880382";"27:3:2";"Exp60_266_IS30175";"Exp60_266_IS30175";NA;"2023-10-05 09:17:00";72345,3
"880383";"27:3:2";"Exp60_266_IS30175";"Exp60_266_IS30175";NA;"2023-10-05 09:31:00";72344,6
"880384";"27:3:2";"Exp60_266_IS30175";"Exp60_266_IS30175";NA;"2023-10-05 09:47:00";72328,5
"880385";"27:3:2";"Exp60_266_IS30175";"Exp60_266_IS30175";NA;"2023-10-05 10:01:00";72308
"880386";"27:3:2";"Exp60_266_IS30175";"Exp60_266_IS30175";NA;"2023-10-05 10:17:00";72315
"880387";"27:3:2";"Exp60_266_IS30175";"Exp60_266_IS30175";NA;"2023-10-05 10:31:00";72299,7
"880388";"27:3:2";"Exp60_266_IS30175";"Exp60_266_IS30175";NA;"2023-10-05 10:47:00";72284,1
"880389";"27:3:2";"Exp60_266_IS30175";"Exp60_266_IS30175";NA;"2023-10-05 11:01:00";72261,9
"880390";"27:3:2";"Exp60_266_IS30175";"Exp60_266_IS30175";NA;"2023-10-05 11:17:00";72327,3
"880391";"27:3:2";"Exp60_266_IS30175";"Exp60_266_IS30175";NA;"2023-10-05 11:31:00";72301,8
"880392";"27:3:2";"Exp60_266_IS30175";"Exp60_266_IS30175";NA;"2023-10-05 11:47:00";72295,6
"880393";"27:3:2";"Exp60_266_IS30175";"Exp60_266_IS30175";NA;"2023-10-05 12:01:00";72277,8
"880394";"27:3:2";"Exp60_266_IS30175";"Exp60_266_IS30175";NA;"2023-10-05 18:01:00";71970
"880395";"27:3:2";"Exp60_266_IS30175";"Exp60_266_IS30175";NA;"2023-10-05 18:17:00";71966,1
"880396";"27:3:2";"Exp60_266_IS30175";"Exp60_266_IS30175";NA;"2023-10-05 18:31:00";71962,3
"880397";"27:3:2";"Exp60_266_IS30175";"Exp60_266_IS30175";NA;"2023-10-06 00:31:00";71885,2
"880398";"27:3:2";"Exp60_266_IS30175";"Exp60_266_IS30175";NA;"2023-10-06 00:47:00";71883,6
"880399";"27:3:2";"Exp60_266_IS30175";"Exp60_266_IS30175";NA;"2023-10-06 01:01:00";71880,8
"880400";"27:3:2";"Exp60_266_IS30175";"Exp60_266_IS30175";NA;"2023-10-06 01:17:00";71877,2
"880401";"27:3:2";"Exp60_266_IS30175";"Exp60_266_IS30175";NA;"2023-10-06 01:31:00";71872,7
"880402";"27:3:2";"Exp60_266_IS30175";"Exp60_266_IS30175";NA;"2023-10-06 01:47:00";71867,3
"880403";"27:3:2";"Exp60_266_IS30175";"Exp60_266_IS30175";NA;"2023-10-06 02:01:00";71864
"880404";"27:3:2";"Exp60_266_IS30175";"Exp60_266_IS30175";NA;"2023-10-06 02:17:00";71860,7
"880405";"27:3:2";"Exp60_266_IS30175";"Exp60_266_IS30175";NA;"2023-10-06 02:31:00";71857,8
"880406";"27:3:2";"Exp60_266_IS30175";"Exp60_266_IS30175";NA;"2023-10-06 02:47:00";71854,2
"880407";"27:3:2";"Exp60_266_IS30175";"Exp60_266_IS30175";NA;"2023-10-06 03:16:00";71850,3
"880408";"27:3:2";"Exp60_266_IS30175";"Exp60_266_IS30175";NA;"2023-10-06 03:32:00";71848,6
"880409";"27:3:2";"Exp60_266_IS30175";"Exp60_266_IS30175";NA;"2023-10-06 03:46:00";71847,4
"880410";"27:3:2";"Exp60_266_IS30175";"Exp60_266_IS30175";NA;"2023-10-06 10:46:00";71671,9
"880411";"27:3:2";"Exp60_266_IS30175";"Exp60_266_IS30175";NA;"2023-10-06 11:02:00";71654,5
"880412";"27:3:2";"Exp60_266_IS30175";"Exp60_266_IS30175";NA;"2023-10-06 11:16:00";71643
"880413";"27:3:2";"Exp60_266_IS30175";"Exp60_266_IS30175";NA;"2023-10-06 11:47:00";71613,7
"880414";"27:3:2";"Exp60_266_IS30175";"Exp60_266_IS30175";NA;"2023-10-06 12:01:00";71598,5
"880415";"27:3:2";"Exp60_266_IS30175";"Exp60_266_IS30175";NA;"2023-10-06 20:01:00";72191
"880416";"27:3:2";"Exp60_266_IS30175";"Exp60_266_IS30175";NA;"2023-10-06 20:17:00";72185,1
"880417";"27:3:2";"Exp60_266_IS30175";"Exp60_266_IS30175";NA;"2023-10-06 20:31:00";72179,9
"880418";"27:3:2";"Exp60_266_IS30175";"Exp60_266_IS30175";NA;"2023-10-07 03:01:00";71993,2
"880419";"27:3:2";"Exp60_266_IS30175";"Exp60_266_IS30175";NA;"2023-10-07 03:17:00";71988,6
"880420";"27:3:2";"Exp60_266_IS30175";"Exp60_266_IS30175";NA;"2023-10-07 03:31:00";71985,4
"880421";"27:3:2";"Exp60_266_IS30175";"Exp60_266_IS30175";NA;"2023-10-07 03:47:00";71981,8
"880422";"27:3:2";"Exp60_266_IS30175";"Exp60_266_IS30175";NA;"2023-10-07 04:01:00";71977
"880423";"27:3:2";"Exp60_266_IS30175";"Exp60_266_IS30175";NA;"2023-10-07 11:01:00";71756,8
"880424";"27:3:2";"Exp60_266_IS30175";"Exp60_266_IS30175";NA;"2023-10-07 11:17:00";71739,3
"880425";"27:3:2";"Exp60_266_IS30175";"Exp60_266_IS30175";NA;"2023-10-07 11:31:00";71728,5
"880426";"27:3:2";"Exp60_266_IS30175";"Exp60_266_IS30175";NA;"2023-10-07 11:47:00";71707
"880427";"27:3:2";"Exp60_266_IS30175";"Exp60_266_IS30175";NA;"2023-10-07 12:01:00";71687,7
"880428";"27:3:2";"Exp60_266_IS30175";"Exp60_266_IS30175";NA;"2023-10-07 12:47:00";71627,7
"880429";"27:3:2";"Exp60_266_IS30175";"Exp60_266_IS30175";NA;"2023-10-07 13:01:00";71608,3
"880430";"27:3:2";"Exp60_266_IS30175";"Exp60_266_IS30175";NA;"2023-10-07 13:17:00";71590,6
"880431";"27:3:2";"Exp60_266_IS30175";"Exp60_266_IS30175";NA;"2023-10-07 13:31:00";71585,6
"880432";"27:3:2";"Exp60_266_IS30175";"Exp60_266_IS30175";NA;"2023-10-07 13:47:00";71546,9
"880433";"27:3:2";"Exp60_266_IS30175";"Exp60_266_IS30175";NA;"2023-10-07 14:01:00";71524,3
"880434";"27:3:2";"Exp60_266_IS30175";"Exp60_266_IS30175";NA;"2023-10-07 14:17:00";71505
"880435";"27:3:2";"Exp60_266_IS30175";"Exp60_266_IS30175";NA;"2023-10-07 14:31:00";71490,8
"880436";"27:3:2";"Exp60_266_IS30175";"Exp60_266_IS30175";NA;"2023-10-07 20:46:00";71346,3
"880437";"27:3:2";"Exp60_266_IS30175";"Exp60_266_IS30175";NA;"2023-10-07 21:02:00";71342,9
"880438";"27:3:2";"Exp60_266_IS30175";"Exp60_266_IS30175";NA;"2023-10-07 21:16:00";71340,2
"880439";"27:3:2";"Exp60_266_IS30175";"Exp60_266_IS30175";NA;"2023-10-07 21:32:00";71337,7
"880440";"27:3:2";"Exp60_266_IS30175";"Exp60_266_IS30175";NA;"2023-10-07 21:46:00";71337,1
"880441";"27:3:2";"Exp60_266_IS30175";"Exp60_266_IS30175";NA;"2023-10-07 22:02:00";71334
"880442";"27:3:2";"Exp60_266_IS30175";"Exp60_266_IS30175";NA;"2023-10-07 22:16:00";71330,8
"880443";"27:3:2";"Exp60_266_IS30175";"Exp60_266_IS30175";NA;"2023-10-07 22:32:00";71328
"880444";"27:3:2";"Exp60_266_IS30175";"Exp60_266_IS30175";NA;"2023-10-07 22:46:00";71326,3
"880445";"27:3:2";"Exp60_266_IS30175";"Exp60_266_IS30175";NA;"2023-10-07 23:02:00";71324,5
"880446";"27:3:2";"Exp60_266_IS30175";"Exp60_266_IS30175";NA;"2023-10-07 23:16:00";71321,8
"880447";"27:3:2";"Exp60_266_IS30175";"Exp60_266_IS30175";NA;"2023-10-07 23:32:00";71320,4
"880448";"27:3:2";"Exp60_266_IS30175";"Exp60_266_IS30175";NA;"2023-10-07 23:46:00";71317,7
"880449";"27:3:2";"Exp60_266_IS30175";"Exp60_266_IS30175";NA;"2023-10-08 00:02:00";71315,3
"880450";"27:3:2";"Exp60_266_IS30175";"Exp60_266_IS30175";NA;"2023-10-08 00:16:00";71312,6
"880451";"27:3:2";"Exp60_266_IS30175";"Exp60_266_IS30175";NA;"2023-10-08 00:32:00";71310,1
"880452";"27:3:2";"Exp60_266_IS30175";"Exp60_266_IS30175";NA;"2023-10-08 00:46:00";71309,2
"880453";"27:3:2";"Exp60_266_IS30175";"Exp60_266_IS30175";NA;"2023-10-08 01:02:00";71306,3
"880454";"27:3:2";"Exp60_266_IS30175";"Exp60_266_IS30175";NA;"2023-10-08 01:16:00";71304,5
"880455";"27:3:2";"Exp60_266_IS30175";"Exp60_266_IS30175";NA;"2023-10-08 01:32:00";71302,5
"880456";"27:3:2";"Exp60_266_IS30175";"Exp60_266_IS30175";NA;"2023-10-08 01:46:00";71299,1
"880457";"27:3:2";"Exp60_266_IS30175";"Exp60_266_IS30175";NA;"2023-10-08 02:02:00";71297
"880458";"27:3:2";"Exp60_266_IS30175";"Exp60_266_IS30175";NA;"2023-10-08 02:16:00";71294
"880459";"27:3:2";"Exp60_266_IS30175";"Exp60_266_IS30175";NA;"2023-10-08 02:32:00";71292,3
"880460";"27:3:2";"Exp60_266_IS30175";"Exp60_266_IS30175";NA;"2023-10-08 02:46:00";71292,8
"880461";"27:3:2";"Exp60_266_IS30175";"Exp60_266_IS30175";NA;"2023-10-08 03:02:00";71291,7
"880462";"27:3:2";"Exp60_266_IS30175";"Exp60_266_IS30175";NA;"2023-10-08 03:16:00";71289,4
"880463";"27:3:2";"Exp60_266_IS30175";"Exp60_266_IS30175";NA;"2023-10-08 03:32:00";71287,7
"880464";"27:3:2";"Exp60_266_IS30175";"Exp60_266_IS30175";NA;"2023-10-08 03:46:00";71286,6
"880465";"27:3:2";"Exp60_266_IS30175";"Exp60_266_IS30175";NA;"2023-10-08 04:02:00";71285,7
"880466";"27:3:2";"Exp60_266_IS30175";"Exp60_266_IS30175";NA;"2023-10-08 04:16:00";71284,5
"880467";"27:3:2";"Exp60_266_IS30175";"Exp60_266_IS30175";NA;"2023-10-08 04:32:00";71283,1
"880468";"27:3:2";"Exp60_266_IS30175";"Exp60_266_IS30175";NA;"2023-10-08 04:46:00";71282,8
"880469";"27:3:2";"Exp60_266_IS30175";"Exp60_266_IS30175";NA;"2023-10-08 05:02:00";71282,4
"880470";"27:3:2";"Exp60_266_IS30175";"Exp60_266_IS30175";NA;"2023-10-08 05:16:00";71283,3
"880471";"27:3:2";"Exp60_266_IS30175";"Exp60_266_IS30175";NA;"2023-10-08 05:32:00";71281,6
"880472";"27:3:2";"Exp60_266_IS30175";"Exp60_266_IS30175";NA;"2023-10-08 05:46:00";71280,2
"880473";"27:3:2";"Exp60_266_IS30175";"Exp60_266_IS30175";NA;"2023-10-08 06:02:00";71277,9
"880474";"27:3:2";"Exp60_266_IS30175";"Exp60_266_IS30175";NA;"2023-10-08 06:16:00";71276,8
"880475";"27:3:2";"Exp60_266_IS30175";"Exp60_266_IS30175";NA;"2023-10-08 06:32:00";71274,5
"880476";"27:3:2";"Exp60_266_IS30175";"Exp60_266_IS30175";NA;"2023-10-08 06:46:00";71271,9
"880477";"27:3:2";"Exp60_266_IS30175";"Exp60_266_IS30175";NA;"2023-10-08 07:02:00";71267
"880478";"27:3:2";"Exp60_266_IS30175";"Exp60_266_IS30175";NA;"2023-10-08 07:16:00";71262,6
"880479";"27:3:2";"Exp60_266_IS30175";"Exp60_266_IS30175";NA;"2023-10-08 07:32:00";71257,2
"880480";"27:3:2";"Exp60_266_IS30175";"Exp60_266_IS30175";NA;"2023-10-08 07:46:00";71250,9
"880481";"27:3:2";"Exp60_266_IS30175";"Exp60_266_IS30175";NA;"2023-10-08 08:02:00";71244
"880482";"27:3:2";"Exp60_266_IS30175";"Exp60_266_IS30175";NA;"2023-10-08 08:16:00";71236,3
"880483";"27:3:2";"Exp60_266_IS30175";"Exp60_266_IS30175";NA;"2023-10-08 08:32:00";71227,5
"880484";"27:3:2";"Exp60_266_IS30175";"Exp60_266_IS30175";NA;"2023-10-08 08:46:00";71217,9
"880485";"27:3:2";"Exp60_266_IS30175";"Exp60_266_IS30175";NA;"2023-10-08 09:02:00";71206,6
"880486";"27:3:2";"Exp60_266_IS30175";"Exp60_266_IS30175";NA;"2023-10-08 09:16:00";71196,5
"880487";"27:3:2";"Exp60_266_IS30175";"Exp60_266_IS30175";NA;"2023-10-08 09:32:00";71183,6
"880488";"27:3:2";"Exp60_266_IS30175";"Exp60_266_IS30175";NA;"2023-10-08 09:46:00";71172,6
"880489";"27:3:2";"Exp60_266_IS30175";"Exp60_266_IS30175";NA;"2023-10-08 10:32:00";71140,5
"880490";"27:3:2";"Exp60_266_IS30175";"Exp60_266_IS30175";NA;"2023-10-08 10:46:00";71117,3
"880491";"27:3:2";"Exp60_266_IS30175";"Exp60_266_IS30175";NA;"2023-10-08 11:17:00";71087,2
"880492";"27:3:2";"Exp60_266_IS30175";"Exp60_266_IS30175";NA;"2023-10-08 11:31:00";71063,6
"880493";"27:3:2";"Exp60_266_IS30175";"Exp60_266_IS30175";NA;"2023-10-08 12:02:00";71031
"880494";"27:3:2";"Exp60_266_IS30175";"Exp60_266_IS30175";NA;"2023-10-08 12:16:00";71015,9
"880495";"27:3:2";"Exp60_266_IS30175";"Exp60_266_IS30175";NA;"2023-10-08 12:32:00";70989,4
"880496";"27:3:2";"Exp60_266_IS30175";"Exp60_266_IS30175";NA;"2023-10-08 12:46:00";70976,3
"880497";"27:3:2";"Exp60_266_IS30175";"Exp60_266_IS30175";NA;"2023-10-08 13:02:00";70958,1
"880498";"27:3:2";"Exp60_266_IS30175";"Exp60_266_IS30175";NA;"2023-10-08 13:16:00";70936,4
"880499";"27:3:2";"Exp60_266_IS30175";"Exp60_266_IS30175";NA;"2023-10-08 13:47:00";70892,5
"880500";"27:3:2";"Exp60_266_IS30175";"Exp60_266_IS30175";NA;"2023-10-08 14:01:00";70877,2
"880501";"27:3:2";"Exp60_266_IS30175";"Exp60_266_IS30175";NA;"2023-10-08 14:17:00";70855,9
"880502";"27:3:2";"Exp60_266_IS30175";"Exp60_266_IS30175";NA;"2023-10-08 14:31:00";70836,4
"880503";"27:3:2";"Exp60_266_IS30175";"Exp60_266_IS30175";NA;"2023-10-08 14:47:00";70828,4
"880504";"27:3:2";"Exp60_266_IS30175";"Exp60_266_IS30175";NA;"2023-10-08 15:01:00";70807,8
"880505";"27:3:2";"Exp60_266_IS30175";"Exp60_266_IS30175";NA;"2023-10-08 22:46:00";70636,6
"880506";"27:3:2";"Exp60_266_IS30175";"Exp60_266_IS30175";NA;"2023-10-08 23:02:00";70634,7
"880507";"27:3:2";"Exp60_266_IS30175";"Exp60_266_IS30175";NA;"2023-10-08 23:16:00";70632,2
"880508";"27:3:2";"Exp60_266_IS30175";"Exp60_266_IS30175";NA;"2023-10-08 23:32:00";70630,7
"880509";"27:3:2";"Exp60_266_IS30175";"Exp60_266_IS30175";NA;"2023-10-08 23:46:00";70628,9
"880510";"27:3:2";"Exp60_266_IS30175";"Exp60_266_IS30175";NA;"2023-10-09 00:02:00";70627,7
"880511";"27:3:2";"Exp60_266_IS30175";"Exp60_266_IS30175";NA;"2023-10-09 00:16:00";70625,3
"880512";"27:3:2";"Exp60_266_IS30175";"Exp60_266_IS30175";NA;"2023-10-09 00:32:00";70622,2
"880513";"27:3:2";"Exp60_266_IS30175";"Exp60_266_IS30175";NA;"2023-10-09 00:46:00";70619,4
"880514";"27:3:2";"Exp60_266_IS30175";"Exp60_266_IS30175";NA;"2023-10-09 01:02:00";70616,1
"880515";"27:3:2";"Exp60_266_IS30175";"Exp60_266_IS30175";NA;"2023-10-09 01:16:00";70614,6
"880516";"27:3:2";"Exp60_266_IS30175";"Exp60_266_IS30175";NA;"2023-10-09 01:32:00";70612
"880517";"27:3:2";"Exp60_266_IS30175";"Exp60_266_IS30175";NA;"2023-10-09 01:46:00";70610,9
"880518";"27:3:2";"Exp60_266_IS30175";"Exp60_266_IS30175";NA;"2023-10-09 02:02:00";70610,4
"880519";"27:3:2";"Exp60_266_IS30175";"Exp60_266_IS30175";NA;"2023-10-09 02:16:00";70610
"880520";"27:3:2";"Exp60_266_IS30175";"Exp60_266_IS30175";NA;"2023-10-09 02:32:00";70609,2
"880521";"27:3:2";"Exp60_266_IS30175";"Exp60_266_IS30175";NA;"2023-10-09 02:46:00";70607,3
"880522";"27:3:2";"Exp60_266_IS30175";"Exp60_266_IS30175";NA;"2023-10-09 03:02:00";70605,2
"880523";"27:3:2";"Exp60_266_IS30175";"Exp60_266_IS30175";NA;"2023-10-09 03:16:00";70604,6
"880524";"27:3:2";"Exp60_266_IS30175";"Exp60_266_IS30175";NA;"2023-10-09 03:32:00";70601,8
"880525";"27:3:2";"Exp60_266_IS30175";"Exp60_266_IS30175";NA;"2023-10-09 03:46:00";70601,4
"880526";"27:3:2";"Exp60_266_IS30175";"Exp60_266_IS30175";NA;"2023-10-09 04:17:00";70598,1
"880527";"27:3:2";"Exp60_266_IS30175";"Exp60_266_IS30175";NA;"2023-10-09 04:31:00";70598,3
"880528";"27:3:2";"Exp60_266_IS30175";"Exp60_266_IS30175";NA;"2023-10-09 04:47:00";70596
"880529";"27:3:2";"Exp60_266_IS30175";"Exp60_266_IS30175";NA;"2023-10-09 05:01:00";70593,5
"880530";"27:3:2";"Exp60_266_IS30175";"Exp60_266_IS30175";NA;"2023-10-09 05:17:00";70593
"880531";"27:3:2";"Exp60_266_IS30175";"Exp60_266_IS30175";NA;"2023-10-09 05:31:00";70591,4
"880532";"27:3:2";"Exp60_266_IS30175";"Exp60_266_IS30175";NA;"2023-10-09 05:47:00";70591,1
"880533";"27:3:2";"Exp60_266_IS30175";"Exp60_266_IS30175";NA;"2023-10-09 06:01:00";70591,5
"880534";"27:3:2";"Exp60_266_IS30175";"Exp60_266_IS30175";NA;"2023-10-09 06:17:00";70590,8
"880535";"27:3:2";"Exp60_266_IS30175";"Exp60_266_IS30175";NA;"2023-10-09 06:31:00";70589,5
"880536";"27:3:2";"Exp60_266_IS30175";"Exp60_266_IS30175";NA;"2023-10-09 06:47:00";70587,4
"880537";"27:3:2";"Exp60_266_IS30175";"Exp60_266_IS30175";NA;"2023-10-09 07:01:00";70585
"880538";"27:3:2";"Exp60_266_IS30175";"Exp60_266_IS30175";NA;"2023-10-09 07:17:00";70580,7
"880539";"27:3:2";"Exp60_266_IS30175";"Exp60_266_IS30175";NA;"2023-10-09 07:31:00";70577
"880540";"27:3:2";"Exp60_266_IS30175";"Exp60_266_IS30175";NA;"2023-10-09 07:47:00";70570,4
"880541";"27:3:2";"Exp60_266_IS30175";"Exp60_266_IS30175";NA;"2023-10-09 08:01:00";70564,6
"880542";"27:3:2";"Exp60_266_IS30175";"Exp60_266_IS30175";NA;"2023-10-09 08:17:00";70557
"880543";"27:3:2";"Exp60_266_IS30175";"Exp60_266_IS30175";NA;"2023-10-09 08:31:00";70548,4
"880544";"27:3:2";"Exp60_266_IS30175";"Exp60_266_IS30175";NA;"2023-10-09 08:47:00";70541,1
"880545";"27:3:2";"Exp60_266_IS30175";"Exp60_266_IS30175";NA;"2023-10-09 09:01:00";70533,8
"880546";"27:3:2";"Exp60_266_IS30175";"Exp60_266_IS30175";NA;"2023-10-09 09:17:00";70523,1
"880547";"27:3:2";"Exp60_266_IS30175";"Exp60_266_IS30175";NA;"2023-10-09 09:31:00";70514
"880548";"27:3:2";"Exp60_266_IS30175";"Exp60_266_IS30175";NA;"2023-10-09 10:32:00";70487,6
"880549";"27:3:2";"Exp60_266_IS30175";"Exp60_266_IS30175";NA;"2023-10-09 10:46:00";70455,7
"880550";"27:3:2";"Exp60_266_IS30175";"Exp60_266_IS30175";NA;"2023-10-09 11:02:00";70443,5
"880551";"27:3:2";"Exp60_266_IS30175";"Exp60_266_IS30175";NA;"2023-10-09 11:16:00";70419
"880552";"27:3:2";"Exp60_266_IS30175";"Exp60_266_IS30175";NA;"2023-10-09 11:47:00";70380,4
"880553";"27:3:2";"Exp60_266_IS30175";"Exp60_266_IS30175";NA;"2023-10-09 12:01:00";70380,3
"880554";"27:3:2";"Exp60_266_IS30175";"Exp60_266_IS30175";NA;"2023-10-09 12:17:00";70350,8
"880555";"27:3:2";"Exp60_266_IS30175";"Exp60_266_IS30175";NA;"2023-10-09 12:31:00";70334
"880556";"27:3:2";"Exp60_266_IS30175";"Exp60_266_IS30175";NA;"2023-10-09 12:47:00";70318,1
"880557";"27:3:2";"Exp60_266_IS30175";"Exp60_266_IS30175";NA;"2023-10-09 13:01:00";70297,6
"880558";"27:3:2";"Exp60_266_IS30175";"Exp60_266_IS30175";NA;"2023-10-09 13:32:00";70258,3
"880559";"27:3:2";"Exp60_266_IS30175";"Exp60_266_IS30175";NA;"2023-10-09 13:46:00";70249,6
"880560";"27:3:2";"Exp60_266_IS30175";"Exp60_266_IS30175";NA;"2023-10-09 14:02:00";70228,6
"880561";"27:3:2";"Exp60_266_IS30175";"Exp60_266_IS30175";NA;"2023-10-09 14:16:00";70226,6
"880562";"27:3:2";"Exp60_266_IS30175";"Exp60_266_IS30175";NA;"2023-10-09 20:16:00";70070,3
"880563";"27:3:2";"Exp60_266_IS30175";"Exp60_266_IS30175";NA;"2023-10-09 20:32:00";70065,8
"880564";"27:3:2";"Exp60_266_IS30175";"Exp60_266_IS30175";NA;"2023-10-09 20:46:00";70062,8
"880565";"27:3:2";"Exp60_266_IS30175";"Exp60_266_IS30175";NA;"2023-10-09 21:02:00";70059
"880566";"27:3:2";"Exp60_266_IS30175";"Exp60_266_IS30175";NA;"2023-10-09 21:16:00";70057,3
"880567";"27:3:2";"Exp60_266_IS30175";"Exp60_266_IS30175";NA;"2023-10-09 21:32:00";70056,2
"880568";"27:3:2";"Exp60_266_IS30175";"Exp60_266_IS30175";NA;"2023-10-09 21:46:00";70054,4
"880569";"27:3:2";"Exp60_266_IS30175";"Exp60_266_IS30175";NA;"2023-10-09 22:32:00";70047
"880570";"27:3:2";"Exp60_266_IS30175";"Exp60_266_IS30175";NA;"2023-10-09 22:46:00";70045,4
"880571";"27:3:2";"Exp60_266_IS30175";"Exp60_266_IS30175";NA;"2023-10-09 23:17:00";70039
"880572";"27:3:2";"Exp60_266_IS30175";"Exp60_266_IS30175";NA;"2023-10-09 23:31:00";70035,7
"880573";"27:3:2";"Exp60_266_IS30175";"Exp60_266_IS30175";NA;"2023-10-09 23:47:00";70032,6
"880574";"27:3:2";"Exp60_266_IS30175";"Exp60_266_IS30175";NA;"2023-10-10 00:16:00";70026,1
"880575";"27:3:2";"Exp60_266_IS30175";"Exp60_266_IS30175";NA;"2023-10-10 00:47:00";70024,2
"880576";"27:3:2";"Exp60_266_IS30175";"Exp60_266_IS30175";NA;"2023-10-10 01:01:00";70023,7
"880577";"27:3:2";"Exp60_266_IS30175";"Exp60_266_IS30175";NA;"2023-10-10 01:17:00";70021,8
"880578";"27:3:2";"Exp60_266_IS30175";"Exp60_266_IS30175";NA;"2023-10-10 01:31:00";70020,6
"880579";"27:3:2";"Exp60_266_IS30175";"Exp60_266_IS30175";NA;"2023-10-10 01:47:00";70018,2
"880580";"27:3:2";"Exp60_266_IS30175";"Exp60_266_IS30175";NA;"2023-10-10 02:01:00";70016,4
"880581";"27:3:2";"Exp60_266_IS30175";"Exp60_266_IS30175";NA;"2023-10-10 02:17:00";70015,4
"880582";"27:3:2";"Exp60_266_IS30175";"Exp60_266_IS30175";NA;"2023-10-10 02:31:00";70014,6
"880583";"27:3:2";"Exp60_266_IS30175";"Exp60_266_IS30175";NA;"2023-10-10 02:47:00";70013,6
"880584";"27:3:2";"Exp60_266_IS30175";"Exp60_266_IS30175";NA;"2023-10-10 03:01:00";70012,9
"880585";"27:3:2";"Exp60_266_IS30175";"Exp60_266_IS30175";NA;"2023-10-10 03:17:00";70010,9
"880586";"27:3:2";"Exp60_266_IS30175";"Exp60_266_IS30175";NA;"2023-10-10 03:31:00";70010
"880587";"27:3:2";"Exp60_266_IS30175";"Exp60_266_IS30175";NA;"2023-10-10 03:47:00";70008,1
"880588";"27:3:2";"Exp60_266_IS30175";"Exp60_266_IS30175";NA;"2023-10-10 04:01:00";70006,5
"880589";"27:3:2";"Exp60_266_IS30175";"Exp60_266_IS30175";NA;"2023-10-10 04:17:00";70004,5
"880590";"27:3:2";"Exp60_266_IS30175";"Exp60_266_IS30175";NA;"2023-10-10 04:31:00";70003
"880591";"27:3:2";"Exp60_266_IS30175";"Exp60_266_IS30175";NA;"2023-10-10 04:47:00";70000,5
"880592";"27:3:2";"Exp60_266_IS30175";"Exp60_266_IS30175";NA;"2023-10-10 05:01:00";69999,2
"880593";"27:3:2";"Exp60_266_IS30175";"Exp60_266_IS30175";NA;"2023-10-10 05:17:00";69997,8
"880594";"27:3:2";"Exp60_266_IS30175";"Exp60_266_IS30175";NA;"2023-10-10 05:31:00";69996,3
"880595";"27:3:2";"Exp60_266_IS30175";"Exp60_266_IS30175";NA;"2023-10-10 05:47:00";69995
"880596";"27:3:2";"Exp60_266_IS30175";"Exp60_266_IS30175";NA;"2023-10-10 06:01:00";69994,7
"880597";"27:3:2";"Exp60_266_IS30175";"Exp60_266_IS30175";NA;"2023-10-10 06:17:00";69992,9
"880598";"27:3:2";"Exp60_266_IS30175";"Exp60_266_IS30175";NA;"2023-10-10 06:46:00";69989,5
"880599";"27:3:2";"Exp60_266_IS30175";"Exp60_266_IS30175";NA;"2023-10-10 07:17:00";69986,2
"880600";"27:3:2";"Exp60_266_IS30175";"Exp60_266_IS30175";NA;"2023-10-10 07:31:00";69983,2
"880601";"27:3:2";"Exp60_266_IS30175";"Exp60_266_IS30175";NA;"2023-10-10 08:02:00";69975,2
"880602";"27:3:2";"Exp60_266_IS30175";"Exp60_266_IS30175";NA;"2023-10-10 08:16:00";69970,3
"880603";"27:3:2";"Exp60_266_IS30175";"Exp60_266_IS30175";NA;"2023-10-10 08:32:00";69961,7
"880604";"27:3:2";"Exp60_266_IS30175";"Exp60_266_IS30175";NA;"2023-10-10 08:46:00";69955,8
"880605";"27:3:2";"Exp60_266_IS30175";"Exp60_266_IS30175";NA;"2023-10-10 09:02:00";69947,5
"880606";"27:3:2";"Exp60_266_IS30175";"Exp60_266_IS30175";NA;"2023-10-10 09:16:00";69939,8
"880607";"27:3:2";"Exp60_266_IS30175";"Exp60_266_IS30175";NA;"2023-10-10 09:32:00";69931,1
"880608";"27:3:2";"Exp60_266_IS30175";"Exp60_266_IS30175";NA;"2023-10-10 09:46:00";69922,7
"880609";"27:3:2";"Exp60_266_IS30175";"Exp60_266_IS30175";NA;"2023-10-10 10:02:00";69912,3
"880610";"27:3:2";"Exp60_266_IS30175";"Exp60_266_IS30175";NA;"2023-10-10 10:16:00";69897,6
"880611";"27:3:2";"Exp60_266_IS30175";"Exp60_266_IS30175";NA;"2023-10-10 10:32:00";69897,6
"880612";"27:3:2";"Exp60_266_IS30175";"Exp60_266_IS30175";NA;"2023-10-10 10:46:00";69877,3
"880613";"27:3:2";"Exp60_266_IS30175";"Exp60_266_IS30175";NA;"2023-10-10 11:02:00";69851,5
"880614";"27:3:2";"Exp60_266_IS30175";"Exp60_266_IS30175";NA;"2023-10-10 11:16:00";69839,4
"880615";"27:3:2";"Exp60_266_IS30175";"Exp60_266_IS30175";NA;"2023-10-10 15:46:00";69607
"880616";"27:3:2";"Exp60_266_IS30175";"Exp60_266_IS30175";NA;"2023-10-10 18:01:00";71975,2
"880617";"27:3:2";"Exp60_266_IS30175";"Exp60_266_IS30175";NA;"2023-10-10 18:17:00";71968,5
"880618";"27:3:2";"Exp60_266_IS30175";"Exp60_266_IS30175";NA;"2023-10-10 18:31:00";71964,8
"880619";"27:3:2";"Exp60_266_IS30175";"Exp60_266_IS30175";NA;"2023-10-10 18:47:00";71958,3
"880620";"27:3:2";"Exp60_266_IS30175";"Exp60_266_IS30175";NA;"2023-10-10 19:01:00";71953,5
"880621";"27:3:2";"Exp60_266_IS30175";"Exp60_266_IS30175";NA;"2023-10-10 19:17:00";71949,3
"880622";"27:3:2";"Exp60_266_IS30175";"Exp60_266_IS30175";NA;"2023-10-10 19:31:00";71945,6
"880623";"27:3:2";"Exp60_266_IS30175";"Exp60_266_IS30175";NA;"2023-10-10 19:47:00";71941
"880624";"27:3:2";"Exp60_266_IS30175";"Exp60_266_IS30175";NA;"2023-10-10 20:01:00";71937,2
"880625";"27:3:2";"Exp60_266_IS30175";"Exp60_266_IS30175";NA;"2023-10-10 20:17:00";71932,1
"880626";"27:3:2";"Exp60_266_IS30175";"Exp60_266_IS30175";NA;"2023-10-10 20:31:00";71928,8
"880627";"27:3:2";"Exp60_266_IS30175";"Exp60_266_IS30175";NA;"2023-10-10 20:47:00";71925,8
"880628";"27:3:2";"Exp60_266_IS30175";"Exp60_266_IS30175";NA;"2023-10-10 21:01:00";71921,9
"880629";"27:3:2";"Exp60_266_IS30175";"Exp60_266_IS30175";NA;"2023-10-10 21:17:00";71918,8
"880630";"27:3:2";"Exp60_266_IS30175";"Exp60_266_IS30175";NA;"2023-10-10 21:31:00";71916,1
"880631";"27:3:2";"Exp60_266_IS30175";"Exp60_266_IS30175";NA;"2023-10-10 21:47:00";71912,8
"880632";"27:3:2";"Exp60_266_IS30175";"Exp60_266_IS30175";NA;"2023-10-10 22:01:00";71910,8
"880633";"27:3:2";"Exp60_266_IS30175";"Exp60_266_IS30175";NA;"2023-10-10 22:32:00";71904,6
"880634";"27:3:2";"Exp60_266_IS30175";"Exp60_266_IS30175";NA;"2023-10-10 22:46:00";71902
"880635";"27:3:2";"Exp60_266_IS30175";"Exp60_266_IS30175";NA;"2023-10-10 23:02:00";71897,7
"880636";"27:3:2";"Exp60_266_IS30175";"Exp60_266_IS30175";NA;"2023-10-10 23:16:00";71896
"880637";"27:3:2";"Exp60_266_IS30175";"Exp60_266_IS30175";NA;"2023-10-10 23:32:00";71892,2
"880638";"27:3:2";"Exp60_266_IS30175";"Exp60_266_IS30175";NA;"2023-10-10 23:46:00";71888,8
"880639";"27:3:2";"Exp60_266_IS30175";"Exp60_266_IS30175";NA;"2023-10-11 00:02:00";71886,6
"880640";"27:3:2";"Exp60_266_IS30175";"Exp60_266_IS30175";NA;"2023-10-11 00:16:00";71883,4
"880641";"27:3:2";"Exp60_266_IS30175";"Exp60_266_IS30175";NA;"2023-10-11 00:32:00";71881,2
"880642";"27:3:2";"Exp60_266_IS30175";"Exp60_266_IS30175";NA;"2023-10-11 00:46:00";71879
"880643";"27:3:2";"Exp60_266_IS30175";"Exp60_266_IS30175";NA;"2023-10-11 06:31:00";71841
"880644";"27:3:2";"Exp60_266_IS30175";"Exp60_266_IS30175";NA;"2023-10-11 07:17:00";71833,9
"880645";"27:3:2";"Exp60_266_IS30175";"Exp60_266_IS30175";NA;"2023-10-11 07:31:00";71829,7
"880646";"27:3:2";"Exp60_266_IS30175";"Exp60_266_IS30175";NA;"2023-10-11 07:47:00";71824,2
"880647";"27:3:2";"Exp60_266_IS30175";"Exp60_266_IS30175";NA;"2023-10-11 08:01:00";71818,6
"880648";"27:3:2";"Exp60_266_IS30175";"Exp60_266_IS30175";NA;"2023-10-11 08:17:00";71810,2
"880649";"27:3:2";"Exp60_266_IS30175";"Exp60_266_IS30175";NA;"2023-10-11 08:31:00";71801,9
"880650";"27:3:2";"Exp60_266_IS30175";"Exp60_266_IS30175";NA;"2023-10-11 08:47:00";71794,2
"880651";"27:3:2";"Exp60_266_IS30175";"Exp60_266_IS30175";NA;"2023-10-11 09:01:00";71782,9
"880652";"27:3:2";"Exp60_266_IS30175";"Exp60_266_IS30175";NA;"2023-10-11 16:16:00";71296
"880653";"27:3:2";"Exp60_266_IS30175";"Exp60_266_IS30175";NA;"2023-10-11 16:32:00";71286,7
"880654";"27:3:2";"Exp60_266_IS30175";"Exp60_266_IS30175";NA;"2023-10-11 16:46:00";71274,7
"880655";"27:3:2";"Exp60_266_IS30175";"Exp60_266_IS30175";NA;"2023-10-11 17:02:00";71268
"880656";"27:3:2";"Exp60_266_IS30175";"Exp60_266_IS30175";NA;"2023-10-11 17:16:00";71261
"880657";"27:3:2";"Exp60_266_IS30175";"Exp60_266_IS30175";NA;"2023-10-11 17:32:00";71256,6
"880658";"27:3:2";"Exp60_266_IS30175";"Exp60_266_IS30175";NA;"2023-10-11 17:46:00";71250,9
"880659";"27:3:2";"Exp60_266_IS30175";"Exp60_266_IS30175";NA;"2023-10-11 18:02:00";71247,7
"880660";"27:3:2";"Exp60_266_IS30175";"Exp60_266_IS30175";NA;"2023-10-11 18:16:00";71242,7
"880661";"27:3:2";"Exp60_266_IS30175";"Exp60_266_IS30175";NA;"2023-10-11 18:32:00";71239
"880662";"27:3:2";"Exp60_266_IS30175";"Exp60_266_IS30175";NA;"2023-10-11 18:46:00";71235
"880663";"27:3:2";"Exp60_266_IS30175";"Exp60_266_IS30175";NA;"2023-10-11 19:02:00";71229,3
"880664";"27:3:2";"Exp60_266_IS30175";"Exp60_266_IS30175";NA;"2023-10-11 19:16:00";71225,7
"880665";"27:3:2";"Exp60_266_IS30175";"Exp60_266_IS30175";NA;"2023-10-11 19:32:00";71222,4
"880666";"27:3:2";"Exp60_266_IS30175";"Exp60_266_IS30175";NA;"2023-10-11 19:46:00";71218,6
"880667";"27:3:2";"Exp60_266_IS30175";"Exp60_266_IS30175";NA;"2023-10-11 20:02:00";71214
"880668";"27:3:2";"Exp60_266_IS30175";"Exp60_266_IS30175";NA;"2023-10-11 20:46:00";71204,1
"880669";"27:3:2";"Exp60_266_IS30175";"Exp60_266_IS30175";NA;"2023-10-11 21:02:00";71201
"880670";"27:3:2";"Exp60_266_IS30175";"Exp60_266_IS30175";NA;"2023-10-11 21:16:00";71200
"880671";"27:3:2";"Exp60_266_IS30175";"Exp60_266_IS30175";NA;"2023-10-11 21:32:00";71197,9
"880672";"27:3:2";"Exp60_266_IS30175";"Exp60_266_IS30175";NA;"2023-10-11 21:46:00";71194
"880673";"27:3:2";"Exp60_266_IS30175";"Exp60_266_IS30175";NA;"2023-10-11 22:17:00";71186,3
"880674";"27:3:2";"Exp60_266_IS30175";"Exp60_266_IS30175";NA;"2023-10-11 22:31:00";71187,5
"880675";"27:3:2";"Exp60_266_IS30175";"Exp60_266_IS30175";NA;"2023-10-11 22:47:00";71187,2
"880676";"27:3:2";"Exp60_266_IS30175";"Exp60_266_IS30175";NA;"2023-10-11 23:01:00";71184,5
"880677";"27:3:2";"Exp60_266_IS30175";"Exp60_266_IS30175";NA;"2023-10-11 23:17:00";71182,1
"880678";"27:3:2";"Exp60_266_IS30175";"Exp60_266_IS30175";NA;"2023-10-11 23:31:00";71180,3
"880679";"27:3:2";"Exp60_266_IS30175";"Exp60_266_IS30175";NA;"2023-10-11 23:47:00";71177,3
"880680";"27:3:2";"Exp60_266_IS30175";"Exp60_266_IS30175";NA;"2023-10-12 00:01:00";71174,2
"880681";"27:3:2";"Exp60_266_IS30175";"Exp60_266_IS30175";NA;"2023-10-12 00:17:00";71172,6
"880682";"27:3:2";"Exp60_266_IS30175";"Exp60_266_IS30175";NA;"2023-10-12 00:31:00";71170,1
"880683";"27:3:2";"Exp60_266_IS30175";"Exp60_266_IS30175";NA;"2023-10-12 00:47:00";71168,6
"880684";"27:3:2";"Exp60_266_IS30175";"Exp60_266_IS30175";NA;"2023-10-12 01:01:00";71166,5
"880685";"27:3:2";"Exp60_266_IS30175";"Exp60_266_IS30175";NA;"2023-10-12 01:17:00";71163,6
"880686";"27:3:2";"Exp60_266_IS30175";"Exp60_266_IS30175";NA;"2023-10-12 01:31:00";71162,1
"880687";"27:3:2";"Exp60_266_IS30175";"Exp60_266_IS30175";NA;"2023-10-12 01:47:00";71161
"880688";"27:3:2";"Exp60_266_IS30175";"Exp60_266_IS30175";NA;"2023-10-12 02:01:00";71158,5
"880689";"27:3:2";"Exp60_266_IS30175";"Exp60_266_IS30175";NA;"2023-10-12 02:17:00";71155,2
"880690";"27:3:2";"Exp60_266_IS30175";"Exp60_266_IS30175";NA;"2023-10-12 02:31:00";71152,5
"880691";"27:3:2";"Exp60_266_IS30175";"Exp60_266_IS30175";NA;"2023-10-12 02:47:00";71150,6
"880692";"27:3:2";"Exp60_266_IS30175";"Exp60_266_IS30175";NA;"2023-10-12 03:01:00";71147,7
"880693";"27:3:2";"Exp60_266_IS30175";"Exp60_266_IS30175";NA;"2023-10-12 03:17:00";71145,8
"880694";"27:3:2";"Exp60_266_IS30175";"Exp60_266_IS30175";NA;"2023-10-12 03:31:00";71145,3
"880695";"27:3:2";"Exp60_266_IS30175";"Exp60_266_IS30175";NA;"2023-10-12 03:47:00";71142,4
"880696";"27:3:2";"Exp60_266_IS30175";"Exp60_266_IS30175";NA;"2023-10-12 04:01:00";71142
"880697";"27:3:2";"Exp60_266_IS30175";"Exp60_266_IS30175";NA;"2023-10-12 04:17:00";71140,3
"880698";"27:3:2";"Exp60_266_IS30175";"Exp60_266_IS30175";NA;"2023-10-12 04:31:00";71139,8
"880699";"27:3:2";"Exp60_266_IS30175";"Exp60_266_IS30175";NA;"2023-10-12 04:47:00";71139
"880700";"27:3:2";"Exp60_266_IS30175";"Exp60_266_IS30175";NA;"2023-10-12 05:01:00";71137,5
"880701";"27:3:2";"Exp60_266_IS30175";"Exp60_266_IS30175";NA;"2023-10-12 05:32:00";71137,1
"880702";"27:3:2";"Exp60_266_IS30175";"Exp60_266_IS30175";NA;"2023-10-12 05:46:00";71137,1
"880703";"27:3:2";"Exp60_266_IS30175";"Exp60_266_IS30175";NA;"2023-10-12 06:02:00";71135
"880704";"27:3:2";"Exp60_266_IS30175";"Exp60_266_IS30175";NA;"2023-10-12 06:16:00";71133,9
"880705";"27:3:2";"Exp60_266_IS30175";"Exp60_266_IS30175";NA;"2023-10-12 06:47:00";71130,5
"880706";"27:3:2";"Exp60_266_IS30175";"Exp60_266_IS30175";NA;"2023-10-12 07:01:00";71127,2
"880707";"27:3:2";"Exp60_266_IS30175";"Exp60_266_IS30175";NA;"2023-10-12 07:17:00";71122,3
"880708";"27:3:2";"Exp60_266_IS30175";"Exp60_266_IS30175";NA;"2023-10-12 07:31:00";71118,5
"880709";"27:3:2";"Exp60_266_IS30175";"Exp60_266_IS30175";NA;"2023-10-12 07:47:00";71112,5
"880710";"27:3:2";"Exp60_266_IS30175";"Exp60_266_IS30175";NA;"2023-10-12 08:01:00";71105,8
"880711";"27:3:2";"Exp60_266_IS30175";"Exp60_266_IS30175";NA;"2023-10-12 08:17:00";71095,6
"880712";"27:3:2";"Exp60_266_IS30175";"Exp60_266_IS30175";NA;"2023-10-12 08:31:00";71087,5
"880713";"27:3:2";"Exp60_266_IS30175";"Exp60_266_IS30175";NA;"2023-10-12 08:47:00";71077,9
"880714";"27:3:2";"Exp60_266_IS30175";"Exp60_266_IS30175";NA;"2023-10-12 09:01:00";71068,2
"880715";"27:3:2";"Exp60_266_IS30175";"Exp60_266_IS30175";NA;"2023-10-12 09:17:00";71061,4
"880716";"27:3:2";"Exp60_266_IS30175";"Exp60_266_IS30175";NA;"2023-10-12 09:31:00";71043,9
"880717";"27:3:2";"Exp60_266_IS30175";"Exp60_266_IS30175";NA;"2023-10-12 09:47:00";71041
"880718";"27:3:2";"Exp60_266_IS30175";"Exp60_266_IS30175";NA;"2023-10-12 10:01:00";71031,7
"880719";"27:3:2";"Exp60_266_IS30175";"Exp60_266_IS30175";NA;"2023-10-12 15:01:00";70688,2
"880720";"27:3:2";"Exp60_266_IS30175";"Exp60_266_IS30175";NA;"2023-10-12 15:17:00";70676
"880721";"27:3:2";"Exp60_266_IS30175";"Exp60_266_IS30175";NA;"2023-10-12 15:31:00";70663,5
"880722";"27:3:2";"Exp60_266_IS30175";"Exp60_266_IS30175";NA;"2023-10-12 15:47:00";70649,5
"880723";"27:3:2";"Exp60_266_IS30175";"Exp60_266_IS30175";NA;"2023-10-12 16:01:00";70642,4
"880724";"27:3:2";"Exp60_266_IS30175";"Exp60_266_IS30175";NA;"2023-10-12 16:17:00";70627,7
"880725";"27:3:2";"Exp60_266_IS30175";"Exp60_266_IS30175";NA;"2023-10-12 16:31:00";70618,6
"880726";"27:3:2";"Exp60_266_IS30175";"Exp60_266_IS30175";NA;"2023-10-12 16:47:00";70609,7
"880727";"27:3:2";"Exp60_266_IS30175";"Exp60_266_IS30175";NA;"2023-10-12 17:01:00";70605,1
"880728";"27:3:2";"Exp60_266_IS30175";"Exp60_266_IS30175";NA;"2023-10-12 17:17:00";70600,3
"880729";"27:3:2";"Exp60_266_IS30175";"Exp60_266_IS30175";NA;"2023-10-12 17:31:00";70597,8
"880730";"27:3:2";"Exp60_266_IS30175";"Exp60_266_IS30175";NA;"2023-10-12 17:47:00";70593,7
"880731";"27:3:2";"Exp60_266_IS30175";"Exp60_266_IS30175";NA;"2023-10-12 18:01:00";70589,4
"880732";"27:3:2";"Exp60_266_IS30175";"Exp60_266_IS30175";NA;"2023-10-12 18:17:00";70587,8
"880733";"27:3:2";"Exp60_266_IS30175";"Exp60_266_IS30175";NA;"2023-10-12 18:31:00";70586,1
"880734";"27:3:2";"Exp60_266_IS30175";"Exp60_266_IS30175";NA;"2023-10-12 18:47:00";70581,9
"880735";"27:3:2";"Exp60_266_IS30175";"Exp60_266_IS30175";NA;"2023-10-12 19:01:00";70578,5
"880736";"27:3:2";"Exp60_266_IS30175";"Exp60_266_IS30175";NA;"2023-10-12 19:17:00";70575
"880737";"27:3:2";"Exp60_266_IS30175";"Exp60_266_IS30175";NA;"2023-10-12 19:31:00";70571,8
"880738";"27:3:2";"Exp60_266_IS30175";"Exp60_266_IS30175";NA;"2023-10-12 20:02:00";70566
"880739";"27:3:2";"Exp60_266_IS30175";"Exp60_266_IS30175";NA;"2023-10-12 20:16:00";70562,1
"880740";"27:3:2";"Exp60_266_IS30175";"Exp60_266_IS30175";NA;"2023-10-13 03:16:00";70479,8
"880741";"27:3:2";"Exp60_266_IS30175";"Exp60_266_IS30175";NA;"2023-10-13 03:32:00";70478,3
"880742";"27:3:2";"Exp60_266_IS30175";"Exp60_266_IS30175";NA;"2023-10-13 03:46:00";70477
"880743";"27:3:2";"Exp60_266_IS30175";"Exp60_266_IS30175";NA;"2023-10-13 04:02:00";70476,6
"880744";"27:3:2";"Exp60_266_IS30175";"Exp60_266_IS30175";NA;"2023-10-13 04:16:00";70474,9
"880745";"27:3:2";"Exp60_266_IS30175";"Exp60_266_IS30175";NA;"2023-10-13 04:32:00";70473,4
"880746";"27:3:2";"Exp60_266_IS30175";"Exp60_266_IS30175";NA;"2023-10-13 04:46:00";70473,3
"880747";"27:3:2";"Exp60_266_IS30175";"Exp60_266_IS30175";NA;"2023-10-13 05:02:00";70471,5
"880748";"27:3:2";"Exp60_266_IS30175";"Exp60_266_IS30175";NA;"2023-10-13 05:16:00";70469,3
"880749";"27:3:2";"Exp60_266_IS30175";"Exp60_266_IS30175";NA;"2023-10-13 05:32:00";70467,3
"880750";"27:3:2";"Exp60_266_IS30175";"Exp60_266_IS30175";NA;"2023-10-13 05:46:00";70465,4
"880751";"27:3:2";"Exp60_266_IS30175";"Exp60_266_IS30175";NA;"2023-10-13 06:02:00";70463,9
"880752";"27:3:2";"Exp60_266_IS30175";"Exp60_266_IS30175";NA;"2023-10-13 06:16:00";70463,5
"880753";"27:3:2";"Exp60_266_IS30175";"Exp60_266_IS30175";NA;"2023-10-13 06:32:00";70462,7
"880754";"27:3:2";"Exp60_266_IS30175";"Exp60_266_IS30175";NA;"2023-10-13 06:46:00";70460,6
"880755";"27:3:2";"Exp60_266_IS30175";"Exp60_266_IS30175";NA;"2023-10-13 12:46:00";70218,9
"880756";"27:3:2";"Exp60_266_IS30175";"Exp60_266_IS30175";NA;"2023-10-13 13:02:00";70195,8
"880757";"27:3:2";"Exp60_266_IS30175";"Exp60_266_IS30175";NA;"2023-10-13 13:16:00";70194,8
"880758";"27:3:2";"Exp60_266_IS30175";"Exp60_266_IS30175";NA;"2023-10-13 13:32:00";70178,4
"880759";"27:3:2";"Exp60_266_IS30175";"Exp60_266_IS30175";NA;"2023-10-13 13:46:00";70158,7
"880760";"27:3:2";"Exp60_266_IS30175";"Exp60_266_IS30175";NA;"2023-10-13 19:46:00";75027,6
"880761";"27:3:2";"Exp60_266_IS30175";"Exp60_266_IS30175";NA;"2023-10-13 20:02:00";75019
"880762";"27:3:2";"Exp60_266_IS30175";"Exp60_266_IS30175";NA;"2023-10-13 20:16:00";75010,7
"880763";"27:3:2";"Exp60_266_IS30175";"Exp60_266_IS30175";NA;"2023-10-13 20:32:00";75003,9
"880764";"27:3:2";"Exp60_266_IS30175";"Exp60_266_IS30175";NA;"2023-10-13 20:46:00";74995,3
"880765";"27:3:2";"Exp60_266_IS30175";"Exp60_266_IS30175";NA;"2023-10-13 21:02:00";74989,2
"880766";"27:3:2";"Exp60_266_IS30175";"Exp60_266_IS30175";NA;"2023-10-13 21:16:00";74984,3
"880767";"27:3:2";"Exp60_266_IS30175";"Exp60_266_IS30175";NA;"2023-10-13 21:32:00";74978
"880768";"27:3:2";"Exp60_266_IS30175";"Exp60_266_IS30175";NA;"2023-10-13 21:46:00";74974,2
"880769";"27:3:2";"Exp60_266_IS30175";"Exp60_266_IS30175";NA;"2023-10-13 22:02:00";74971,8
"880770";"27:3:2";"Exp60_266_IS30175";"Exp60_266_IS30175";NA;"2023-10-13 22:16:00";74968,6
"880771";"27:3:2";"Exp60_266_IS30175";"Exp60_266_IS30175";NA;"2023-10-13 22:32:00";74964,9
"880772";"27:3:2";"Exp60_266_IS30175";"Exp60_266_IS30175";NA;"2023-10-13 22:46:00";74963
"880773";"27:3:2";"Exp60_266_IS30175";"Exp60_266_IS30175";NA;"2023-10-13 23:02:00";74957,9
"880774";"27:3:2";"Exp60_266_IS30175";"Exp60_266_IS30175";NA;"2023-10-13 23:16:00";74955,4
"880775";"27:3:2";"Exp60_266_IS30175";"Exp60_266_IS30175";NA;"2023-10-13 23:47:00";74953
"880776";"27:3:2";"Exp60_266_IS30175";"Exp60_266_IS30175";NA;"2023-10-14 00:01:00";74951,7
"880777";"27:3:2";"Exp60_266_IS30175";"Exp60_266_IS30175";NA;"2023-10-14 00:17:00";74946,7
"880778";"27:3:2";"Exp60_266_IS30175";"Exp60_266_IS30175";NA;"2023-10-14 00:31:00";74943,7
"880779";"27:3:2";"Exp60_266_IS30175";"Exp60_266_IS30175";NA;"2023-10-14 00:47:00";74940,7
"880780";"27:3:2";"Exp60_266_IS30175";"Exp60_266_IS30175";NA;"2023-10-14 01:01:00";74939
"880781";"27:3:2";"Exp60_266_IS30175";"Exp60_266_IS30175";NA;"2023-10-14 01:17:00";74936,2
"880782";"27:3:2";"Exp60_266_IS30175";"Exp60_266_IS30175";NA;"2023-10-14 01:31:00";74934,3
"880783";"27:3:2";"Exp60_266_IS30175";"Exp60_266_IS30175";NA;"2023-10-14 01:47:00";74932,5
"880784";"27:3:2";"Exp60_266_IS30175";"Exp60_266_IS30175";NA;"2023-10-14 02:01:00";74930,6
"880785";"27:3:2";"Exp60_266_IS30175";"Exp60_266_IS30175";NA;"2023-10-14 02:17:00";74928,1
"880786";"27:3:2";"Exp60_266_IS30175";"Exp60_266_IS30175";NA;"2023-10-14 02:31:00";74925,5
"880787";"27:3:2";"Exp60_266_IS30175";"Exp60_266_IS30175";NA;"2023-10-14 02:47:00";74923,8
"880788";"27:3:2";"Exp60_266_IS30175";"Exp60_266_IS30175";NA;"2023-10-14 03:01:00";74921,9
"880789";"27:3:2";"Exp60_266_IS30175";"Exp60_266_IS30175";NA;"2023-10-14 03:17:00";74919,7
"880790";"27:3:2";"Exp60_266_IS30175";"Exp60_266_IS30175";NA;"2023-10-14 03:31:00";74917,4
"880791";"27:3:2";"Exp60_266_IS30175";"Exp60_266_IS30175";NA;"2023-10-14 04:17:00";74913,4
"880792";"27:3:2";"Exp60_266_IS30175";"Exp60_266_IS30175";NA;"2023-10-14 04:31:00";74911,7
"880793";"27:3:2";"Exp60_266_IS30175";"Exp60_266_IS30175";NA;"2023-10-14 04:47:00";74909,7
"880794";"27:3:2";"Exp60_266_IS30175";"Exp60_266_IS30175";NA;"2023-10-14 05:01:00";74906,9
"880795";"27:3:2";"Exp60_266_IS30175";"Exp60_266_IS30175";NA;"2023-10-14 05:17:00";74906,2
"880796";"27:3:2";"Exp60_266_IS30175";"Exp60_266_IS30175";NA;"2023-10-14 05:31:00";74905,8
"880797";"27:3:2";"Exp60_266_IS30175";"Exp60_266_IS30175";NA;"2023-10-14 05:47:00";74903,8
"880798";"27:3:2";"Exp60_266_IS30175";"Exp60_266_IS30175";NA;"2023-10-14 06:01:00";74902,2
"880799";"27:3:2";"Exp60_266_IS30175";"Exp60_266_IS30175";NA;"2023-10-14 06:17:00";74900,7
"880800";"27:3:2";"Exp60_266_IS30175";"Exp60_266_IS30175";NA;"2023-10-14 06:31:00";74899,2
"880801";"27:3:2";"Exp60_266_IS30175";"Exp60_266_IS30175";NA;"2023-10-14 07:02:00";74895,2
"880802";"27:3:2";"Exp60_266_IS30175";"Exp60_266_IS30175";NA;"2023-10-14 07:16:00";74890,7
"880803";"27:3:2";"Exp60_266_IS30175";"Exp60_266_IS30175";NA;"2023-10-14 07:32:00";74885,5
"880804";"27:3:2";"Exp60_266_IS30175";"Exp60_266_IS30175";NA;"2023-10-14 08:16:00";74864,1
"880805";"27:3:2";"Exp60_266_IS30175";"Exp60_266_IS30175";NA;"2023-10-14 08:32:00";74851,3
"880806";"27:3:2";"Exp60_266_IS30175";"Exp60_266_IS30175";NA;"2023-10-14 08:46:00";74837,3
"880807";"27:3:2";"Exp60_266_IS30175";"Exp60_266_IS30175";NA;"2023-10-14 09:02:00";74822
"880808";"27:3:2";"Exp60_266_IS30175";"Exp60_266_IS30175";NA;"2023-10-14 09:16:00";74807,7
"880809";"27:3:2";"Exp60_266_IS30175";"Exp60_266_IS30175";NA;"2023-10-14 09:32:00";74788,8
"880810";"27:3:2";"Exp60_266_IS30175";"Exp60_266_IS30175";NA;"2023-10-14 09:46:00";74771,9
"880811";"27:3:2";"Exp60_266_IS30175";"Exp60_266_IS30175";NA;"2023-10-14 10:02:00";74765,5
"880812";"27:3:2";"Exp60_266_IS30175";"Exp60_266_IS30175";NA;"2023-10-14 10:16:00";74740,2
"880813";"27:3:2";"Exp60_266_IS30175";"Exp60_266_IS30175";NA;"2023-10-14 10:32:00";74718,3
"880814";"27:3:2";"Exp60_266_IS30175";"Exp60_266_IS30175";NA;"2023-10-14 10:46:00";74697,9
"880815";"27:3:2";"Exp60_266_IS30175";"Exp60_266_IS30175";NA;"2023-10-14 11:02:00";74674
"880816";"27:3:2";"Exp60_266_IS30175";"Exp60_266_IS30175";NA;"2023-10-14 11:16:00";74650,8
"880817";"27:3:2";"Exp60_266_IS30175";"Exp60_266_IS30175";NA;"2023-10-14 11:32:00";74619,5
"880818";"27:3:2";"Exp60_266_IS30175";"Exp60_266_IS30175";NA;"2023-10-14 11:46:00";74596,8
"880819";"27:3:2";"Exp60_266_IS30175";"Exp60_266_IS30175";NA;"2023-10-14 12:02:00";74576,1
"880820";"27:3:2";"Exp60_266_IS30175";"Exp60_266_IS30175";NA;"2023-10-14 12:16:00";74559,6
"880821";"27:3:2";"Exp60_266_IS30175";"Exp60_266_IS30175";NA;"2023-10-14 12:32:00";74534,5
"880822";"27:3:2";"Exp60_266_IS30175";"Exp60_266_IS30175";NA;"2023-10-14 12:46:00";74514,6
"880823";"27:3:2";"Exp60_266_IS30175";"Exp60_266_IS30175";NA;"2023-10-14 13:02:00";74505,4
"880824";"27:3:2";"Exp60_266_IS30175";"Exp60_266_IS30175";NA;"2023-10-14 13:16:00";74484,3
"880825";"27:3:2";"Exp60_266_IS30175";"Exp60_266_IS30175";NA;"2023-10-14 13:32:00";74471,2
"880826";"27:3:2";"Exp60_266_IS30175";"Exp60_266_IS30175";NA;"2023-10-14 13:46:00";74461,4
"880827";"27:3:2";"Exp60_266_IS30175";"Exp60_266_IS30175";NA;"2023-10-14 19:31:00";74216,7
"880828";"27:3:2";"Exp60_266_IS30175";"Exp60_266_IS30175";NA;"2023-10-15 02:01:00";74150,9
"880829";"27:3:2";"Exp60_266_IS30175";"Exp60_266_IS30175";NA;"2023-10-15 02:17:00";74148,8
"880830";"27:3:2";"Exp60_266_IS30175";"Exp60_266_IS30175";NA;"2023-10-15 02:31:00";74146,6
"880831";"27:3:2";"Exp60_266_IS30175";"Exp60_266_IS30175";NA;"2023-10-15 02:47:00";74145,5
"880832";"27:3:2";"Exp60_266_IS30175";"Exp60_266_IS30175";NA;"2023-10-15 03:01:00";74143,9
"880833";"27:3:2";"Exp60_266_IS30175";"Exp60_266_IS30175";NA;"2023-10-15 03:17:00";74141,7
"880834";"27:3:2";"Exp60_266_IS30175";"Exp60_266_IS30175";NA;"2023-10-15 03:31:00";74139,8
"880835";"27:3:2";"Exp60_266_IS30175";"Exp60_266_IS30175";NA;"2023-10-15 03:47:00";74135,9
"880836";"27:3:2";"Exp60_266_IS30175";"Exp60_266_IS30175";NA;"2023-10-15 04:01:00";74135,3
"880837";"27:3:2";"Exp60_266_IS30175";"Exp60_266_IS30175";NA;"2023-10-15 04:32:00";74131,6
"880838";"27:3:2";"Exp60_266_IS30175";"Exp60_266_IS30175";NA;"2023-10-15 04:46:00";74129,9
"880839";"27:3:2";"Exp60_266_IS30175";"Exp60_266_IS30175";NA;"2023-10-15 05:32:00";74126,1
"880840";"27:3:2";"Exp60_266_IS30175";"Exp60_266_IS30175";NA;"2023-10-15 05:46:00";74125
"880841";"27:3:2";"Exp60_266_IS30175";"Exp60_266_IS30175";NA;"2023-10-15 06:17:00";74120,1
"880842";"27:3:2";"Exp60_266_IS30175";"Exp60_266_IS30175";NA;"2023-10-15 06:31:00";74118,1
"880843";"27:3:2";"Exp60_266_IS30175";"Exp60_266_IS30175";NA;"2023-10-15 07:02:00";74113,7
"880844";"27:3:2";"Exp60_266_IS30175";"Exp60_266_IS30175";NA;"2023-10-15 07:16:00";74110,2
"880845";"27:3:2";"Exp60_266_IS30175";"Exp60_266_IS30175";NA;"2023-10-15 07:32:00";74105,9
"880846";"27:3:2";"Exp60_266_IS30175";"Exp60_266_IS30175";NA;"2023-10-15 07:46:00";74100,9
"880847";"27:3:2";"Exp60_266_IS30175";"Exp60_266_IS30175";NA;"2023-10-15 08:17:00";74084,7
"880848";"27:3:2";"Exp60_266_IS30175";"Exp60_266_IS30175";NA;"2023-10-15 08:31:00";74075,3
"880849";"27:3:2";"Exp60_266_IS30175";"Exp60_266_IS30175";NA;"2023-10-15 08:47:00";74066,1
"880850";"27:3:2";"Exp60_266_IS30175";"Exp60_266_IS30175";NA;"2023-10-15 09:01:00";74056,6
"880851";"27:3:2";"Exp60_266_IS30175";"Exp60_266_IS30175";NA;"2023-10-15 09:17:00";74045,6
"880852";"27:3:2";"Exp60_266_IS30175";"Exp60_266_IS30175";NA;"2023-10-15 09:31:00";74034,8
"880853";"27:3:2";"Exp60_266_IS30175";"Exp60_266_IS30175";NA;"2023-10-15 09:47:00";74023
"880854";"27:3:2";"Exp60_266_IS30175";"Exp60_266_IS30175";NA;"2023-10-15 10:01:00";74016,7
"880855";"27:3:2";"Exp60_266_IS30175";"Exp60_266_IS30175";NA;"2023-10-15 10:17:00";73999,3
"880856";"27:3:2";"Exp60_266_IS30175";"Exp60_266_IS30175";NA;"2023-10-15 10:31:00";73989,3
"880857";"27:3:2";"Exp60_266_IS30175";"Exp60_266_IS30175";NA;"2023-10-15 10:47:00";73974,5
"880858";"27:3:2";"Exp60_266_IS30175";"Exp60_266_IS30175";NA;"2023-10-15 11:01:00";73959,6
"880859";"27:3:2";"Exp60_266_IS30175";"Exp60_266_IS30175";NA;"2023-10-15 18:01:00";73606,7
"880860";"27:3:2";"Exp60_266_IS30175";"Exp60_266_IS30175";NA;"2023-10-15 18:17:00";73603,6
"880861";"27:3:2";"Exp60_266_IS30175";"Exp60_266_IS30175";NA;"2023-10-15 18:31:00";73599,7
"880862";"27:3:2";"Exp60_266_IS30175";"Exp60_266_IS30175";NA;"2023-10-15 18:47:00";73596,7
"880863";"27:3:2";"Exp60_266_IS30175";"Exp60_266_IS30175";NA;"2023-10-15 19:01:00";73594,2
"880864";"27:3:2";"Exp60_266_IS30175";"Exp60_266_IS30175";NA;"2023-10-15 19:17:00";73590,8
"880865";"27:3:2";"Exp60_266_IS30175";"Exp60_266_IS30175";NA;"2023-10-15 19:31:00";73587,2
"880866";"27:3:2";"Exp60_266_IS30175";"Exp60_266_IS30175";NA;"2023-10-16 03:46:00";73488,8
"880867";"27:3:2";"Exp60_266_IS30175";"Exp60_266_IS30175";NA;"2023-10-16 04:02:00";73487,7
"880868";"27:3:2";"Exp60_266_IS30175";"Exp60_266_IS30175";NA;"2023-10-16 04:16:00";73484,6
"880869";"27:3:2";"Exp60_266_IS30175";"Exp60_266_IS30175";NA;"2023-10-16 04:32:00";73482,2
"880870";"27:3:2";"Exp60_266_IS30175";"Exp60_266_IS30175";NA;"2023-10-16 04:46:00";73480,2
"880871";"27:3:2";"Exp60_266_IS30175";"Exp60_266_IS30175";NA;"2023-10-16 05:02:00";73478,4
"880872";"27:3:2";"Exp60_266_IS30175";"Exp60_266_IS30175";NA;"2023-10-16 05:16:00";73476,4
"880873";"27:3:2";"Exp60_266_IS30175";"Exp60_266_IS30175";NA;"2023-10-16 05:32:00";73475,1
"880874";"27:3:2";"Exp60_266_IS30175";"Exp60_266_IS30175";NA;"2023-10-16 05:46:00";73473,7
"880875";"27:3:2";"Exp60_266_IS30175";"Exp60_266_IS30175";NA;"2023-10-16 06:02:00";73471,9
"880876";"27:3:2";"Exp60_266_IS30175";"Exp60_266_IS30175";NA;"2023-10-16 06:16:00";73472,4
"880877";"27:3:2";"Exp60_266_IS30175";"Exp60_266_IS30175";NA;"2023-10-16 06:32:00";73469,1
"880878";"27:3:2";"Exp60_266_IS30175";"Exp60_266_IS30175";NA;"2023-10-16 06:46:00";73468,2
"880879";"27:3:2";"Exp60_266_IS30175";"Exp60_266_IS30175";NA;"2023-10-16 07:02:00";73464,7
"880880";"27:3:2";"Exp60_266_IS30175";"Exp60_266_IS30175";NA;"2023-10-16 07:16:00";73460,9
"880881";"27:3:2";"Exp60_266_IS30175";"Exp60_266_IS30175";NA;"2023-10-16 07:47:00";73452,3
"880882";"27:3:2";"Exp60_266_IS30175";"Exp60_266_IS30175";NA;"2023-10-16 08:01:00";73446,6
"880883";"27:3:2";"Exp60_266_IS30175";"Exp60_266_IS30175";NA;"2023-10-16 08:17:00";73439,8
"880884";"27:3:2";"Exp60_266_IS30175";"Exp60_266_IS30175";NA;"2023-10-16 08:31:00";73433,9
"880885";"27:3:2";"Exp60_266_IS30175";"Exp60_266_IS30175";NA;"2023-10-16 08:47:00";73426,8
"880886";"27:3:2";"Exp60_266_IS30175";"Exp60_266_IS30175";NA;"2023-10-16 09:01:00";73417,8
"880887";"27:3:2";"Exp60_266_IS30175";"Exp60_266_IS30175";NA;"2023-10-16 09:17:00";73406,1
"880888";"27:3:2";"Exp60_266_IS30175";"Exp60_266_IS30175";NA;"2023-10-16 09:31:00";73396,6
"880889";"27:3:2";"Exp60_266_IS30175";"Exp60_266_IS30175";NA;"2023-10-16 09:47:00";73387,7
"880890";"27:3:2";"Exp60_266_IS30175";"Exp60_266_IS30175";NA;"2023-10-16 10:01:00";73383,1
"880891";"27:3:2";"Exp60_266_IS30175";"Exp60_266_IS30175";NA;"2023-10-16 10:17:00";73371,4
"880892";"27:3:2";"Exp60_266_IS30175";"Exp60_266_IS30175";NA;"2023-10-16 10:31:00";73359,2
"880893";"27:3:2";"Exp60_266_IS30175";"Exp60_266_IS30175";NA;"2023-10-16 10:47:00";73344,3
"880894";"27:3:2";"Exp60_266_IS30175";"Exp60_266_IS30175";NA;"2023-10-16 11:01:00";73328,5
"880895";"27:3:2";"Exp60_266_IS30175";"Exp60_266_IS30175";NA;"2023-10-16 11:32:00";73300
"880896";"27:3:2";"Exp60_266_IS30175";"Exp60_266_IS30175";NA;"2023-10-16 11:46:00";73286,4
"880897";"27:3:2";"Exp60_266_IS30175";"Exp60_266_IS30175";NA;"2023-10-16 12:17:00";73257,8
"880898";"27:3:2";"Exp60_266_IS30175";"Exp60_266_IS30175";NA;"2023-10-16 12:31:00";73240,2
"880899";"27:3:2";"Exp60_266_IS30175";"Exp60_266_IS30175";NA;"2023-10-16 13:02:00";73216,5
"880900";"27:3:2";"Exp60_266_IS30175";"Exp60_266_IS30175";NA;"2023-10-16 13:16:00";73195,7
"880901";"27:3:2";"Exp60_266_IS30175";"Exp60_266_IS30175";NA;"2023-10-16 13:32:00";73182,4
"880902";"27:3:2";"Exp60_266_IS30175";"Exp60_266_IS30175";NA;"2023-10-16 13:46:00";73171,2
"880903";"27:3:2";"Exp60_266_IS30175";"Exp60_266_IS30175";NA;"2023-10-16 14:02:00";73164,5
"880904";"27:3:2";"Exp60_266_IS30175";"Exp60_266_IS30175";NA;"2023-10-16 14:16:00";73154,8
"880905";"27:3:2";"Exp60_266_IS30175";"Exp60_266_IS30175";NA;"2023-10-16 14:32:00";73142,5
"880906";"27:3:2";"Exp60_266_IS30175";"Exp60_266_IS30175";NA;"2023-10-16 14:46:00";73122,9
"880907";"27:3:2";"Exp60_266_IS30175";"Exp60_266_IS30175";NA;"2023-10-16 22:16:00";72992,9
"880908";"27:3:2";"Exp60_266_IS30175";"Exp60_266_IS30175";NA;"2023-10-16 22:32:00";72989,1
"880909";"27:3:2";"Exp60_266_IS30175";"Exp60_266_IS30175";NA;"2023-10-16 22:46:00";72986,7
"880910";"27:3:2";"Exp60_266_IS30175";"Exp60_266_IS30175";NA;"2023-10-17 05:46:00";72933,7
"880911";"27:3:2";"Exp60_266_IS30175";"Exp60_266_IS30175";NA;"2023-10-17 06:02:00";72933,3
"880912";"27:3:2";"Exp60_266_IS30175";"Exp60_266_IS30175";NA;"2023-10-17 06:16:00";72931,1
"880913";"27:3:2";"Exp60_266_IS30175";"Exp60_266_IS30175";NA;"2023-10-17 06:32:00";72930,3
"880914";"27:3:2";"Exp60_266_IS30175";"Exp60_266_IS30175";NA;"2023-10-17 06:46:00";72927,3
"880915";"27:3:2";"Exp60_266_IS30175";"Exp60_266_IS30175";NA;"2023-10-17 12:46:00";72648,8
"880916";"27:3:2";"Exp60_266_IS30175";"Exp60_266_IS30175";NA;"2023-10-17 13:02:00";72632,9
"880917";"27:3:2";"Exp60_266_IS30175";"Exp60_266_IS30175";NA;"2023-10-17 13:16:00";72612,1
"880918";"27:3:2";"Exp60_266_IS30175";"Exp60_266_IS30175";NA;"2023-10-17 13:32:00";72596,8
"880919";"27:3:2";"Exp60_266_IS30175";"Exp60_266_IS30175";NA;"2023-10-17 13:46:00";72578,2
"880920";"27:3:2";"Exp60_266_IS30175";"Exp60_266_IS30175";NA;"2023-10-17 14:02:00";72557,5
"880921";"27:3:2";"Exp60_266_IS30175";"Exp60_266_IS30175";NA;"2023-10-17 14:16:00";72544,1
"880922";"27:3:2";"Exp60_266_IS30175";"Exp60_266_IS30175";NA;"2023-10-17 14:32:00";72528,7
"880923";"27:3:2";"Exp60_266_IS30175";"Exp60_266_IS30175";NA;"2023-10-17 14:46:00";72526,4
"880924";"27:3:2";"Exp60_266_IS30175";"Exp60_266_IS30175";NA;"2023-10-17 15:17:00";72506,6
"880925";"27:3:2";"Exp60_266_IS30175";"Exp60_266_IS30175";NA;"2023-10-17 15:31:00";72499,2
"880926";"27:3:2";"Exp60_266_IS30175";"Exp60_266_IS30175";NA;"2023-10-17 16:17:00";72474,3
"880927";"27:3:2";"Exp60_266_IS30175";"Exp60_266_IS30175";NA;"2023-10-17 16:31:00";72471,2
"880928";"27:3:2";"Exp60_266_IS30175";"Exp60_266_IS30175";NA;"2023-10-17 16:47:00";72463,7
"880929";"27:3:2";"Exp60_266_IS30175";"Exp60_266_IS30175";NA;"2023-10-17 17:01:00";72459,5
"880930";"27:3:2";"Exp60_266_IS30175";"Exp60_266_IS30175";NA;"2023-10-17 18:32:00";72443,8
"880931";"27:3:2";"Exp60_266_IS30175";"Exp60_266_IS30175";NA;"2023-10-17 18:46:00";72441
"880932";"27:3:2";"Exp60_266_IS30175";"Exp60_266_IS30175";NA;"2023-10-17 19:02:00";72438,1
"880933";"27:3:2";"Exp60_266_IS30175";"Exp60_266_IS30175";NA;"2023-10-17 19:16:00";72435,5
"880934";"27:3:2";"Exp60_266_IS30175";"Exp60_266_IS30175";NA;"2023-10-17 19:32:00";72432,6
"880935";"27:3:2";"Exp60_266_IS30175";"Exp60_266_IS30175";NA;"2023-10-17 19:46:00";72430
"880936";"27:3:2";"Exp60_266_IS30175";"Exp60_266_IS30175";NA;"2023-10-18 01:31:00";72374,5
"880937";"27:3:2";"Exp60_266_IS30175";"Exp60_266_IS30175";NA;"2023-10-18 02:02:00";72369,8
"880938";"27:3:2";"Exp60_266_IS30175";"Exp60_266_IS30175";NA;"2023-10-18 02:16:00";72368,2
"880939";"27:3:2";"Exp60_266_IS30175";"Exp60_266_IS30175";NA;"2023-10-18 02:32:00";72366,5
"880940";"27:3:2";"Exp60_266_IS30175";"Exp60_266_IS30175";NA;"2023-10-18 02:46:00";72364,8
"880941";"27:3:2";"Exp60_266_IS30175";"Exp60_266_IS30175";NA;"2023-10-18 03:02:00";72362,4
"880942";"27:3:2";"Exp60_266_IS30175";"Exp60_266_IS30175";NA;"2023-10-18 03:16:00";72359,7
"880943";"27:3:2";"Exp60_266_IS30175";"Exp60_266_IS30175";NA;"2023-10-18 03:32:00";72357,1
"880944";"27:3:2";"Exp60_266_IS30175";"Exp60_266_IS30175";NA;"2023-10-18 04:01:00";72353,2
"880945";"27:3:2";"Exp60_266_IS30175";"Exp60_266_IS30175";NA;"2023-10-18 04:17:00";72351,6
"880946";"27:3:2";"Exp60_266_IS30175";"Exp60_266_IS30175";NA;"2023-10-18 04:31:00";72350,2
"880947";"27:3:2";"Exp60_266_IS30175";"Exp60_266_IS30175";NA;"2023-10-18 04:47:00";72348,6
"880948";"27:3:2";"Exp60_266_IS30175";"Exp60_266_IS30175";NA;"2023-10-18 05:01:00";72347,1
"880949";"27:3:2";"Exp60_266_IS30175";"Exp60_266_IS30175";NA;"2023-10-18 05:17:00";72344,9
"880950";"27:3:2";"Exp60_266_IS30175";"Exp60_266_IS30175";NA;"2023-10-18 05:31:00";72343,7
"880951";"27:3:2";"Exp60_266_IS30175";"Exp60_266_IS30175";NA;"2023-10-18 05:47:00";72341
"880952";"27:3:2";"Exp60_266_IS30175";"Exp60_266_IS30175";NA;"2023-10-18 06:01:00";72339,1
"880953";"27:3:2";"Exp60_266_IS30175";"Exp60_266_IS30175";NA;"2023-10-18 06:17:00";72336,8
"880954";"27:3:2";"Exp60_266_IS30175";"Exp60_266_IS30175";NA;"2023-10-18 06:31:00";72335,2
"880955";"27:3:2";"Exp60_266_IS30175";"Exp60_266_IS30175";NA;"2023-10-18 07:32:00";72325
"880956";"27:3:2";"Exp60_266_IS30175";"Exp60_266_IS30175";NA;"2023-10-18 07:46:00";72320,7
"880957";"27:3:2";"Exp60_266_IS30175";"Exp60_266_IS30175";NA;"2023-10-18 08:02:00";72315,5
"880958";"27:3:2";"Exp60_266_IS30175";"Exp60_266_IS30175";NA;"2023-10-18 08:16:00";72309,3
"880959";"27:3:2";"Exp60_266_IS30175";"Exp60_266_IS30175";NA;"2023-10-18 08:47:00";72294,1
"880960";"27:3:2";"Exp60_266_IS30175";"Exp60_266_IS30175";NA;"2023-10-18 09:01:00";72285,2
"880961";"27:3:2";"Exp60_266_IS30175";"Exp60_266_IS30175";NA;"2023-10-18 09:17:00";72282,1
"880962";"27:3:2";"Exp60_266_IS30175";"Exp60_266_IS30175";NA;"2023-10-18 09:31:00";72271,1
"880963";"27:3:2";"Exp60_266_IS30175";"Exp60_266_IS30175";NA;"2023-10-18 15:31:00";72072,4
"880964";"27:3:2";"Exp60_266_IS30175";"Exp60_266_IS30175";NA;"2023-10-18 16:32:00";72046,5
"880965";"27:3:2";"Exp60_266_IS30175";"Exp60_266_IS30175";NA;"2023-10-18 16:46:00";72041,4
"880966";"27:3:2";"Exp60_266_IS30175";"Exp60_266_IS30175";NA;"2023-10-18 17:02:00";72038,7
"880967";"27:3:2";"Exp60_266_IS30175";"Exp60_266_IS30175";NA;"2023-10-18 17:16:00";72038,2
"880968";"27:3:2";"Exp60_266_IS30175";"Exp60_266_IS30175";NA;"2023-10-18 17:32:00";72035,6
"880969";"27:3:2";"Exp60_266_IS30175";"Exp60_266_IS30175";NA;"2023-10-18 17:46:00";72033,9
"880970";"27:3:2";"Exp60_266_IS30175";"Exp60_266_IS30175";NA;"2023-10-18 18:02:00";72030,2
"880971";"27:3:2";"Exp60_266_IS30175";"Exp60_266_IS30175";NA;"2023-10-18 18:16:00";72028,9
"880972";"27:3:2";"Exp60_266_IS30175";"Exp60_266_IS30175";NA;"2023-10-18 18:32:00";72025,3
"880973";"27:3:2";"Exp60_266_IS30175";"Exp60_266_IS30175";NA;"2023-10-18 18:46:00";72023,4
"880974";"27:3:2";"Exp60_266_IS30175";"Exp60_266_IS30175";NA;"2023-10-19 01:16:00";71971,4
"880975";"27:3:2";"Exp60_266_IS30175";"Exp60_266_IS30175";NA;"2023-10-19 01:32:00";71969,2
"880976";"27:3:2";"Exp60_266_IS30175";"Exp60_266_IS30175";NA;"2023-10-19 01:46:00";71967,2
"880977";"27:3:2";"Exp60_266_IS30175";"Exp60_266_IS30175";NA;"2023-10-19 02:02:00";71964,5
"880978";"27:3:2";"Exp60_266_IS30175";"Exp60_266_IS30175";NA;"2023-10-19 02:16:00";71962,3
"880979";"27:3:2";"Exp60_266_IS30175";"Exp60_266_IS30175";NA;"2023-10-19 02:32:00";71960,9
"880980";"27:3:2";"Exp60_266_IS30175";"Exp60_266_IS30175";NA;"2023-10-19 02:46:00";71959,1
"880981";"27:3:2";"Exp60_266_IS30175";"Exp60_266_IS30175";NA;"2023-10-19 03:17:00";71955,1
"880982";"27:3:2";"Exp60_266_IS30175";"Exp60_266_IS30175";NA;"2023-10-19 03:31:00";71954,1
"880983";"27:3:2";"Exp60_266_IS30175";"Exp60_266_IS30175";NA;"2023-10-19 03:47:00";71953,1
"880984";"27:3:2";"Exp60_266_IS30175";"Exp60_266_IS30175";NA;"2023-10-19 04:01:00";71952,1
"880985";"27:3:2";"Exp60_266_IS30175";"Exp60_266_IS30175";NA;"2023-10-19 04:17:00";71951,2
"880986";"27:3:2";"Exp60_266_IS30175";"Exp60_266_IS30175";NA;"2023-10-19 04:31:00";71949,9
"880987";"27:3:2";"Exp60_266_IS30175";"Exp60_266_IS30175";NA;"2023-10-19 04:47:00";71947,6
"880988";"27:3:2";"Exp60_266_IS30175";"Exp60_266_IS30175";NA;"2023-10-19 05:01:00";71947,1
"880989";"27:3:2";"Exp60_266_IS30175";"Exp60_266_IS30175";NA;"2023-10-19 05:17:00";71944,7
"880990";"27:3:2";"Exp60_266_IS30175";"Exp60_266_IS30175";NA;"2023-10-19 05:31:00";71943,4
"880991";"27:3:2";"Exp60_266_IS30175";"Exp60_266_IS30175";NA;"2023-10-19 05:47:00";71941,5
"880992";"27:3:2";"Exp60_266_IS30175";"Exp60_266_IS30175";NA;"2023-10-19 06:01:00";71939,8
"880993";"27:3:2";"Exp60_266_IS30175";"Exp60_266_IS30175";NA;"2023-10-19 06:17:00";71937,1
"880994";"27:3:2";"Exp60_266_IS30175";"Exp60_266_IS30175";NA;"2023-10-19 06:31:00";71935,6
"880995";"27:3:2";"Exp60_266_IS30175";"Exp60_266_IS30175";NA;"2023-10-19 06:47:00";71932,7
"880996";"27:3:2";"Exp60_266_IS30175";"Exp60_266_IS30175";NA;"2023-10-19 07:01:00";71931,2
"880997";"27:3:2";"Exp60_266_IS30175";"Exp60_266_IS30175";NA;"2023-10-19 13:46:00";71739,5
"880998";"27:3:2";"Exp60_266_IS30175";"Exp60_266_IS30175";NA;"2023-10-19 14:02:00";71730,7
"880999";"27:3:2";"Exp60_266_IS30175";"Exp60_266_IS30175";NA;"2023-10-19 14:16:00";71723,1
"881000";"27:3:2";"Exp60_266_IS30175";"Exp60_266_IS30175";NA;"2023-10-19 14:32:00";71728,4
"881001";"27:3:2";"Exp60_266_IS30175";"Exp60_266_IS30175";NA;"2023-10-19 14:46:00";71707
"881002";"27:3:2";"Exp60_266_IS30175";"Exp60_266_IS30175";NA;"2023-10-19 15:02:00";71698,3
"881003";"27:3:2";"Exp60_266_IS30175";"Exp60_266_IS30175";NA;"2023-10-19 15:16:00";71696,2
"881004";"27:3:2";"Exp60_266_IS30175";"Exp60_266_IS30175";NA;"2023-10-19 15:32:00";71895,5
"881005";"27:3:2";"Exp60_266_IS30175";"Exp60_266_IS30175";NA;"2023-10-19 15:46:00";72443
"881006";"27:3:2";"Exp60_266_IS30175";"Exp60_266_IS30175";NA;"2023-10-19 16:02:00";72946,5
"881007";"27:3:2";"Exp60_266_IS30175";"Exp60_266_IS30175";NA;"2023-10-19 16:16:00";73383,4
"881008";"27:3:2";"Exp60_266_IS30175";"Exp60_266_IS30175";NA;"2023-10-19 16:47:00";73741,4
"881009";"27:3:2";"Exp60_266_IS30175";"Exp60_266_IS30175";NA;"2023-10-19 17:01:00";73729
"881010";"27:3:2";"Exp60_266_IS30175";"Exp60_266_IS30175";NA;"2023-10-19 17:17:00";73719,8
"881011";"27:3:2";"Exp60_266_IS30175";"Exp60_266_IS30175";NA;"2023-10-19 17:31:00";73710,9
"881012";"27:3:2";"Exp60_266_IS30175";"Exp60_266_IS30175";NA;"2023-10-19 17:47:00";73703,7
"881013";"27:3:2";"Exp60_266_IS30175";"Exp60_266_IS30175";NA;"2023-10-19 18:01:00";73698,8
"881014";"27:3:2";"Exp60_266_IS30175";"Exp60_266_IS30175";NA;"2023-10-20 01:31:00";73603,7
"881015";"27:3:2";"Exp60_266_IS30175";"Exp60_266_IS30175";NA;"2023-10-20 01:47:00";73602,3
"881016";"27:3:2";"Exp60_266_IS30175";"Exp60_266_IS30175";NA;"2023-10-20 02:01:00";73599,4
"881017";"27:3:2";"Exp60_266_IS30175";"Exp60_266_IS30175";NA;"2023-10-20 02:17:00";73597,2
"881018";"27:3:2";"Exp60_266_IS30175";"Exp60_266_IS30175";NA;"2023-10-20 02:31:00";73595,4
"881019";"27:3:2";"Exp60_266_IS30175";"Exp60_266_IS30175";NA;"2023-10-20 02:47:00";73594,4
"881020";"27:3:2";"Exp60_266_IS30175";"Exp60_266_IS30175";NA;"2023-10-20 03:01:00";73591,5
"881021";"27:3:2";"Exp60_266_IS30175";"Exp60_266_IS30175";NA;"2023-10-20 03:47:00";73587,5
"881022";"27:3:2";"Exp60_266_IS30175";"Exp60_266_IS30175";NA;"2023-10-20 04:01:00";73586,2
"881023";"27:3:2";"Exp60_266_IS30175";"Exp60_266_IS30175";NA;"2023-10-20 04:32:00";73582,7
"881024";"27:3:2";"Exp60_266_IS30175";"Exp60_266_IS30175";NA;"2023-10-20 04:46:00";73580,7
"881025";"27:3:2";"Exp60_266_IS30175";"Exp60_266_IS30175";NA;"2023-10-20 05:02:00";73579,2
"881026";"27:3:2";"Exp60_266_IS30175";"Exp60_266_IS30175";NA;"2023-10-20 05:16:00";73578,2
"881027";"27:3:2";"Exp60_266_IS30175";"Exp60_266_IS30175";NA;"2023-10-20 05:32:00";73576,8
"881028";"27:3:2";"Exp60_266_IS30175";"Exp60_266_IS30175";NA;"2023-10-20 05:46:00";73575,1
"881029";"27:3:2";"Exp60_266_IS30175";"Exp60_266_IS30175";NA;"2023-10-20 06:02:00";73573,9
"881030";"27:3:2";"Exp60_266_IS30175";"Exp60_266_IS30175";NA;"2023-10-20 06:16:00";73571,1
"881031";"27:3:2";"Exp60_266_IS30175";"Exp60_266_IS30175";NA;"2023-10-20 06:32:00";73570,7
"881032";"27:3:2";"Exp60_266_IS30175";"Exp60_266_IS30175";NA;"2023-10-20 06:46:00";73569,6
"881033";"27:3:2";"Exp60_266_IS30175";"Exp60_266_IS30175";NA;"2023-10-20 07:02:00";73567,7
"881034";"27:3:2";"Exp60_266_IS30175";"Exp60_266_IS30175";NA;"2023-10-20 07:16:00";73565,3
"881035";"27:3:2";"Exp60_266_IS30175";"Exp60_266_IS30175";NA;"2023-10-20 07:47:00";73555,5
"881036";"27:3:2";"Exp60_266_IS30175";"Exp60_266_IS30175";NA;"2023-10-20 08:01:00";73549,3
"881037";"27:3:2";"Exp60_266_IS30175";"Exp60_266_IS30175";NA;"2023-10-20 08:17:00";73543,9
"881038";"27:3:2";"Exp60_266_IS30175";"Exp60_266_IS30175";NA;"2023-10-20 08:31:00";73532,7
"881039";"27:3:2";"Exp60_266_IS30175";"Exp60_266_IS30175";NA;"2023-10-20 08:47:00";73521,6
"881040";"27:3:2";"Exp60_266_IS30175";"Exp60_266_IS30175";NA;"2023-10-20 09:01:00";73514,7
"881041";"27:3:2";"Exp60_266_IS30175";"Exp60_266_IS30175";NA;"2023-10-20 13:46:00";73299,3
"881042";"27:3:2";"Exp60_266_IS30175";"Exp60_266_IS30175";NA;"2023-10-20 15:31:00";73235,1
"881043";"27:3:2";"Exp60_266_IS30175";"Exp60_266_IS30175";NA;"2023-10-20 15:47:00";73250,6
"881044";"27:3:2";"Exp60_266_IS30175";"Exp60_266_IS30175";NA;"2023-10-20 16:01:00";73216,9
"881045";"27:3:2";"Exp60_266_IS30175";"Exp60_266_IS30175";NA;"2023-10-20 16:17:00";73208,9
"881046";"27:3:2";"Exp60_266_IS30175";"Exp60_266_IS30175";NA;"2023-10-20 16:31:00";73207,4
"881047";"27:3:2";"Exp60_266_IS30175";"Exp60_266_IS30175";NA;"2023-10-20 16:47:00";73195,9
"881048";"27:3:2";"Exp60_266_IS30175";"Exp60_266_IS30175";NA;"2023-10-20 17:01:00";73201,4
"881049";"27:3:2";"Exp60_266_IS30175";"Exp60_266_IS30175";NA;"2023-10-20 23:31:00";73119,5
"881050";"27:3:2";"Exp60_266_IS30175";"Exp60_266_IS30175";NA;"2023-10-20 23:47:00";73118,3
"881051";"27:3:2";"Exp60_266_IS30175";"Exp60_266_IS30175";NA;"2023-10-21 00:01:00";73115,5
"881052";"27:3:2";"Exp60_266_IS30175";"Exp60_266_IS30175";NA;"2023-10-21 00:17:00";73112,5
"881053";"27:3:2";"Exp60_266_IS30175";"Exp60_266_IS30175";NA;"2023-10-21 00:31:00";73110,4
"881054";"27:3:2";"Exp60_266_IS30175";"Exp60_266_IS30175";NA;"2023-10-21 01:17:00";73111,2
"881055";"27:3:2";"Exp60_266_IS30175";"Exp60_266_IS30175";NA;"2023-10-21 01:31:00";73107,6
"881056";"27:3:2";"Exp60_266_IS30175";"Exp60_266_IS30175";NA;"2023-10-21 01:47:00";73104
"881057";"27:3:2";"Exp60_266_IS30175";"Exp60_266_IS30175";NA;"2023-10-21 02:01:00";73102,7
"881058";"27:3:2";"Exp60_266_IS30175";"Exp60_266_IS30175";NA;"2023-10-21 08:31:00";73043,6
"881059";"27:3:2";"Exp60_266_IS30175";"Exp60_266_IS30175";NA;"2023-10-21 08:47:00";73036,2
"881060";"27:3:2";"Exp60_266_IS30175";"Exp60_266_IS30175";NA;"2023-10-21 09:01:00";73028,8
"881061";"27:3:2";"Exp60_266_IS30175";"Exp60_266_IS30175";NA;"2023-10-21 09:17:00";73021,9
"881062";"27:3:2";"Exp60_266_IS30175";"Exp60_266_IS30175";NA;"2023-10-21 09:31:00";73015,9
"881063";"27:3:2";"Exp60_266_IS30175";"Exp60_266_IS30175";NA;"2023-10-21 09:47:00";73013,3
"881064";"27:3:2";"Exp60_266_IS30175";"Exp60_266_IS30175";NA;"2023-10-21 10:01:00";73012,4
"881065";"27:3:2";"Exp60_266_IS30175";"Exp60_266_IS30175";NA;"2023-10-21 10:32:00";72995,5
"881066";"27:3:2";"Exp60_266_IS30175";"Exp60_266_IS30175";NA;"2023-10-21 10:46:00";72987,4
"881067";"27:3:2";"Exp60_266_IS30175";"Exp60_266_IS30175";NA;"2023-10-21 17:01:00";75138
"881068";"27:3:2";"Exp60_266_IS30175";"Exp60_266_IS30175";NA;"2023-10-21 17:32:00";75091,4
"881069";"27:3:2";"Exp60_266_IS30175";"Exp60_266_IS30175";NA;"2023-10-21 17:46:00";75075,3
"881070";"27:3:2";"Exp60_266_IS30175";"Exp60_266_IS30175";NA;"2023-10-21 18:02:00";75061
"881071";"27:3:2";"Exp60_266_IS30175";"Exp60_266_IS30175";NA;"2023-10-21 18:16:00";75049,3
"881072";"27:3:2";"Exp60_266_IS30175";"Exp60_266_IS30175";NA;"2023-10-21 18:32:00";75037,7
"881073";"27:3:2";"Exp60_266_IS30175";"Exp60_266_IS30175";NA;"2023-10-21 18:46:00";75028,5
"881074";"27:3:2";"Exp60_266_IS30175";"Exp60_266_IS30175";NA;"2023-10-21 19:02:00";75020,6
"881075";"27:3:2";"Exp60_266_IS30175";"Exp60_266_IS30175";NA;"2023-10-21 19:16:00";75013,1
"881076";"27:3:2";"Exp60_266_IS30175";"Exp60_266_IS30175";NA;"2023-10-21 19:32:00";75006,9
"881077";"27:3:2";"Exp60_266_IS30175";"Exp60_266_IS30175";NA;"2023-10-21 19:46:00";74999,5
"881078";"27:3:2";"Exp60_266_IS30175";"Exp60_266_IS30175";NA;"2023-10-21 20:02:00";74993,5
"881079";"27:3:2";"Exp60_266_IS30175";"Exp60_266_IS30175";NA;"2023-10-21 20:16:00";74988,3
"881080";"27:3:2";"Exp60_266_IS30175";"Exp60_266_IS30175";NA;"2023-10-21 20:32:00";74977,4
"881081";"27:3:2";"Exp60_266_IS30175";"Exp60_266_IS30175";NA;"2023-10-21 20:46:00";74981
"881082";"27:4:1";"Exp60_172_IS20763";"Exp60_172_IS20763";NA;"2023-09-22 10:17:00";77215,7
"881083";"27:4:1";"Exp60_172_IS20763";"Exp60_172_IS20763";NA;"2023-09-22 10:31:00";77197,7
"881084";"27:4:1";"Exp60_172_IS20763";"Exp60_172_IS20763";NA;"2023-09-22 10:47:00";77176,2
"881085";"27:4:1";"Exp60_172_IS20763";"Exp60_172_IS20763";NA;"2023-09-22 11:01:00";77170,2
"881086";"27:4:1";"Exp60_172_IS20763";"Exp60_172_IS20763";NA;"2023-09-22 11:32:00";77107,7
"881087";"27:4:1";"Exp60_172_IS20763";"Exp60_172_IS20763";NA;"2023-09-22 11:46:00";77085,8
"881088";"27:4:1";"Exp60_172_IS20763";"Exp60_172_IS20763";NA;"2023-09-22 12:02:00";77061
"881089";"27:4:1";"Exp60_172_IS20763";"Exp60_172_IS20763";NA;"2023-09-22 12:16:00";77039,4
"881090";"27:4:1";"Exp60_172_IS20763";"Exp60_172_IS20763";NA;"2023-09-22 12:32:00";77015,2
"881091";"27:4:1";"Exp60_172_IS20763";"Exp60_172_IS20763";NA;"2023-09-22 12:46:00";76991,8
"881092";"27:4:1";"Exp60_172_IS20763";"Exp60_172_IS20763";NA;"2023-09-22 13:02:00";76968,8
"881093";"27:4:1";"Exp60_172_IS20763";"Exp60_172_IS20763";NA;"2023-09-22 13:16:00";76944,5
"881094";"27:4:1";"Exp60_172_IS20763";"Exp60_172_IS20763";NA;"2023-09-22 13:32:00";76924,9
"881095";"27:4:1";"Exp60_172_IS20763";"Exp60_172_IS20763";NA;"2023-09-22 13:46:00";76907,2
"881096";"27:4:1";"Exp60_172_IS20763";"Exp60_172_IS20763";NA;"2023-09-22 20:31:00";76660,4
"881097";"27:4:1";"Exp60_172_IS20763";"Exp60_172_IS20763";NA;"2023-09-22 20:47:00";76657,8
"881098";"27:4:1";"Exp60_172_IS20763";"Exp60_172_IS20763";NA;"2023-09-22 21:01:00";76656,1
"881099";"27:4:1";"Exp60_172_IS20763";"Exp60_172_IS20763";NA;"2023-09-22 21:17:00";76653,7
"881100";"27:4:1";"Exp60_172_IS20763";"Exp60_172_IS20763";NA;"2023-09-22 21:31:00";76652,5
"881101";"27:4:1";"Exp60_172_IS20763";"Exp60_172_IS20763";NA;"2023-09-22 21:47:00";76649
"881102";"27:4:1";"Exp60_172_IS20763";"Exp60_172_IS20763";NA;"2023-09-22 22:01:00";76647,6
"881103";"27:4:1";"Exp60_172_IS20763";"Exp60_172_IS20763";NA;"2023-09-22 22:17:00";76646,5
"881104";"27:4:1";"Exp60_172_IS20763";"Exp60_172_IS20763";NA;"2023-09-22 22:31:00";76645,9
"881105";"27:4:1";"Exp60_172_IS20763";"Exp60_172_IS20763";NA;"2023-09-22 22:47:00";76645,6
"881106";"27:4:1";"Exp60_172_IS20763";"Exp60_172_IS20763";NA;"2023-09-22 23:01:00";76645,6
"881107";"27:4:1";"Exp60_172_IS20763";"Exp60_172_IS20763";NA;"2023-09-22 23:17:00";76645,1
"881108";"27:4:1";"Exp60_172_IS20763";"Exp60_172_IS20763";NA;"2023-09-22 23:31:00";76643,9
"881109";"27:4:1";"Exp60_172_IS20763";"Exp60_172_IS20763";NA;"2023-09-22 23:47:00";76642,1
"881110";"27:4:1";"Exp60_172_IS20763";"Exp60_172_IS20763";NA;"2023-09-23 00:01:00";76641,3
"881111";"27:4:1";"Exp60_172_IS20763";"Exp60_172_IS20763";NA;"2023-09-23 00:17:00";76639,6
"881112";"27:4:1";"Exp60_172_IS20763";"Exp60_172_IS20763";NA;"2023-09-23 01:01:00";76635,5
"881113";"27:4:1";"Exp60_172_IS20763";"Exp60_172_IS20763";NA;"2023-09-23 01:17:00";76633,7
"881114";"27:4:1";"Exp60_172_IS20763";"Exp60_172_IS20763";NA;"2023-09-23 01:31:00";76633,5
"881115";"27:4:1";"Exp60_172_IS20763";"Exp60_172_IS20763";NA;"2023-09-23 01:47:00";76631,5
"881116";"27:4:1";"Exp60_172_IS20763";"Exp60_172_IS20763";NA;"2023-09-23 02:01:00";76624,4
"881117";"27:4:1";"Exp60_172_IS20763";"Exp60_172_IS20763";NA;"2023-09-23 02:17:00";76618,8
"881118";"27:4:1";"Exp60_172_IS20763";"Exp60_172_IS20763";NA;"2023-09-23 02:31:00";76618
"881119";"27:4:1";"Exp60_172_IS20763";"Exp60_172_IS20763";NA;"2023-09-23 02:47:00";76615,4
"881120";"27:4:1";"Exp60_172_IS20763";"Exp60_172_IS20763";NA;"2023-09-23 03:01:00";76614,8
"881121";"27:4:1";"Exp60_172_IS20763";"Exp60_172_IS20763";NA;"2023-09-23 03:17:00";76610,7
"881122";"27:4:1";"Exp60_172_IS20763";"Exp60_172_IS20763";NA;"2023-09-23 03:31:00";76610,3
"881123";"27:4:1";"Exp60_172_IS20763";"Exp60_172_IS20763";NA;"2023-09-23 03:47:00";76608,1
"881124";"27:4:1";"Exp60_172_IS20763";"Exp60_172_IS20763";NA;"2023-09-23 04:16:00";76601,8
"881125";"27:4:1";"Exp60_172_IS20763";"Exp60_172_IS20763";NA;"2023-09-23 04:32:00";76605,5
"881126";"27:4:1";"Exp60_172_IS20763";"Exp60_172_IS20763";NA;"2023-09-23 04:46:00";76604,8
"881127";"27:4:1";"Exp60_172_IS20763";"Exp60_172_IS20763";NA;"2023-09-23 05:02:00";76605,8
"881128";"27:4:1";"Exp60_172_IS20763";"Exp60_172_IS20763";NA;"2023-09-23 05:16:00";76600,9
"881129";"27:4:1";"Exp60_172_IS20763";"Exp60_172_IS20763";NA;"2023-09-23 05:32:00";76602,6
"881130";"27:4:1";"Exp60_172_IS20763";"Exp60_172_IS20763";NA;"2023-09-23 05:46:00";76602,8
"881131";"27:4:1";"Exp60_172_IS20763";"Exp60_172_IS20763";NA;"2023-09-23 06:02:00";76603,8
"881132";"27:4:1";"Exp60_172_IS20763";"Exp60_172_IS20763";NA;"2023-09-23 06:16:00";76603,9
"881133";"27:4:1";"Exp60_172_IS20763";"Exp60_172_IS20763";NA;"2023-09-23 06:32:00";76602,9
"881134";"27:4:1";"Exp60_172_IS20763";"Exp60_172_IS20763";NA;"2023-09-23 06:46:00";76601,9
"881135";"27:4:1";"Exp60_172_IS20763";"Exp60_172_IS20763";NA;"2023-09-23 07:02:00";76599,5
"881136";"27:4:1";"Exp60_172_IS20763";"Exp60_172_IS20763";NA;"2023-09-23 07:16:00";76594,5
"881137";"27:4:1";"Exp60_172_IS20763";"Exp60_172_IS20763";NA;"2023-09-23 07:32:00";76588,4
"881138";"27:4:1";"Exp60_172_IS20763";"Exp60_172_IS20763";NA;"2023-09-23 07:46:00";76576,9
"881139";"27:4:1";"Exp60_172_IS20763";"Exp60_172_IS20763";NA;"2023-09-23 08:02:00";76566,1
"881140";"27:4:1";"Exp60_172_IS20763";"Exp60_172_IS20763";NA;"2023-09-23 08:16:00";76554
"881141";"27:4:1";"Exp60_172_IS20763";"Exp60_172_IS20763";NA;"2023-09-23 08:32:00";76542,4
"881142";"27:4:1";"Exp60_172_IS20763";"Exp60_172_IS20763";NA;"2023-09-23 08:46:00";76525,9
"881143";"27:4:1";"Exp60_172_IS20763";"Exp60_172_IS20763";NA;"2023-09-23 09:02:00";76517,4
"881144";"27:4:1";"Exp60_172_IS20763";"Exp60_172_IS20763";NA;"2023-09-23 09:16:00";76512
"881145";"27:4:1";"Exp60_172_IS20763";"Exp60_172_IS20763";NA;"2023-09-23 14:01:00";76135,8
"881146";"27:4:1";"Exp60_172_IS20763";"Exp60_172_IS20763";NA;"2023-09-23 14:17:00";76107,1
"881147";"27:4:1";"Exp60_172_IS20763";"Exp60_172_IS20763";NA;"2023-09-23 14:31:00";76090
"881148";"27:4:1";"Exp60_172_IS20763";"Exp60_172_IS20763";NA;"2023-09-23 14:47:00";76077,6
"881149";"27:4:1";"Exp60_172_IS20763";"Exp60_172_IS20763";NA;"2023-09-23 15:01:00";76065,8
"881150";"27:4:1";"Exp60_172_IS20763";"Exp60_172_IS20763";NA;"2023-09-23 15:32:00";76053,7
"881151";"27:4:1";"Exp60_172_IS20763";"Exp60_172_IS20763";NA;"2023-09-23 15:46:00";76046,4
"881152";"27:4:1";"Exp60_172_IS20763";"Exp60_172_IS20763";NA;"2023-09-23 16:17:00";76028,2
"881153";"27:4:1";"Exp60_172_IS20763";"Exp60_172_IS20763";NA;"2023-09-23 16:31:00";76022
"881154";"27:4:1";"Exp60_172_IS20763";"Exp60_172_IS20763";NA;"2023-09-23 16:47:00";76019,1
"881155";"27:4:1";"Exp60_172_IS20763";"Exp60_172_IS20763";NA;"2023-09-23 17:01:00";76020,1
"881156";"27:4:1";"Exp60_172_IS20763";"Exp60_172_IS20763";NA;"2023-09-23 17:17:00";76010,3
"881157";"27:4:1";"Exp60_172_IS20763";"Exp60_172_IS20763";NA;"2023-09-23 17:31:00";76010,2
"881158";"27:4:1";"Exp60_172_IS20763";"Exp60_172_IS20763";NA;"2023-09-23 17:47:00";76005
"881159";"27:4:1";"Exp60_172_IS20763";"Exp60_172_IS20763";NA;"2023-09-23 18:01:00";76002,9
"881160";"27:4:1";"Exp60_172_IS20763";"Exp60_172_IS20763";NA;"2023-09-23 18:17:00";76008,6
"881161";"27:4:1";"Exp60_172_IS20763";"Exp60_172_IS20763";NA;"2023-09-23 18:31:00";76010,1
"881162";"27:4:1";"Exp60_172_IS20763";"Exp60_172_IS20763";NA;"2023-09-23 18:47:00";76008,1
"881163";"27:4:1";"Exp60_172_IS20763";"Exp60_172_IS20763";NA;"2023-09-23 19:01:00";76008,8
"881164";"27:4:1";"Exp60_172_IS20763";"Exp60_172_IS20763";NA;"2023-09-23 19:17:00";76009,1
"881165";"27:4:1";"Exp60_172_IS20763";"Exp60_172_IS20763";NA;"2023-09-23 19:31:00";76011,2
"881166";"27:4:1";"Exp60_172_IS20763";"Exp60_172_IS20763";NA;"2023-09-23 20:02:00";76013,5
"881167";"27:4:1";"Exp60_172_IS20763";"Exp60_172_IS20763";NA;"2023-09-23 20:16:00";76016,3
"881168";"27:4:1";"Exp60_172_IS20763";"Exp60_172_IS20763";NA;"2023-09-23 20:32:00";76017,8
"881169";"27:4:1";"Exp60_172_IS20763";"Exp60_172_IS20763";NA;"2023-09-23 20:46:00";76015,7
"881170";"27:4:1";"Exp60_172_IS20763";"Exp60_172_IS20763";NA;"2023-09-23 21:02:00";76016
"881171";"27:4:1";"Exp60_172_IS20763";"Exp60_172_IS20763";NA;"2023-09-23 21:16:00";76016,1
"881172";"27:4:1";"Exp60_172_IS20763";"Exp60_172_IS20763";NA;"2023-09-23 21:32:00";76015,3
"881173";"27:4:1";"Exp60_172_IS20763";"Exp60_172_IS20763";NA;"2023-09-23 21:46:00";76015,4
"881174";"27:4:1";"Exp60_172_IS20763";"Exp60_172_IS20763";NA;"2023-09-23 22:02:00";76014,6
"881175";"27:4:1";"Exp60_172_IS20763";"Exp60_172_IS20763";NA;"2023-09-23 22:16:00";76016,7
"881176";"27:4:1";"Exp60_172_IS20763";"Exp60_172_IS20763";NA;"2023-09-23 23:17:00";76017
"881177";"27:4:1";"Exp60_172_IS20763";"Exp60_172_IS20763";NA;"2023-09-23 23:31:00";76018,4
"881178";"27:4:1";"Exp60_172_IS20763";"Exp60_172_IS20763";NA;"2023-09-23 23:47:00";76017,9
"881179";"27:4:1";"Exp60_172_IS20763";"Exp60_172_IS20763";NA;"2023-09-24 00:01:00";76018
"881180";"27:4:1";"Exp60_172_IS20763";"Exp60_172_IS20763";NA;"2023-09-24 00:17:00";76017,9
"881181";"27:4:1";"Exp60_172_IS20763";"Exp60_172_IS20763";NA;"2023-09-24 00:31:00";76016,2
"881182";"27:4:1";"Exp60_172_IS20763";"Exp60_172_IS20763";NA;"2023-09-24 00:47:00";76016,8
"881183";"27:4:1";"Exp60_172_IS20763";"Exp60_172_IS20763";NA;"2023-09-24 01:01:00";76017,6
"881184";"27:4:1";"Exp60_172_IS20763";"Exp60_172_IS20763";NA;"2023-09-24 01:17:00";76021,2
"881185";"27:4:1";"Exp60_172_IS20763";"Exp60_172_IS20763";NA;"2023-09-24 01:31:00";76023,5
"881186";"27:4:1";"Exp60_172_IS20763";"Exp60_172_IS20763";NA;"2023-09-24 01:47:00";76021,6
"881187";"27:4:1";"Exp60_172_IS20763";"Exp60_172_IS20763";NA;"2023-09-24 02:01:00";76021,4
"881188";"27:4:1";"Exp60_172_IS20763";"Exp60_172_IS20763";NA;"2023-09-24 02:17:00";76021,3
"881189";"27:4:1";"Exp60_172_IS20763";"Exp60_172_IS20763";NA;"2023-09-24 02:31:00";76023,4
"881190";"27:4:1";"Exp60_172_IS20763";"Exp60_172_IS20763";NA;"2023-09-24 02:47:00";76022,9
"881191";"27:4:1";"Exp60_172_IS20763";"Exp60_172_IS20763";NA;"2023-09-24 03:01:00";76022,3
"881192";"27:4:1";"Exp60_172_IS20763";"Exp60_172_IS20763";NA;"2023-09-24 10:01:00";75960,1
"881193";"27:4:1";"Exp60_172_IS20763";"Exp60_172_IS20763";NA;"2023-09-24 10:17:00";75949,1
"881194";"27:4:1";"Exp60_172_IS20763";"Exp60_172_IS20763";NA;"2023-09-24 10:31:00";75939,1
"881195";"27:4:1";"Exp60_172_IS20763";"Exp60_172_IS20763";NA;"2023-09-24 10:47:00";75925,6
"881196";"27:4:1";"Exp60_172_IS20763";"Exp60_172_IS20763";NA;"2023-09-24 11:01:00";75899,6
"881197";"27:4:1";"Exp60_172_IS20763";"Exp60_172_IS20763";NA;"2023-09-24 11:17:00";75887,8
"881198";"27:4:1";"Exp60_172_IS20763";"Exp60_172_IS20763";NA;"2023-09-24 11:31:00";75882,8
"881199";"27:4:1";"Exp60_172_IS20763";"Exp60_172_IS20763";NA;"2023-09-24 11:47:00";75859,1
"881200";"27:4:1";"Exp60_172_IS20763";"Exp60_172_IS20763";NA;"2023-09-24 12:01:00";75846,4
"881201";"27:4:1";"Exp60_172_IS20763";"Exp60_172_IS20763";NA;"2023-09-24 12:17:00";75831,4
"881202";"27:4:1";"Exp60_172_IS20763";"Exp60_172_IS20763";NA;"2023-09-24 12:31:00";75808,4
"881203";"27:4:1";"Exp60_172_IS20763";"Exp60_172_IS20763";NA;"2023-09-24 12:47:00";75800,6
"881204";"27:4:1";"Exp60_172_IS20763";"Exp60_172_IS20763";NA;"2023-09-24 13:01:00";75793,8
"881205";"27:4:1";"Exp60_172_IS20763";"Exp60_172_IS20763";NA;"2023-09-24 13:17:00";75788,4
"881206";"27:4:1";"Exp60_172_IS20763";"Exp60_172_IS20763";NA;"2023-09-24 13:31:00";75782
"881207";"27:4:1";"Exp60_172_IS20763";"Exp60_172_IS20763";NA;"2023-09-24 13:47:00";75765,5
"881208";"27:4:1";"Exp60_172_IS20763";"Exp60_172_IS20763";NA;"2023-09-24 14:01:00";75764,1
"881209";"27:4:1";"Exp60_172_IS20763";"Exp60_172_IS20763";NA;"2023-09-24 14:17:00";75758,1
"881210";"27:4:1";"Exp60_172_IS20763";"Exp60_172_IS20763";NA;"2023-09-24 14:31:00";75793,1
"881211";"27:4:1";"Exp60_172_IS20763";"Exp60_172_IS20763";NA;"2023-09-24 14:47:00";75888,3
"881212";"27:4:1";"Exp60_172_IS20763";"Exp60_172_IS20763";NA;"2023-09-24 15:01:00";75888,9
"881213";"27:4:1";"Exp60_172_IS20763";"Exp60_172_IS20763";NA;"2023-09-24 15:17:00";75882
"881214";"27:4:1";"Exp60_172_IS20763";"Exp60_172_IS20763";NA;"2023-09-24 15:31:00";75873,7
"881215";"27:4:1";"Exp60_172_IS20763";"Exp60_172_IS20763";NA;"2023-09-24 15:47:00";75868,8
"881216";"27:4:1";"Exp60_172_IS20763";"Exp60_172_IS20763";NA;"2023-09-24 16:01:00";75857,2
"881217";"27:4:1";"Exp60_172_IS20763";"Exp60_172_IS20763";NA;"2023-09-24 22:31:00";75977,9
"881218";"27:4:1";"Exp60_172_IS20763";"Exp60_172_IS20763";NA;"2023-09-24 22:47:00";75977,6
"881219";"27:4:1";"Exp60_172_IS20763";"Exp60_172_IS20763";NA;"2023-09-24 23:01:00";75976,2
"881220";"27:4:1";"Exp60_172_IS20763";"Exp60_172_IS20763";NA;"2023-09-24 23:17:00";75973,8
"881221";"27:4:1";"Exp60_172_IS20763";"Exp60_172_IS20763";NA;"2023-09-24 23:31:00";75975,2
"881222";"27:4:1";"Exp60_172_IS20763";"Exp60_172_IS20763";NA;"2023-09-24 23:47:00";75973,8
"881223";"27:4:1";"Exp60_172_IS20763";"Exp60_172_IS20763";NA;"2023-09-25 00:01:00";75973,1
"881224";"27:4:1";"Exp60_172_IS20763";"Exp60_172_IS20763";NA;"2023-09-25 00:17:00";75973
"881225";"27:4:1";"Exp60_172_IS20763";"Exp60_172_IS20763";NA;"2023-09-25 00:31:00";75974,4
"881226";"27:4:1";"Exp60_172_IS20763";"Exp60_172_IS20763";NA;"2023-09-25 00:47:00";75976
"881227";"27:4:1";"Exp60_172_IS20763";"Exp60_172_IS20763";NA;"2023-09-25 01:01:00";75976,1
"881228";"27:4:1";"Exp60_172_IS20763";"Exp60_172_IS20763";NA;"2023-09-25 01:17:00";75974,7
"881229";"27:4:1";"Exp60_172_IS20763";"Exp60_172_IS20763";NA;"2023-09-25 01:31:00";75975,7
"881230";"27:4:1";"Exp60_172_IS20763";"Exp60_172_IS20763";NA;"2023-09-25 01:47:00";75976,8
"881231";"27:4:1";"Exp60_172_IS20763";"Exp60_172_IS20763";NA;"2023-09-25 02:01:00";75975,2
"881232";"27:4:1";"Exp60_172_IS20763";"Exp60_172_IS20763";NA;"2023-09-25 03:02:00";75968,4
"881233";"27:4:1";"Exp60_172_IS20763";"Exp60_172_IS20763";NA;"2023-09-25 03:16:00";75970,8
"881234";"27:4:1";"Exp60_172_IS20763";"Exp60_172_IS20763";NA;"2023-09-25 04:32:00";75965,4
"881235";"27:4:1";"Exp60_172_IS20763";"Exp60_172_IS20763";NA;"2023-09-25 04:46:00";75967,1
"881236";"27:4:1";"Exp60_172_IS20763";"Exp60_172_IS20763";NA;"2023-09-25 05:17:00";75966,1
"881237";"27:4:1";"Exp60_172_IS20763";"Exp60_172_IS20763";NA;"2023-09-25 05:31:00";75966,6
"881238";"27:4:1";"Exp60_172_IS20763";"Exp60_172_IS20763";NA;"2023-09-25 05:47:00";75965,1
"881239";"27:4:1";"Exp60_172_IS20763";"Exp60_172_IS20763";NA;"2023-09-25 06:01:00";75964,3
"881240";"27:4:1";"Exp60_172_IS20763";"Exp60_172_IS20763";NA;"2023-09-25 06:17:00";75962,2
"881241";"27:4:1";"Exp60_172_IS20763";"Exp60_172_IS20763";NA;"2023-09-25 06:31:00";75961
"881242";"27:4:1";"Exp60_172_IS20763";"Exp60_172_IS20763";NA;"2023-09-25 06:47:00";75961
"881243";"27:4:1";"Exp60_172_IS20763";"Exp60_172_IS20763";NA;"2023-09-25 07:01:00";75961,4
"881244";"27:4:1";"Exp60_172_IS20763";"Exp60_172_IS20763";NA;"2023-09-25 07:17:00";75963,4
"881245";"27:4:1";"Exp60_172_IS20763";"Exp60_172_IS20763";NA;"2023-09-25 07:31:00";75956,9
"881246";"27:4:1";"Exp60_172_IS20763";"Exp60_172_IS20763";NA;"2023-09-25 07:47:00";75953,5
"881247";"27:4:1";"Exp60_172_IS20763";"Exp60_172_IS20763";NA;"2023-09-25 08:01:00";75953,9
"881248";"27:4:1";"Exp60_172_IS20763";"Exp60_172_IS20763";NA;"2023-09-25 14:46:00";75594,2
"881249";"27:4:1";"Exp60_172_IS20763";"Exp60_172_IS20763";NA;"2023-09-25 15:02:00";75591
"881250";"27:4:1";"Exp60_172_IS20763";"Exp60_172_IS20763";NA;"2023-09-25 15:16:00";75601,8
"881251";"27:4:1";"Exp60_172_IS20763";"Exp60_172_IS20763";NA;"2023-09-25 15:32:00";75582
"881252";"27:4:1";"Exp60_172_IS20763";"Exp60_172_IS20763";NA;"2023-09-25 15:46:00";75568,9
"881253";"27:4:1";"Exp60_172_IS20763";"Exp60_172_IS20763";NA;"2023-09-25 16:02:00";75558,2
"881254";"27:4:1";"Exp60_172_IS20763";"Exp60_172_IS20763";NA;"2023-09-25 17:16:00";75550,4
"881255";"27:4:1";"Exp60_172_IS20763";"Exp60_172_IS20763";NA;"2023-09-25 17:32:00";75553,6
"881256";"27:4:1";"Exp60_172_IS20763";"Exp60_172_IS20763";NA;"2023-09-25 17:46:00";75555
"881257";"27:4:1";"Exp60_172_IS20763";"Exp60_172_IS20763";NA;"2023-09-25 18:02:00";75553,8
"881258";"27:4:1";"Exp60_172_IS20763";"Exp60_172_IS20763";NA;"2023-09-25 19:01:00";75557,7
"881259";"27:4:1";"Exp60_172_IS20763";"Exp60_172_IS20763";NA;"2023-09-25 19:17:00";75559,4
"881260";"27:4:1";"Exp60_172_IS20763";"Exp60_172_IS20763";NA;"2023-09-25 19:31:00";75561,1
"881261";"27:4:1";"Exp60_172_IS20763";"Exp60_172_IS20763";NA;"2023-09-25 19:47:00";75561,1
"881262";"27:4:1";"Exp60_172_IS20763";"Exp60_172_IS20763";NA;"2023-09-25 20:01:00";75560,3
"881263";"27:4:1";"Exp60_172_IS20763";"Exp60_172_IS20763";NA;"2023-09-25 20:17:00";75559
"881264";"27:4:1";"Exp60_172_IS20763";"Exp60_172_IS20763";NA;"2023-09-25 20:31:00";75558,9
"881265";"27:4:1";"Exp60_172_IS20763";"Exp60_172_IS20763";NA;"2023-09-25 20:47:00";75558,8
"881266";"27:4:1";"Exp60_172_IS20763";"Exp60_172_IS20763";NA;"2023-09-25 21:16:00";75559,4
"881267";"27:4:1";"Exp60_172_IS20763";"Exp60_172_IS20763";NA;"2023-09-25 21:32:00";75560,1
"881268";"27:4:1";"Exp60_172_IS20763";"Exp60_172_IS20763";NA;"2023-09-25 21:46:00";75560
"881269";"27:4:1";"Exp60_172_IS20763";"Exp60_172_IS20763";NA;"2023-09-25 22:02:00";75561,4
"881270";"27:4:1";"Exp60_172_IS20763";"Exp60_172_IS20763";NA;"2023-09-25 22:16:00";75559,4
"881271";"27:4:1";"Exp60_172_IS20763";"Exp60_172_IS20763";NA;"2023-09-25 22:32:00";75558,8
"881272";"27:4:1";"Exp60_172_IS20763";"Exp60_172_IS20763";NA;"2023-09-25 22:46:00";75557,8
"881273";"27:4:1";"Exp60_172_IS20763";"Exp60_172_IS20763";NA;"2023-09-25 23:02:00";75558,3
"881274";"27:4:1";"Exp60_172_IS20763";"Exp60_172_IS20763";NA;"2023-09-25 23:16:00";75556,8
"881275";"27:4:1";"Exp60_172_IS20763";"Exp60_172_IS20763";NA;"2023-09-25 23:32:00";75558,2
"881276";"27:4:1";"Exp60_172_IS20763";"Exp60_172_IS20763";NA;"2023-09-25 23:46:00";75558,5
"881277";"27:4:1";"Exp60_172_IS20763";"Exp60_172_IS20763";NA;"2023-09-26 00:02:00";75561,6
"881278";"27:4:1";"Exp60_172_IS20763";"Exp60_172_IS20763";NA;"2023-09-26 00:16:00";75562,2
"881279";"27:4:1";"Exp60_172_IS20763";"Exp60_172_IS20763";NA;"2023-09-26 00:32:00";75561,5
"881280";"27:4:1";"Exp60_172_IS20763";"Exp60_172_IS20763";NA;"2023-09-26 00:46:00";75555,7
"881281";"27:4:1";"Exp60_172_IS20763";"Exp60_172_IS20763";NA;"2023-09-26 01:02:00";75550,3
"881282";"27:4:1";"Exp60_172_IS20763";"Exp60_172_IS20763";NA;"2023-09-26 01:16:00";75548,3
"881283";"27:4:1";"Exp60_172_IS20763";"Exp60_172_IS20763";NA;"2023-09-26 01:32:00";75546,4
"881284";"27:4:1";"Exp60_172_IS20763";"Exp60_172_IS20763";NA;"2023-09-26 01:46:00";75544,8
"881285";"27:4:1";"Exp60_172_IS20763";"Exp60_172_IS20763";NA;"2023-09-26 02:02:00";75545
"881286";"27:4:1";"Exp60_172_IS20763";"Exp60_172_IS20763";NA;"2023-09-26 02:16:00";75544,9
"881287";"27:4:1";"Exp60_172_IS20763";"Exp60_172_IS20763";NA;"2023-09-26 02:32:00";75543,4
"881288";"27:4:1";"Exp60_172_IS20763";"Exp60_172_IS20763";NA;"2023-09-26 02:46:00";75539,5
"881289";"27:4:1";"Exp60_172_IS20763";"Exp60_172_IS20763";NA;"2023-09-26 03:02:00";75538,3
"881290";"27:4:1";"Exp60_172_IS20763";"Exp60_172_IS20763";NA;"2023-09-26 03:16:00";75538,5
"881291";"27:4:1";"Exp60_172_IS20763";"Exp60_172_IS20763";NA;"2023-09-26 03:32:00";75539
"881292";"27:4:1";"Exp60_172_IS20763";"Exp60_172_IS20763";NA;"2023-09-26 03:46:00";75537
"881293";"27:4:1";"Exp60_172_IS20763";"Exp60_172_IS20763";NA;"2023-09-26 04:02:00";75536,7
"881294";"27:4:1";"Exp60_172_IS20763";"Exp60_172_IS20763";NA;"2023-09-26 04:16:00";75533,4
"881295";"27:4:1";"Exp60_172_IS20763";"Exp60_172_IS20763";NA;"2023-09-26 04:32:00";75532,5
"881296";"27:4:1";"Exp60_172_IS20763";"Exp60_172_IS20763";NA;"2023-09-26 04:46:00";75532,3
"881297";"27:4:1";"Exp60_172_IS20763";"Exp60_172_IS20763";NA;"2023-09-26 05:02:00";75530,2
"881298";"27:4:1";"Exp60_172_IS20763";"Exp60_172_IS20763";NA;"2023-09-26 05:16:00";75530,5
"881299";"27:4:1";"Exp60_172_IS20763";"Exp60_172_IS20763";NA;"2023-09-26 05:32:00";75527,1
"881300";"27:4:1";"Exp60_172_IS20763";"Exp60_172_IS20763";NA;"2023-09-26 05:46:00";75525,3
"881301";"27:4:1";"Exp60_172_IS20763";"Exp60_172_IS20763";NA;"2023-09-26 06:02:00";75526,3
"881302";"27:4:1";"Exp60_172_IS20763";"Exp60_172_IS20763";NA;"2023-09-26 06:16:00";75525,5
"881303";"27:4:1";"Exp60_172_IS20763";"Exp60_172_IS20763";NA;"2023-09-26 06:32:00";75525,1
"881304";"27:4:1";"Exp60_172_IS20763";"Exp60_172_IS20763";NA;"2023-09-26 06:46:00";75524,7
"881305";"27:4:1";"Exp60_172_IS20763";"Exp60_172_IS20763";NA;"2023-09-26 07:02:00";75520,8
"881306";"27:4:1";"Exp60_172_IS20763";"Exp60_172_IS20763";NA;"2023-09-26 07:16:00";75522,8
"881307";"27:4:1";"Exp60_172_IS20763";"Exp60_172_IS20763";NA;"2023-09-26 07:47:00";75519,2
"881308";"27:4:1";"Exp60_172_IS20763";"Exp60_172_IS20763";NA;"2023-09-26 08:01:00";75515,1
"881309";"27:4:1";"Exp60_172_IS20763";"Exp60_172_IS20763";NA;"2023-09-26 08:17:00";75511,6
"881310";"27:4:1";"Exp60_172_IS20763";"Exp60_172_IS20763";NA;"2023-09-26 08:31:00";75506,3
"881311";"27:4:1";"Exp60_172_IS20763";"Exp60_172_IS20763";NA;"2023-09-26 09:02:00";75495,1
"881312";"27:4:1";"Exp60_172_IS20763";"Exp60_172_IS20763";NA;"2023-09-26 09:16:00";75487,6
"881313";"27:4:1";"Exp60_172_IS20763";"Exp60_172_IS20763";NA;"2023-09-26 09:32:00";75478,8
"881314";"27:4:1";"Exp60_172_IS20763";"Exp60_172_IS20763";NA;"2023-09-26 09:46:00";75444,2
"881315";"27:4:1";"Exp60_172_IS20763";"Exp60_172_IS20763";NA;"2023-09-26 10:02:00";75428,2
"881316";"27:4:1";"Exp60_172_IS20763";"Exp60_172_IS20763";NA;"2023-09-26 10:16:00";75409
"881317";"27:4:1";"Exp60_172_IS20763";"Exp60_172_IS20763";NA;"2023-09-26 10:32:00";75388,5
"881318";"27:4:1";"Exp60_172_IS20763";"Exp60_172_IS20763";NA;"2023-09-26 10:46:00";75373,1
"881319";"27:4:1";"Exp60_172_IS20763";"Exp60_172_IS20763";NA;"2023-09-26 11:02:00";75357,6
"881320";"27:4:1";"Exp60_172_IS20763";"Exp60_172_IS20763";NA;"2023-09-26 11:16:00";75338,8
"881321";"27:4:1";"Exp60_172_IS20763";"Exp60_172_IS20763";NA;"2023-09-26 11:47:00";75300,1
"881322";"27:4:1";"Exp60_172_IS20763";"Exp60_172_IS20763";NA;"2023-09-26 12:01:00";75285,7
"881323";"27:4:1";"Exp60_172_IS20763";"Exp60_172_IS20763";NA;"2023-09-26 12:17:00";75277,2
"881324";"27:4:1";"Exp60_172_IS20763";"Exp60_172_IS20763";NA;"2023-09-26 12:31:00";75263,9
"881325";"27:4:1";"Exp60_172_IS20763";"Exp60_172_IS20763";NA;"2023-09-26 12:47:00";75239,3
"881326";"27:4:1";"Exp60_172_IS20763";"Exp60_172_IS20763";NA;"2023-09-26 13:01:00";75222,9
"881327";"27:4:1";"Exp60_172_IS20763";"Exp60_172_IS20763";NA;"2023-09-26 13:32:00";75200,1
"881328";"27:4:1";"Exp60_172_IS20763";"Exp60_172_IS20763";NA;"2023-09-26 13:46:00";75190,6
"881329";"27:4:1";"Exp60_172_IS20763";"Exp60_172_IS20763";NA;"2023-09-26 14:02:00";75180,6
"881330";"27:4:1";"Exp60_172_IS20763";"Exp60_172_IS20763";NA;"2023-09-26 14:16:00";75164,9
"881331";"27:4:1";"Exp60_172_IS20763";"Exp60_172_IS20763";NA;"2023-09-26 14:32:00";75150,7
"881332";"27:4:1";"Exp60_172_IS20763";"Exp60_172_IS20763";NA;"2023-09-26 14:46:00";75133,8
"881333";"27:4:1";"Exp60_172_IS20763";"Exp60_172_IS20763";NA;"2023-09-26 15:02:00";75117,9
"881334";"27:4:1";"Exp60_172_IS20763";"Exp60_172_IS20763";NA;"2023-09-26 15:16:00";75107,4
"881335";"27:4:1";"Exp60_172_IS20763";"Exp60_172_IS20763";NA;"2023-09-26 15:32:00";75097,5
"881336";"27:4:1";"Exp60_172_IS20763";"Exp60_172_IS20763";NA;"2023-09-26 15:46:00";75105,6
"881337";"27:4:1";"Exp60_172_IS20763";"Exp60_172_IS20763";NA;"2023-09-26 16:02:00";75484,5
"881338";"27:4:1";"Exp60_172_IS20763";"Exp60_172_IS20763";NA;"2023-09-26 16:16:00";75730,5
"881339";"27:4:1";"Exp60_172_IS20763";"Exp60_172_IS20763";NA;"2023-09-26 22:01:00";75724,3
"881340";"27:4:1";"Exp60_172_IS20763";"Exp60_172_IS20763";NA;"2023-09-26 22:17:00";75724,7
"881341";"27:4:1";"Exp60_172_IS20763";"Exp60_172_IS20763";NA;"2023-09-26 22:31:00";75726
"881342";"27:4:1";"Exp60_172_IS20763";"Exp60_172_IS20763";NA;"2023-09-26 22:47:00";75726
"881343";"27:4:1";"Exp60_172_IS20763";"Exp60_172_IS20763";NA;"2023-09-26 23:01:00";75727,6
"881344";"27:4:1";"Exp60_172_IS20763";"Exp60_172_IS20763";NA;"2023-09-26 23:17:00";75727,3
"881345";"27:4:1";"Exp60_172_IS20763";"Exp60_172_IS20763";NA;"2023-09-26 23:31:00";75727,6
"881346";"27:4:1";"Exp60_172_IS20763";"Exp60_172_IS20763";NA;"2023-09-26 23:47:00";75727,7
"881347";"27:4:1";"Exp60_172_IS20763";"Exp60_172_IS20763";NA;"2023-09-27 00:31:00";75729,7
"881348";"27:4:1";"Exp60_172_IS20763";"Exp60_172_IS20763";NA;"2023-09-27 00:47:00";75730,3
"881349";"27:4:1";"Exp60_172_IS20763";"Exp60_172_IS20763";NA;"2023-09-27 01:01:00";75730,9
"881350";"27:4:1";"Exp60_172_IS20763";"Exp60_172_IS20763";NA;"2023-09-27 01:17:00";75730,1
"881351";"27:4:1";"Exp60_172_IS20763";"Exp60_172_IS20763";NA;"2023-09-27 01:31:00";75731,4
"881352";"27:4:1";"Exp60_172_IS20763";"Exp60_172_IS20763";NA;"2023-09-27 01:47:00";75731,7
"881353";"27:4:1";"Exp60_172_IS20763";"Exp60_172_IS20763";NA;"2023-09-27 02:01:00";75730,1
"881354";"27:4:1";"Exp60_172_IS20763";"Exp60_172_IS20763";NA;"2023-09-27 02:17:00";75730,4
"881355";"27:4:1";"Exp60_172_IS20763";"Exp60_172_IS20763";NA;"2023-09-27 02:31:00";75730,5
"881356";"27:4:1";"Exp60_172_IS20763";"Exp60_172_IS20763";NA;"2023-09-27 02:47:00";75730,6
"881357";"27:4:1";"Exp60_172_IS20763";"Exp60_172_IS20763";NA;"2023-09-27 03:01:00";75730,4
"881358";"27:4:1";"Exp60_172_IS20763";"Exp60_172_IS20763";NA;"2023-09-27 03:17:00";75730,6
"881359";"27:4:1";"Exp60_172_IS20763";"Exp60_172_IS20763";NA;"2023-09-27 03:31:00";75732
"881360";"27:4:1";"Exp60_172_IS20763";"Exp60_172_IS20763";NA;"2023-09-27 03:47:00";75732
"881361";"27:4:1";"Exp60_172_IS20763";"Exp60_172_IS20763";NA;"2023-09-27 04:01:00";75734,6
"881362";"27:4:1";"Exp60_172_IS20763";"Exp60_172_IS20763";NA;"2023-09-27 04:17:00";75734,9
"881363";"27:4:1";"Exp60_172_IS20763";"Exp60_172_IS20763";NA;"2023-09-27 04:31:00";75736
"881364";"27:4:1";"Exp60_172_IS20763";"Exp60_172_IS20763";NA;"2023-09-27 04:47:00";75735,5
"881365";"27:4:1";"Exp60_172_IS20763";"Exp60_172_IS20763";NA;"2023-09-27 05:01:00";75735,8
"881366";"27:4:1";"Exp60_172_IS20763";"Exp60_172_IS20763";NA;"2023-09-27 05:17:00";75736,4
"881367";"27:4:1";"Exp60_172_IS20763";"Exp60_172_IS20763";NA;"2023-09-27 05:31:00";75735,9
"881368";"27:4:1";"Exp60_172_IS20763";"Exp60_172_IS20763";NA;"2023-09-27 05:47:00";75737,1
"881369";"27:4:1";"Exp60_172_IS20763";"Exp60_172_IS20763";NA;"2023-09-27 06:01:00";75738,5
"881370";"27:4:1";"Exp60_172_IS20763";"Exp60_172_IS20763";NA;"2023-09-27 06:17:00";75738,4
"881371";"27:4:1";"Exp60_172_IS20763";"Exp60_172_IS20763";NA;"2023-09-27 06:31:00";75738,6
"881372";"27:4:1";"Exp60_172_IS20763";"Exp60_172_IS20763";NA;"2023-09-27 06:47:00";75739
"881373";"27:4:1";"Exp60_172_IS20763";"Exp60_172_IS20763";NA;"2023-09-27 07:01:00";75738,5
"881374";"27:4:1";"Exp60_172_IS20763";"Exp60_172_IS20763";NA;"2023-09-27 07:32:00";75735,1
"881375";"27:4:1";"Exp60_172_IS20763";"Exp60_172_IS20763";NA;"2023-09-27 07:46:00";75728,8
"881376";"27:4:1";"Exp60_172_IS20763";"Exp60_172_IS20763";NA;"2023-09-27 08:02:00";75722,4
"881377";"27:4:1";"Exp60_172_IS20763";"Exp60_172_IS20763";NA;"2023-09-27 08:16:00";75711,6
"881378";"27:4:1";"Exp60_172_IS20763";"Exp60_172_IS20763";NA;"2023-09-27 08:32:00";75700,3
"881379";"27:4:1";"Exp60_172_IS20763";"Exp60_172_IS20763";NA;"2023-09-27 08:46:00";75690,3
"881380";"27:4:1";"Exp60_172_IS20763";"Exp60_172_IS20763";NA;"2023-09-27 09:02:00";75675,4
"881381";"27:4:1";"Exp60_172_IS20763";"Exp60_172_IS20763";NA;"2023-09-27 09:16:00";75657,4
"881382";"27:4:1";"Exp60_172_IS20763";"Exp60_172_IS20763";NA;"2023-09-27 15:46:00";75713,8
"881383";"27:4:1";"Exp60_172_IS20763";"Exp60_172_IS20763";NA;"2023-09-27 16:02:00";76204,3
"881384";"27:4:1";"Exp60_172_IS20763";"Exp60_172_IS20763";NA;"2023-09-27 16:16:00";76445,7
"881385";"27:4:1";"Exp60_172_IS20763";"Exp60_172_IS20763";NA;"2023-09-27 16:32:00";76446,7
"881386";"27:4:1";"Exp60_172_IS20763";"Exp60_172_IS20763";NA;"2023-09-27 16:46:00";76446,8
"881387";"27:4:1";"Exp60_172_IS20763";"Exp60_172_IS20763";NA;"2023-09-27 17:17:00";76424,8
"881388";"27:4:1";"Exp60_172_IS20763";"Exp60_172_IS20763";NA;"2023-09-27 17:31:00";76418,5
"881389";"27:4:1";"Exp60_172_IS20763";"Exp60_172_IS20763";NA;"2023-09-27 17:47:00";76416,3
"881390";"27:4:1";"Exp60_172_IS20763";"Exp60_172_IS20763";NA;"2023-09-27 18:01:00";76410,3
"881391";"27:4:1";"Exp60_172_IS20763";"Exp60_172_IS20763";NA;"2023-09-27 18:17:00";76407,6
"881392";"27:4:1";"Exp60_172_IS20763";"Exp60_172_IS20763";NA;"2023-09-27 18:31:00";76405
"881393";"27:4:1";"Exp60_172_IS20763";"Exp60_172_IS20763";NA;"2023-09-27 18:47:00";76397,6
"881394";"27:4:1";"Exp60_172_IS20763";"Exp60_172_IS20763";NA;"2023-09-27 19:01:00";76398,4
"881395";"27:4:1";"Exp60_172_IS20763";"Exp60_172_IS20763";NA;"2023-09-27 19:17:00";76387,6
"881396";"27:4:1";"Exp60_172_IS20763";"Exp60_172_IS20763";NA;"2023-09-27 19:31:00";76400,1
"881397";"27:4:1";"Exp60_172_IS20763";"Exp60_172_IS20763";NA;"2023-09-27 19:47:00";76429,9
"881398";"27:4:1";"Exp60_172_IS20763";"Exp60_172_IS20763";NA;"2023-09-27 20:01:00";76434,4
"881399";"27:4:1";"Exp60_172_IS20763";"Exp60_172_IS20763";NA;"2023-09-27 20:17:00";76444,6
"881400";"27:4:1";"Exp60_172_IS20763";"Exp60_172_IS20763";NA;"2023-09-27 20:31:00";76435
"881401";"27:4:1";"Exp60_172_IS20763";"Exp60_172_IS20763";NA;"2023-09-27 20:47:00";76428,4
"881402";"27:4:1";"Exp60_172_IS20763";"Exp60_172_IS20763";NA;"2023-09-27 21:01:00";76426,4
"881403";"27:4:1";"Exp60_172_IS20763";"Exp60_172_IS20763";NA;"2023-09-28 01:31:00";76357,9
"881404";"27:4:1";"Exp60_172_IS20763";"Exp60_172_IS20763";NA;"2023-09-28 01:47:00";76356,1
"881405";"27:4:1";"Exp60_172_IS20763";"Exp60_172_IS20763";NA;"2023-09-28 02:01:00";76354,6
"881406";"27:4:1";"Exp60_172_IS20763";"Exp60_172_IS20763";NA;"2023-09-28 02:17:00";76352,9
"881407";"27:4:1";"Exp60_172_IS20763";"Exp60_172_IS20763";NA;"2023-09-28 02:31:00";76352,3
"881408";"27:4:1";"Exp60_172_IS20763";"Exp60_172_IS20763";NA;"2023-09-28 03:17:00";76350,3
"881409";"27:4:1";"Exp60_172_IS20763";"Exp60_172_IS20763";NA;"2023-09-28 03:31:00";76346,9
"881410";"27:4:1";"Exp60_172_IS20763";"Exp60_172_IS20763";NA;"2023-09-28 03:47:00";76343,1
"881411";"27:4:1";"Exp60_172_IS20763";"Exp60_172_IS20763";NA;"2023-09-28 04:01:00";76340,3
"881412";"27:4:1";"Exp60_172_IS20763";"Exp60_172_IS20763";NA;"2023-09-28 04:17:00";76339,9
"881413";"27:4:1";"Exp60_172_IS20763";"Exp60_172_IS20763";NA;"2023-09-28 04:31:00";76340,8
"881414";"27:4:1";"Exp60_172_IS20763";"Exp60_172_IS20763";NA;"2023-09-28 04:47:00";76338,3
"881415";"27:4:1";"Exp60_172_IS20763";"Exp60_172_IS20763";NA;"2023-09-28 05:01:00";76337,2
"881416";"27:4:1";"Exp60_172_IS20763";"Exp60_172_IS20763";NA;"2023-09-28 05:17:00";76336,3
"881417";"27:4:1";"Exp60_172_IS20763";"Exp60_172_IS20763";NA;"2023-09-28 05:31:00";76333,8
"881418";"27:4:1";"Exp60_172_IS20763";"Exp60_172_IS20763";NA;"2023-09-28 05:47:00";76334
"881419";"27:4:1";"Exp60_172_IS20763";"Exp60_172_IS20763";NA;"2023-09-28 06:01:00";76334,9
"881420";"27:4:1";"Exp60_172_IS20763";"Exp60_172_IS20763";NA;"2023-09-28 06:17:00";76333,6
"881421";"27:4:1";"Exp60_172_IS20763";"Exp60_172_IS20763";NA;"2023-09-28 07:16:00";76326,8
"881422";"27:4:1";"Exp60_172_IS20763";"Exp60_172_IS20763";NA;"2023-09-28 07:32:00";76321,1
"881423";"27:4:1";"Exp60_172_IS20763";"Exp60_172_IS20763";NA;"2023-09-28 08:16:00";76288
"881424";"27:4:1";"Exp60_172_IS20763";"Exp60_172_IS20763";NA;"2023-09-28 08:47:00";76248,2
"881425";"27:4:1";"Exp60_172_IS20763";"Exp60_172_IS20763";NA;"2023-09-28 09:01:00";76181,1
"881426";"27:4:1";"Exp60_172_IS20763";"Exp60_172_IS20763";NA;"2023-09-28 16:16:00";75605,6
"881427";"27:4:1";"Exp60_172_IS20763";"Exp60_172_IS20763";NA;"2023-09-28 16:47:00";75592,2
"881428";"27:4:1";"Exp60_172_IS20763";"Exp60_172_IS20763";NA;"2023-09-28 17:01:00";75595,1
"881429";"27:4:1";"Exp60_172_IS20763";"Exp60_172_IS20763";NA;"2023-09-28 17:17:00";75584,3
"881430";"27:4:1";"Exp60_172_IS20763";"Exp60_172_IS20763";NA;"2023-09-28 17:31:00";75587,9
"881431";"27:4:1";"Exp60_172_IS20763";"Exp60_172_IS20763";NA;"2023-09-28 18:02:00";75591,9
"881432";"27:4:1";"Exp60_172_IS20763";"Exp60_172_IS20763";NA;"2023-09-28 18:16:00";75668,4
"881433";"27:4:1";"Exp60_172_IS20763";"Exp60_172_IS20763";NA;"2023-09-28 18:32:00";75771,9
"881434";"27:4:1";"Exp60_172_IS20763";"Exp60_172_IS20763";NA;"2023-09-28 18:46:00";75793,4
"881435";"27:4:1";"Exp60_172_IS20763";"Exp60_172_IS20763";NA;"2023-09-28 19:02:00";75793,6
"881436";"27:4:1";"Exp60_172_IS20763";"Exp60_172_IS20763";NA;"2023-09-28 19:16:00";75786,4
"881437";"27:4:1";"Exp60_172_IS20763";"Exp60_172_IS20763";NA;"2023-09-28 19:32:00";75777,3
"881438";"27:4:1";"Exp60_172_IS20763";"Exp60_172_IS20763";NA;"2023-09-28 19:46:00";75767,9
"881439";"27:4:1";"Exp60_172_IS20763";"Exp60_172_IS20763";NA;"2023-09-28 20:02:00";75761,9
"881440";"27:4:1";"Exp60_172_IS20763";"Exp60_172_IS20763";NA;"2023-09-28 20:16:00";75761
"881441";"27:4:1";"Exp60_172_IS20763";"Exp60_172_IS20763";NA;"2023-09-28 20:32:00";75754,6
"881442";"27:4:1";"Exp60_172_IS20763";"Exp60_172_IS20763";NA;"2023-09-28 20:46:00";75752,6
"881443";"27:4:1";"Exp60_172_IS20763";"Exp60_172_IS20763";NA;"2023-09-28 21:02:00";75755,5
"881444";"27:4:1";"Exp60_172_IS20763";"Exp60_172_IS20763";NA;"2023-09-28 21:16:00";75754,4
"881445";"27:4:1";"Exp60_172_IS20763";"Exp60_172_IS20763";NA;"2023-09-28 21:32:00";75752,6
"881446";"27:4:1";"Exp60_172_IS20763";"Exp60_172_IS20763";NA;"2023-09-28 21:46:00";75747,5
"881447";"27:4:1";"Exp60_172_IS20763";"Exp60_172_IS20763";NA;"2023-09-28 22:17:00";75744,7
"881448";"27:4:1";"Exp60_172_IS20763";"Exp60_172_IS20763";NA;"2023-09-28 22:31:00";75741,9
"881449";"27:4:1";"Exp60_172_IS20763";"Exp60_172_IS20763";NA;"2023-09-28 22:47:00";75739,7
"881450";"27:4:1";"Exp60_172_IS20763";"Exp60_172_IS20763";NA;"2023-09-28 23:01:00";75738,2
"881451";"27:4:1";"Exp60_172_IS20763";"Exp60_172_IS20763";NA;"2023-09-28 23:17:00";75735,8
"881452";"27:4:1";"Exp60_172_IS20763";"Exp60_172_IS20763";NA;"2023-09-28 23:31:00";75738,4
"881453";"27:4:1";"Exp60_172_IS20763";"Exp60_172_IS20763";NA;"2023-09-29 00:17:00";75737,6
"881454";"27:4:1";"Exp60_172_IS20763";"Exp60_172_IS20763";NA;"2023-09-29 00:31:00";75735,8
"881455";"27:4:1";"Exp60_172_IS20763";"Exp60_172_IS20763";NA;"2023-09-29 00:47:00";75732,4
"881456";"27:4:1";"Exp60_172_IS20763";"Exp60_172_IS20763";NA;"2023-09-29 01:01:00";75732,5
"881457";"27:4:1";"Exp60_172_IS20763";"Exp60_172_IS20763";NA;"2023-09-29 01:17:00";75731,8
"881458";"27:4:1";"Exp60_172_IS20763";"Exp60_172_IS20763";NA;"2023-09-29 01:31:00";75730,8
"881459";"27:4:1";"Exp60_172_IS20763";"Exp60_172_IS20763";NA;"2023-09-29 01:47:00";75731,8
"881460";"27:4:1";"Exp60_172_IS20763";"Exp60_172_IS20763";NA;"2023-09-29 02:01:00";75732
"881461";"27:4:1";"Exp60_172_IS20763";"Exp60_172_IS20763";NA;"2023-09-29 02:17:00";75732,3
"881462";"27:4:1";"Exp60_172_IS20763";"Exp60_172_IS20763";NA;"2023-09-29 02:31:00";75731,4
"881463";"27:4:1";"Exp60_172_IS20763";"Exp60_172_IS20763";NA;"2023-09-29 02:47:00";75732,3
"881464";"27:4:1";"Exp60_172_IS20763";"Exp60_172_IS20763";NA;"2023-09-29 03:01:00";75732
"881465";"27:4:1";"Exp60_172_IS20763";"Exp60_172_IS20763";NA;"2023-09-29 03:47:00";75732,9
"881466";"27:4:1";"Exp60_172_IS20763";"Exp60_172_IS20763";NA;"2023-09-29 04:01:00";75731,3
"881467";"27:4:1";"Exp60_172_IS20763";"Exp60_172_IS20763";NA;"2023-09-29 04:17:00";75729,5
"881468";"27:4:1";"Exp60_172_IS20763";"Exp60_172_IS20763";NA;"2023-09-29 04:31:00";75731,9
"881469";"27:4:1";"Exp60_172_IS20763";"Exp60_172_IS20763";NA;"2023-09-29 12:31:00";75400,2
"881470";"27:4:1";"Exp60_172_IS20763";"Exp60_172_IS20763";NA;"2023-09-29 18:46:00";75205,8
"881471";"27:4:1";"Exp60_172_IS20763";"Exp60_172_IS20763";NA;"2023-09-29 19:17:00";75205,9
"881472";"27:4:1";"Exp60_172_IS20763";"Exp60_172_IS20763";NA;"2023-09-29 19:31:00";75206,7
"881473";"27:4:1";"Exp60_172_IS20763";"Exp60_172_IS20763";NA;"2023-09-29 19:47:00";75221,9
"881474";"27:4:1";"Exp60_172_IS20763";"Exp60_172_IS20763";NA;"2023-09-29 20:01:00";75218
"881475";"27:4:1";"Exp60_172_IS20763";"Exp60_172_IS20763";NA;"2023-09-29 20:17:00";75214,5
"881476";"27:4:1";"Exp60_172_IS20763";"Exp60_172_IS20763";NA;"2023-09-29 20:31:00";75215,1
"881477";"27:4:1";"Exp60_172_IS20763";"Exp60_172_IS20763";NA;"2023-09-29 21:02:00";75215
"881478";"27:4:1";"Exp60_172_IS20763";"Exp60_172_IS20763";NA;"2023-09-29 21:16:00";75211,9
"881479";"27:4:1";"Exp60_172_IS20763";"Exp60_172_IS20763";NA;"2023-09-29 21:32:00";75212,7
"881480";"27:4:1";"Exp60_172_IS20763";"Exp60_172_IS20763";NA;"2023-09-29 21:46:00";75211,1
"881481";"27:4:1";"Exp60_172_IS20763";"Exp60_172_IS20763";NA;"2023-09-29 22:02:00";75209,1
"881482";"27:4:1";"Exp60_172_IS20763";"Exp60_172_IS20763";NA;"2023-09-29 22:16:00";75206,3
"881483";"27:4:1";"Exp60_172_IS20763";"Exp60_172_IS20763";NA;"2023-09-29 22:32:00";75204,5
"881484";"27:4:1";"Exp60_172_IS20763";"Exp60_172_IS20763";NA;"2023-09-29 22:46:00";75204,4
"881485";"27:4:1";"Exp60_172_IS20763";"Exp60_172_IS20763";NA;"2023-09-29 23:02:00";75202,6
"881486";"27:4:1";"Exp60_172_IS20763";"Exp60_172_IS20763";NA;"2023-09-29 23:16:00";75199
"881487";"27:4:1";"Exp60_172_IS20763";"Exp60_172_IS20763";NA;"2023-09-29 23:32:00";75201,2
"881488";"27:4:1";"Exp60_172_IS20763";"Exp60_172_IS20763";NA;"2023-09-29 23:46:00";75203,2
"881489";"27:4:1";"Exp60_172_IS20763";"Exp60_172_IS20763";NA;"2023-09-30 00:02:00";75205,4
"881490";"27:4:1";"Exp60_172_IS20763";"Exp60_172_IS20763";NA;"2023-09-30 00:16:00";75206,6
"881491";"27:4:1";"Exp60_172_IS20763";"Exp60_172_IS20763";NA;"2023-09-30 00:32:00";75205,1
"881492";"27:4:1";"Exp60_172_IS20763";"Exp60_172_IS20763";NA;"2023-09-30 00:46:00";75210,6
"881493";"27:4:1";"Exp60_172_IS20763";"Exp60_172_IS20763";NA;"2023-09-30 01:02:00";75202,5
"881494";"27:4:1";"Exp60_172_IS20763";"Exp60_172_IS20763";NA;"2023-09-30 01:16:00";75207,1
"881495";"27:4:1";"Exp60_172_IS20763";"Exp60_172_IS20763";NA;"2023-09-30 01:32:00";75205,3
"881496";"27:4:1";"Exp60_172_IS20763";"Exp60_172_IS20763";NA;"2023-09-30 01:46:00";75334,4
"881497";"27:4:1";"Exp60_172_IS20763";"Exp60_172_IS20763";NA;"2023-09-30 08:46:00";75343,1
"881498";"27:4:1";"Exp60_172_IS20763";"Exp60_172_IS20763";NA;"2023-09-30 09:02:00";75315,4
"881499";"27:4:1";"Exp60_172_IS20763";"Exp60_172_IS20763";NA;"2023-09-30 09:16:00";75301,8
"881500";"27:4:1";"Exp60_172_IS20763";"Exp60_172_IS20763";NA;"2023-09-30 09:32:00";75273,3
"881501";"27:4:1";"Exp60_172_IS20763";"Exp60_172_IS20763";NA;"2023-09-30 09:46:00";75251,8
"881502";"27:4:1";"Exp60_172_IS20763";"Exp60_172_IS20763";NA;"2023-09-30 10:02:00";75226,8
"881503";"27:4:1";"Exp60_172_IS20763";"Exp60_172_IS20763";NA;"2023-09-30 10:16:00";75199,2
"881504";"27:4:1";"Exp60_172_IS20763";"Exp60_172_IS20763";NA;"2023-09-30 10:32:00";75175,8
"881505";"27:4:1";"Exp60_172_IS20763";"Exp60_172_IS20763";NA;"2023-09-30 10:46:00";75140,7
"881506";"27:4:1";"Exp60_172_IS20763";"Exp60_172_IS20763";NA;"2023-09-30 11:02:00";75129
"881507";"27:4:1";"Exp60_172_IS20763";"Exp60_172_IS20763";NA;"2023-09-30 11:16:00";75107,8
"881508";"27:4:1";"Exp60_172_IS20763";"Exp60_172_IS20763";NA;"2023-09-30 11:32:00";75079,4
"881509";"27:4:1";"Exp60_172_IS20763";"Exp60_172_IS20763";NA;"2023-09-30 11:46:00";75071,7
"881510";"27:4:1";"Exp60_172_IS20763";"Exp60_172_IS20763";NA;"2023-09-30 19:01:00";76518,6
"881511";"27:4:1";"Exp60_172_IS20763";"Exp60_172_IS20763";NA;"2023-09-30 19:17:00";76507,5
"881512";"27:4:1";"Exp60_172_IS20763";"Exp60_172_IS20763";NA;"2023-09-30 19:31:00";76499
"881513";"27:4:1";"Exp60_172_IS20763";"Exp60_172_IS20763";NA;"2023-09-30 19:47:00";76485,3
"881514";"27:4:1";"Exp60_172_IS20763";"Exp60_172_IS20763";NA;"2023-09-30 20:01:00";76478,7
"881515";"27:4:1";"Exp60_172_IS20763";"Exp60_172_IS20763";NA;"2023-09-30 20:17:00";76468,9
"881516";"27:4:1";"Exp60_172_IS20763";"Exp60_172_IS20763";NA;"2023-09-30 20:31:00";76462,5
"881517";"27:4:1";"Exp60_172_IS20763";"Exp60_172_IS20763";NA;"2023-09-30 20:47:00";76451,4
"881518";"27:4:1";"Exp60_172_IS20763";"Exp60_172_IS20763";NA;"2023-09-30 21:01:00";76441,3
"881519";"27:4:1";"Exp60_172_IS20763";"Exp60_172_IS20763";NA;"2023-09-30 21:32:00";76431,2
"881520";"27:4:1";"Exp60_172_IS20763";"Exp60_172_IS20763";NA;"2023-09-30 21:46:00";76426,5
"881521";"27:4:1";"Exp60_172_IS20763";"Exp60_172_IS20763";NA;"2023-09-30 22:02:00";76418,4
"881522";"27:4:1";"Exp60_172_IS20763";"Exp60_172_IS20763";NA;"2023-09-30 22:16:00";76408,3
"881523";"27:4:1";"Exp60_172_IS20763";"Exp60_172_IS20763";NA;"2023-09-30 22:32:00";76400,4
"881524";"27:4:1";"Exp60_172_IS20763";"Exp60_172_IS20763";NA;"2023-09-30 22:46:00";76391,9
"881525";"27:4:1";"Exp60_172_IS20763";"Exp60_172_IS20763";NA;"2023-09-30 23:02:00";76391,5
"881526";"27:4:1";"Exp60_172_IS20763";"Exp60_172_IS20763";NA;"2023-09-30 23:16:00";76388,3
"881527";"27:4:1";"Exp60_172_IS20763";"Exp60_172_IS20763";NA;"2023-09-30 23:32:00";76382,3
"881528";"27:4:1";"Exp60_172_IS20763";"Exp60_172_IS20763";NA;"2023-09-30 23:46:00";76380,8
"881529";"27:4:1";"Exp60_172_IS20763";"Exp60_172_IS20763";NA;"2023-10-01 00:02:00";76373,4
"881530";"27:4:1";"Exp60_172_IS20763";"Exp60_172_IS20763";NA;"2023-10-01 00:16:00";76368,5
"881531";"27:4:1";"Exp60_172_IS20763";"Exp60_172_IS20763";NA;"2023-10-01 00:32:00";76368,3
"881532";"27:4:1";"Exp60_172_IS20763";"Exp60_172_IS20763";NA;"2023-10-01 01:16:00";76356,2
"881533";"27:4:1";"Exp60_172_IS20763";"Exp60_172_IS20763";NA;"2023-10-01 01:32:00";76353,2
"881534";"27:4:1";"Exp60_172_IS20763";"Exp60_172_IS20763";NA;"2023-10-01 01:46:00";76349,2
"881535";"27:4:1";"Exp60_172_IS20763";"Exp60_172_IS20763";NA;"2023-10-01 02:02:00";76348,5
"881536";"27:4:1";"Exp60_172_IS20763";"Exp60_172_IS20763";NA;"2023-10-01 02:16:00";76349,7
"881537";"27:4:1";"Exp60_172_IS20763";"Exp60_172_IS20763";NA;"2023-10-01 02:32:00";76347,4
"881538";"27:4:1";"Exp60_172_IS20763";"Exp60_172_IS20763";NA;"2023-10-01 02:46:00";76343,9
"881539";"27:4:1";"Exp60_172_IS20763";"Exp60_172_IS20763";NA;"2023-10-01 09:31:00";76202,9
"881540";"27:4:1";"Exp60_172_IS20763";"Exp60_172_IS20763";NA;"2023-10-01 09:47:00";76174,9
"881541";"27:4:1";"Exp60_172_IS20763";"Exp60_172_IS20763";NA;"2023-10-01 10:01:00";76165,5
"881542";"27:4:1";"Exp60_172_IS20763";"Exp60_172_IS20763";NA;"2023-10-01 10:17:00";76133,5
"881543";"27:4:1";"Exp60_172_IS20763";"Exp60_172_IS20763";NA;"2023-10-01 10:31:00";76091
"881544";"27:4:1";"Exp60_172_IS20763";"Exp60_172_IS20763";NA;"2023-10-01 10:47:00";76076,6
"881545";"27:4:1";"Exp60_172_IS20763";"Exp60_172_IS20763";NA;"2023-10-01 11:01:00";76052,1
"881546";"27:4:1";"Exp60_172_IS20763";"Exp60_172_IS20763";NA;"2023-10-01 17:46:00";75644,8
"881547";"27:4:1";"Exp60_172_IS20763";"Exp60_172_IS20763";NA;"2023-10-01 18:02:00";75645,8
"881548";"27:4:1";"Exp60_172_IS20763";"Exp60_172_IS20763";NA;"2023-10-01 18:16:00";75646,6
"881549";"27:4:1";"Exp60_172_IS20763";"Exp60_172_IS20763";NA;"2023-10-01 18:32:00";75649,4
"881550";"27:4:1";"Exp60_172_IS20763";"Exp60_172_IS20763";NA;"2023-10-01 18:46:00";75651,2
"881551";"27:4:1";"Exp60_172_IS20763";"Exp60_172_IS20763";NA;"2023-10-01 19:02:00";75647,1
"881552";"27:4:1";"Exp60_172_IS20763";"Exp60_172_IS20763";NA;"2023-10-01 19:16:00";75646,9
"881553";"27:4:1";"Exp60_172_IS20763";"Exp60_172_IS20763";NA;"2023-10-01 19:32:00";75645,3
"881554";"27:4:1";"Exp60_172_IS20763";"Exp60_172_IS20763";NA;"2023-10-01 19:46:00";75645,2
"881555";"27:4:1";"Exp60_172_IS20763";"Exp60_172_IS20763";NA;"2023-10-01 20:02:00";75642,9
"881556";"27:4:1";"Exp60_172_IS20763";"Exp60_172_IS20763";NA;"2023-10-01 20:16:00";75641,1
"881557";"27:4:1";"Exp60_172_IS20763";"Exp60_172_IS20763";NA;"2023-10-01 20:32:00";75642,5
"881558";"27:4:1";"Exp60_172_IS20763";"Exp60_172_IS20763";NA;"2023-10-01 20:46:00";75641
"881559";"27:4:1";"Exp60_172_IS20763";"Exp60_172_IS20763";NA;"2023-10-01 21:02:00";75638,1
"881560";"27:4:1";"Exp60_172_IS20763";"Exp60_172_IS20763";NA;"2023-10-01 21:16:00";75632,1
"881561";"27:4:1";"Exp60_172_IS20763";"Exp60_172_IS20763";NA;"2023-10-01 21:32:00";75632,8
"881562";"27:4:1";"Exp60_172_IS20763";"Exp60_172_IS20763";NA;"2023-10-01 21:46:00";75634,4
"881563";"27:4:1";"Exp60_172_IS20763";"Exp60_172_IS20763";NA;"2023-10-01 22:02:00";75633,3
"881564";"27:4:1";"Exp60_172_IS20763";"Exp60_172_IS20763";NA;"2023-10-01 22:16:00";75632,1
"881565";"27:4:1";"Exp60_172_IS20763";"Exp60_172_IS20763";NA;"2023-10-01 22:32:00";75631,7
"881566";"27:4:1";"Exp60_172_IS20763";"Exp60_172_IS20763";NA;"2023-10-01 22:46:00";75630,1
"881567";"27:4:1";"Exp60_172_IS20763";"Exp60_172_IS20763";NA;"2023-10-01 23:17:00";75629,1
"881568";"27:4:1";"Exp60_172_IS20763";"Exp60_172_IS20763";NA;"2023-10-01 23:31:00";75627,1
"881569";"27:4:1";"Exp60_172_IS20763";"Exp60_172_IS20763";NA;"2023-10-02 07:01:00";75607,8
"881570";"27:4:1";"Exp60_172_IS20763";"Exp60_172_IS20763";NA;"2023-10-02 07:17:00";75604,1
"881571";"27:4:1";"Exp60_172_IS20763";"Exp60_172_IS20763";NA;"2023-10-02 07:31:00";75594,2
"881572";"27:4:1";"Exp60_172_IS20763";"Exp60_172_IS20763";NA;"2023-10-02 07:47:00";75585,4
"881573";"27:4:1";"Exp60_172_IS20763";"Exp60_172_IS20763";NA;"2023-10-02 08:01:00";75575,6
"881574";"27:4:1";"Exp60_172_IS20763";"Exp60_172_IS20763";NA;"2023-10-02 08:17:00";75566
"881575";"27:4:1";"Exp60_172_IS20763";"Exp60_172_IS20763";NA;"2023-10-02 08:31:00";75557,7
"881576";"27:4:1";"Exp60_172_IS20763";"Exp60_172_IS20763";NA;"2023-10-02 08:47:00";75549,5
"881577";"27:4:1";"Exp60_172_IS20763";"Exp60_172_IS20763";NA;"2023-10-02 09:01:00";75541,5
"881578";"27:4:1";"Exp60_172_IS20763";"Exp60_172_IS20763";NA;"2023-10-02 09:17:00";75532,8
"881579";"27:4:1";"Exp60_172_IS20763";"Exp60_172_IS20763";NA;"2023-10-02 09:31:00";75534
"881580";"27:4:1";"Exp60_172_IS20763";"Exp60_172_IS20763";NA;"2023-10-02 09:47:00";75515
"881581";"27:4:1";"Exp60_172_IS20763";"Exp60_172_IS20763";NA;"2023-10-02 10:01:00";75511,4
"881582";"27:4:1";"Exp60_172_IS20763";"Exp60_172_IS20763";NA;"2023-10-02 10:32:00";75497,3
"881583";"27:4:1";"Exp60_172_IS20763";"Exp60_172_IS20763";NA;"2023-10-02 10:46:00";75486,3
"881584";"27:4:1";"Exp60_172_IS20763";"Exp60_172_IS20763";NA;"2023-10-02 11:17:00";75459,3
"881585";"27:4:1";"Exp60_172_IS20763";"Exp60_172_IS20763";NA;"2023-10-02 11:31:00";75446,3
"881586";"27:4:1";"Exp60_172_IS20763";"Exp60_172_IS20763";NA;"2023-10-02 11:47:00";75432,1
"881587";"27:4:1";"Exp60_172_IS20763";"Exp60_172_IS20763";NA;"2023-10-02 12:01:00";75413,4
"881588";"27:4:1";"Exp60_172_IS20763";"Exp60_172_IS20763";NA;"2023-10-02 12:17:00";75399,5
"881589";"27:4:1";"Exp60_172_IS20763";"Exp60_172_IS20763";NA;"2023-10-02 12:31:00";75383,1
"881590";"27:4:1";"Exp60_172_IS20763";"Exp60_172_IS20763";NA;"2023-10-02 12:47:00";75363,2
"881591";"27:4:1";"Exp60_172_IS20763";"Exp60_172_IS20763";NA;"2023-10-02 13:01:00";75348,9
"881592";"27:4:1";"Exp60_172_IS20763";"Exp60_172_IS20763";NA;"2023-10-02 13:17:00";75339,1
"881593";"27:4:1";"Exp60_172_IS20763";"Exp60_172_IS20763";NA;"2023-10-02 13:31:00";75317,5
"881594";"27:4:1";"Exp60_172_IS20763";"Exp60_172_IS20763";NA;"2023-10-02 13:47:00";75292
"881595";"27:4:1";"Exp60_172_IS20763";"Exp60_172_IS20763";NA;"2023-10-02 14:01:00";75278,8
"881596";"27:4:1";"Exp60_172_IS20763";"Exp60_172_IS20763";NA;"2023-10-02 14:17:00";75274,6
"881597";"27:4:1";"Exp60_172_IS20763";"Exp60_172_IS20763";NA;"2023-10-02 14:31:00";75255,9
"881598";"27:4:1";"Exp60_172_IS20763";"Exp60_172_IS20763";NA;"2023-10-02 14:47:00";75240,6
"881599";"27:4:1";"Exp60_172_IS20763";"Exp60_172_IS20763";NA;"2023-10-02 15:01:00";75220,5
"881600";"27:4:1";"Exp60_172_IS20763";"Exp60_172_IS20763";NA;"2023-10-02 15:32:00";75200,6
"881601";"27:4:1";"Exp60_172_IS20763";"Exp60_172_IS20763";NA;"2023-10-02 15:46:00";75194,9
"881602";"27:4:1";"Exp60_172_IS20763";"Exp60_172_IS20763";NA;"2023-10-02 16:02:00";75189,6
"881603";"27:4:1";"Exp60_172_IS20763";"Exp60_172_IS20763";NA;"2023-10-02 16:16:00";75184,4
"881604";"27:4:1";"Exp60_172_IS20763";"Exp60_172_IS20763";NA;"2023-10-02 23:01:00";75190,6
"881605";"27:4:1";"Exp60_172_IS20763";"Exp60_172_IS20763";NA;"2023-10-02 23:17:00";75188,1
"881606";"27:4:1";"Exp60_172_IS20763";"Exp60_172_IS20763";NA;"2023-10-02 23:31:00";75186,7
"881607";"27:4:1";"Exp60_172_IS20763";"Exp60_172_IS20763";NA;"2023-10-02 23:47:00";75185,7
"881608";"27:4:1";"Exp60_172_IS20763";"Exp60_172_IS20763";NA;"2023-10-03 00:01:00";75184,6
"881609";"27:4:1";"Exp60_172_IS20763";"Exp60_172_IS20763";NA;"2023-10-03 00:17:00";75183,5
"881610";"27:4:1";"Exp60_172_IS20763";"Exp60_172_IS20763";NA;"2023-10-03 00:31:00";75183,4
"881611";"27:4:1";"Exp60_172_IS20763";"Exp60_172_IS20763";NA;"2023-10-03 00:47:00";75180,5
"881612";"27:4:1";"Exp60_172_IS20763";"Exp60_172_IS20763";NA;"2023-10-03 01:01:00";75178,5
"881613";"27:4:1";"Exp60_172_IS20763";"Exp60_172_IS20763";NA;"2023-10-03 01:17:00";75176,4
"881614";"27:4:1";"Exp60_172_IS20763";"Exp60_172_IS20763";NA;"2023-10-03 01:31:00";75174,4
"881615";"27:4:1";"Exp60_172_IS20763";"Exp60_172_IS20763";NA;"2023-10-03 01:47:00";75175,9
"881616";"27:4:1";"Exp60_172_IS20763";"Exp60_172_IS20763";NA;"2023-10-03 02:01:00";75176
"881617";"27:4:1";"Exp60_172_IS20763";"Exp60_172_IS20763";NA;"2023-10-03 02:17:00";75177,3
"881618";"27:4:1";"Exp60_172_IS20763";"Exp60_172_IS20763";NA;"2023-10-03 02:31:00";75177
"881619";"27:4:1";"Exp60_172_IS20763";"Exp60_172_IS20763";NA;"2023-10-03 03:47:00";75171,8
"881620";"27:4:1";"Exp60_172_IS20763";"Exp60_172_IS20763";NA;"2023-10-03 04:01:00";75170,9
"881621";"27:4:1";"Exp60_172_IS20763";"Exp60_172_IS20763";NA;"2023-10-03 04:17:00";75169,2
"881622";"27:4:1";"Exp60_172_IS20763";"Exp60_172_IS20763";NA;"2023-10-03 04:31:00";75167
"881623";"27:4:1";"Exp60_172_IS20763";"Exp60_172_IS20763";NA;"2023-10-03 04:47:00";75165,6
"881624";"27:4:1";"Exp60_172_IS20763";"Exp60_172_IS20763";NA;"2023-10-03 05:01:00";75163,5
"881625";"27:4:1";"Exp60_172_IS20763";"Exp60_172_IS20763";NA;"2023-10-03 05:17:00";75162,3
"881626";"27:4:1";"Exp60_172_IS20763";"Exp60_172_IS20763";NA;"2023-10-03 06:01:00";75159
"881627";"27:4:1";"Exp60_172_IS20763";"Exp60_172_IS20763";NA;"2023-10-03 06:17:00";75157,7
"881628";"27:4:1";"Exp60_172_IS20763";"Exp60_172_IS20763";NA;"2023-10-03 06:31:00";75157,6
"881629";"27:4:1";"Exp60_172_IS20763";"Exp60_172_IS20763";NA;"2023-10-03 06:47:00";75156,5
"881630";"27:4:1";"Exp60_172_IS20763";"Exp60_172_IS20763";NA;"2023-10-03 07:01:00";75154,5
"881631";"27:4:1";"Exp60_172_IS20763";"Exp60_172_IS20763";NA;"2023-10-03 07:17:00";75149,5
"881632";"27:4:1";"Exp60_172_IS20763";"Exp60_172_IS20763";NA;"2023-10-03 07:31:00";75138,9
"881633";"27:4:1";"Exp60_172_IS20763";"Exp60_172_IS20763";NA;"2023-10-03 08:02:00";75124,4
"881634";"27:4:1";"Exp60_172_IS20763";"Exp60_172_IS20763";NA;"2023-10-03 08:16:00";75112,2
"881635";"27:4:1";"Exp60_172_IS20763";"Exp60_172_IS20763";NA;"2023-10-03 08:32:00";75095,4
"881636";"27:4:1";"Exp60_172_IS20763";"Exp60_172_IS20763";NA;"2023-10-03 08:46:00";75085,2
"881637";"27:4:1";"Exp60_172_IS20763";"Exp60_172_IS20763";NA;"2023-10-03 15:16:00";74577,1
"881638";"27:4:1";"Exp60_172_IS20763";"Exp60_172_IS20763";NA;"2023-10-03 21:16:00";75557,2
"881639";"27:4:1";"Exp60_172_IS20763";"Exp60_172_IS20763";NA;"2023-10-03 22:02:00";75561,4
"881640";"27:4:1";"Exp60_172_IS20763";"Exp60_172_IS20763";NA;"2023-10-03 22:16:00";75564,2
"881641";"27:4:1";"Exp60_172_IS20763";"Exp60_172_IS20763";NA;"2023-10-03 22:32:00";75565,2
"881642";"27:4:1";"Exp60_172_IS20763";"Exp60_172_IS20763";NA;"2023-10-03 22:46:00";75564,4
"881643";"27:4:1";"Exp60_172_IS20763";"Exp60_172_IS20763";NA;"2023-10-03 23:17:00";75563,7
"881644";"27:4:1";"Exp60_172_IS20763";"Exp60_172_IS20763";NA;"2023-10-03 23:31:00";75562
"881645";"27:4:1";"Exp60_172_IS20763";"Exp60_172_IS20763";NA;"2023-10-03 23:47:00";75561,3
"881646";"27:4:1";"Exp60_172_IS20763";"Exp60_172_IS20763";NA;"2023-10-04 00:16:00";75559,1
"881647";"27:4:1";"Exp60_172_IS20763";"Exp60_172_IS20763";NA;"2023-10-04 00:32:00";75559,4
"881648";"27:4:1";"Exp60_172_IS20763";"Exp60_172_IS20763";NA;"2023-10-04 00:46:00";75558,6
"881649";"27:4:1";"Exp60_172_IS20763";"Exp60_172_IS20763";NA;"2023-10-04 01:02:00";75558,9
"881650";"27:4:1";"Exp60_172_IS20763";"Exp60_172_IS20763";NA;"2023-10-04 01:16:00";75558,6
"881651";"27:4:1";"Exp60_172_IS20763";"Exp60_172_IS20763";NA;"2023-10-04 01:32:00";75556,9
"881652";"27:4:1";"Exp60_172_IS20763";"Exp60_172_IS20763";NA;"2023-10-04 01:46:00";75555,2
"881653";"27:4:1";"Exp60_172_IS20763";"Exp60_172_IS20763";NA;"2023-10-04 02:02:00";75555,1
"881654";"27:4:1";"Exp60_172_IS20763";"Exp60_172_IS20763";NA;"2023-10-04 02:16:00";75554,1
"881655";"27:4:1";"Exp60_172_IS20763";"Exp60_172_IS20763";NA;"2023-10-04 02:32:00";75554,7
"881656";"27:4:1";"Exp60_172_IS20763";"Exp60_172_IS20763";NA;"2023-10-04 02:46:00";75553,8
"881657";"27:4:1";"Exp60_172_IS20763";"Exp60_172_IS20763";NA;"2023-10-04 03:17:00";75551,9
"881658";"27:4:1";"Exp60_172_IS20763";"Exp60_172_IS20763";NA;"2023-10-04 03:31:00";75546,5
"881659";"27:4:1";"Exp60_172_IS20763";"Exp60_172_IS20763";NA;"2023-10-04 03:47:00";75541,6
"881660";"27:4:1";"Exp60_172_IS20763";"Exp60_172_IS20763";NA;"2023-10-04 04:01:00";75540,5
"881661";"27:4:1";"Exp60_172_IS20763";"Exp60_172_IS20763";NA;"2023-10-04 04:32:00";75537,3
"881662";"27:4:1";"Exp60_172_IS20763";"Exp60_172_IS20763";NA;"2023-10-04 04:46:00";75536,5
"881663";"27:4:1";"Exp60_172_IS20763";"Exp60_172_IS20763";NA;"2023-10-04 05:02:00";75535,1
"881664";"27:4:1";"Exp60_172_IS20763";"Exp60_172_IS20763";NA;"2023-10-04 05:16:00";75536,5
"881665";"27:4:1";"Exp60_172_IS20763";"Exp60_172_IS20763";NA;"2023-10-04 05:32:00";75539,3
"881666";"27:4:1";"Exp60_172_IS20763";"Exp60_172_IS20763";NA;"2023-10-04 05:46:00";75539
"881667";"27:4:1";"Exp60_172_IS20763";"Exp60_172_IS20763";NA;"2023-10-04 06:32:00";75530,4
"881668";"27:4:1";"Exp60_172_IS20763";"Exp60_172_IS20763";NA;"2023-10-04 06:46:00";75530,7
"881669";"27:4:1";"Exp60_172_IS20763";"Exp60_172_IS20763";NA;"2023-10-04 07:17:00";75520,3
"881670";"27:4:1";"Exp60_172_IS20763";"Exp60_172_IS20763";NA;"2023-10-04 07:31:00";75514,5
"881671";"27:4:1";"Exp60_172_IS20763";"Exp60_172_IS20763";NA;"2023-10-04 07:47:00";75500,9
"881672";"27:4:1";"Exp60_172_IS20763";"Exp60_172_IS20763";NA;"2023-10-04 08:01:00";75490,7
"881673";"27:4:1";"Exp60_172_IS20763";"Exp60_172_IS20763";NA;"2023-10-04 08:17:00";75475,7
"881674";"27:4:1";"Exp60_172_IS20763";"Exp60_172_IS20763";NA;"2023-10-04 08:31:00";75466,1
"881675";"27:4:1";"Exp60_172_IS20763";"Exp60_172_IS20763";NA;"2023-10-04 08:47:00";75448,9
"881676";"27:4:1";"Exp60_172_IS20763";"Exp60_172_IS20763";NA;"2023-10-04 09:01:00";75440,4
"881677";"27:4:1";"Exp60_172_IS20763";"Exp60_172_IS20763";NA;"2023-10-04 09:17:00";75411,1
"881678";"27:4:1";"Exp60_172_IS20763";"Exp60_172_IS20763";NA;"2023-10-04 09:31:00";75395,6
"881679";"27:4:1";"Exp60_172_IS20763";"Exp60_172_IS20763";NA;"2023-10-04 09:47:00";75376,8
"881680";"27:4:1";"Exp60_172_IS20763";"Exp60_172_IS20763";NA;"2023-10-04 10:01:00";75343,5
"881681";"27:4:1";"Exp60_172_IS20763";"Exp60_172_IS20763";NA;"2023-10-04 10:17:00";75316,7
"881682";"27:4:1";"Exp60_172_IS20763";"Exp60_172_IS20763";NA;"2023-10-04 10:31:00";75291,2
"881683";"27:4:1";"Exp60_172_IS20763";"Exp60_172_IS20763";NA;"2023-10-04 10:47:00";75252,3
"881684";"27:4:1";"Exp60_172_IS20763";"Exp60_172_IS20763";NA;"2023-10-04 11:01:00";75228,2
"881685";"27:4:1";"Exp60_172_IS20763";"Exp60_172_IS20763";NA;"2023-10-04 11:17:00";75185,2
"881686";"27:4:1";"Exp60_172_IS20763";"Exp60_172_IS20763";NA;"2023-10-04 11:31:00";75164,7
"881687";"27:4:1";"Exp60_172_IS20763";"Exp60_172_IS20763";NA;"2023-10-04 11:47:00";75159,9
"881688";"27:4:1";"Exp60_172_IS20763";"Exp60_172_IS20763";NA;"2023-10-04 12:01:00";75114,2
"881689";"27:4:1";"Exp60_172_IS20763";"Exp60_172_IS20763";NA;"2023-10-04 12:32:00";75067,5
"881690";"27:4:1";"Exp60_172_IS20763";"Exp60_172_IS20763";NA;"2023-10-04 12:46:00";75029,1
"881691";"27:4:1";"Exp60_172_IS20763";"Exp60_172_IS20763";NA;"2023-10-04 13:02:00";75005,6
"881692";"27:4:1";"Exp60_172_IS20763";"Exp60_172_IS20763";NA;"2023-10-04 13:16:00";74960,4
"881693";"27:4:1";"Exp60_172_IS20763";"Exp60_172_IS20763";NA;"2023-10-04 13:32:00";74948,1
"881694";"27:4:1";"Exp60_172_IS20763";"Exp60_172_IS20763";NA;"2023-10-04 13:46:00";74916,3
"881695";"27:4:1";"Exp60_172_IS20763";"Exp60_172_IS20763";NA;"2023-10-04 21:01:00";74720,9
"881696";"27:4:1";"Exp60_172_IS20763";"Exp60_172_IS20763";NA;"2023-10-05 03:31:00";74730,3
"881697";"27:4:1";"Exp60_172_IS20763";"Exp60_172_IS20763";NA;"2023-10-05 03:47:00";74730,6
"881698";"27:4:1";"Exp60_172_IS20763";"Exp60_172_IS20763";NA;"2023-10-05 04:01:00";74730,3
"881699";"27:4:1";"Exp60_172_IS20763";"Exp60_172_IS20763";NA;"2023-10-05 04:17:00";74732,6
"881700";"27:4:1";"Exp60_172_IS20763";"Exp60_172_IS20763";NA;"2023-10-05 04:31:00";74730,4
"881701";"27:4:1";"Exp60_172_IS20763";"Exp60_172_IS20763";NA;"2023-10-05 04:47:00";74733,6
"881702";"27:4:1";"Exp60_172_IS20763";"Exp60_172_IS20763";NA;"2023-10-05 05:01:00";74735,8
"881703";"27:4:1";"Exp60_172_IS20763";"Exp60_172_IS20763";NA;"2023-10-05 05:17:00";74738
"881704";"27:4:1";"Exp60_172_IS20763";"Exp60_172_IS20763";NA;"2023-10-05 05:31:00";74739,4
"881705";"27:4:1";"Exp60_172_IS20763";"Exp60_172_IS20763";NA;"2023-10-05 05:47:00";74739,7
"881706";"27:4:1";"Exp60_172_IS20763";"Exp60_172_IS20763";NA;"2023-10-05 06:01:00";74740,5
"881707";"27:4:1";"Exp60_172_IS20763";"Exp60_172_IS20763";NA;"2023-10-05 06:17:00";74740,1
"881708";"27:4:1";"Exp60_172_IS20763";"Exp60_172_IS20763";NA;"2023-10-05 06:31:00";74741,4
"881709";"27:4:1";"Exp60_172_IS20763";"Exp60_172_IS20763";NA;"2023-10-05 06:47:00";74737,5
"881710";"27:4:1";"Exp60_172_IS20763";"Exp60_172_IS20763";NA;"2023-10-05 07:01:00";74732,5
"881711";"27:4:1";"Exp60_172_IS20763";"Exp60_172_IS20763";NA;"2023-10-05 07:17:00";74727,6
"881712";"27:4:1";"Exp60_172_IS20763";"Exp60_172_IS20763";NA;"2023-10-05 07:31:00";74716,6
"881713";"27:4:1";"Exp60_172_IS20763";"Exp60_172_IS20763";NA;"2023-10-05 07:47:00";74707
"881714";"27:4:1";"Exp60_172_IS20763";"Exp60_172_IS20763";NA;"2023-10-05 08:01:00";74690,9
"881715";"27:4:1";"Exp60_172_IS20763";"Exp60_172_IS20763";NA;"2023-10-05 08:17:00";74670
"881716";"27:4:1";"Exp60_172_IS20763";"Exp60_172_IS20763";NA;"2023-10-05 08:31:00";74651,3
"881717";"27:4:1";"Exp60_172_IS20763";"Exp60_172_IS20763";NA;"2023-10-05 08:47:00";74629,9
"881718";"27:4:1";"Exp60_172_IS20763";"Exp60_172_IS20763";NA;"2023-10-05 09:01:00";74609,1
"881719";"27:4:1";"Exp60_172_IS20763";"Exp60_172_IS20763";NA;"2023-10-05 09:17:00";74588,5
"881720";"27:4:1";"Exp60_172_IS20763";"Exp60_172_IS20763";NA;"2023-10-05 09:31:00";74567,7
"881721";"27:4:1";"Exp60_172_IS20763";"Exp60_172_IS20763";NA;"2023-10-05 09:47:00";74542,8
"881722";"27:4:1";"Exp60_172_IS20763";"Exp60_172_IS20763";NA;"2023-10-05 10:01:00";74527,7
"881723";"27:4:1";"Exp60_172_IS20763";"Exp60_172_IS20763";NA;"2023-10-05 10:17:00";74495,8
"881724";"27:4:1";"Exp60_172_IS20763";"Exp60_172_IS20763";NA;"2023-10-05 10:31:00";74468,8
"881725";"27:4:1";"Exp60_172_IS20763";"Exp60_172_IS20763";NA;"2023-10-05 10:47:00";74442,9
"881726";"27:4:1";"Exp60_172_IS20763";"Exp60_172_IS20763";NA;"2023-10-05 11:01:00";74417,2
"881727";"27:4:1";"Exp60_172_IS20763";"Exp60_172_IS20763";NA;"2023-10-05 11:17:00";74414,6
"881728";"27:4:1";"Exp60_172_IS20763";"Exp60_172_IS20763";NA;"2023-10-05 11:31:00";74367,3
"881729";"27:4:1";"Exp60_172_IS20763";"Exp60_172_IS20763";NA;"2023-10-05 11:47:00";74353,6
"881730";"27:4:1";"Exp60_172_IS20763";"Exp60_172_IS20763";NA;"2023-10-05 12:01:00";74295,5
"881731";"27:4:1";"Exp60_172_IS20763";"Exp60_172_IS20763";NA;"2023-10-05 18:01:00";73796,8
"881732";"27:4:1";"Exp60_172_IS20763";"Exp60_172_IS20763";NA;"2023-10-05 18:17:00";73802,2
"881733";"27:4:1";"Exp60_172_IS20763";"Exp60_172_IS20763";NA;"2023-10-05 18:31:00";73806,7
"881734";"27:4:1";"Exp60_172_IS20763";"Exp60_172_IS20763";NA;"2023-10-06 00:31:00";73835,6
"881735";"27:4:1";"Exp60_172_IS20763";"Exp60_172_IS20763";NA;"2023-10-06 00:47:00";73838
"881736";"27:4:1";"Exp60_172_IS20763";"Exp60_172_IS20763";NA;"2023-10-06 01:01:00";73838,8
"881737";"27:4:1";"Exp60_172_IS20763";"Exp60_172_IS20763";NA;"2023-10-06 01:17:00";73839,5
"881738";"27:4:1";"Exp60_172_IS20763";"Exp60_172_IS20763";NA;"2023-10-06 01:31:00";73838,6
"881739";"27:4:1";"Exp60_172_IS20763";"Exp60_172_IS20763";NA;"2023-10-06 01:47:00";73846,5
"881740";"27:4:1";"Exp60_172_IS20763";"Exp60_172_IS20763";NA;"2023-10-06 02:01:00";73841,9
"881741";"27:4:1";"Exp60_172_IS20763";"Exp60_172_IS20763";NA;"2023-10-06 02:17:00";73843,8
"881742";"27:4:1";"Exp60_172_IS20763";"Exp60_172_IS20763";NA;"2023-10-06 02:31:00";73843,2
"881743";"27:4:1";"Exp60_172_IS20763";"Exp60_172_IS20763";NA;"2023-10-06 02:47:00";73842,4
"881744";"27:4:1";"Exp60_172_IS20763";"Exp60_172_IS20763";NA;"2023-10-06 03:16:00";73842,4
"881745";"27:4:1";"Exp60_172_IS20763";"Exp60_172_IS20763";NA;"2023-10-06 03:32:00";73840,5
"881746";"27:4:1";"Exp60_172_IS20763";"Exp60_172_IS20763";NA;"2023-10-06 03:46:00";73839,3
"881747";"27:4:1";"Exp60_172_IS20763";"Exp60_172_IS20763";NA;"2023-10-06 10:46:00";73582
"881748";"27:4:1";"Exp60_172_IS20763";"Exp60_172_IS20763";NA;"2023-10-06 11:02:00";73557,4
"881749";"27:4:1";"Exp60_172_IS20763";"Exp60_172_IS20763";NA;"2023-10-06 11:16:00";73534,9
"881750";"27:4:1";"Exp60_172_IS20763";"Exp60_172_IS20763";NA;"2023-10-06 11:47:00";73464,8
"881751";"27:4:1";"Exp60_172_IS20763";"Exp60_172_IS20763";NA;"2023-10-06 12:01:00";73446,8
"881752";"27:4:1";"Exp60_172_IS20763";"Exp60_172_IS20763";NA;"2023-10-06 20:01:00";75595,6
"881753";"27:4:1";"Exp60_172_IS20763";"Exp60_172_IS20763";NA;"2023-10-06 20:17:00";75592,9
"881754";"27:4:1";"Exp60_172_IS20763";"Exp60_172_IS20763";NA;"2023-10-06 20:31:00";75593,8
"881755";"27:4:1";"Exp60_172_IS20763";"Exp60_172_IS20763";NA;"2023-10-07 03:01:00";75597
"881756";"27:4:1";"Exp60_172_IS20763";"Exp60_172_IS20763";NA;"2023-10-07 03:17:00";75598,6
"881757";"27:4:1";"Exp60_172_IS20763";"Exp60_172_IS20763";NA;"2023-10-07 03:31:00";75600
"881758";"27:4:1";"Exp60_172_IS20763";"Exp60_172_IS20763";NA;"2023-10-07 03:47:00";75598,9
"881759";"27:4:1";"Exp60_172_IS20763";"Exp60_172_IS20763";NA;"2023-10-07 04:01:00";75599,2
"881760";"27:4:1";"Exp60_172_IS20763";"Exp60_172_IS20763";NA;"2023-10-07 11:01:00";75217,5
"881761";"27:4:1";"Exp60_172_IS20763";"Exp60_172_IS20763";NA;"2023-10-07 11:17:00";75164,2
"881762";"27:4:1";"Exp60_172_IS20763";"Exp60_172_IS20763";NA;"2023-10-07 11:31:00";75128,4
"881763";"27:4:1";"Exp60_172_IS20763";"Exp60_172_IS20763";NA;"2023-10-07 11:47:00";75089,3
"881764";"27:4:1";"Exp60_172_IS20763";"Exp60_172_IS20763";NA;"2023-10-07 12:01:00";75054,7
"881765";"27:4:1";"Exp60_172_IS20763";"Exp60_172_IS20763";NA;"2023-10-07 12:47:00";74933,7
"881766";"27:4:1";"Exp60_172_IS20763";"Exp60_172_IS20763";NA;"2023-10-07 13:01:00";74894,7
"881767";"27:4:1";"Exp60_172_IS20763";"Exp60_172_IS20763";NA;"2023-10-07 13:17:00";74853,8
"881768";"27:4:1";"Exp60_172_IS20763";"Exp60_172_IS20763";NA;"2023-10-07 13:31:00";74813,2
"881769";"27:4:1";"Exp60_172_IS20763";"Exp60_172_IS20763";NA;"2023-10-07 13:47:00";74762
"881770";"27:4:1";"Exp60_172_IS20763";"Exp60_172_IS20763";NA;"2023-10-07 14:01:00";74729
"881771";"27:4:1";"Exp60_172_IS20763";"Exp60_172_IS20763";NA;"2023-10-07 14:17:00";74693,3
"881772";"27:4:1";"Exp60_172_IS20763";"Exp60_172_IS20763";NA;"2023-10-07 14:31:00";74680
"881773";"27:4:1";"Exp60_172_IS20763";"Exp60_172_IS20763";NA;"2023-10-07 20:46:00";74506,8
"881774";"27:4:1";"Exp60_172_IS20763";"Exp60_172_IS20763";NA;"2023-10-07 21:02:00";74508,8
"881775";"27:4:1";"Exp60_172_IS20763";"Exp60_172_IS20763";NA;"2023-10-07 21:16:00";74509,9
"881776";"27:4:1";"Exp60_172_IS20763";"Exp60_172_IS20763";NA;"2023-10-07 21:32:00";74508,8
"881777";"27:4:1";"Exp60_172_IS20763";"Exp60_172_IS20763";NA;"2023-10-07 21:46:00";74505,5
"881778";"27:4:1";"Exp60_172_IS20763";"Exp60_172_IS20763";NA;"2023-10-07 22:02:00";74507,7
"881779";"27:4:1";"Exp60_172_IS20763";"Exp60_172_IS20763";NA;"2023-10-07 22:16:00";74507,9
"881780";"27:4:1";"Exp60_172_IS20763";"Exp60_172_IS20763";NA;"2023-10-07 22:32:00";74507,5
"881781";"27:4:1";"Exp60_172_IS20763";"Exp60_172_IS20763";NA;"2023-10-07 22:46:00";74505,7
"881782";"27:4:1";"Exp60_172_IS20763";"Exp60_172_IS20763";NA;"2023-10-07 23:02:00";74506,8
"881783";"27:4:1";"Exp60_172_IS20763";"Exp60_172_IS20763";NA;"2023-10-07 23:16:00";74506,1
"881784";"27:4:1";"Exp60_172_IS20763";"Exp60_172_IS20763";NA;"2023-10-07 23:32:00";74507,5
"881785";"27:4:1";"Exp60_172_IS20763";"Exp60_172_IS20763";NA;"2023-10-07 23:46:00";74507,4
"881786";"27:4:1";"Exp60_172_IS20763";"Exp60_172_IS20763";NA;"2023-10-08 00:02:00";74508,7
"881787";"27:4:1";"Exp60_172_IS20763";"Exp60_172_IS20763";NA;"2023-10-08 00:16:00";74508,8
"881788";"27:4:1";"Exp60_172_IS20763";"Exp60_172_IS20763";NA;"2023-10-08 00:32:00";74508,9
"881789";"27:4:1";"Exp60_172_IS20763";"Exp60_172_IS20763";NA;"2023-10-08 00:46:00";74514,1
"881790";"27:4:1";"Exp60_172_IS20763";"Exp60_172_IS20763";NA;"2023-10-08 01:02:00";74511,1
"881791";"27:4:1";"Exp60_172_IS20763";"Exp60_172_IS20763";NA;"2023-10-08 01:16:00";74511,2
"881792";"27:4:1";"Exp60_172_IS20763";"Exp60_172_IS20763";NA;"2023-10-08 01:32:00";74513,2
"881793";"27:4:1";"Exp60_172_IS20763";"Exp60_172_IS20763";NA;"2023-10-08 01:46:00";74512,6
"881794";"27:4:1";"Exp60_172_IS20763";"Exp60_172_IS20763";NA;"2023-10-08 02:02:00";74519,1
"881795";"27:4:1";"Exp60_172_IS20763";"Exp60_172_IS20763";NA;"2023-10-08 02:16:00";74520,5
"881796";"27:4:1";"Exp60_172_IS20763";"Exp60_172_IS20763";NA;"2023-10-08 02:32:00";74519,1
"881797";"27:4:1";"Exp60_172_IS20763";"Exp60_172_IS20763";NA;"2023-10-08 02:46:00";74518,3
"881798";"27:4:1";"Exp60_172_IS20763";"Exp60_172_IS20763";NA;"2023-10-08 03:02:00";74518,3
"881799";"27:4:1";"Exp60_172_IS20763";"Exp60_172_IS20763";NA;"2023-10-08 03:16:00";74515,7
"881800";"27:4:1";"Exp60_172_IS20763";"Exp60_172_IS20763";NA;"2023-10-08 03:32:00";74516,3
"881801";"27:4:1";"Exp60_172_IS20763";"Exp60_172_IS20763";NA;"2023-10-08 03:46:00";74514,6
"881802";"27:4:1";"Exp60_172_IS20763";"Exp60_172_IS20763";NA;"2023-10-08 04:02:00";74513,8
"881803";"27:4:1";"Exp60_172_IS20763";"Exp60_172_IS20763";NA;"2023-10-08 04:16:00";74514,3
"881804";"27:4:1";"Exp60_172_IS20763";"Exp60_172_IS20763";NA;"2023-10-08 04:32:00";74516,8
"881805";"27:4:1";"Exp60_172_IS20763";"Exp60_172_IS20763";NA;"2023-10-08 04:46:00";74516,8
"881806";"27:4:1";"Exp60_172_IS20763";"Exp60_172_IS20763";NA;"2023-10-08 05:02:00";74513,6
"881807";"27:4:1";"Exp60_172_IS20763";"Exp60_172_IS20763";NA;"2023-10-08 05:16:00";74511,8
"881808";"27:4:1";"Exp60_172_IS20763";"Exp60_172_IS20763";NA;"2023-10-08 05:32:00";74511,5
"881809";"27:4:1";"Exp60_172_IS20763";"Exp60_172_IS20763";NA;"2023-10-08 05:46:00";74512,1
"881810";"27:4:1";"Exp60_172_IS20763";"Exp60_172_IS20763";NA;"2023-10-08 06:02:00";74512,6
"881811";"27:4:1";"Exp60_172_IS20763";"Exp60_172_IS20763";NA;"2023-10-08 06:16:00";74512,6
"881812";"27:4:1";"Exp60_172_IS20763";"Exp60_172_IS20763";NA;"2023-10-08 06:32:00";74513,2
"881813";"27:4:1";"Exp60_172_IS20763";"Exp60_172_IS20763";NA;"2023-10-08 06:46:00";74517,4
"881814";"27:4:1";"Exp60_172_IS20763";"Exp60_172_IS20763";NA;"2023-10-08 07:02:00";74514,4
"881815";"27:4:1";"Exp60_172_IS20763";"Exp60_172_IS20763";NA;"2023-10-08 07:16:00";74510,2
"881816";"27:4:1";"Exp60_172_IS20763";"Exp60_172_IS20763";NA;"2023-10-08 07:32:00";74503,9
"881817";"27:4:1";"Exp60_172_IS20763";"Exp60_172_IS20763";NA;"2023-10-08 07:46:00";74493,6
"881818";"27:4:1";"Exp60_172_IS20763";"Exp60_172_IS20763";NA;"2023-10-08 08:02:00";74479
"881819";"27:4:1";"Exp60_172_IS20763";"Exp60_172_IS20763";NA;"2023-10-08 08:16:00";74470,1
"881820";"27:4:1";"Exp60_172_IS20763";"Exp60_172_IS20763";NA;"2023-10-08 08:32:00";74452,4
"881821";"27:4:1";"Exp60_172_IS20763";"Exp60_172_IS20763";NA;"2023-10-08 08:46:00";74431,8
"881822";"27:4:1";"Exp60_172_IS20763";"Exp60_172_IS20763";NA;"2023-10-08 09:02:00";74409,4
"881823";"27:4:1";"Exp60_172_IS20763";"Exp60_172_IS20763";NA;"2023-10-08 09:16:00";74373,2
"881824";"27:4:1";"Exp60_172_IS20763";"Exp60_172_IS20763";NA;"2023-10-08 09:32:00";74340,7
"881825";"27:4:1";"Exp60_172_IS20763";"Exp60_172_IS20763";NA;"2023-10-08 09:46:00";74314,9
"881826";"27:4:1";"Exp60_172_IS20763";"Exp60_172_IS20763";NA;"2023-10-08 10:32:00";74200,4
"881827";"27:4:1";"Exp60_172_IS20763";"Exp60_172_IS20763";NA;"2023-10-08 10:46:00";74155
"881828";"27:4:1";"Exp60_172_IS20763";"Exp60_172_IS20763";NA;"2023-10-08 11:17:00";74072,7
"881829";"27:4:1";"Exp60_172_IS20763";"Exp60_172_IS20763";NA;"2023-10-08 11:31:00";74040,7
"881830";"27:4:1";"Exp60_172_IS20763";"Exp60_172_IS20763";NA;"2023-10-08 12:02:00";73941
"881831";"27:4:1";"Exp60_172_IS20763";"Exp60_172_IS20763";NA;"2023-10-08 12:16:00";73934,4
"881832";"27:4:1";"Exp60_172_IS20763";"Exp60_172_IS20763";NA;"2023-10-08 12:32:00";73885,2
"881833";"27:4:1";"Exp60_172_IS20763";"Exp60_172_IS20763";NA;"2023-10-08 12:46:00";73830,6
"881834";"27:4:1";"Exp60_172_IS20763";"Exp60_172_IS20763";NA;"2023-10-08 13:02:00";73792,5
"881835";"27:4:1";"Exp60_172_IS20763";"Exp60_172_IS20763";NA;"2023-10-08 13:16:00";73759,4
"881836";"27:4:1";"Exp60_172_IS20763";"Exp60_172_IS20763";NA;"2023-10-08 13:47:00";73683
"881837";"27:4:1";"Exp60_172_IS20763";"Exp60_172_IS20763";NA;"2023-10-08 14:01:00";73652,5
"881838";"27:4:1";"Exp60_172_IS20763";"Exp60_172_IS20763";NA;"2023-10-08 14:17:00";73621
"881839";"27:4:1";"Exp60_172_IS20763";"Exp60_172_IS20763";NA;"2023-10-08 14:31:00";73599,6
"881840";"27:4:1";"Exp60_172_IS20763";"Exp60_172_IS20763";NA;"2023-10-08 14:47:00";73571,4
"881841";"27:4:1";"Exp60_172_IS20763";"Exp60_172_IS20763";NA;"2023-10-08 15:01:00";73536,1
"881842";"27:4:1";"Exp60_172_IS20763";"Exp60_172_IS20763";NA;"2023-10-08 22:46:00";73435,9
"881843";"27:4:1";"Exp60_172_IS20763";"Exp60_172_IS20763";NA;"2023-10-08 23:02:00";73435,4
"881844";"27:4:1";"Exp60_172_IS20763";"Exp60_172_IS20763";NA;"2023-10-08 23:16:00";73435,4
"881845";"27:4:1";"Exp60_172_IS20763";"Exp60_172_IS20763";NA;"2023-10-08 23:32:00";73435,9
"881846";"27:4:1";"Exp60_172_IS20763";"Exp60_172_IS20763";NA;"2023-10-08 23:46:00";73435,9
"881847";"27:4:1";"Exp60_172_IS20763";"Exp60_172_IS20763";NA;"2023-10-09 00:02:00";73433,6
"881848";"27:4:1";"Exp60_172_IS20763";"Exp60_172_IS20763";NA;"2023-10-09 00:16:00";73435,3
"881849";"27:4:1";"Exp60_172_IS20763";"Exp60_172_IS20763";NA;"2023-10-09 00:32:00";73441,3
"881850";"27:4:1";"Exp60_172_IS20763";"Exp60_172_IS20763";NA;"2023-10-09 00:46:00";73444,3
"881851";"27:4:1";"Exp60_172_IS20763";"Exp60_172_IS20763";NA;"2023-10-09 01:02:00";73445,7
"881852";"27:4:1";"Exp60_172_IS20763";"Exp60_172_IS20763";NA;"2023-10-09 01:16:00";73444,5
"881853";"27:4:1";"Exp60_172_IS20763";"Exp60_172_IS20763";NA;"2023-10-09 01:32:00";73447,2
"881854";"27:4:1";"Exp60_172_IS20763";"Exp60_172_IS20763";NA;"2023-10-09 01:46:00";73446,6
"881855";"27:4:1";"Exp60_172_IS20763";"Exp60_172_IS20763";NA;"2023-10-09 02:02:00";73443,7
"881856";"27:4:1";"Exp60_172_IS20763";"Exp60_172_IS20763";NA;"2023-10-09 02:16:00";73440,6
"881857";"27:4:1";"Exp60_172_IS20763";"Exp60_172_IS20763";NA;"2023-10-09 02:32:00";73440,3
"881858";"27:4:1";"Exp60_172_IS20763";"Exp60_172_IS20763";NA;"2023-10-09 02:46:00";73438,6
"881859";"27:4:1";"Exp60_172_IS20763";"Exp60_172_IS20763";NA;"2023-10-09 03:02:00";73438,8
"881860";"27:4:1";"Exp60_172_IS20763";"Exp60_172_IS20763";NA;"2023-10-09 03:16:00";73443,2
"881861";"27:4:1";"Exp60_172_IS20763";"Exp60_172_IS20763";NA;"2023-10-09 03:32:00";73445,3
"881862";"27:4:1";"Exp60_172_IS20763";"Exp60_172_IS20763";NA;"2023-10-09 03:46:00";73445,2
"881863";"27:4:1";"Exp60_172_IS20763";"Exp60_172_IS20763";NA;"2023-10-09 04:17:00";73444,8
"881864";"27:4:1";"Exp60_172_IS20763";"Exp60_172_IS20763";NA;"2023-10-09 04:31:00";73446
"881865";"27:4:1";"Exp60_172_IS20763";"Exp60_172_IS20763";NA;"2023-10-09 04:47:00";73445,5
"881866";"27:4:1";"Exp60_172_IS20763";"Exp60_172_IS20763";NA;"2023-10-09 05:01:00";73445,8
"881867";"27:4:1";"Exp60_172_IS20763";"Exp60_172_IS20763";NA;"2023-10-09 05:17:00";73449,3
"881868";"27:4:1";"Exp60_172_IS20763";"Exp60_172_IS20763";NA;"2023-10-09 05:31:00";73449,6
"881869";"27:4:1";"Exp60_172_IS20763";"Exp60_172_IS20763";NA;"2023-10-09 05:47:00";73447,3
"881870";"27:4:1";"Exp60_172_IS20763";"Exp60_172_IS20763";NA;"2023-10-09 06:01:00";73446,6
"881871";"27:4:1";"Exp60_172_IS20763";"Exp60_172_IS20763";NA;"2023-10-09 06:17:00";73445,8
"881872";"27:4:1";"Exp60_172_IS20763";"Exp60_172_IS20763";NA;"2023-10-09 06:31:00";73446,4
"881873";"27:4:1";"Exp60_172_IS20763";"Exp60_172_IS20763";NA;"2023-10-09 06:47:00";73444,7
"881874";"27:4:1";"Exp60_172_IS20763";"Exp60_172_IS20763";NA;"2023-10-09 07:01:00";73441,6
"881875";"27:4:1";"Exp60_172_IS20763";"Exp60_172_IS20763";NA;"2023-10-09 07:17:00";73435,9
"881876";"27:4:1";"Exp60_172_IS20763";"Exp60_172_IS20763";NA;"2023-10-09 07:31:00";73436,3
"881877";"27:4:1";"Exp60_172_IS20763";"Exp60_172_IS20763";NA;"2023-10-09 07:47:00";73426
"881878";"27:4:1";"Exp60_172_IS20763";"Exp60_172_IS20763";NA;"2023-10-09 08:01:00";73411,3
"881879";"27:4:1";"Exp60_172_IS20763";"Exp60_172_IS20763";NA;"2023-10-09 08:17:00";73391,1
"881880";"27:4:1";"Exp60_172_IS20763";"Exp60_172_IS20763";NA;"2023-10-09 08:31:00";73379,6
"881881";"27:4:1";"Exp60_172_IS20763";"Exp60_172_IS20763";NA;"2023-10-09 08:47:00";73359
"881882";"27:4:1";"Exp60_172_IS20763";"Exp60_172_IS20763";NA;"2023-10-09 09:01:00";73347,8
"881883";"27:4:1";"Exp60_172_IS20763";"Exp60_172_IS20763";NA;"2023-10-09 09:17:00";73305,7
"881884";"27:4:1";"Exp60_172_IS20763";"Exp60_172_IS20763";NA;"2023-10-09 09:31:00";73278,4
"881885";"27:4:1";"Exp60_172_IS20763";"Exp60_172_IS20763";NA;"2023-10-09 10:32:00";73141,2
"881886";"27:4:1";"Exp60_172_IS20763";"Exp60_172_IS20763";NA;"2023-10-09 10:46:00";73108,5
"881887";"27:4:1";"Exp60_172_IS20763";"Exp60_172_IS20763";NA;"2023-10-09 11:02:00";73072,1
"881888";"27:4:1";"Exp60_172_IS20763";"Exp60_172_IS20763";NA;"2023-10-09 11:16:00";73037,9
"881889";"27:4:1";"Exp60_172_IS20763";"Exp60_172_IS20763";NA;"2023-10-09 11:47:00";72958,5
"881890";"27:4:1";"Exp60_172_IS20763";"Exp60_172_IS20763";NA;"2023-10-09 12:01:00";72918,7
"881891";"27:4:1";"Exp60_172_IS20763";"Exp60_172_IS20763";NA;"2023-10-09 12:17:00";72879,7
"881892";"27:4:1";"Exp60_172_IS20763";"Exp60_172_IS20763";NA;"2023-10-09 12:31:00";72844,6
"881893";"27:4:1";"Exp60_172_IS20763";"Exp60_172_IS20763";NA;"2023-10-09 12:47:00";72791,1
"881894";"27:4:1";"Exp60_172_IS20763";"Exp60_172_IS20763";NA;"2023-10-09 13:01:00";72761,2
"881895";"27:4:1";"Exp60_172_IS20763";"Exp60_172_IS20763";NA;"2023-10-09 13:32:00";72694,3
"881896";"27:4:1";"Exp60_172_IS20763";"Exp60_172_IS20763";NA;"2023-10-09 13:46:00";72664,9
"881897";"27:4:1";"Exp60_172_IS20763";"Exp60_172_IS20763";NA;"2023-10-09 14:02:00";72633,7
"881898";"27:4:1";"Exp60_172_IS20763";"Exp60_172_IS20763";NA;"2023-10-09 14:16:00";72625,5
"881899";"27:4:1";"Exp60_172_IS20763";"Exp60_172_IS20763";NA;"2023-10-09 20:16:00";72447,4
"881900";"27:4:1";"Exp60_172_IS20763";"Exp60_172_IS20763";NA;"2023-10-09 20:32:00";72455,1
"881901";"27:4:1";"Exp60_172_IS20763";"Exp60_172_IS20763";NA;"2023-10-09 20:46:00";72458
"881902";"27:4:1";"Exp60_172_IS20763";"Exp60_172_IS20763";NA;"2023-10-09 21:02:00";72459,5
"881903";"27:4:1";"Exp60_172_IS20763";"Exp60_172_IS20763";NA;"2023-10-09 21:16:00";72459,8
"881904";"27:4:1";"Exp60_172_IS20763";"Exp60_172_IS20763";NA;"2023-10-09 21:32:00";72457,9
"881905";"27:4:1";"Exp60_172_IS20763";"Exp60_172_IS20763";NA;"2023-10-09 21:46:00";72457,3
"881906";"27:4:1";"Exp60_172_IS20763";"Exp60_172_IS20763";NA;"2023-10-09 22:32:00";72458,7
"881907";"27:4:1";"Exp60_172_IS20763";"Exp60_172_IS20763";NA;"2023-10-09 22:46:00";72461,4
"881908";"27:4:1";"Exp60_172_IS20763";"Exp60_172_IS20763";NA;"2023-10-09 23:17:00";72465,2
"881909";"27:4:1";"Exp60_172_IS20763";"Exp60_172_IS20763";NA;"2023-10-09 23:31:00";72470,2
"881910";"27:4:1";"Exp60_172_IS20763";"Exp60_172_IS20763";NA;"2023-10-09 23:47:00";72473,2
"881911";"27:4:1";"Exp60_172_IS20763";"Exp60_172_IS20763";NA;"2023-10-10 00:16:00";72476,1
"881912";"27:4:1";"Exp60_172_IS20763";"Exp60_172_IS20763";NA;"2023-10-10 00:47:00";72468,7
"881913";"27:4:1";"Exp60_172_IS20763";"Exp60_172_IS20763";NA;"2023-10-10 01:01:00";72468,1
"881914";"27:4:1";"Exp60_172_IS20763";"Exp60_172_IS20763";NA;"2023-10-10 01:17:00";72471,4
"881915";"27:4:1";"Exp60_172_IS20763";"Exp60_172_IS20763";NA;"2023-10-10 01:31:00";72472,1
"881916";"27:4:1";"Exp60_172_IS20763";"Exp60_172_IS20763";NA;"2023-10-10 01:47:00";72473,6
"881917";"27:4:1";"Exp60_172_IS20763";"Exp60_172_IS20763";NA;"2023-10-10 02:01:00";72474,9
"881918";"27:4:1";"Exp60_172_IS20763";"Exp60_172_IS20763";NA;"2023-10-10 02:17:00";72474,1
"881919";"27:4:1";"Exp60_172_IS20763";"Exp60_172_IS20763";NA;"2023-10-10 02:31:00";72472
"881920";"27:4:1";"Exp60_172_IS20763";"Exp60_172_IS20763";NA;"2023-10-10 02:47:00";72471,9
"881921";"27:4:1";"Exp60_172_IS20763";"Exp60_172_IS20763";NA;"2023-10-10 03:01:00";72470,6
"881922";"27:4:1";"Exp60_172_IS20763";"Exp60_172_IS20763";NA;"2023-10-10 03:17:00";72471,9
"881923";"27:4:1";"Exp60_172_IS20763";"Exp60_172_IS20763";NA;"2023-10-10 03:31:00";72474,8
"881924";"27:4:1";"Exp60_172_IS20763";"Exp60_172_IS20763";NA;"2023-10-10 03:47:00";72475,6
"881925";"27:4:1";"Exp60_172_IS20763";"Exp60_172_IS20763";NA;"2023-10-10 04:01:00";72474
"881926";"27:4:1";"Exp60_172_IS20763";"Exp60_172_IS20763";NA;"2023-10-10 04:17:00";72476,6
"881927";"27:4:1";"Exp60_172_IS20763";"Exp60_172_IS20763";NA;"2023-10-10 04:31:00";72476,1
"881928";"27:4:1";"Exp60_172_IS20763";"Exp60_172_IS20763";NA;"2023-10-10 04:47:00";72476
"881929";"27:4:1";"Exp60_172_IS20763";"Exp60_172_IS20763";NA;"2023-10-10 05:01:00";72475,7
"881930";"27:4:1";"Exp60_172_IS20763";"Exp60_172_IS20763";NA;"2023-10-10 05:17:00";72480,7
"881931";"27:4:1";"Exp60_172_IS20763";"Exp60_172_IS20763";NA;"2023-10-10 05:31:00";72481,1
"881932";"27:4:1";"Exp60_172_IS20763";"Exp60_172_IS20763";NA;"2023-10-10 05:47:00";72478,6
"881933";"27:4:1";"Exp60_172_IS20763";"Exp60_172_IS20763";NA;"2023-10-10 06:01:00";72480,6
"881934";"27:4:1";"Exp60_172_IS20763";"Exp60_172_IS20763";NA;"2023-10-10 06:17:00";72480,7
"881935";"27:4:1";"Exp60_172_IS20763";"Exp60_172_IS20763";NA;"2023-10-10 06:46:00";72480,3
"881936";"27:4:1";"Exp60_172_IS20763";"Exp60_172_IS20763";NA;"2023-10-10 07:17:00";72478
"881937";"27:4:1";"Exp60_172_IS20763";"Exp60_172_IS20763";NA;"2023-10-10 07:31:00";72473,1
"881938";"27:4:1";"Exp60_172_IS20763";"Exp60_172_IS20763";NA;"2023-10-10 08:02:00";72448,1
"881939";"27:4:1";"Exp60_172_IS20763";"Exp60_172_IS20763";NA;"2023-10-10 08:16:00";72436,7
"881940";"27:4:1";"Exp60_172_IS20763";"Exp60_172_IS20763";NA;"2023-10-10 08:32:00";72421,3
"881941";"27:4:1";"Exp60_172_IS20763";"Exp60_172_IS20763";NA;"2023-10-10 08:46:00";72401,3
"881942";"27:4:1";"Exp60_172_IS20763";"Exp60_172_IS20763";NA;"2023-10-10 09:02:00";72375,3
"881943";"27:4:1";"Exp60_172_IS20763";"Exp60_172_IS20763";NA;"2023-10-10 09:16:00";72349,7
"881944";"27:4:1";"Exp60_172_IS20763";"Exp60_172_IS20763";NA;"2023-10-10 09:32:00";72322,8
"881945";"27:4:1";"Exp60_172_IS20763";"Exp60_172_IS20763";NA;"2023-10-10 09:46:00";72285,2
"881946";"27:4:1";"Exp60_172_IS20763";"Exp60_172_IS20763";NA;"2023-10-10 10:02:00";72240,6
"881947";"27:4:1";"Exp60_172_IS20763";"Exp60_172_IS20763";NA;"2023-10-10 10:16:00";72219,9
"881948";"27:4:1";"Exp60_172_IS20763";"Exp60_172_IS20763";NA;"2023-10-10 10:32:00";72166,1
"881949";"27:4:1";"Exp60_172_IS20763";"Exp60_172_IS20763";NA;"2023-10-10 10:46:00";72132,3
"881950";"27:4:1";"Exp60_172_IS20763";"Exp60_172_IS20763";NA;"2023-10-10 11:02:00";72103
"881951";"27:4:1";"Exp60_172_IS20763";"Exp60_172_IS20763";NA;"2023-10-10 11:16:00";72063,8
"881952";"27:4:1";"Exp60_172_IS20763";"Exp60_172_IS20763";NA;"2023-10-10 15:46:00";71612,8
"881953";"27:4:1";"Exp60_172_IS20763";"Exp60_172_IS20763";NA;"2023-10-10 18:01:00";73632,6
"881954";"27:4:1";"Exp60_172_IS20763";"Exp60_172_IS20763";NA;"2023-10-10 18:17:00";73636,1
"881955";"27:4:1";"Exp60_172_IS20763";"Exp60_172_IS20763";NA;"2023-10-10 18:31:00";73632,7
"881956";"27:4:1";"Exp60_172_IS20763";"Exp60_172_IS20763";NA;"2023-10-10 18:47:00";73632,8
"881957";"27:4:1";"Exp60_172_IS20763";"Exp60_172_IS20763";NA;"2023-10-10 19:01:00";73631,2
"881958";"27:4:1";"Exp60_172_IS20763";"Exp60_172_IS20763";NA;"2023-10-10 19:17:00";73629
"881959";"27:4:1";"Exp60_172_IS20763";"Exp60_172_IS20763";NA;"2023-10-10 19:31:00";73628,7
"881960";"27:4:1";"Exp60_172_IS20763";"Exp60_172_IS20763";NA;"2023-10-10 19:47:00";73626,6
"881961";"27:4:1";"Exp60_172_IS20763";"Exp60_172_IS20763";NA;"2023-10-10 20:01:00";73626,1
"881962";"27:4:1";"Exp60_172_IS20763";"Exp60_172_IS20763";NA;"2023-10-10 20:17:00";73627
"881963";"27:4:1";"Exp60_172_IS20763";"Exp60_172_IS20763";NA;"2023-10-10 20:31:00";73626,3
"881964";"27:4:1";"Exp60_172_IS20763";"Exp60_172_IS20763";NA;"2023-10-10 20:47:00";73623,6
"881965";"27:4:1";"Exp60_172_IS20763";"Exp60_172_IS20763";NA;"2023-10-10 21:01:00";73623,1
"881966";"27:4:1";"Exp60_172_IS20763";"Exp60_172_IS20763";NA;"2023-10-10 21:17:00";73620,8
"881967";"27:4:1";"Exp60_172_IS20763";"Exp60_172_IS20763";NA;"2023-10-10 21:31:00";73617,9
"881968";"27:4:1";"Exp60_172_IS20763";"Exp60_172_IS20763";NA;"2023-10-10 21:47:00";73615,6
"881969";"27:4:1";"Exp60_172_IS20763";"Exp60_172_IS20763";NA;"2023-10-10 22:01:00";73616,2
"881970";"27:4:1";"Exp60_172_IS20763";"Exp60_172_IS20763";NA;"2023-10-10 22:32:00";73616,8
"881971";"27:4:1";"Exp60_172_IS20763";"Exp60_172_IS20763";NA;"2023-10-10 22:46:00";73618,1
"881972";"27:4:1";"Exp60_172_IS20763";"Exp60_172_IS20763";NA;"2023-10-10 23:02:00";73617,2
"881973";"27:4:1";"Exp60_172_IS20763";"Exp60_172_IS20763";NA;"2023-10-10 23:16:00";73615,6
"881974";"27:4:1";"Exp60_172_IS20763";"Exp60_172_IS20763";NA;"2023-10-10 23:32:00";73618,8
"881975";"27:4:1";"Exp60_172_IS20763";"Exp60_172_IS20763";NA;"2023-10-10 23:46:00";73621
"881976";"27:4:1";"Exp60_172_IS20763";"Exp60_172_IS20763";NA;"2023-10-11 00:02:00";73620,4
"881977";"27:4:1";"Exp60_172_IS20763";"Exp60_172_IS20763";NA;"2023-10-11 00:16:00";73620,3
"881978";"27:4:1";"Exp60_172_IS20763";"Exp60_172_IS20763";NA;"2023-10-11 00:32:00";73618,9
"881979";"27:4:1";"Exp60_172_IS20763";"Exp60_172_IS20763";NA;"2023-10-11 00:46:00";73617
"881980";"27:4:1";"Exp60_172_IS20763";"Exp60_172_IS20763";NA;"2023-10-11 06:31:00";73619,5
"881981";"27:4:1";"Exp60_172_IS20763";"Exp60_172_IS20763";NA;"2023-10-11 07:17:00";73613,7
"881982";"27:4:1";"Exp60_172_IS20763";"Exp60_172_IS20763";NA;"2023-10-11 07:31:00";73610,9
"881983";"27:4:1";"Exp60_172_IS20763";"Exp60_172_IS20763";NA;"2023-10-11 07:47:00";73603,6
"881984";"27:4:1";"Exp60_172_IS20763";"Exp60_172_IS20763";NA;"2023-10-11 08:01:00";73593,7
"881985";"27:4:1";"Exp60_172_IS20763";"Exp60_172_IS20763";NA;"2023-10-11 08:17:00";73573,1
"881986";"27:4:1";"Exp60_172_IS20763";"Exp60_172_IS20763";NA;"2023-10-11 08:31:00";73542,6
"881987";"27:4:1";"Exp60_172_IS20763";"Exp60_172_IS20763";NA;"2023-10-11 08:47:00";73515,3
"881988";"27:4:1";"Exp60_172_IS20763";"Exp60_172_IS20763";NA;"2023-10-11 09:01:00";73482,1
"881989";"27:4:1";"Exp60_172_IS20763";"Exp60_172_IS20763";NA;"2023-10-11 16:16:00";72526,1
"881990";"27:4:1";"Exp60_172_IS20763";"Exp60_172_IS20763";NA;"2023-10-11 16:32:00";72507
"881991";"27:4:1";"Exp60_172_IS20763";"Exp60_172_IS20763";NA;"2023-10-11 16:46:00";72495,4
"881992";"27:4:1";"Exp60_172_IS20763";"Exp60_172_IS20763";NA;"2023-10-11 17:02:00";72487,9
"881993";"27:4:1";"Exp60_172_IS20763";"Exp60_172_IS20763";NA;"2023-10-11 17:16:00";72483,8
"881994";"27:4:1";"Exp60_172_IS20763";"Exp60_172_IS20763";NA;"2023-10-11 17:32:00";72478,6
"881995";"27:4:1";"Exp60_172_IS20763";"Exp60_172_IS20763";NA;"2023-10-11 17:46:00";72478,1
"881996";"27:4:1";"Exp60_172_IS20763";"Exp60_172_IS20763";NA;"2023-10-11 18:02:00";72477,1
"881997";"27:4:1";"Exp60_172_IS20763";"Exp60_172_IS20763";NA;"2023-10-11 18:16:00";72481,9
"881998";"27:4:1";"Exp60_172_IS20763";"Exp60_172_IS20763";NA;"2023-10-11 18:32:00";72485,7
"881999";"27:4:1";"Exp60_172_IS20763";"Exp60_172_IS20763";NA;"2023-10-11 18:46:00";72490,8
"882000";"27:4:1";"Exp60_172_IS20763";"Exp60_172_IS20763";NA;"2023-10-11 19:02:00";72490,7
"882001";"27:4:1";"Exp60_172_IS20763";"Exp60_172_IS20763";NA;"2023-10-11 19:16:00";72490,2
"882002";"27:4:1";"Exp60_172_IS20763";"Exp60_172_IS20763";NA;"2023-10-11 19:32:00";72492,9
"882003";"27:4:1";"Exp60_172_IS20763";"Exp60_172_IS20763";NA;"2023-10-11 19:46:00";72494,6
"882004";"27:4:1";"Exp60_172_IS20763";"Exp60_172_IS20763";NA;"2023-10-11 20:02:00";72492
"882005";"27:4:1";"Exp60_172_IS20763";"Exp60_172_IS20763";NA;"2023-10-11 20:46:00";72493
"882006";"27:4:1";"Exp60_172_IS20763";"Exp60_172_IS20763";NA;"2023-10-11 21:02:00";72492
"882007";"27:4:1";"Exp60_172_IS20763";"Exp60_172_IS20763";NA;"2023-10-11 21:16:00";72493,4
"882008";"27:4:1";"Exp60_172_IS20763";"Exp60_172_IS20763";NA;"2023-10-11 21:32:00";72491,9
"882009";"27:4:1";"Exp60_172_IS20763";"Exp60_172_IS20763";NA;"2023-10-11 21:46:00";72493
"882010";"27:4:1";"Exp60_172_IS20763";"Exp60_172_IS20763";NA;"2023-10-11 22:17:00";72487
"882011";"27:4:1";"Exp60_172_IS20763";"Exp60_172_IS20763";NA;"2023-10-11 22:31:00";72484,8
"882012";"27:4:1";"Exp60_172_IS20763";"Exp60_172_IS20763";NA;"2023-10-11 22:47:00";72483
"882013";"27:4:1";"Exp60_172_IS20763";"Exp60_172_IS20763";NA;"2023-10-11 23:01:00";72482,7
"882014";"27:4:1";"Exp60_172_IS20763";"Exp60_172_IS20763";NA;"2023-10-11 23:17:00";72483,9
"882015";"27:4:1";"Exp60_172_IS20763";"Exp60_172_IS20763";NA;"2023-10-11 23:31:00";72484,4
"882016";"27:4:1";"Exp60_172_IS20763";"Exp60_172_IS20763";NA;"2023-10-11 23:47:00";72485,6
"882017";"27:4:1";"Exp60_172_IS20763";"Exp60_172_IS20763";NA;"2023-10-12 00:01:00";72486,3
"882018";"27:4:1";"Exp60_172_IS20763";"Exp60_172_IS20763";NA;"2023-10-12 00:17:00";72487,1
"882019";"27:4:1";"Exp60_172_IS20763";"Exp60_172_IS20763";NA;"2023-10-12 00:31:00";72488
"882020";"27:4:1";"Exp60_172_IS20763";"Exp60_172_IS20763";NA;"2023-10-12 00:47:00";72488,6
"882021";"27:4:1";"Exp60_172_IS20763";"Exp60_172_IS20763";NA;"2023-10-12 01:01:00";72488,5
"882022";"27:4:1";"Exp60_172_IS20763";"Exp60_172_IS20763";NA;"2023-10-12 01:17:00";72490
"882023";"27:4:1";"Exp60_172_IS20763";"Exp60_172_IS20763";NA;"2023-10-12 01:31:00";72490
"882024";"27:4:1";"Exp60_172_IS20763";"Exp60_172_IS20763";NA;"2023-10-12 01:47:00";72490,7
"882025";"27:4:1";"Exp60_172_IS20763";"Exp60_172_IS20763";NA;"2023-10-12 02:01:00";72489,7
"882026";"27:4:1";"Exp60_172_IS20763";"Exp60_172_IS20763";NA;"2023-10-12 02:17:00";72492,7
"882027";"27:4:1";"Exp60_172_IS20763";"Exp60_172_IS20763";NA;"2023-10-12 02:31:00";72498,8
"882028";"27:4:1";"Exp60_172_IS20763";"Exp60_172_IS20763";NA;"2023-10-12 02:47:00";72503,5
"882029";"27:4:1";"Exp60_172_IS20763";"Exp60_172_IS20763";NA;"2023-10-12 03:01:00";72503,5
"882030";"27:4:1";"Exp60_172_IS20763";"Exp60_172_IS20763";NA;"2023-10-12 03:17:00";72500,7
"882031";"27:4:1";"Exp60_172_IS20763";"Exp60_172_IS20763";NA;"2023-10-12 03:31:00";72502,1
"882032";"27:4:1";"Exp60_172_IS20763";"Exp60_172_IS20763";NA;"2023-10-12 03:47:00";72500,4
"882033";"27:4:1";"Exp60_172_IS20763";"Exp60_172_IS20763";NA;"2023-10-12 04:01:00";72501,2
"882034";"27:4:1";"Exp60_172_IS20763";"Exp60_172_IS20763";NA;"2023-10-12 04:17:00";72499,1
"882035";"27:4:1";"Exp60_172_IS20763";"Exp60_172_IS20763";NA;"2023-10-12 04:31:00";72497
"882036";"27:4:1";"Exp60_172_IS20763";"Exp60_172_IS20763";NA;"2023-10-12 04:47:00";72494,9
"882037";"27:4:1";"Exp60_172_IS20763";"Exp60_172_IS20763";NA;"2023-10-12 05:01:00";72492,1
"882038";"27:4:1";"Exp60_172_IS20763";"Exp60_172_IS20763";NA;"2023-10-12 05:32:00";72489
"882039";"27:4:1";"Exp60_172_IS20763";"Exp60_172_IS20763";NA;"2023-10-12 05:46:00";72493,5
"882040";"27:4:1";"Exp60_172_IS20763";"Exp60_172_IS20763";NA;"2023-10-12 06:02:00";72497,2
"882041";"27:4:1";"Exp60_172_IS20763";"Exp60_172_IS20763";NA;"2023-10-12 06:16:00";72497
"882042";"27:4:1";"Exp60_172_IS20763";"Exp60_172_IS20763";NA;"2023-10-12 06:47:00";72493
"882043";"27:4:1";"Exp60_172_IS20763";"Exp60_172_IS20763";NA;"2023-10-12 07:01:00";72496,8
"882044";"27:4:1";"Exp60_172_IS20763";"Exp60_172_IS20763";NA;"2023-10-12 07:17:00";72495,6
"882045";"27:4:1";"Exp60_172_IS20763";"Exp60_172_IS20763";NA;"2023-10-12 07:31:00";72489,8
"882046";"27:4:1";"Exp60_172_IS20763";"Exp60_172_IS20763";NA;"2023-10-12 07:47:00";72479,7
"882047";"27:4:1";"Exp60_172_IS20763";"Exp60_172_IS20763";NA;"2023-10-12 08:01:00";72465,6
"882048";"27:4:1";"Exp60_172_IS20763";"Exp60_172_IS20763";NA;"2023-10-12 08:17:00";72443,8
"882049";"27:4:1";"Exp60_172_IS20763";"Exp60_172_IS20763";NA;"2023-10-12 08:31:00";72423,1
"882050";"27:4:1";"Exp60_172_IS20763";"Exp60_172_IS20763";NA;"2023-10-12 08:47:00";72392,4
"882051";"27:4:1";"Exp60_172_IS20763";"Exp60_172_IS20763";NA;"2023-10-12 09:01:00";72362,3
"882052";"27:4:1";"Exp60_172_IS20763";"Exp60_172_IS20763";NA;"2023-10-12 09:17:00";72328,4
"882053";"27:4:1";"Exp60_172_IS20763";"Exp60_172_IS20763";NA;"2023-10-12 09:31:00";72287,2
"882054";"27:4:1";"Exp60_172_IS20763";"Exp60_172_IS20763";NA;"2023-10-12 09:47:00";72256,7
"882055";"27:4:1";"Exp60_172_IS20763";"Exp60_172_IS20763";NA;"2023-10-12 10:01:00";72226,5
"882056";"27:4:1";"Exp60_172_IS20763";"Exp60_172_IS20763";NA;"2023-10-12 15:01:00";71476,2
"882057";"27:4:1";"Exp60_172_IS20763";"Exp60_172_IS20763";NA;"2023-10-12 15:17:00";71455,3
"882058";"27:4:1";"Exp60_172_IS20763";"Exp60_172_IS20763";NA;"2023-10-12 15:31:00";71437,1
"882059";"27:4:1";"Exp60_172_IS20763";"Exp60_172_IS20763";NA;"2023-10-12 15:47:00";71422,8
"882060";"27:4:1";"Exp60_172_IS20763";"Exp60_172_IS20763";NA;"2023-10-12 16:01:00";71401
"882061";"27:4:1";"Exp60_172_IS20763";"Exp60_172_IS20763";NA;"2023-10-12 16:17:00";71384,6
"882062";"27:4:1";"Exp60_172_IS20763";"Exp60_172_IS20763";NA;"2023-10-12 16:31:00";71370,6
"882063";"27:4:1";"Exp60_172_IS20763";"Exp60_172_IS20763";NA;"2023-10-12 16:47:00";71366,4
"882064";"27:4:1";"Exp60_172_IS20763";"Exp60_172_IS20763";NA;"2023-10-12 17:01:00";71351,6
"882065";"27:4:1";"Exp60_172_IS20763";"Exp60_172_IS20763";NA;"2023-10-12 17:17:00";71355,3
"882066";"27:4:1";"Exp60_172_IS20763";"Exp60_172_IS20763";NA;"2023-10-12 17:31:00";71352,2
"882067";"27:4:1";"Exp60_172_IS20763";"Exp60_172_IS20763";NA;"2023-10-12 17:47:00";71351,9
"882068";"27:4:1";"Exp60_172_IS20763";"Exp60_172_IS20763";NA;"2023-10-12 18:01:00";71354
"882069";"27:4:1";"Exp60_172_IS20763";"Exp60_172_IS20763";NA;"2023-10-12 18:17:00";71351,6
"882070";"27:4:1";"Exp60_172_IS20763";"Exp60_172_IS20763";NA;"2023-10-12 18:31:00";71355,7
"882071";"27:4:1";"Exp60_172_IS20763";"Exp60_172_IS20763";NA;"2023-10-12 18:47:00";71357,3
"882072";"27:4:1";"Exp60_172_IS20763";"Exp60_172_IS20763";NA;"2023-10-12 19:01:00";71362,9
"882073";"27:4:1";"Exp60_172_IS20763";"Exp60_172_IS20763";NA;"2023-10-12 19:17:00";71363
"882074";"27:4:1";"Exp60_172_IS20763";"Exp60_172_IS20763";NA;"2023-10-12 19:31:00";71363,1
"882075";"27:4:1";"Exp60_172_IS20763";"Exp60_172_IS20763";NA;"2023-10-12 20:02:00";71362,8
"882076";"27:4:1";"Exp60_172_IS20763";"Exp60_172_IS20763";NA;"2023-10-12 20:16:00";71364,1
"882077";"27:4:1";"Exp60_172_IS20763";"Exp60_172_IS20763";NA;"2023-10-13 03:16:00";71403,3
"882078";"27:4:1";"Exp60_172_IS20763";"Exp60_172_IS20763";NA;"2023-10-13 03:32:00";71403,7
"882079";"27:4:1";"Exp60_172_IS20763";"Exp60_172_IS20763";NA;"2023-10-13 03:46:00";71404,1
"882080";"27:4:1";"Exp60_172_IS20763";"Exp60_172_IS20763";NA;"2023-10-13 04:02:00";71405,9
"882081";"27:4:1";"Exp60_172_IS20763";"Exp60_172_IS20763";NA;"2023-10-13 04:16:00";71407,3
"882082";"27:4:1";"Exp60_172_IS20763";"Exp60_172_IS20763";NA;"2023-10-13 04:32:00";71406,7
"882083";"27:4:1";"Exp60_172_IS20763";"Exp60_172_IS20763";NA;"2023-10-13 04:46:00";71407,1
"882084";"27:4:1";"Exp60_172_IS20763";"Exp60_172_IS20763";NA;"2023-10-13 05:02:00";71407,8
"882085";"27:4:1";"Exp60_172_IS20763";"Exp60_172_IS20763";NA;"2023-10-13 05:16:00";71409,7
"882086";"27:4:1";"Exp60_172_IS20763";"Exp60_172_IS20763";NA;"2023-10-13 05:32:00";71412,2
"882087";"27:4:1";"Exp60_172_IS20763";"Exp60_172_IS20763";NA;"2023-10-13 05:46:00";71412,7
"882088";"27:4:1";"Exp60_172_IS20763";"Exp60_172_IS20763";NA;"2023-10-13 06:02:00";71414,6
"882089";"27:4:1";"Exp60_172_IS20763";"Exp60_172_IS20763";NA;"2023-10-13 06:16:00";71413,5
"882090";"27:4:1";"Exp60_172_IS20763";"Exp60_172_IS20763";NA;"2023-10-13 06:32:00";71413,5
"882091";"27:4:1";"Exp60_172_IS20763";"Exp60_172_IS20763";NA;"2023-10-13 06:46:00";71413,5
"882092";"27:4:1";"Exp60_172_IS20763";"Exp60_172_IS20763";NA;"2023-10-13 12:46:00";70773,5
"882093";"27:4:1";"Exp60_172_IS20763";"Exp60_172_IS20763";NA;"2023-10-13 13:02:00";70725
"882094";"27:4:1";"Exp60_172_IS20763";"Exp60_172_IS20763";NA;"2023-10-13 13:16:00";70690
"882095";"27:4:1";"Exp60_172_IS20763";"Exp60_172_IS20763";NA;"2023-10-13 13:32:00";70654,4
"882096";"27:4:1";"Exp60_172_IS20763";"Exp60_172_IS20763";NA;"2023-10-13 13:46:00";70628,5
"882097";"27:4:1";"Exp60_172_IS20763";"Exp60_172_IS20763";NA;"2023-10-13 19:46:00";75135,8
"882098";"27:4:1";"Exp60_172_IS20763";"Exp60_172_IS20763";NA;"2023-10-13 20:02:00";75137,7
"882099";"27:4:1";"Exp60_172_IS20763";"Exp60_172_IS20763";NA;"2023-10-13 20:16:00";75132,4
"882100";"27:4:1";"Exp60_172_IS20763";"Exp60_172_IS20763";NA;"2023-10-13 20:32:00";75125,9
"882101";"27:4:1";"Exp60_172_IS20763";"Exp60_172_IS20763";NA;"2023-10-13 20:46:00";75122,8
"882102";"27:4:1";"Exp60_172_IS20763";"Exp60_172_IS20763";NA;"2023-10-13 21:02:00";75125
"882103";"27:4:1";"Exp60_172_IS20763";"Exp60_172_IS20763";NA;"2023-10-13 21:16:00";75120,1
"882104";"27:4:1";"Exp60_172_IS20763";"Exp60_172_IS20763";NA;"2023-10-13 21:32:00";75121,8
"882105";"27:4:1";"Exp60_172_IS20763";"Exp60_172_IS20763";NA;"2023-10-13 21:46:00";75118,3
"882106";"27:4:1";"Exp60_172_IS20763";"Exp60_172_IS20763";NA;"2023-10-13 22:02:00";75115,4
"882107";"27:4:1";"Exp60_172_IS20763";"Exp60_172_IS20763";NA;"2023-10-13 22:16:00";75108,4
"882108";"27:4:1";"Exp60_172_IS20763";"Exp60_172_IS20763";NA;"2023-10-13 22:32:00";75102,3
"882109";"27:4:1";"Exp60_172_IS20763";"Exp60_172_IS20763";NA;"2023-10-13 22:46:00";75104
"882110";"27:4:1";"Exp60_172_IS20763";"Exp60_172_IS20763";NA;"2023-10-13 23:02:00";75102,3
"882111";"27:4:1";"Exp60_172_IS20763";"Exp60_172_IS20763";NA;"2023-10-13 23:16:00";75098,3
"882112";"27:4:1";"Exp60_172_IS20763";"Exp60_172_IS20763";NA;"2023-10-13 23:47:00";75099,1
"882113";"27:4:1";"Exp60_172_IS20763";"Exp60_172_IS20763";NA;"2023-10-14 00:01:00";75102,7
"882114";"27:4:1";"Exp60_172_IS20763";"Exp60_172_IS20763";NA;"2023-10-14 00:17:00";75108,6
"882115";"27:4:1";"Exp60_172_IS20763";"Exp60_172_IS20763";NA;"2023-10-14 00:31:00";75103,7
"882116";"27:4:1";"Exp60_172_IS20763";"Exp60_172_IS20763";NA;"2023-10-14 00:47:00";75102,7
"882117";"27:4:1";"Exp60_172_IS20763";"Exp60_172_IS20763";NA;"2023-10-14 01:01:00";75102,8
"882118";"27:4:1";"Exp60_172_IS20763";"Exp60_172_IS20763";NA;"2023-10-14 01:17:00";75106,5
"882119";"27:4:1";"Exp60_172_IS20763";"Exp60_172_IS20763";NA;"2023-10-14 01:31:00";75105,4
"882120";"27:4:1";"Exp60_172_IS20763";"Exp60_172_IS20763";NA;"2023-10-14 01:47:00";75102,9
"882121";"27:4:1";"Exp60_172_IS20763";"Exp60_172_IS20763";NA;"2023-10-14 02:01:00";75102,3
"882122";"27:4:1";"Exp60_172_IS20763";"Exp60_172_IS20763";NA;"2023-10-14 02:17:00";75107,8
"882123";"27:4:1";"Exp60_172_IS20763";"Exp60_172_IS20763";NA;"2023-10-14 02:31:00";75104,4
"882124";"27:4:1";"Exp60_172_IS20763";"Exp60_172_IS20763";NA;"2023-10-14 02:47:00";75103,4
"882125";"27:4:1";"Exp60_172_IS20763";"Exp60_172_IS20763";NA;"2023-10-14 03:01:00";75100,2
"882126";"27:4:1";"Exp60_172_IS20763";"Exp60_172_IS20763";NA;"2023-10-14 03:17:00";75101,5
"882127";"27:4:1";"Exp60_172_IS20763";"Exp60_172_IS20763";NA;"2023-10-14 03:31:00";75097,4
"882128";"27:4:1";"Exp60_172_IS20763";"Exp60_172_IS20763";NA;"2023-10-14 04:17:00";75098,5
"882129";"27:4:1";"Exp60_172_IS20763";"Exp60_172_IS20763";NA;"2023-10-14 04:31:00";75102
"882130";"27:4:1";"Exp60_172_IS20763";"Exp60_172_IS20763";NA;"2023-10-14 04:47:00";75099,2
"882131";"27:4:1";"Exp60_172_IS20763";"Exp60_172_IS20763";NA;"2023-10-14 05:01:00";75098,2
"882132";"27:4:1";"Exp60_172_IS20763";"Exp60_172_IS20763";NA;"2023-10-14 05:17:00";75096,5
"882133";"27:4:1";"Exp60_172_IS20763";"Exp60_172_IS20763";NA;"2023-10-14 05:31:00";75097,4
"882134";"27:4:1";"Exp60_172_IS20763";"Exp60_172_IS20763";NA;"2023-10-14 05:47:00";75095,2
"882135";"27:4:1";"Exp60_172_IS20763";"Exp60_172_IS20763";NA;"2023-10-14 06:01:00";75099
"882136";"27:4:1";"Exp60_172_IS20763";"Exp60_172_IS20763";NA;"2023-10-14 06:17:00";75097
"882137";"27:4:1";"Exp60_172_IS20763";"Exp60_172_IS20763";NA;"2023-10-14 06:31:00";75100,1
"882138";"27:4:1";"Exp60_172_IS20763";"Exp60_172_IS20763";NA;"2023-10-14 07:02:00";75101,5
"882139";"27:4:1";"Exp60_172_IS20763";"Exp60_172_IS20763";NA;"2023-10-14 07:16:00";75100,3
"882140";"27:4:1";"Exp60_172_IS20763";"Exp60_172_IS20763";NA;"2023-10-14 07:32:00";75095
"882141";"27:4:1";"Exp60_172_IS20763";"Exp60_172_IS20763";NA;"2023-10-14 08:16:00";75066,7
"882142";"27:4:1";"Exp60_172_IS20763";"Exp60_172_IS20763";NA;"2023-10-14 08:32:00";75047,9
"882143";"27:4:1";"Exp60_172_IS20763";"Exp60_172_IS20763";NA;"2023-10-14 08:46:00";75020,9
"882144";"27:4:1";"Exp60_172_IS20763";"Exp60_172_IS20763";NA;"2023-10-14 09:02:00";74989,7
"882145";"27:4:1";"Exp60_172_IS20763";"Exp60_172_IS20763";NA;"2023-10-14 09:16:00";74949,1
"882146";"27:4:1";"Exp60_172_IS20763";"Exp60_172_IS20763";NA;"2023-10-14 09:32:00";74910,6
"882147";"27:4:1";"Exp60_172_IS20763";"Exp60_172_IS20763";NA;"2023-10-14 09:46:00";74874,1
"882148";"27:4:1";"Exp60_172_IS20763";"Exp60_172_IS20763";NA;"2023-10-14 10:02:00";74835,1
"882149";"27:4:1";"Exp60_172_IS20763";"Exp60_172_IS20763";NA;"2023-10-14 10:16:00";74785,9
"882150";"27:4:1";"Exp60_172_IS20763";"Exp60_172_IS20763";NA;"2023-10-14 10:32:00";74738,8
"882151";"27:4:1";"Exp60_172_IS20763";"Exp60_172_IS20763";NA;"2023-10-14 10:46:00";74698,6
"882152";"27:4:1";"Exp60_172_IS20763";"Exp60_172_IS20763";NA;"2023-10-14 11:02:00";74642,3
"882153";"27:4:1";"Exp60_172_IS20763";"Exp60_172_IS20763";NA;"2023-10-14 11:16:00";74601,6
"882154";"27:4:1";"Exp60_172_IS20763";"Exp60_172_IS20763";NA;"2023-10-14 11:32:00";74552,2
"882155";"27:4:1";"Exp60_172_IS20763";"Exp60_172_IS20763";NA;"2023-10-14 11:46:00";74504,1
"882156";"27:4:1";"Exp60_172_IS20763";"Exp60_172_IS20763";NA;"2023-10-14 12:02:00";74466,6
"882157";"27:4:1";"Exp60_172_IS20763";"Exp60_172_IS20763";NA;"2023-10-14 12:16:00";74431,1
"882158";"27:4:1";"Exp60_172_IS20763";"Exp60_172_IS20763";NA;"2023-10-14 12:32:00";74385,6
"882159";"27:4:1";"Exp60_172_IS20763";"Exp60_172_IS20763";NA;"2023-10-14 12:46:00";74340
"882160";"27:4:1";"Exp60_172_IS20763";"Exp60_172_IS20763";NA;"2023-10-14 13:02:00";74318
"882161";"27:4:1";"Exp60_172_IS20763";"Exp60_172_IS20763";NA;"2023-10-14 13:16:00";74275,2
"882162";"27:4:1";"Exp60_172_IS20763";"Exp60_172_IS20763";NA;"2023-10-14 13:32:00";74247,8
"882163";"27:4:1";"Exp60_172_IS20763";"Exp60_172_IS20763";NA;"2023-10-14 13:46:00";74213,4
"882164";"27:4:1";"Exp60_172_IS20763";"Exp60_172_IS20763";NA;"2023-10-14 19:31:00";73896,5
"882165";"27:4:1";"Exp60_172_IS20763";"Exp60_172_IS20763";NA;"2023-10-15 02:01:00";73893
"882166";"27:4:1";"Exp60_172_IS20763";"Exp60_172_IS20763";NA;"2023-10-15 02:17:00";73890,9
"882167";"27:4:1";"Exp60_172_IS20763";"Exp60_172_IS20763";NA;"2023-10-15 02:31:00";73890,9
"882168";"27:4:1";"Exp60_172_IS20763";"Exp60_172_IS20763";NA;"2023-10-15 02:47:00";73889,9
"882169";"27:4:1";"Exp60_172_IS20763";"Exp60_172_IS20763";NA;"2023-10-15 03:01:00";73891
"882170";"27:4:1";"Exp60_172_IS20763";"Exp60_172_IS20763";NA;"2023-10-15 03:17:00";73892,2
"882171";"27:4:1";"Exp60_172_IS20763";"Exp60_172_IS20763";NA;"2023-10-15 03:31:00";73892,3
"882172";"27:4:1";"Exp60_172_IS20763";"Exp60_172_IS20763";NA;"2023-10-15 03:47:00";73891,5
"882173";"27:4:1";"Exp60_172_IS20763";"Exp60_172_IS20763";NA;"2023-10-15 04:01:00";73889,9
"882174";"27:4:1";"Exp60_172_IS20763";"Exp60_172_IS20763";NA;"2023-10-15 04:32:00";73888,7
"882175";"27:4:1";"Exp60_172_IS20763";"Exp60_172_IS20763";NA;"2023-10-15 04:46:00";73886,5
"882176";"27:4:1";"Exp60_172_IS20763";"Exp60_172_IS20763";NA;"2023-10-15 05:32:00";73883,8
"882177";"27:4:1";"Exp60_172_IS20763";"Exp60_172_IS20763";NA;"2023-10-15 05:46:00";73884,6
"882178";"27:4:1";"Exp60_172_IS20763";"Exp60_172_IS20763";NA;"2023-10-15 06:17:00";73884,4
"882179";"27:4:1";"Exp60_172_IS20763";"Exp60_172_IS20763";NA;"2023-10-15 06:31:00";73884,4
"882180";"27:4:1";"Exp60_172_IS20763";"Exp60_172_IS20763";NA;"2023-10-15 07:02:00";73883,8
"882181";"27:4:1";"Exp60_172_IS20763";"Exp60_172_IS20763";NA;"2023-10-15 07:16:00";73883,5
"882182";"27:4:1";"Exp60_172_IS20763";"Exp60_172_IS20763";NA;"2023-10-15 07:32:00";73880,8
"882183";"27:4:1";"Exp60_172_IS20763";"Exp60_172_IS20763";NA;"2023-10-15 07:46:00";73878
"882184";"27:4:1";"Exp60_172_IS20763";"Exp60_172_IS20763";NA;"2023-10-15 08:17:00";73857,1
"882185";"27:4:1";"Exp60_172_IS20763";"Exp60_172_IS20763";NA;"2023-10-15 08:31:00";73834,1
"882186";"27:4:1";"Exp60_172_IS20763";"Exp60_172_IS20763";NA;"2023-10-15 08:47:00";73815,3
"882187";"27:4:1";"Exp60_172_IS20763";"Exp60_172_IS20763";NA;"2023-10-15 09:01:00";73799,4
"882188";"27:4:1";"Exp60_172_IS20763";"Exp60_172_IS20763";NA;"2023-10-15 09:17:00";73774,6
"882189";"27:4:1";"Exp60_172_IS20763";"Exp60_172_IS20763";NA;"2023-10-15 09:31:00";73749,8
"882190";"27:4:1";"Exp60_172_IS20763";"Exp60_172_IS20763";NA;"2023-10-15 09:47:00";73720,3
"882191";"27:4:1";"Exp60_172_IS20763";"Exp60_172_IS20763";NA;"2023-10-15 10:01:00";73682,5
"882192";"27:4:1";"Exp60_172_IS20763";"Exp60_172_IS20763";NA;"2023-10-15 10:17:00";73641,8
"882193";"27:4:1";"Exp60_172_IS20763";"Exp60_172_IS20763";NA;"2023-10-15 10:31:00";73607,8
"882194";"27:4:1";"Exp60_172_IS20763";"Exp60_172_IS20763";NA;"2023-10-15 10:47:00";73573,8
"882195";"27:4:1";"Exp60_172_IS20763";"Exp60_172_IS20763";NA;"2023-10-15 11:01:00";73535,4
"882196";"27:4:1";"Exp60_172_IS20763";"Exp60_172_IS20763";NA;"2023-10-15 18:01:00";72898,9
"882197";"27:4:1";"Exp60_172_IS20763";"Exp60_172_IS20763";NA;"2023-10-15 18:17:00";72897,5
"882198";"27:4:1";"Exp60_172_IS20763";"Exp60_172_IS20763";NA;"2023-10-15 18:31:00";72897,1
"882199";"27:4:1";"Exp60_172_IS20763";"Exp60_172_IS20763";NA;"2023-10-15 18:47:00";72897,7
"882200";"27:4:1";"Exp60_172_IS20763";"Exp60_172_IS20763";NA;"2023-10-15 19:01:00";72902,4
"882201";"27:4:1";"Exp60_172_IS20763";"Exp60_172_IS20763";NA;"2023-10-15 19:17:00";72900,6
"882202";"27:4:1";"Exp60_172_IS20763";"Exp60_172_IS20763";NA;"2023-10-15 19:31:00";72900,2
"882203";"27:4:1";"Exp60_172_IS20763";"Exp60_172_IS20763";NA;"2023-10-16 03:46:00";72930,7
"882204";"27:4:1";"Exp60_172_IS20763";"Exp60_172_IS20763";NA;"2023-10-16 04:02:00";72932,3
"882205";"27:4:1";"Exp60_172_IS20763";"Exp60_172_IS20763";NA;"2023-10-16 04:16:00";72935,2
"882206";"27:4:1";"Exp60_172_IS20763";"Exp60_172_IS20763";NA;"2023-10-16 04:32:00";72934,3
"882207";"27:4:1";"Exp60_172_IS20763";"Exp60_172_IS20763";NA;"2023-10-16 04:46:00";72933,5
"882208";"27:4:1";"Exp60_172_IS20763";"Exp60_172_IS20763";NA;"2023-10-16 05:02:00";72932,6
"882209";"27:4:1";"Exp60_172_IS20763";"Exp60_172_IS20763";NA;"2023-10-16 05:16:00";72931,5
"882210";"27:4:1";"Exp60_172_IS20763";"Exp60_172_IS20763";NA;"2023-10-16 05:32:00";72931,9
"882211";"27:4:1";"Exp60_172_IS20763";"Exp60_172_IS20763";NA;"2023-10-16 05:46:00";72932,5
"882212";"27:4:1";"Exp60_172_IS20763";"Exp60_172_IS20763";NA;"2023-10-16 06:02:00";72933,9
"882213";"27:4:1";"Exp60_172_IS20763";"Exp60_172_IS20763";NA;"2023-10-16 06:16:00";72933,5
"882214";"27:4:1";"Exp60_172_IS20763";"Exp60_172_IS20763";NA;"2023-10-16 06:32:00";72932,4
"882215";"27:4:1";"Exp60_172_IS20763";"Exp60_172_IS20763";NA;"2023-10-16 06:46:00";72932,3
"882216";"27:4:1";"Exp60_172_IS20763";"Exp60_172_IS20763";NA;"2023-10-16 07:02:00";72932,3
"882217";"27:4:1";"Exp60_172_IS20763";"Exp60_172_IS20763";NA;"2023-10-16 07:16:00";72932,7
"882218";"27:4:1";"Exp60_172_IS20763";"Exp60_172_IS20763";NA;"2023-10-16 07:47:00";72919,3
"882219";"27:4:1";"Exp60_172_IS20763";"Exp60_172_IS20763";NA;"2023-10-16 08:01:00";72911,9
"882220";"27:4:1";"Exp60_172_IS20763";"Exp60_172_IS20763";NA;"2023-10-16 08:17:00";72900,6
"882221";"27:4:1";"Exp60_172_IS20763";"Exp60_172_IS20763";NA;"2023-10-16 08:31:00";72886,6
"882222";"27:4:1";"Exp60_172_IS20763";"Exp60_172_IS20763";NA;"2023-10-16 08:47:00";72871,3
"882223";"27:4:1";"Exp60_172_IS20763";"Exp60_172_IS20763";NA;"2023-10-16 09:01:00";72857,3
"882224";"27:4:1";"Exp60_172_IS20763";"Exp60_172_IS20763";NA;"2023-10-16 09:17:00";72824
"882225";"27:4:1";"Exp60_172_IS20763";"Exp60_172_IS20763";NA;"2023-10-16 09:31:00";72791,2
"882226";"27:4:1";"Exp60_172_IS20763";"Exp60_172_IS20763";NA;"2023-10-16 09:47:00";72755
"882227";"27:4:1";"Exp60_172_IS20763";"Exp60_172_IS20763";NA;"2023-10-16 10:01:00";72730,5
"882228";"27:4:1";"Exp60_172_IS20763";"Exp60_172_IS20763";NA;"2023-10-16 10:17:00";72699,5
"882229";"27:4:1";"Exp60_172_IS20763";"Exp60_172_IS20763";NA;"2023-10-16 10:31:00";72667,7
"882230";"27:4:1";"Exp60_172_IS20763";"Exp60_172_IS20763";NA;"2023-10-16 10:47:00";72624,3
"882231";"27:4:1";"Exp60_172_IS20763";"Exp60_172_IS20763";NA;"2023-10-16 11:01:00";72591
"882232";"27:4:1";"Exp60_172_IS20763";"Exp60_172_IS20763";NA;"2023-10-16 11:32:00";72528,3
"882233";"27:4:1";"Exp60_172_IS20763";"Exp60_172_IS20763";NA;"2023-10-16 11:46:00";72506,8
"882234";"27:4:1";"Exp60_172_IS20763";"Exp60_172_IS20763";NA;"2023-10-16 12:17:00";72432,2
"882235";"27:4:1";"Exp60_172_IS20763";"Exp60_172_IS20763";NA;"2023-10-16 12:31:00";72400,2
"882236";"27:4:1";"Exp60_172_IS20763";"Exp60_172_IS20763";NA;"2023-10-16 13:02:00";72323,9
"882237";"27:4:1";"Exp60_172_IS20763";"Exp60_172_IS20763";NA;"2023-10-16 13:16:00";72287,2
"882238";"27:4:1";"Exp60_172_IS20763";"Exp60_172_IS20763";NA;"2023-10-16 13:32:00";72253,6
"882239";"27:4:1";"Exp60_172_IS20763";"Exp60_172_IS20763";NA;"2023-10-16 13:46:00";72234,7
"882240";"27:4:1";"Exp60_172_IS20763";"Exp60_172_IS20763";NA;"2023-10-16 14:02:00";72216,8
"882241";"27:4:1";"Exp60_172_IS20763";"Exp60_172_IS20763";NA;"2023-10-16 14:16:00";72211,4
"882242";"27:4:1";"Exp60_172_IS20763";"Exp60_172_IS20763";NA;"2023-10-16 14:32:00";72182,3
"882243";"27:4:1";"Exp60_172_IS20763";"Exp60_172_IS20763";NA;"2023-10-16 14:46:00";72166,6
"882244";"27:4:1";"Exp60_172_IS20763";"Exp60_172_IS20763";NA;"2023-10-16 22:16:00";72070,9
"882245";"27:4:1";"Exp60_172_IS20763";"Exp60_172_IS20763";NA;"2023-10-16 22:32:00";72071,5
"882246";"27:4:1";"Exp60_172_IS20763";"Exp60_172_IS20763";NA;"2023-10-16 22:46:00";72069,9
"882247";"27:4:1";"Exp60_172_IS20763";"Exp60_172_IS20763";NA;"2023-10-17 05:46:00";72085,2
"882248";"27:4:1";"Exp60_172_IS20763";"Exp60_172_IS20763";NA;"2023-10-17 06:02:00";72085
"882249";"27:4:1";"Exp60_172_IS20763";"Exp60_172_IS20763";NA;"2023-10-17 06:16:00";72086
"882250";"27:4:1";"Exp60_172_IS20763";"Exp60_172_IS20763";NA;"2023-10-17 06:32:00";72085,6
"882251";"27:4:1";"Exp60_172_IS20763";"Exp60_172_IS20763";NA;"2023-10-17 06:46:00";72088,9
"882252";"27:4:1";"Exp60_172_IS20763";"Exp60_172_IS20763";NA;"2023-10-17 12:46:00";71391,8
"882253";"27:4:1";"Exp60_172_IS20763";"Exp60_172_IS20763";NA;"2023-10-17 13:02:00";71374,8
"882254";"27:4:1";"Exp60_172_IS20763";"Exp60_172_IS20763";NA;"2023-10-17 13:16:00";71351,1
"882255";"27:4:1";"Exp60_172_IS20763";"Exp60_172_IS20763";NA;"2023-10-17 13:32:00";71305,3
"882256";"27:4:1";"Exp60_172_IS20763";"Exp60_172_IS20763";NA;"2023-10-17 13:46:00";71287,9
"882257";"27:4:1";"Exp60_172_IS20763";"Exp60_172_IS20763";NA;"2023-10-17 14:02:00";71264,9
"882258";"27:4:1";"Exp60_172_IS20763";"Exp60_172_IS20763";NA;"2023-10-17 14:16:00";71248
"882259";"27:4:1";"Exp60_172_IS20763";"Exp60_172_IS20763";NA;"2023-10-17 14:32:00";71230,8
"882260";"27:4:1";"Exp60_172_IS20763";"Exp60_172_IS20763";NA;"2023-10-17 14:46:00";71220
"882261";"27:4:1";"Exp60_172_IS20763";"Exp60_172_IS20763";NA;"2023-10-17 15:17:00";71179,1
"882262";"27:4:1";"Exp60_172_IS20763";"Exp60_172_IS20763";NA;"2023-10-17 15:31:00";71158,8
"882263";"27:4:1";"Exp60_172_IS20763";"Exp60_172_IS20763";NA;"2023-10-17 16:17:00";71132,2
"882264";"27:4:1";"Exp60_172_IS20763";"Exp60_172_IS20763";NA;"2023-10-17 16:31:00";71124,1
"882265";"27:4:1";"Exp60_172_IS20763";"Exp60_172_IS20763";NA;"2023-10-17 16:47:00";71115,6
"882266";"27:4:1";"Exp60_172_IS20763";"Exp60_172_IS20763";NA;"2023-10-17 17:01:00";71113,3
"882267";"27:4:1";"Exp60_172_IS20763";"Exp60_172_IS20763";NA;"2023-10-17 18:32:00";71124,2
"882268";"27:4:1";"Exp60_172_IS20763";"Exp60_172_IS20763";NA;"2023-10-17 18:46:00";71129,1
"882269";"27:4:1";"Exp60_172_IS20763";"Exp60_172_IS20763";NA;"2023-10-17 19:02:00";71135,8
"882270";"27:4:1";"Exp60_172_IS20763";"Exp60_172_IS20763";NA;"2023-10-17 19:16:00";71137,4
"882271";"27:4:1";"Exp60_172_IS20763";"Exp60_172_IS20763";NA;"2023-10-17 19:32:00";71141,2
"882272";"27:4:1";"Exp60_172_IS20763";"Exp60_172_IS20763";NA;"2023-10-17 19:46:00";71145,8
"882273";"27:4:1";"Exp60_172_IS20763";"Exp60_172_IS20763";NA;"2023-10-18 01:31:00";71190,1
"882274";"27:4:1";"Exp60_172_IS20763";"Exp60_172_IS20763";NA;"2023-10-18 02:02:00";71191
"882275";"27:4:1";"Exp60_172_IS20763";"Exp60_172_IS20763";NA;"2023-10-18 02:16:00";71192,7
"882276";"27:4:1";"Exp60_172_IS20763";"Exp60_172_IS20763";NA;"2023-10-18 02:32:00";71192,4
"882277";"27:4:1";"Exp60_172_IS20763";"Exp60_172_IS20763";NA;"2023-10-18 02:46:00";71195,7
"882278";"27:4:1";"Exp60_172_IS20763";"Exp60_172_IS20763";NA;"2023-10-18 03:02:00";71196,2
"882279";"27:4:1";"Exp60_172_IS20763";"Exp60_172_IS20763";NA;"2023-10-18 03:16:00";71203,7
"882280";"27:4:1";"Exp60_172_IS20763";"Exp60_172_IS20763";NA;"2023-10-18 03:32:00";71205,4
"882281";"27:4:1";"Exp60_172_IS20763";"Exp60_172_IS20763";NA;"2023-10-18 04:01:00";71203,1
"882282";"27:4:1";"Exp60_172_IS20763";"Exp60_172_IS20763";NA;"2023-10-18 04:17:00";71202,6
"882283";"27:4:1";"Exp60_172_IS20763";"Exp60_172_IS20763";NA;"2023-10-18 04:31:00";71202,2
"882284";"27:4:1";"Exp60_172_IS20763";"Exp60_172_IS20763";NA;"2023-10-18 04:47:00";71207,7
"882285";"27:4:1";"Exp60_172_IS20763";"Exp60_172_IS20763";NA;"2023-10-18 05:01:00";71208,4
"882286";"27:4:1";"Exp60_172_IS20763";"Exp60_172_IS20763";NA;"2023-10-18 05:17:00";71209,6
"882287";"27:4:1";"Exp60_172_IS20763";"Exp60_172_IS20763";NA;"2023-10-18 05:31:00";71209,9
"882288";"27:4:1";"Exp60_172_IS20763";"Exp60_172_IS20763";NA;"2023-10-18 05:47:00";71209,6
"882289";"27:4:1";"Exp60_172_IS20763";"Exp60_172_IS20763";NA;"2023-10-18 06:01:00";71215,5
"882290";"27:4:1";"Exp60_172_IS20763";"Exp60_172_IS20763";NA;"2023-10-18 06:17:00";71213,9
"882291";"27:4:1";"Exp60_172_IS20763";"Exp60_172_IS20763";NA;"2023-10-18 06:31:00";71215,6
"882292";"27:4:1";"Exp60_172_IS20763";"Exp60_172_IS20763";NA;"2023-10-18 07:32:00";71204,8
"882293";"27:4:1";"Exp60_172_IS20763";"Exp60_172_IS20763";NA;"2023-10-18 07:46:00";71202,1
"882294";"27:4:1";"Exp60_172_IS20763";"Exp60_172_IS20763";NA;"2023-10-18 08:02:00";71194,2
"882295";"27:4:1";"Exp60_172_IS20763";"Exp60_172_IS20763";NA;"2023-10-18 08:16:00";71184,3
"882296";"27:4:1";"Exp60_172_IS20763";"Exp60_172_IS20763";NA;"2023-10-18 08:47:00";71155,2
"882297";"27:4:1";"Exp60_172_IS20763";"Exp60_172_IS20763";NA;"2023-10-18 09:01:00";71136,6
"882298";"27:4:1";"Exp60_172_IS20763";"Exp60_172_IS20763";NA;"2023-10-18 09:17:00";71120,3
"882299";"27:4:1";"Exp60_172_IS20763";"Exp60_172_IS20763";NA;"2023-10-18 09:31:00";71081,7
"882300";"27:4:1";"Exp60_172_IS20763";"Exp60_172_IS20763";NA;"2023-10-18 15:31:00";70556,4
"882301";"27:4:1";"Exp60_172_IS20763";"Exp60_172_IS20763";NA;"2023-10-18 16:32:00";70531,2
"882302";"27:4:1";"Exp60_172_IS20763";"Exp60_172_IS20763";NA;"2023-10-18 16:46:00";70519,9
"882303";"27:4:1";"Exp60_172_IS20763";"Exp60_172_IS20763";NA;"2023-10-18 17:02:00";70518,5
"882304";"27:4:1";"Exp60_172_IS20763";"Exp60_172_IS20763";NA;"2023-10-18 17:16:00";70518,5
"882305";"27:4:1";"Exp60_172_IS20763";"Exp60_172_IS20763";NA;"2023-10-18 17:32:00";70522,2
"882306";"27:4:1";"Exp60_172_IS20763";"Exp60_172_IS20763";NA;"2023-10-18 17:46:00";70527,7
"882307";"27:4:1";"Exp60_172_IS20763";"Exp60_172_IS20763";NA;"2023-10-18 18:02:00";70533
"882308";"27:4:1";"Exp60_172_IS20763";"Exp60_172_IS20763";NA;"2023-10-18 18:16:00";70537,6
"882309";"27:4:1";"Exp60_172_IS20763";"Exp60_172_IS20763";NA;"2023-10-18 18:32:00";70542,4
"882310";"27:4:1";"Exp60_172_IS20763";"Exp60_172_IS20763";NA;"2023-10-18 18:46:00";70548,1
"882311";"27:4:1";"Exp60_172_IS20763";"Exp60_172_IS20763";NA;"2023-10-19 01:16:00";70597,3
"882312";"27:4:1";"Exp60_172_IS20763";"Exp60_172_IS20763";NA;"2023-10-19 01:32:00";70600,6
"882313";"27:4:1";"Exp60_172_IS20763";"Exp60_172_IS20763";NA;"2023-10-19 01:46:00";70602
"882314";"27:4:1";"Exp60_172_IS20763";"Exp60_172_IS20763";NA;"2023-10-19 02:02:00";70606,4
"882315";"27:4:1";"Exp60_172_IS20763";"Exp60_172_IS20763";NA;"2023-10-19 02:16:00";70609,3
"882316";"27:4:1";"Exp60_172_IS20763";"Exp60_172_IS20763";NA;"2023-10-19 02:32:00";70610,9
"882317";"27:4:1";"Exp60_172_IS20763";"Exp60_172_IS20763";NA;"2023-10-19 02:46:00";70613,1
"882318";"27:4:1";"Exp60_172_IS20763";"Exp60_172_IS20763";NA;"2023-10-19 03:17:00";70615,8
"882319";"27:4:1";"Exp60_172_IS20763";"Exp60_172_IS20763";NA;"2023-10-19 03:31:00";70617
"882320";"27:4:1";"Exp60_172_IS20763";"Exp60_172_IS20763";NA;"2023-10-19 03:47:00";70618,5
"882321";"27:4:1";"Exp60_172_IS20763";"Exp60_172_IS20763";NA;"2023-10-19 04:01:00";70617,9
"882322";"27:4:1";"Exp60_172_IS20763";"Exp60_172_IS20763";NA;"2023-10-19 04:17:00";70618,9
"882323";"27:4:1";"Exp60_172_IS20763";"Exp60_172_IS20763";NA;"2023-10-19 04:31:00";70620,8
"882324";"27:4:1";"Exp60_172_IS20763";"Exp60_172_IS20763";NA;"2023-10-19 04:47:00";70624,9
"882325";"27:4:1";"Exp60_172_IS20763";"Exp60_172_IS20763";NA;"2023-10-19 05:01:00";70626,5
"882326";"27:4:1";"Exp60_172_IS20763";"Exp60_172_IS20763";NA;"2023-10-19 05:17:00";70629,1
"882327";"27:4:1";"Exp60_172_IS20763";"Exp60_172_IS20763";NA;"2023-10-19 05:31:00";70629,1
"882328";"27:4:1";"Exp60_172_IS20763";"Exp60_172_IS20763";NA;"2023-10-19 05:47:00";70629,8
"882329";"27:4:1";"Exp60_172_IS20763";"Exp60_172_IS20763";NA;"2023-10-19 06:01:00";70634,5
"882330";"27:4:1";"Exp60_172_IS20763";"Exp60_172_IS20763";NA;"2023-10-19 06:17:00";70639
"882331";"27:4:1";"Exp60_172_IS20763";"Exp60_172_IS20763";NA;"2023-10-19 06:31:00";70641
"882332";"27:4:1";"Exp60_172_IS20763";"Exp60_172_IS20763";NA;"2023-10-19 06:47:00";70641,8
"882333";"27:4:1";"Exp60_172_IS20763";"Exp60_172_IS20763";NA;"2023-10-19 07:01:00";70640
"882334";"27:4:1";"Exp60_172_IS20763";"Exp60_172_IS20763";NA;"2023-10-19 13:46:00";70130,3
"882335";"27:4:1";"Exp60_172_IS20763";"Exp60_172_IS20763";NA;"2023-10-19 14:02:00";70116,6
"882336";"27:4:1";"Exp60_172_IS20763";"Exp60_172_IS20763";NA;"2023-10-19 14:16:00";70095,1
"882337";"27:4:1";"Exp60_172_IS20763";"Exp60_172_IS20763";NA;"2023-10-19 14:32:00";70086,9
"882338";"27:4:1";"Exp60_172_IS20763";"Exp60_172_IS20763";NA;"2023-10-19 14:46:00";70065,1
"882339";"27:4:1";"Exp60_172_IS20763";"Exp60_172_IS20763";NA;"2023-10-19 15:02:00";70054,8
"882340";"27:4:1";"Exp60_172_IS20763";"Exp60_172_IS20763";NA;"2023-10-19 15:16:00";70038,1
"882341";"27:4:1";"Exp60_172_IS20763";"Exp60_172_IS20763";NA;"2023-10-19 15:32:00";70145,9
"882342";"27:4:1";"Exp60_172_IS20763";"Exp60_172_IS20763";NA;"2023-10-19 15:46:00";71105,2
"882343";"27:4:1";"Exp60_172_IS20763";"Exp60_172_IS20763";NA;"2023-10-19 16:02:00";72139,6
"882344";"27:4:1";"Exp60_172_IS20763";"Exp60_172_IS20763";NA;"2023-10-19 16:16:00";73030,7
"882345";"27:4:1";"Exp60_172_IS20763";"Exp60_172_IS20763";NA;"2023-10-19 16:47:00";73837,3
"882346";"27:4:1";"Exp60_172_IS20763";"Exp60_172_IS20763";NA;"2023-10-19 17:01:00";73833,9
"882347";"27:4:1";"Exp60_172_IS20763";"Exp60_172_IS20763";NA;"2023-10-19 17:17:00";73828,9
"882348";"27:4:1";"Exp60_172_IS20763";"Exp60_172_IS20763";NA;"2023-10-19 17:31:00";73826,6
"882349";"27:4:1";"Exp60_172_IS20763";"Exp60_172_IS20763";NA;"2023-10-19 17:47:00";73824,8
"882350";"27:4:1";"Exp60_172_IS20763";"Exp60_172_IS20763";NA;"2023-10-19 18:01:00";73828
"882351";"27:4:1";"Exp60_172_IS20763";"Exp60_172_IS20763";NA;"2023-10-20 01:31:00";73822
"882352";"27:4:1";"Exp60_172_IS20763";"Exp60_172_IS20763";NA;"2023-10-20 01:47:00";73824,5
"882353";"27:4:1";"Exp60_172_IS20763";"Exp60_172_IS20763";NA;"2023-10-20 02:01:00";73823,3
"882354";"27:4:1";"Exp60_172_IS20763";"Exp60_172_IS20763";NA;"2023-10-20 02:17:00";73825,8
"882355";"27:4:1";"Exp60_172_IS20763";"Exp60_172_IS20763";NA;"2023-10-20 02:31:00";73826,1
"882356";"27:4:1";"Exp60_172_IS20763";"Exp60_172_IS20763";NA;"2023-10-20 02:47:00";73831,3
"882357";"27:4:1";"Exp60_172_IS20763";"Exp60_172_IS20763";NA;"2023-10-20 03:01:00";73832,9
"882358";"27:4:1";"Exp60_172_IS20763";"Exp60_172_IS20763";NA;"2023-10-20 03:47:00";73832,8
"882359";"27:4:1";"Exp60_172_IS20763";"Exp60_172_IS20763";NA;"2023-10-20 04:01:00";73833,9
"882360";"27:4:1";"Exp60_172_IS20763";"Exp60_172_IS20763";NA;"2023-10-20 04:32:00";73834,8
"882361";"27:4:1";"Exp60_172_IS20763";"Exp60_172_IS20763";NA;"2023-10-20 04:46:00";73836,8
"882362";"27:4:1";"Exp60_172_IS20763";"Exp60_172_IS20763";NA;"2023-10-20 05:02:00";73836
"882363";"27:4:1";"Exp60_172_IS20763";"Exp60_172_IS20763";NA;"2023-10-20 05:16:00";73835,1
"882364";"27:4:1";"Exp60_172_IS20763";"Exp60_172_IS20763";NA;"2023-10-20 05:32:00";73836,6
"882365";"27:4:1";"Exp60_172_IS20763";"Exp60_172_IS20763";NA;"2023-10-20 05:46:00";73837,3
"882366";"27:4:1";"Exp60_172_IS20763";"Exp60_172_IS20763";NA;"2023-10-20 06:02:00";73833,1
"882367";"27:4:1";"Exp60_172_IS20763";"Exp60_172_IS20763";NA;"2023-10-20 06:16:00";73836,3
"882368";"27:4:1";"Exp60_172_IS20763";"Exp60_172_IS20763";NA;"2023-10-20 06:32:00";73834,4
"882369";"27:4:1";"Exp60_172_IS20763";"Exp60_172_IS20763";NA;"2023-10-20 06:46:00";73833,5
"882370";"27:4:1";"Exp60_172_IS20763";"Exp60_172_IS20763";NA;"2023-10-20 07:02:00";73832,2
"882371";"27:4:1";"Exp60_172_IS20763";"Exp60_172_IS20763";NA;"2023-10-20 07:16:00";73829,5
"882372";"27:4:1";"Exp60_172_IS20763";"Exp60_172_IS20763";NA;"2023-10-20 07:47:00";73820,1
"882373";"27:4:1";"Exp60_172_IS20763";"Exp60_172_IS20763";NA;"2023-10-20 08:01:00";73818,3
"882374";"27:4:1";"Exp60_172_IS20763";"Exp60_172_IS20763";NA;"2023-10-20 08:17:00";73810,1
"882375";"27:4:1";"Exp60_172_IS20763";"Exp60_172_IS20763";NA;"2023-10-20 08:31:00";73793,5
"882376";"27:4:1";"Exp60_172_IS20763";"Exp60_172_IS20763";NA;"2023-10-20 08:47:00";73768,4
"882377";"27:4:1";"Exp60_172_IS20763";"Exp60_172_IS20763";NA;"2023-10-20 09:01:00";73738,9
"882378";"27:4:1";"Exp60_172_IS20763";"Exp60_172_IS20763";NA;"2023-10-20 13:46:00";73164,5
"882379";"27:4:1";"Exp60_172_IS20763";"Exp60_172_IS20763";NA;"2023-10-20 15:31:00";73021,1
"882380";"27:4:1";"Exp60_172_IS20763";"Exp60_172_IS20763";NA;"2023-10-20 15:47:00";73016,6
"882381";"27:4:1";"Exp60_172_IS20763";"Exp60_172_IS20763";NA;"2023-10-20 16:01:00";72991,2
"882382";"27:4:1";"Exp60_172_IS20763";"Exp60_172_IS20763";NA;"2023-10-20 16:17:00";72978,4
"882383";"27:4:1";"Exp60_172_IS20763";"Exp60_172_IS20763";NA;"2023-10-20 16:31:00";72970,4
"882384";"27:4:1";"Exp60_172_IS20763";"Exp60_172_IS20763";NA;"2023-10-20 16:47:00";72965,5
"882385";"27:4:1";"Exp60_172_IS20763";"Exp60_172_IS20763";NA;"2023-10-20 17:01:00";72958,9
"882386";"27:4:1";"Exp60_172_IS20763";"Exp60_172_IS20763";NA;"2023-10-20 23:31:00";72971,7
"882387";"27:4:1";"Exp60_172_IS20763";"Exp60_172_IS20763";NA;"2023-10-20 23:47:00";72972,6
"882388";"27:4:1";"Exp60_172_IS20763";"Exp60_172_IS20763";NA;"2023-10-21 00:01:00";72973
"882389";"27:4:1";"Exp60_172_IS20763";"Exp60_172_IS20763";NA;"2023-10-21 00:17:00";72971,9
"882390";"27:4:1";"Exp60_172_IS20763";"Exp60_172_IS20763";NA;"2023-10-21 00:31:00";72974,1
"882391";"27:4:1";"Exp60_172_IS20763";"Exp60_172_IS20763";NA;"2023-10-21 01:17:00";72969,6
"882392";"27:4:1";"Exp60_172_IS20763";"Exp60_172_IS20763";NA;"2023-10-21 01:31:00";72967,6
"882393";"27:4:1";"Exp60_172_IS20763";"Exp60_172_IS20763";NA;"2023-10-21 01:47:00";72969,6
"882394";"27:4:1";"Exp60_172_IS20763";"Exp60_172_IS20763";NA;"2023-10-21 02:01:00";72967,6
"882395";"27:4:1";"Exp60_172_IS20763";"Exp60_172_IS20763";NA;"2023-10-21 08:31:00";72955,8
"882396";"27:4:1";"Exp60_172_IS20763";"Exp60_172_IS20763";NA;"2023-10-21 08:47:00";72938,7
"882397";"27:4:1";"Exp60_172_IS20763";"Exp60_172_IS20763";NA;"2023-10-21 09:01:00";72922,1
"882398";"27:4:1";"Exp60_172_IS20763";"Exp60_172_IS20763";NA;"2023-10-21 09:17:00";72907,5
"882399";"27:4:1";"Exp60_172_IS20763";"Exp60_172_IS20763";NA;"2023-10-21 09:31:00";72886,5
"882400";"27:4:1";"Exp60_172_IS20763";"Exp60_172_IS20763";NA;"2023-10-21 09:47:00";72863,4
"882401";"27:4:1";"Exp60_172_IS20763";"Exp60_172_IS20763";NA;"2023-10-21 10:01:00";72866,1
"882402";"27:4:1";"Exp60_172_IS20763";"Exp60_172_IS20763";NA;"2023-10-21 10:32:00";72786,7
"882403";"27:4:1";"Exp60_172_IS20763";"Exp60_172_IS20763";NA;"2023-10-21 10:46:00";72766,2
"882404";"27:4:1";"Exp60_172_IS20763";"Exp60_172_IS20763";NA;"2023-10-21 17:01:00";74442,4
"882405";"27:4:1";"Exp60_172_IS20763";"Exp60_172_IS20763";NA;"2023-10-21 17:32:00";74416,3
"882406";"27:4:1";"Exp60_172_IS20763";"Exp60_172_IS20763";NA;"2023-10-21 17:46:00";74449,8
"882407";"27:4:1";"Exp60_172_IS20763";"Exp60_172_IS20763";NA;"2023-10-21 18:02:00";74445,9
"882408";"27:4:1";"Exp60_172_IS20763";"Exp60_172_IS20763";NA;"2023-10-21 18:16:00";74446,6
"882409";"27:4:1";"Exp60_172_IS20763";"Exp60_172_IS20763";NA;"2023-10-21 18:32:00";74442,7
"882410";"27:4:1";"Exp60_172_IS20763";"Exp60_172_IS20763";NA;"2023-10-21 18:46:00";74441,4
"882411";"27:4:1";"Exp60_172_IS20763";"Exp60_172_IS20763";NA;"2023-10-21 19:02:00";74447,5
"882412";"27:4:1";"Exp60_172_IS20763";"Exp60_172_IS20763";NA;"2023-10-21 19:16:00";74446,2
"882413";"27:4:1";"Exp60_172_IS20763";"Exp60_172_IS20763";NA;"2023-10-21 19:32:00";74447,6
"882414";"27:4:1";"Exp60_172_IS20763";"Exp60_172_IS20763";NA;"2023-10-21 19:46:00";74446
"882415";"27:4:1";"Exp60_172_IS20763";"Exp60_172_IS20763";NA;"2023-10-21 20:02:00";74441,8
"882416";"27:4:1";"Exp60_172_IS20763";"Exp60_172_IS20763";NA;"2023-10-21 20:16:00";74442,4
"882417";"27:4:1";"Exp60_172_IS20763";"Exp60_172_IS20763";NA;"2023-10-21 20:32:00";74438,9
"882418";"27:4:1";"Exp60_172_IS20763";"Exp60_172_IS20763";NA;"2023-10-21 20:46:00";74438,7
"882419";"27:4:2";"Exp60_246_IS27791";"Exp60_246_IS27791";NA;"2023-09-22 10:17:00";77718,1
"882420";"27:4:2";"Exp60_246_IS27791";"Exp60_246_IS27791";NA;"2023-09-22 10:31:00";77700,1
"882421";"27:4:2";"Exp60_246_IS27791";"Exp60_246_IS27791";NA;"2023-09-22 10:47:00";77672,7
"882422";"27:4:2";"Exp60_246_IS27791";"Exp60_246_IS27791";NA;"2023-09-22 11:01:00";77654,3
"882423";"27:4:2";"Exp60_246_IS27791";"Exp60_246_IS27791";NA;"2023-09-22 11:32:00";77610
"882424";"27:4:2";"Exp60_246_IS27791";"Exp60_246_IS27791";NA;"2023-09-22 11:46:00";77589,8
"882425";"27:4:2";"Exp60_246_IS27791";"Exp60_246_IS27791";NA;"2023-09-22 12:02:00";77561,9
"882426";"27:4:2";"Exp60_246_IS27791";"Exp60_246_IS27791";NA;"2023-09-22 12:16:00";77542,4
"882427";"27:4:2";"Exp60_246_IS27791";"Exp60_246_IS27791";NA;"2023-09-22 12:32:00";77514,2
"882428";"27:4:2";"Exp60_246_IS27791";"Exp60_246_IS27791";NA;"2023-09-22 12:46:00";77491,4
"882429";"27:4:2";"Exp60_246_IS27791";"Exp60_246_IS27791";NA;"2023-09-22 13:02:00";77468,2
"882430";"27:4:2";"Exp60_246_IS27791";"Exp60_246_IS27791";NA;"2023-09-22 13:16:00";77448,1
"882431";"27:4:2";"Exp60_246_IS27791";"Exp60_246_IS27791";NA;"2023-09-22 13:32:00";77426,7
"882432";"27:4:2";"Exp60_246_IS27791";"Exp60_246_IS27791";NA;"2023-09-22 13:46:00";77410,6
"882433";"27:4:2";"Exp60_246_IS27791";"Exp60_246_IS27791";NA;"2023-09-22 20:31:00";77189,9
"882434";"27:4:2";"Exp60_246_IS27791";"Exp60_246_IS27791";NA;"2023-09-22 20:47:00";77188,2
"882435";"27:4:2";"Exp60_246_IS27791";"Exp60_246_IS27791";NA;"2023-09-22 21:01:00";77186,7
"882436";"27:4:2";"Exp60_246_IS27791";"Exp60_246_IS27791";NA;"2023-09-22 21:17:00";77184,9
"882437";"27:4:2";"Exp60_246_IS27791";"Exp60_246_IS27791";NA;"2023-09-22 21:31:00";77184,6
"882438";"27:4:2";"Exp60_246_IS27791";"Exp60_246_IS27791";NA;"2023-09-22 21:47:00";77183,8
"882439";"27:4:2";"Exp60_246_IS27791";"Exp60_246_IS27791";NA;"2023-09-22 22:01:00";77183,4
"882440";"27:4:2";"Exp60_246_IS27791";"Exp60_246_IS27791";NA;"2023-09-22 22:17:00";77182,9
"882441";"27:4:2";"Exp60_246_IS27791";"Exp60_246_IS27791";NA;"2023-09-22 22:31:00";77181,3
"882442";"27:4:2";"Exp60_246_IS27791";"Exp60_246_IS27791";NA;"2023-09-22 22:47:00";77180,7
"882443";"27:4:2";"Exp60_246_IS27791";"Exp60_246_IS27791";NA;"2023-09-22 23:01:00";77178,5
"882444";"27:4:2";"Exp60_246_IS27791";"Exp60_246_IS27791";NA;"2023-09-22 23:17:00";77178,6
"882445";"27:4:2";"Exp60_246_IS27791";"Exp60_246_IS27791";NA;"2023-09-22 23:31:00";77178,3
"882446";"27:4:2";"Exp60_246_IS27791";"Exp60_246_IS27791";NA;"2023-09-22 23:47:00";77177,4
"882447";"27:4:2";"Exp60_246_IS27791";"Exp60_246_IS27791";NA;"2023-09-23 00:01:00";77176,9
"882448";"27:4:2";"Exp60_246_IS27791";"Exp60_246_IS27791";NA;"2023-09-23 00:17:00";77175,3
"882449";"27:4:2";"Exp60_246_IS27791";"Exp60_246_IS27791";NA;"2023-09-23 01:01:00";77174,6
"882450";"27:4:2";"Exp60_246_IS27791";"Exp60_246_IS27791";NA;"2023-09-23 01:17:00";77171,5
"882451";"27:4:2";"Exp60_246_IS27791";"Exp60_246_IS27791";NA;"2023-09-23 01:31:00";77172
"882452";"27:4:2";"Exp60_246_IS27791";"Exp60_246_IS27791";NA;"2023-09-23 01:47:00";77173,2
"882453";"27:4:2";"Exp60_246_IS27791";"Exp60_246_IS27791";NA;"2023-09-23 02:01:00";77168,3
"882454";"27:4:2";"Exp60_246_IS27791";"Exp60_246_IS27791";NA;"2023-09-23 02:17:00";77166,4
"882455";"27:4:2";"Exp60_246_IS27791";"Exp60_246_IS27791";NA;"2023-09-23 02:31:00";77165,6
"882456";"27:4:2";"Exp60_246_IS27791";"Exp60_246_IS27791";NA;"2023-09-23 02:47:00";77162,9
"882457";"27:4:2";"Exp60_246_IS27791";"Exp60_246_IS27791";NA;"2023-09-23 03:01:00";77161,4
"882458";"27:4:2";"Exp60_246_IS27791";"Exp60_246_IS27791";NA;"2023-09-23 03:17:00";77158,6
"882459";"27:4:2";"Exp60_246_IS27791";"Exp60_246_IS27791";NA;"2023-09-23 03:31:00";77158,7
"882460";"27:4:2";"Exp60_246_IS27791";"Exp60_246_IS27791";NA;"2023-09-23 03:47:00";77157,8
"882461";"27:4:2";"Exp60_246_IS27791";"Exp60_246_IS27791";NA;"2023-09-23 04:16:00";77159,5
"882462";"27:4:2";"Exp60_246_IS27791";"Exp60_246_IS27791";NA;"2023-09-23 04:32:00";77155,7
"882463";"27:4:2";"Exp60_246_IS27791";"Exp60_246_IS27791";NA;"2023-09-23 04:46:00";77152,7
"882464";"27:4:2";"Exp60_246_IS27791";"Exp60_246_IS27791";NA;"2023-09-23 05:02:00";77152,1
"882465";"27:4:2";"Exp60_246_IS27791";"Exp60_246_IS27791";NA;"2023-09-23 05:16:00";77150
"882466";"27:4:2";"Exp60_246_IS27791";"Exp60_246_IS27791";NA;"2023-09-23 05:32:00";77147,7
"882467";"27:4:2";"Exp60_246_IS27791";"Exp60_246_IS27791";NA;"2023-09-23 05:46:00";77146,1
"882468";"27:4:2";"Exp60_246_IS27791";"Exp60_246_IS27791";NA;"2023-09-23 06:02:00";77147,4
"882469";"27:4:2";"Exp60_246_IS27791";"Exp60_246_IS27791";NA;"2023-09-23 06:16:00";77146,6
"882470";"27:4:2";"Exp60_246_IS27791";"Exp60_246_IS27791";NA;"2023-09-23 06:32:00";77146,4
"882471";"27:4:2";"Exp60_246_IS27791";"Exp60_246_IS27791";NA;"2023-09-23 06:46:00";77145,7
"882472";"27:4:2";"Exp60_246_IS27791";"Exp60_246_IS27791";NA;"2023-09-23 07:02:00";77142,7
"882473";"27:4:2";"Exp60_246_IS27791";"Exp60_246_IS27791";NA;"2023-09-23 07:16:00";77150,2
"882474";"27:4:2";"Exp60_246_IS27791";"Exp60_246_IS27791";NA;"2023-09-23 07:32:00";77132,2
"882475";"27:4:2";"Exp60_246_IS27791";"Exp60_246_IS27791";NA;"2023-09-23 07:46:00";77125,9
"882476";"27:4:2";"Exp60_246_IS27791";"Exp60_246_IS27791";NA;"2023-09-23 08:02:00";77115
"882477";"27:4:2";"Exp60_246_IS27791";"Exp60_246_IS27791";NA;"2023-09-23 08:16:00";77102,5
"882478";"27:4:2";"Exp60_246_IS27791";"Exp60_246_IS27791";NA;"2023-09-23 08:32:00";77094
"882479";"27:4:2";"Exp60_246_IS27791";"Exp60_246_IS27791";NA;"2023-09-23 08:46:00";77081,6
"882480";"27:4:2";"Exp60_246_IS27791";"Exp60_246_IS27791";NA;"2023-09-23 09:02:00";77073,6
"882481";"27:4:2";"Exp60_246_IS27791";"Exp60_246_IS27791";NA;"2023-09-23 09:16:00";77067,1
"882482";"27:4:2";"Exp60_246_IS27791";"Exp60_246_IS27791";NA;"2023-09-23 14:01:00";76698,9
"882483";"27:4:2";"Exp60_246_IS27791";"Exp60_246_IS27791";NA;"2023-09-23 14:17:00";76677,2
"882484";"27:4:2";"Exp60_246_IS27791";"Exp60_246_IS27791";NA;"2023-09-23 14:31:00";76655,2
"882485";"27:4:2";"Exp60_246_IS27791";"Exp60_246_IS27791";NA;"2023-09-23 14:47:00";76648,4
"882486";"27:4:2";"Exp60_246_IS27791";"Exp60_246_IS27791";NA;"2023-09-23 15:01:00";76634,8
"882487";"27:4:2";"Exp60_246_IS27791";"Exp60_246_IS27791";NA;"2023-09-23 15:32:00";76615,1
"882488";"27:4:2";"Exp60_246_IS27791";"Exp60_246_IS27791";NA;"2023-09-23 15:46:00";76603,5
"882489";"27:4:2";"Exp60_246_IS27791";"Exp60_246_IS27791";NA;"2023-09-23 16:17:00";76588,7
"882490";"27:4:2";"Exp60_246_IS27791";"Exp60_246_IS27791";NA;"2023-09-23 16:31:00";76579,3
"882491";"27:4:2";"Exp60_246_IS27791";"Exp60_246_IS27791";NA;"2023-09-23 16:47:00";76573
"882492";"27:4:2";"Exp60_246_IS27791";"Exp60_246_IS27791";NA;"2023-09-23 17:01:00";76567,6
"882493";"27:4:2";"Exp60_246_IS27791";"Exp60_246_IS27791";NA;"2023-09-23 17:17:00";76562,2
"882494";"27:4:2";"Exp60_246_IS27791";"Exp60_246_IS27791";NA;"2023-09-23 17:31:00";76559,2
"882495";"27:4:2";"Exp60_246_IS27791";"Exp60_246_IS27791";NA;"2023-09-23 17:47:00";76555,9
"882496";"27:4:2";"Exp60_246_IS27791";"Exp60_246_IS27791";NA;"2023-09-23 18:01:00";76554,4
"882497";"27:4:2";"Exp60_246_IS27791";"Exp60_246_IS27791";NA;"2023-09-23 18:17:00";76552,2
"882498";"27:4:2";"Exp60_246_IS27791";"Exp60_246_IS27791";NA;"2023-09-23 18:31:00";76549,9
"882499";"27:4:2";"Exp60_246_IS27791";"Exp60_246_IS27791";NA;"2023-09-23 18:47:00";76549,3
"882500";"27:4:2";"Exp60_246_IS27791";"Exp60_246_IS27791";NA;"2023-09-23 19:01:00";76547,9
"882501";"27:4:2";"Exp60_246_IS27791";"Exp60_246_IS27791";NA;"2023-09-23 19:17:00";76548,4
"882502";"27:4:2";"Exp60_246_IS27791";"Exp60_246_IS27791";NA;"2023-09-23 19:31:00";76546,4
"882503";"27:4:2";"Exp60_246_IS27791";"Exp60_246_IS27791";NA;"2023-09-23 20:02:00";76544,6
"882504";"27:4:2";"Exp60_246_IS27791";"Exp60_246_IS27791";NA;"2023-09-23 20:16:00";76543,8
"882505";"27:4:2";"Exp60_246_IS27791";"Exp60_246_IS27791";NA;"2023-09-23 20:32:00";76544
"882506";"27:4:2";"Exp60_246_IS27791";"Exp60_246_IS27791";NA;"2023-09-23 20:46:00";76543,6
"882507";"27:4:2";"Exp60_246_IS27791";"Exp60_246_IS27791";NA;"2023-09-23 21:02:00";76542,1
"882508";"27:4:2";"Exp60_246_IS27791";"Exp60_246_IS27791";NA;"2023-09-23 21:16:00";76541,1
"882509";"27:4:2";"Exp60_246_IS27791";"Exp60_246_IS27791";NA;"2023-09-23 21:32:00";76539,8
"882510";"27:4:2";"Exp60_246_IS27791";"Exp60_246_IS27791";NA;"2023-09-23 21:46:00";76539,4
"882511";"27:4:2";"Exp60_246_IS27791";"Exp60_246_IS27791";NA;"2023-09-23 22:02:00";76539
"882512";"27:4:2";"Exp60_246_IS27791";"Exp60_246_IS27791";NA;"2023-09-23 22:16:00";76538,4
"882513";"27:4:2";"Exp60_246_IS27791";"Exp60_246_IS27791";NA;"2023-09-23 23:17:00";76536,3
"882514";"27:4:2";"Exp60_246_IS27791";"Exp60_246_IS27791";NA;"2023-09-23 23:31:00";76535,4
"882515";"27:4:2";"Exp60_246_IS27791";"Exp60_246_IS27791";NA;"2023-09-23 23:47:00";76535,8
"882516";"27:4:2";"Exp60_246_IS27791";"Exp60_246_IS27791";NA;"2023-09-24 00:01:00";76535,1
"882517";"27:4:2";"Exp60_246_IS27791";"Exp60_246_IS27791";NA;"2023-09-24 00:17:00";76534
"882518";"27:4:2";"Exp60_246_IS27791";"Exp60_246_IS27791";NA;"2023-09-24 00:31:00";76533,4
"882519";"27:4:2";"Exp60_246_IS27791";"Exp60_246_IS27791";NA;"2023-09-24 00:47:00";76532,8
"882520";"27:4:2";"Exp60_246_IS27791";"Exp60_246_IS27791";NA;"2023-09-24 01:01:00";76532
"882521";"27:4:2";"Exp60_246_IS27791";"Exp60_246_IS27791";NA;"2023-09-24 01:17:00";76531,2
"882522";"27:4:2";"Exp60_246_IS27791";"Exp60_246_IS27791";NA;"2023-09-24 01:31:00";76530,9
"882523";"27:4:2";"Exp60_246_IS27791";"Exp60_246_IS27791";NA;"2023-09-24 01:47:00";76530,7
"882524";"27:4:2";"Exp60_246_IS27791";"Exp60_246_IS27791";NA;"2023-09-24 02:01:00";76530,7
"882525";"27:4:2";"Exp60_246_IS27791";"Exp60_246_IS27791";NA;"2023-09-24 02:17:00";76529,4
"882526";"27:4:2";"Exp60_246_IS27791";"Exp60_246_IS27791";NA;"2023-09-24 02:31:00";76529,9
"882527";"27:4:2";"Exp60_246_IS27791";"Exp60_246_IS27791";NA;"2023-09-24 02:47:00";76527,6
"882528";"27:4:2";"Exp60_246_IS27791";"Exp60_246_IS27791";NA;"2023-09-24 03:01:00";76527,9
"882529";"27:4:2";"Exp60_246_IS27791";"Exp60_246_IS27791";NA;"2023-09-24 10:01:00";76463,1
"882530";"27:4:2";"Exp60_246_IS27791";"Exp60_246_IS27791";NA;"2023-09-24 10:17:00";76455,3
"882531";"27:4:2";"Exp60_246_IS27791";"Exp60_246_IS27791";NA;"2023-09-24 10:31:00";76442,7
"882532";"27:4:2";"Exp60_246_IS27791";"Exp60_246_IS27791";NA;"2023-09-24 10:47:00";76420,1
"882533";"27:4:2";"Exp60_246_IS27791";"Exp60_246_IS27791";NA;"2023-09-24 11:01:00";76410
"882534";"27:4:2";"Exp60_246_IS27791";"Exp60_246_IS27791";NA;"2023-09-24 11:17:00";76398,1
"882535";"27:4:2";"Exp60_246_IS27791";"Exp60_246_IS27791";NA;"2023-09-24 11:31:00";76382,8
"882536";"27:4:2";"Exp60_246_IS27791";"Exp60_246_IS27791";NA;"2023-09-24 11:47:00";76366,4
"882537";"27:4:2";"Exp60_246_IS27791";"Exp60_246_IS27791";NA;"2023-09-24 12:01:00";76357,1
"882538";"27:4:2";"Exp60_246_IS27791";"Exp60_246_IS27791";NA;"2023-09-24 12:17:00";76341,9
"882539";"27:4:2";"Exp60_246_IS27791";"Exp60_246_IS27791";NA;"2023-09-24 12:31:00";76327,1
"882540";"27:4:2";"Exp60_246_IS27791";"Exp60_246_IS27791";NA;"2023-09-24 12:47:00";76314,3
"882541";"27:4:2";"Exp60_246_IS27791";"Exp60_246_IS27791";NA;"2023-09-24 13:01:00";76306,2
"882542";"27:4:2";"Exp60_246_IS27791";"Exp60_246_IS27791";NA;"2023-09-24 13:17:00";76299,9
"882543";"27:4:2";"Exp60_246_IS27791";"Exp60_246_IS27791";NA;"2023-09-24 13:31:00";76285,5
"882544";"27:4:2";"Exp60_246_IS27791";"Exp60_246_IS27791";NA;"2023-09-24 13:47:00";76277,4
"882545";"27:4:2";"Exp60_246_IS27791";"Exp60_246_IS27791";NA;"2023-09-24 14:01:00";76269,9
"882546";"27:4:2";"Exp60_246_IS27791";"Exp60_246_IS27791";NA;"2023-09-24 14:17:00";76264,4
"882547";"27:4:2";"Exp60_246_IS27791";"Exp60_246_IS27791";NA;"2023-09-24 14:31:00";76340,1
"882548";"27:4:2";"Exp60_246_IS27791";"Exp60_246_IS27791";NA;"2023-09-24 14:47:00";76374,1
"882549";"27:4:2";"Exp60_246_IS27791";"Exp60_246_IS27791";NA;"2023-09-24 15:01:00";76366,8
"882550";"27:4:2";"Exp60_246_IS27791";"Exp60_246_IS27791";NA;"2023-09-24 15:17:00";76359,8
"882551";"27:4:2";"Exp60_246_IS27791";"Exp60_246_IS27791";NA;"2023-09-24 15:31:00";76351,8
"882552";"27:4:2";"Exp60_246_IS27791";"Exp60_246_IS27791";NA;"2023-09-24 15:47:00";76347,2
"882553";"27:4:2";"Exp60_246_IS27791";"Exp60_246_IS27791";NA;"2023-09-24 16:01:00";76335,9
"882554";"27:4:2";"Exp60_246_IS27791";"Exp60_246_IS27791";NA;"2023-09-24 22:31:00";76454,1
"882555";"27:4:2";"Exp60_246_IS27791";"Exp60_246_IS27791";NA;"2023-09-24 22:47:00";76453,9
"882556";"27:4:2";"Exp60_246_IS27791";"Exp60_246_IS27791";NA;"2023-09-24 23:01:00";76452,3
"882557";"27:4:2";"Exp60_246_IS27791";"Exp60_246_IS27791";NA;"2023-09-24 23:17:00";76452,6
"882558";"27:4:2";"Exp60_246_IS27791";"Exp60_246_IS27791";NA;"2023-09-24 23:31:00";76451,1
"882559";"27:4:2";"Exp60_246_IS27791";"Exp60_246_IS27791";NA;"2023-09-24 23:47:00";76450,3
"882560";"27:4:2";"Exp60_246_IS27791";"Exp60_246_IS27791";NA;"2023-09-25 00:01:00";76450,4
"882561";"27:4:2";"Exp60_246_IS27791";"Exp60_246_IS27791";NA;"2023-09-25 00:17:00";76450,2
"882562";"27:4:2";"Exp60_246_IS27791";"Exp60_246_IS27791";NA;"2023-09-25 00:31:00";76450,5
"882563";"27:4:2";"Exp60_246_IS27791";"Exp60_246_IS27791";NA;"2023-09-25 00:47:00";76448,9
"882564";"27:4:2";"Exp60_246_IS27791";"Exp60_246_IS27791";NA;"2023-09-25 01:01:00";76447,5
"882565";"27:4:2";"Exp60_246_IS27791";"Exp60_246_IS27791";NA;"2023-09-25 01:17:00";76446,4
"882566";"27:4:2";"Exp60_246_IS27791";"Exp60_246_IS27791";NA;"2023-09-25 01:31:00";76445,6
"882567";"27:4:2";"Exp60_246_IS27791";"Exp60_246_IS27791";NA;"2023-09-25 01:47:00";76444,8
"882568";"27:4:2";"Exp60_246_IS27791";"Exp60_246_IS27791";NA;"2023-09-25 02:01:00";76444,8
"882569";"27:4:2";"Exp60_246_IS27791";"Exp60_246_IS27791";NA;"2023-09-25 03:02:00";76442,9
"882570";"27:4:2";"Exp60_246_IS27791";"Exp60_246_IS27791";NA;"2023-09-25 03:16:00";76442,4
"882571";"27:4:2";"Exp60_246_IS27791";"Exp60_246_IS27791";NA;"2023-09-25 04:32:00";76437,8
"882572";"27:4:2";"Exp60_246_IS27791";"Exp60_246_IS27791";NA;"2023-09-25 04:46:00";76436,6
"882573";"27:4:2";"Exp60_246_IS27791";"Exp60_246_IS27791";NA;"2023-09-25 05:17:00";76434,7
"882574";"27:4:2";"Exp60_246_IS27791";"Exp60_246_IS27791";NA;"2023-09-25 05:31:00";76434
"882575";"27:4:2";"Exp60_246_IS27791";"Exp60_246_IS27791";NA;"2023-09-25 05:47:00";76432,8
"882576";"27:4:2";"Exp60_246_IS27791";"Exp60_246_IS27791";NA;"2023-09-25 06:01:00";76433,3
"882577";"27:4:2";"Exp60_246_IS27791";"Exp60_246_IS27791";NA;"2023-09-25 06:17:00";76433
"882578";"27:4:2";"Exp60_246_IS27791";"Exp60_246_IS27791";NA;"2023-09-25 06:31:00";76432,4
"882579";"27:4:2";"Exp60_246_IS27791";"Exp60_246_IS27791";NA;"2023-09-25 06:47:00";76432,1
"882580";"27:4:2";"Exp60_246_IS27791";"Exp60_246_IS27791";NA;"2023-09-25 07:01:00";76429,5
"882581";"27:4:2";"Exp60_246_IS27791";"Exp60_246_IS27791";NA;"2023-09-25 07:17:00";76425,5
"882582";"27:4:2";"Exp60_246_IS27791";"Exp60_246_IS27791";NA;"2023-09-25 07:31:00";76421,6
"882583";"27:4:2";"Exp60_246_IS27791";"Exp60_246_IS27791";NA;"2023-09-25 07:47:00";76419,5
"882584";"27:4:2";"Exp60_246_IS27791";"Exp60_246_IS27791";NA;"2023-09-25 08:01:00";76416,4
"882585";"27:4:2";"Exp60_246_IS27791";"Exp60_246_IS27791";NA;"2023-09-25 14:46:00";76101,3
"882586";"27:4:2";"Exp60_246_IS27791";"Exp60_246_IS27791";NA;"2023-09-25 15:02:00";76099,4
"882587";"27:4:2";"Exp60_246_IS27791";"Exp60_246_IS27791";NA;"2023-09-25 15:16:00";76093,2
"882588";"27:4:2";"Exp60_246_IS27791";"Exp60_246_IS27791";NA;"2023-09-25 15:32:00";76082,4
"882589";"27:4:2";"Exp60_246_IS27791";"Exp60_246_IS27791";NA;"2023-09-25 15:46:00";76071,4
"882590";"27:4:2";"Exp60_246_IS27791";"Exp60_246_IS27791";NA;"2023-09-25 16:02:00";76063
"882591";"27:4:2";"Exp60_246_IS27791";"Exp60_246_IS27791";NA;"2023-09-25 17:16:00";76052,7
"882592";"27:4:2";"Exp60_246_IS27791";"Exp60_246_IS27791";NA;"2023-09-25 17:32:00";76049
"882593";"27:4:2";"Exp60_246_IS27791";"Exp60_246_IS27791";NA;"2023-09-25 17:46:00";76048,7
"882594";"27:4:2";"Exp60_246_IS27791";"Exp60_246_IS27791";NA;"2023-09-25 18:02:00";76048,4
"882595";"27:4:2";"Exp60_246_IS27791";"Exp60_246_IS27791";NA;"2023-09-25 19:01:00";76046,4
"882596";"27:4:2";"Exp60_246_IS27791";"Exp60_246_IS27791";NA;"2023-09-25 19:17:00";76045,3
"882597";"27:4:2";"Exp60_246_IS27791";"Exp60_246_IS27791";NA;"2023-09-25 19:31:00";76046,4
"882598";"27:4:2";"Exp60_246_IS27791";"Exp60_246_IS27791";NA;"2023-09-25 19:47:00";76045,4
"882599";"27:4:2";"Exp60_246_IS27791";"Exp60_246_IS27791";NA;"2023-09-25 20:01:00";76044,9
"882600";"27:4:2";"Exp60_246_IS27791";"Exp60_246_IS27791";NA;"2023-09-25 20:17:00";76045,2
"882601";"27:4:2";"Exp60_246_IS27791";"Exp60_246_IS27791";NA;"2023-09-25 20:31:00";76044,3
"882602";"27:4:2";"Exp60_246_IS27791";"Exp60_246_IS27791";NA;"2023-09-25 20:47:00";76043,9
"882603";"27:4:2";"Exp60_246_IS27791";"Exp60_246_IS27791";NA;"2023-09-25 21:16:00";76042,8
"882604";"27:4:2";"Exp60_246_IS27791";"Exp60_246_IS27791";NA;"2023-09-25 21:32:00";76041,2
"882605";"27:4:2";"Exp60_246_IS27791";"Exp60_246_IS27791";NA;"2023-09-25 21:46:00";76042,9
"882606";"27:4:2";"Exp60_246_IS27791";"Exp60_246_IS27791";NA;"2023-09-25 22:02:00";76042,3
"882607";"27:4:2";"Exp60_246_IS27791";"Exp60_246_IS27791";NA;"2023-09-25 22:16:00";76043,2
"882608";"27:4:2";"Exp60_246_IS27791";"Exp60_246_IS27791";NA;"2023-09-25 22:32:00";76041,6
"882609";"27:4:2";"Exp60_246_IS27791";"Exp60_246_IS27791";NA;"2023-09-25 22:46:00";76040,6
"882610";"27:4:2";"Exp60_246_IS27791";"Exp60_246_IS27791";NA;"2023-09-25 23:02:00";76039,9
"882611";"27:4:2";"Exp60_246_IS27791";"Exp60_246_IS27791";NA;"2023-09-25 23:16:00";76040,1
"882612";"27:4:2";"Exp60_246_IS27791";"Exp60_246_IS27791";NA;"2023-09-25 23:32:00";76039,8
"882613";"27:4:2";"Exp60_246_IS27791";"Exp60_246_IS27791";NA;"2023-09-25 23:46:00";76040,1
"882614";"27:4:2";"Exp60_246_IS27791";"Exp60_246_IS27791";NA;"2023-09-26 00:02:00";76038,3
"882615";"27:4:2";"Exp60_246_IS27791";"Exp60_246_IS27791";NA;"2023-09-26 00:16:00";76038,6
"882616";"27:4:2";"Exp60_246_IS27791";"Exp60_246_IS27791";NA;"2023-09-26 00:32:00";76037,1
"882617";"27:4:2";"Exp60_246_IS27791";"Exp60_246_IS27791";NA;"2023-09-26 00:46:00";76037
"882618";"27:4:2";"Exp60_246_IS27791";"Exp60_246_IS27791";NA;"2023-09-26 01:02:00";76034,3
"882619";"27:4:2";"Exp60_246_IS27791";"Exp60_246_IS27791";NA;"2023-09-26 01:16:00";76032,6
"882620";"27:4:2";"Exp60_246_IS27791";"Exp60_246_IS27791";NA;"2023-09-26 01:32:00";76033,5
"882621";"27:4:2";"Exp60_246_IS27791";"Exp60_246_IS27791";NA;"2023-09-26 01:46:00";76031,4
"882622";"27:4:2";"Exp60_246_IS27791";"Exp60_246_IS27791";NA;"2023-09-26 02:02:00";76029
"882623";"27:4:2";"Exp60_246_IS27791";"Exp60_246_IS27791";NA;"2023-09-26 02:16:00";76027,5
"882624";"27:4:2";"Exp60_246_IS27791";"Exp60_246_IS27791";NA;"2023-09-26 02:32:00";76026,6
"882625";"27:4:2";"Exp60_246_IS27791";"Exp60_246_IS27791";NA;"2023-09-26 02:46:00";76025,5
"882626";"27:4:2";"Exp60_246_IS27791";"Exp60_246_IS27791";NA;"2023-09-26 03:02:00";76024,1
"882627";"27:4:2";"Exp60_246_IS27791";"Exp60_246_IS27791";NA;"2023-09-26 03:16:00";76024,1
"882628";"27:4:2";"Exp60_246_IS27791";"Exp60_246_IS27791";NA;"2023-09-26 03:32:00";76021,8
"882629";"27:4:2";"Exp60_246_IS27791";"Exp60_246_IS27791";NA;"2023-09-26 03:46:00";76021,4
"882630";"27:4:2";"Exp60_246_IS27791";"Exp60_246_IS27791";NA;"2023-09-26 04:02:00";76019,6
"882631";"27:4:2";"Exp60_246_IS27791";"Exp60_246_IS27791";NA;"2023-09-26 04:16:00";76015,9
"882632";"27:4:2";"Exp60_246_IS27791";"Exp60_246_IS27791";NA;"2023-09-26 04:32:00";76015,8
"882633";"27:4:2";"Exp60_246_IS27791";"Exp60_246_IS27791";NA;"2023-09-26 04:46:00";76016,2
"882634";"27:4:2";"Exp60_246_IS27791";"Exp60_246_IS27791";NA;"2023-09-26 05:02:00";76013,9
"882635";"27:4:2";"Exp60_246_IS27791";"Exp60_246_IS27791";NA;"2023-09-26 05:16:00";76013,7
"882636";"27:4:2";"Exp60_246_IS27791";"Exp60_246_IS27791";NA;"2023-09-26 05:32:00";76012,4
"882637";"27:4:2";"Exp60_246_IS27791";"Exp60_246_IS27791";NA;"2023-09-26 05:46:00";76012,3
"882638";"27:4:2";"Exp60_246_IS27791";"Exp60_246_IS27791";NA;"2023-09-26 06:02:00";76010,2
"882639";"27:4:2";"Exp60_246_IS27791";"Exp60_246_IS27791";NA;"2023-09-26 06:16:00";76010
"882640";"27:4:2";"Exp60_246_IS27791";"Exp60_246_IS27791";NA;"2023-09-26 06:32:00";76007,6
"882641";"27:4:2";"Exp60_246_IS27791";"Exp60_246_IS27791";NA;"2023-09-26 06:46:00";76006,8
"882642";"27:4:2";"Exp60_246_IS27791";"Exp60_246_IS27791";NA;"2023-09-26 07:02:00";76005,6
"882643";"27:4:2";"Exp60_246_IS27791";"Exp60_246_IS27791";NA;"2023-09-26 07:16:00";76003,4
"882644";"27:4:2";"Exp60_246_IS27791";"Exp60_246_IS27791";NA;"2023-09-26 07:47:00";75998
"882645";"27:4:2";"Exp60_246_IS27791";"Exp60_246_IS27791";NA;"2023-09-26 08:01:00";75995,4
"882646";"27:4:2";"Exp60_246_IS27791";"Exp60_246_IS27791";NA;"2023-09-26 08:17:00";75995,2
"882647";"27:4:2";"Exp60_246_IS27791";"Exp60_246_IS27791";NA;"2023-09-26 08:31:00";75989,3
"882648";"27:4:2";"Exp60_246_IS27791";"Exp60_246_IS27791";NA;"2023-09-26 09:02:00";75980,5
"882649";"27:4:2";"Exp60_246_IS27791";"Exp60_246_IS27791";NA;"2023-09-26 09:16:00";75975,1
"882650";"27:4:2";"Exp60_246_IS27791";"Exp60_246_IS27791";NA;"2023-09-26 09:32:00";75972,1
"882651";"27:4:2";"Exp60_246_IS27791";"Exp60_246_IS27791";NA;"2023-09-26 09:46:00";75961,9
"882652";"27:4:2";"Exp60_246_IS27791";"Exp60_246_IS27791";NA;"2023-09-26 10:02:00";75951,8
"882653";"27:4:2";"Exp60_246_IS27791";"Exp60_246_IS27791";NA;"2023-09-26 10:16:00";75944
"882654";"27:4:2";"Exp60_246_IS27791";"Exp60_246_IS27791";NA;"2023-09-26 10:32:00";75931,4
"882655";"27:4:2";"Exp60_246_IS27791";"Exp60_246_IS27791";NA;"2023-09-26 10:46:00";75922,9
"882656";"27:4:2";"Exp60_246_IS27791";"Exp60_246_IS27791";NA;"2023-09-26 11:02:00";75904,9
"882657";"27:4:2";"Exp60_246_IS27791";"Exp60_246_IS27791";NA;"2023-09-26 11:16:00";75889,7
"882658";"27:4:2";"Exp60_246_IS27791";"Exp60_246_IS27791";NA;"2023-09-26 11:47:00";75850,1
"882659";"27:4:2";"Exp60_246_IS27791";"Exp60_246_IS27791";NA;"2023-09-26 12:01:00";75833,2
"882660";"27:4:2";"Exp60_246_IS27791";"Exp60_246_IS27791";NA;"2023-09-26 12:17:00";75823,2
"882661";"27:4:2";"Exp60_246_IS27791";"Exp60_246_IS27791";NA;"2023-09-26 12:31:00";75808,6
"882662";"27:4:2";"Exp60_246_IS27791";"Exp60_246_IS27791";NA;"2023-09-26 12:47:00";75792,9
"882663";"27:4:2";"Exp60_246_IS27791";"Exp60_246_IS27791";NA;"2023-09-26 13:01:00";75780
"882664";"27:4:2";"Exp60_246_IS27791";"Exp60_246_IS27791";NA;"2023-09-26 13:32:00";75755,1
"882665";"27:4:2";"Exp60_246_IS27791";"Exp60_246_IS27791";NA;"2023-09-26 13:46:00";75742,3
"882666";"27:4:2";"Exp60_246_IS27791";"Exp60_246_IS27791";NA;"2023-09-26 14:02:00";75731,5
"882667";"27:4:2";"Exp60_246_IS27791";"Exp60_246_IS27791";NA;"2023-09-26 14:16:00";75718,8
"882668";"27:4:2";"Exp60_246_IS27791";"Exp60_246_IS27791";NA;"2023-09-26 14:32:00";75699,9
"882669";"27:4:2";"Exp60_246_IS27791";"Exp60_246_IS27791";NA;"2023-09-26 14:46:00";75692,9
"882670";"27:4:2";"Exp60_246_IS27791";"Exp60_246_IS27791";NA;"2023-09-26 15:02:00";75680,6
"882671";"27:4:2";"Exp60_246_IS27791";"Exp60_246_IS27791";NA;"2023-09-26 15:16:00";75672,5
"882672";"27:4:2";"Exp60_246_IS27791";"Exp60_246_IS27791";NA;"2023-09-26 15:32:00";75663,1
"882673";"27:4:2";"Exp60_246_IS27791";"Exp60_246_IS27791";NA;"2023-09-26 15:46:00";75706,2
"882674";"27:4:2";"Exp60_246_IS27791";"Exp60_246_IS27791";NA;"2023-09-26 16:02:00";76070,8
"882675";"27:4:2";"Exp60_246_IS27791";"Exp60_246_IS27791";NA;"2023-09-26 16:16:00";76287,2
"882676";"27:4:2";"Exp60_246_IS27791";"Exp60_246_IS27791";NA;"2023-09-26 22:01:00";76252,7
"882677";"27:4:2";"Exp60_246_IS27791";"Exp60_246_IS27791";NA;"2023-09-26 22:17:00";76250,9
"882678";"27:4:2";"Exp60_246_IS27791";"Exp60_246_IS27791";NA;"2023-09-26 22:31:00";76251,2
"882679";"27:4:2";"Exp60_246_IS27791";"Exp60_246_IS27791";NA;"2023-09-26 22:47:00";76250,5
"882680";"27:4:2";"Exp60_246_IS27791";"Exp60_246_IS27791";NA;"2023-09-26 23:01:00";76249,7
"882681";"27:4:2";"Exp60_246_IS27791";"Exp60_246_IS27791";NA;"2023-09-26 23:17:00";76250
"882682";"27:4:2";"Exp60_246_IS27791";"Exp60_246_IS27791";NA;"2023-09-26 23:31:00";76249
"882683";"27:4:2";"Exp60_246_IS27791";"Exp60_246_IS27791";NA;"2023-09-26 23:47:00";76248,8
"882684";"27:4:2";"Exp60_246_IS27791";"Exp60_246_IS27791";NA;"2023-09-27 00:31:00";76247,4
"882685";"27:4:2";"Exp60_246_IS27791";"Exp60_246_IS27791";NA;"2023-09-27 00:47:00";76246,7
"882686";"27:4:2";"Exp60_246_IS27791";"Exp60_246_IS27791";NA;"2023-09-27 01:01:00";76246,8
"882687";"27:4:2";"Exp60_246_IS27791";"Exp60_246_IS27791";NA;"2023-09-27 01:17:00";76245,7
"882688";"27:4:2";"Exp60_246_IS27791";"Exp60_246_IS27791";NA;"2023-09-27 01:31:00";76245
"882689";"27:4:2";"Exp60_246_IS27791";"Exp60_246_IS27791";NA;"2023-09-27 01:47:00";76244,1
"882690";"27:4:2";"Exp60_246_IS27791";"Exp60_246_IS27791";NA;"2023-09-27 02:01:00";76244,5
"882691";"27:4:2";"Exp60_246_IS27791";"Exp60_246_IS27791";NA;"2023-09-27 02:17:00";76244,2
"882692";"27:4:2";"Exp60_246_IS27791";"Exp60_246_IS27791";NA;"2023-09-27 02:31:00";76243,6
"882693";"27:4:2";"Exp60_246_IS27791";"Exp60_246_IS27791";NA;"2023-09-27 02:47:00";76244,3
"882694";"27:4:2";"Exp60_246_IS27791";"Exp60_246_IS27791";NA;"2023-09-27 03:01:00";76243,9
"882695";"27:4:2";"Exp60_246_IS27791";"Exp60_246_IS27791";NA;"2023-09-27 03:17:00";76243,2
"882696";"27:4:2";"Exp60_246_IS27791";"Exp60_246_IS27791";NA;"2023-09-27 03:31:00";76243,4
"882697";"27:4:2";"Exp60_246_IS27791";"Exp60_246_IS27791";NA;"2023-09-27 03:47:00";76243
"882698";"27:4:2";"Exp60_246_IS27791";"Exp60_246_IS27791";NA;"2023-09-27 04:01:00";76242,2
"882699";"27:4:2";"Exp60_246_IS27791";"Exp60_246_IS27791";NA;"2023-09-27 04:17:00";76241,3
"882700";"27:4:2";"Exp60_246_IS27791";"Exp60_246_IS27791";NA;"2023-09-27 04:31:00";76242
"882701";"27:4:2";"Exp60_246_IS27791";"Exp60_246_IS27791";NA;"2023-09-27 04:47:00";76240,6
"882702";"27:4:2";"Exp60_246_IS27791";"Exp60_246_IS27791";NA;"2023-09-27 05:01:00";76240,8
"882703";"27:4:2";"Exp60_246_IS27791";"Exp60_246_IS27791";NA;"2023-09-27 05:17:00";76241
"882704";"27:4:2";"Exp60_246_IS27791";"Exp60_246_IS27791";NA;"2023-09-27 05:31:00";76240,3
"882705";"27:4:2";"Exp60_246_IS27791";"Exp60_246_IS27791";NA;"2023-09-27 05:47:00";76240,4
"882706";"27:4:2";"Exp60_246_IS27791";"Exp60_246_IS27791";NA;"2023-09-27 06:01:00";76240,3
"882707";"27:4:2";"Exp60_246_IS27791";"Exp60_246_IS27791";NA;"2023-09-27 06:17:00";76240,4
"882708";"27:4:2";"Exp60_246_IS27791";"Exp60_246_IS27791";NA;"2023-09-27 06:31:00";76240,5
"882709";"27:4:2";"Exp60_246_IS27791";"Exp60_246_IS27791";NA;"2023-09-27 06:47:00";76238,8
"882710";"27:4:2";"Exp60_246_IS27791";"Exp60_246_IS27791";NA;"2023-09-27 07:01:00";76237,2
"882711";"27:4:2";"Exp60_246_IS27791";"Exp60_246_IS27791";NA;"2023-09-27 07:32:00";76231,1
"882712";"27:4:2";"Exp60_246_IS27791";"Exp60_246_IS27791";NA;"2023-09-27 07:46:00";76226,6
"882713";"27:4:2";"Exp60_246_IS27791";"Exp60_246_IS27791";NA;"2023-09-27 08:02:00";76218,7
"882714";"27:4:2";"Exp60_246_IS27791";"Exp60_246_IS27791";NA;"2023-09-27 08:16:00";76212,7
"882715";"27:4:2";"Exp60_246_IS27791";"Exp60_246_IS27791";NA;"2023-09-27 08:32:00";76206,6
"882716";"27:4:2";"Exp60_246_IS27791";"Exp60_246_IS27791";NA;"2023-09-27 08:46:00";76197,6
"882717";"27:4:2";"Exp60_246_IS27791";"Exp60_246_IS27791";NA;"2023-09-27 09:02:00";76183
"882718";"27:4:2";"Exp60_246_IS27791";"Exp60_246_IS27791";NA;"2023-09-27 09:16:00";76165
"882719";"27:4:2";"Exp60_246_IS27791";"Exp60_246_IS27791";NA;"2023-09-27 15:46:00";76244
"882720";"27:4:2";"Exp60_246_IS27791";"Exp60_246_IS27791";NA;"2023-09-27 16:02:00";76631,2
"882721";"27:4:2";"Exp60_246_IS27791";"Exp60_246_IS27791";NA;"2023-09-27 16:16:00";76769,9
"882722";"27:4:2";"Exp60_246_IS27791";"Exp60_246_IS27791";NA;"2023-09-27 16:32:00";76719,7
"882723";"27:4:2";"Exp60_246_IS27791";"Exp60_246_IS27791";NA;"2023-09-27 16:46:00";76688,4
"882724";"27:4:2";"Exp60_246_IS27791";"Exp60_246_IS27791";NA;"2023-09-27 17:17:00";76637,3
"882725";"27:4:2";"Exp60_246_IS27791";"Exp60_246_IS27791";NA;"2023-09-27 17:31:00";76624,5
"882726";"27:4:2";"Exp60_246_IS27791";"Exp60_246_IS27791";NA;"2023-09-27 17:47:00";76611,9
"882727";"27:4:2";"Exp60_246_IS27791";"Exp60_246_IS27791";NA;"2023-09-27 18:01:00";76601,6
"882728";"27:4:2";"Exp60_246_IS27791";"Exp60_246_IS27791";NA;"2023-09-27 18:17:00";76592,3
"882729";"27:4:2";"Exp60_246_IS27791";"Exp60_246_IS27791";NA;"2023-09-27 18:31:00";76583,9
"882730";"27:4:2";"Exp60_246_IS27791";"Exp60_246_IS27791";NA;"2023-09-27 18:47:00";76583
"882731";"27:4:2";"Exp60_246_IS27791";"Exp60_246_IS27791";NA;"2023-09-27 19:01:00";76577,2
"882732";"27:4:2";"Exp60_246_IS27791";"Exp60_246_IS27791";NA;"2023-09-27 19:17:00";76580,1
"882733";"27:4:2";"Exp60_246_IS27791";"Exp60_246_IS27791";NA;"2023-09-27 19:31:00";76590,2
"882734";"27:4:2";"Exp60_246_IS27791";"Exp60_246_IS27791";NA;"2023-09-27 19:47:00";76616
"882735";"27:4:2";"Exp60_246_IS27791";"Exp60_246_IS27791";NA;"2023-09-27 20:01:00";76620,6
"882736";"27:4:2";"Exp60_246_IS27791";"Exp60_246_IS27791";NA;"2023-09-27 20:17:00";76630,2
"882737";"27:4:2";"Exp60_246_IS27791";"Exp60_246_IS27791";NA;"2023-09-27 20:31:00";76628,2
"882738";"27:4:2";"Exp60_246_IS27791";"Exp60_246_IS27791";NA;"2023-09-27 20:47:00";76627,3
"882739";"27:4:2";"Exp60_246_IS27791";"Exp60_246_IS27791";NA;"2023-09-27 21:01:00";76622,8
"882740";"27:4:2";"Exp60_246_IS27791";"Exp60_246_IS27791";NA;"2023-09-28 01:31:00";76585,9
"882741";"27:4:2";"Exp60_246_IS27791";"Exp60_246_IS27791";NA;"2023-09-28 01:47:00";76583,9
"882742";"27:4:2";"Exp60_246_IS27791";"Exp60_246_IS27791";NA;"2023-09-28 02:01:00";76583,3
"882743";"27:4:2";"Exp60_246_IS27791";"Exp60_246_IS27791";NA;"2023-09-28 02:17:00";76581
"882744";"27:4:2";"Exp60_246_IS27791";"Exp60_246_IS27791";NA;"2023-09-28 02:31:00";76581,3
"882745";"27:4:2";"Exp60_246_IS27791";"Exp60_246_IS27791";NA;"2023-09-28 03:17:00";76578,4
"882746";"27:4:2";"Exp60_246_IS27791";"Exp60_246_IS27791";NA;"2023-09-28 03:31:00";76577,6
"882747";"27:4:2";"Exp60_246_IS27791";"Exp60_246_IS27791";NA;"2023-09-28 03:47:00";76576,9
"882748";"27:4:2";"Exp60_246_IS27791";"Exp60_246_IS27791";NA;"2023-09-28 04:01:00";76576,6
"882749";"27:4:2";"Exp60_246_IS27791";"Exp60_246_IS27791";NA;"2023-09-28 04:17:00";76575,5
"882750";"27:4:2";"Exp60_246_IS27791";"Exp60_246_IS27791";NA;"2023-09-28 04:31:00";76573,6
"882751";"27:4:2";"Exp60_246_IS27791";"Exp60_246_IS27791";NA;"2023-09-28 04:47:00";76574
"882752";"27:4:2";"Exp60_246_IS27791";"Exp60_246_IS27791";NA;"2023-09-28 05:01:00";76573,1
"882753";"27:4:2";"Exp60_246_IS27791";"Exp60_246_IS27791";NA;"2023-09-28 05:17:00";76572,6
"882754";"27:4:2";"Exp60_246_IS27791";"Exp60_246_IS27791";NA;"2023-09-28 05:31:00";76572,7
"882755";"27:4:2";"Exp60_246_IS27791";"Exp60_246_IS27791";NA;"2023-09-28 05:47:00";76572,2
"882756";"27:4:2";"Exp60_246_IS27791";"Exp60_246_IS27791";NA;"2023-09-28 06:01:00";76570,9
"882757";"27:4:2";"Exp60_246_IS27791";"Exp60_246_IS27791";NA;"2023-09-28 06:17:00";76570,3
"882758";"27:4:2";"Exp60_246_IS27791";"Exp60_246_IS27791";NA;"2023-09-28 07:16:00";76559,5
"882759";"27:4:2";"Exp60_246_IS27791";"Exp60_246_IS27791";NA;"2023-09-28 07:32:00";76552,5
"882760";"27:4:2";"Exp60_246_IS27791";"Exp60_246_IS27791";NA;"2023-09-28 08:16:00";76523,7
"882761";"27:4:2";"Exp60_246_IS27791";"Exp60_246_IS27791";NA;"2023-09-28 08:47:00";76510,4
"882762";"27:4:2";"Exp60_246_IS27791";"Exp60_246_IS27791";NA;"2023-09-28 09:01:00";76472,9
"882763";"27:4:2";"Exp60_246_IS27791";"Exp60_246_IS27791";NA;"2023-09-28 16:16:00";76028,5
"882764";"27:4:2";"Exp60_246_IS27791";"Exp60_246_IS27791";NA;"2023-09-28 16:47:00";76015,9
"882765";"27:4:2";"Exp60_246_IS27791";"Exp60_246_IS27791";NA;"2023-09-28 17:01:00";76022,5
"882766";"27:4:2";"Exp60_246_IS27791";"Exp60_246_IS27791";NA;"2023-09-28 17:17:00";76021
"882767";"27:4:2";"Exp60_246_IS27791";"Exp60_246_IS27791";NA;"2023-09-28 17:31:00";76015,2
"882768";"27:4:2";"Exp60_246_IS27791";"Exp60_246_IS27791";NA;"2023-09-28 18:02:00";76013,3
"882769";"27:4:2";"Exp60_246_IS27791";"Exp60_246_IS27791";NA;"2023-09-28 18:16:00";76077,4
"882770";"27:4:2";"Exp60_246_IS27791";"Exp60_246_IS27791";NA;"2023-09-28 18:32:00";76163,2
"882771";"27:4:2";"Exp60_246_IS27791";"Exp60_246_IS27791";NA;"2023-09-28 18:46:00";76177,6
"882772";"27:4:2";"Exp60_246_IS27791";"Exp60_246_IS27791";NA;"2023-09-28 19:02:00";76172,9
"882773";"27:4:2";"Exp60_246_IS27791";"Exp60_246_IS27791";NA;"2023-09-28 19:16:00";76169,8
"882774";"27:4:2";"Exp60_246_IS27791";"Exp60_246_IS27791";NA;"2023-09-28 19:32:00";76163,2
"882775";"27:4:2";"Exp60_246_IS27791";"Exp60_246_IS27791";NA;"2023-09-28 19:46:00";76162,5
"882776";"27:4:2";"Exp60_246_IS27791";"Exp60_246_IS27791";NA;"2023-09-28 20:02:00";76157,2
"882777";"27:4:2";"Exp60_246_IS27791";"Exp60_246_IS27791";NA;"2023-09-28 20:16:00";76155,2
"882778";"27:4:2";"Exp60_246_IS27791";"Exp60_246_IS27791";NA;"2023-09-28 20:32:00";76150,3
"882779";"27:4:2";"Exp60_246_IS27791";"Exp60_246_IS27791";NA;"2023-09-28 20:46:00";76146,4
"882780";"27:4:2";"Exp60_246_IS27791";"Exp60_246_IS27791";NA;"2023-09-28 21:02:00";76142,7
"882781";"27:4:2";"Exp60_246_IS27791";"Exp60_246_IS27791";NA;"2023-09-28 21:16:00";76139,5
"882782";"27:4:2";"Exp60_246_IS27791";"Exp60_246_IS27791";NA;"2023-09-28 21:32:00";76136,4
"882783";"27:4:2";"Exp60_246_IS27791";"Exp60_246_IS27791";NA;"2023-09-28 21:46:00";76134,4
"882784";"27:4:2";"Exp60_246_IS27791";"Exp60_246_IS27791";NA;"2023-09-28 22:17:00";76129,5
"882785";"27:4:2";"Exp60_246_IS27791";"Exp60_246_IS27791";NA;"2023-09-28 22:31:00";76127,3
"882786";"27:4:2";"Exp60_246_IS27791";"Exp60_246_IS27791";NA;"2023-09-28 22:47:00";76125
"882787";"27:4:2";"Exp60_246_IS27791";"Exp60_246_IS27791";NA;"2023-09-28 23:01:00";76123,4
"882788";"27:4:2";"Exp60_246_IS27791";"Exp60_246_IS27791";NA;"2023-09-28 23:17:00";76121,8
"882789";"27:4:2";"Exp60_246_IS27791";"Exp60_246_IS27791";NA;"2023-09-28 23:31:00";76119,1
"882790";"27:4:2";"Exp60_246_IS27791";"Exp60_246_IS27791";NA;"2023-09-29 00:17:00";76115,4
"882791";"27:4:2";"Exp60_246_IS27791";"Exp60_246_IS27791";NA;"2023-09-29 00:31:00";76114,2
"882792";"27:4:2";"Exp60_246_IS27791";"Exp60_246_IS27791";NA;"2023-09-29 00:47:00";76112,3
"882793";"27:4:2";"Exp60_246_IS27791";"Exp60_246_IS27791";NA;"2023-09-29 01:01:00";76111,7
"882794";"27:4:2";"Exp60_246_IS27791";"Exp60_246_IS27791";NA;"2023-09-29 01:17:00";76110,8
"882795";"27:4:2";"Exp60_246_IS27791";"Exp60_246_IS27791";NA;"2023-09-29 01:31:00";76108,7
"882796";"27:4:2";"Exp60_246_IS27791";"Exp60_246_IS27791";NA;"2023-09-29 01:47:00";76108,1
"882797";"27:4:2";"Exp60_246_IS27791";"Exp60_246_IS27791";NA;"2023-09-29 02:01:00";76108
"882798";"27:4:2";"Exp60_246_IS27791";"Exp60_246_IS27791";NA;"2023-09-29 02:17:00";76106,5
"882799";"27:4:2";"Exp60_246_IS27791";"Exp60_246_IS27791";NA;"2023-09-29 02:31:00";76105,3
"882800";"27:4:2";"Exp60_246_IS27791";"Exp60_246_IS27791";NA;"2023-09-29 02:47:00";76104,5
"882801";"27:4:2";"Exp60_246_IS27791";"Exp60_246_IS27791";NA;"2023-09-29 03:01:00";76103,2
"882802";"27:4:2";"Exp60_246_IS27791";"Exp60_246_IS27791";NA;"2023-09-29 03:47:00";76100,3
"882803";"27:4:2";"Exp60_246_IS27791";"Exp60_246_IS27791";NA;"2023-09-29 04:01:00";76100,5
"882804";"27:4:2";"Exp60_246_IS27791";"Exp60_246_IS27791";NA;"2023-09-29 04:17:00";76100,3
"882805";"27:4:2";"Exp60_246_IS27791";"Exp60_246_IS27791";NA;"2023-09-29 04:31:00";76099,9
"882806";"27:4:2";"Exp60_246_IS27791";"Exp60_246_IS27791";NA;"2023-09-29 12:31:00";75864,9
"882807";"27:4:2";"Exp60_246_IS27791";"Exp60_246_IS27791";NA;"2023-09-29 18:46:00";75682,4
"882808";"27:4:2";"Exp60_246_IS27791";"Exp60_246_IS27791";NA;"2023-09-29 19:17:00";75680,8
"882809";"27:4:2";"Exp60_246_IS27791";"Exp60_246_IS27791";NA;"2023-09-29 19:31:00";75678,2
"882810";"27:4:2";"Exp60_246_IS27791";"Exp60_246_IS27791";NA;"2023-09-29 19:47:00";75674,3
"882811";"27:4:2";"Exp60_246_IS27791";"Exp60_246_IS27791";NA;"2023-09-29 20:01:00";75676
"882812";"27:4:2";"Exp60_246_IS27791";"Exp60_246_IS27791";NA;"2023-09-29 20:17:00";75674,5
"882813";"27:4:2";"Exp60_246_IS27791";"Exp60_246_IS27791";NA;"2023-09-29 20:31:00";75674,3
"882814";"27:4:2";"Exp60_246_IS27791";"Exp60_246_IS27791";NA;"2023-09-29 21:02:00";75670,7
"882815";"27:4:2";"Exp60_246_IS27791";"Exp60_246_IS27791";NA;"2023-09-29 21:16:00";75669,3
"882816";"27:4:2";"Exp60_246_IS27791";"Exp60_246_IS27791";NA;"2023-09-29 21:32:00";75669,4
"882817";"27:4:2";"Exp60_246_IS27791";"Exp60_246_IS27791";NA;"2023-09-29 21:46:00";75668,8
"882818";"27:4:2";"Exp60_246_IS27791";"Exp60_246_IS27791";NA;"2023-09-29 22:02:00";75667,8
"882819";"27:4:2";"Exp60_246_IS27791";"Exp60_246_IS27791";NA;"2023-09-29 22:16:00";75666,9
"882820";"27:4:2";"Exp60_246_IS27791";"Exp60_246_IS27791";NA;"2023-09-29 22:32:00";75667
"882821";"27:4:2";"Exp60_246_IS27791";"Exp60_246_IS27791";NA;"2023-09-29 22:46:00";75665,2
"882822";"27:4:2";"Exp60_246_IS27791";"Exp60_246_IS27791";NA;"2023-09-29 23:02:00";75664,6
"882823";"27:4:2";"Exp60_246_IS27791";"Exp60_246_IS27791";NA;"2023-09-29 23:16:00";75664
"882824";"27:4:2";"Exp60_246_IS27791";"Exp60_246_IS27791";NA;"2023-09-29 23:32:00";75663,5
"882825";"27:4:2";"Exp60_246_IS27791";"Exp60_246_IS27791";NA;"2023-09-29 23:46:00";75661,8
"882826";"27:4:2";"Exp60_246_IS27791";"Exp60_246_IS27791";NA;"2023-09-30 00:02:00";75661,2
"882827";"27:4:2";"Exp60_246_IS27791";"Exp60_246_IS27791";NA;"2023-09-30 00:16:00";75661,3
"882828";"27:4:2";"Exp60_246_IS27791";"Exp60_246_IS27791";NA;"2023-09-30 00:32:00";75660,1
"882829";"27:4:2";"Exp60_246_IS27791";"Exp60_246_IS27791";NA;"2023-09-30 00:46:00";75657,1
"882830";"27:4:2";"Exp60_246_IS27791";"Exp60_246_IS27791";NA;"2023-09-30 01:02:00";75656,2
"882831";"27:4:2";"Exp60_246_IS27791";"Exp60_246_IS27791";NA;"2023-09-30 01:16:00";75655
"882832";"27:4:2";"Exp60_246_IS27791";"Exp60_246_IS27791";NA;"2023-09-30 01:32:00";75657,5
"882833";"27:4:2";"Exp60_246_IS27791";"Exp60_246_IS27791";NA;"2023-09-30 01:46:00";75796,7
"882834";"27:4:2";"Exp60_246_IS27791";"Exp60_246_IS27791";NA;"2023-09-30 08:46:00";75796
"882835";"27:4:2";"Exp60_246_IS27791";"Exp60_246_IS27791";NA;"2023-09-30 09:02:00";75794,7
"882836";"27:4:2";"Exp60_246_IS27791";"Exp60_246_IS27791";NA;"2023-09-30 09:16:00";75765,8
"882837";"27:4:2";"Exp60_246_IS27791";"Exp60_246_IS27791";NA;"2023-09-30 09:32:00";75739,9
"882838";"27:4:2";"Exp60_246_IS27791";"Exp60_246_IS27791";NA;"2023-09-30 09:46:00";75716,3
"882839";"27:4:2";"Exp60_246_IS27791";"Exp60_246_IS27791";NA;"2023-09-30 10:02:00";75697,2
"882840";"27:4:2";"Exp60_246_IS27791";"Exp60_246_IS27791";NA;"2023-09-30 10:16:00";75691,6
"882841";"27:4:2";"Exp60_246_IS27791";"Exp60_246_IS27791";NA;"2023-09-30 10:32:00";75660,7
"882842";"27:4:2";"Exp60_246_IS27791";"Exp60_246_IS27791";NA;"2023-09-30 10:46:00";75641,1
"882843";"27:4:2";"Exp60_246_IS27791";"Exp60_246_IS27791";NA;"2023-09-30 11:02:00";75625,8
"882844";"27:4:2";"Exp60_246_IS27791";"Exp60_246_IS27791";NA;"2023-09-30 11:16:00";75609,8
"882845";"27:4:2";"Exp60_246_IS27791";"Exp60_246_IS27791";NA;"2023-09-30 11:32:00";75589,4
"882846";"27:4:2";"Exp60_246_IS27791";"Exp60_246_IS27791";NA;"2023-09-30 11:46:00";75562,3
"882847";"27:4:2";"Exp60_246_IS27791";"Exp60_246_IS27791";NA;"2023-09-30 19:01:00";76740
"882848";"27:4:2";"Exp60_246_IS27791";"Exp60_246_IS27791";NA;"2023-09-30 19:17:00";76733,9
"882849";"27:4:2";"Exp60_246_IS27791";"Exp60_246_IS27791";NA;"2023-09-30 19:31:00";76728,6
"882850";"27:4:2";"Exp60_246_IS27791";"Exp60_246_IS27791";NA;"2023-09-30 19:47:00";76723,9
"882851";"27:4:2";"Exp60_246_IS27791";"Exp60_246_IS27791";NA;"2023-09-30 20:01:00";76720,2
"882852";"27:4:2";"Exp60_246_IS27791";"Exp60_246_IS27791";NA;"2023-09-30 20:17:00";76715,7
"882853";"27:4:2";"Exp60_246_IS27791";"Exp60_246_IS27791";NA;"2023-09-30 20:31:00";76711,6
"882854";"27:4:2";"Exp60_246_IS27791";"Exp60_246_IS27791";NA;"2023-09-30 20:47:00";76708,3
"882855";"27:4:2";"Exp60_246_IS27791";"Exp60_246_IS27791";NA;"2023-09-30 21:01:00";76706,1
"882856";"27:4:2";"Exp60_246_IS27791";"Exp60_246_IS27791";NA;"2023-09-30 21:32:00";76700
"882857";"27:4:2";"Exp60_246_IS27791";"Exp60_246_IS27791";NA;"2023-09-30 21:46:00";76696,2
"882858";"27:4:2";"Exp60_246_IS27791";"Exp60_246_IS27791";NA;"2023-09-30 22:02:00";76693,8
"882859";"27:4:2";"Exp60_246_IS27791";"Exp60_246_IS27791";NA;"2023-09-30 22:16:00";76692
"882860";"27:4:2";"Exp60_246_IS27791";"Exp60_246_IS27791";NA;"2023-09-30 22:32:00";76687,5
"882861";"27:4:2";"Exp60_246_IS27791";"Exp60_246_IS27791";NA;"2023-09-30 22:46:00";76688,1
"882862";"27:4:2";"Exp60_246_IS27791";"Exp60_246_IS27791";NA;"2023-09-30 23:02:00";76682,7
"882863";"27:4:2";"Exp60_246_IS27791";"Exp60_246_IS27791";NA;"2023-09-30 23:16:00";76679,8
"882864";"27:4:2";"Exp60_246_IS27791";"Exp60_246_IS27791";NA;"2023-09-30 23:32:00";76678,6
"882865";"27:4:2";"Exp60_246_IS27791";"Exp60_246_IS27791";NA;"2023-09-30 23:46:00";76676
"882866";"27:4:2";"Exp60_246_IS27791";"Exp60_246_IS27791";NA;"2023-10-01 00:02:00";76673,8
"882867";"27:4:2";"Exp60_246_IS27791";"Exp60_246_IS27791";NA;"2023-10-01 00:16:00";76671,4
"882868";"27:4:2";"Exp60_246_IS27791";"Exp60_246_IS27791";NA;"2023-10-01 00:32:00";76668,3
"882869";"27:4:2";"Exp60_246_IS27791";"Exp60_246_IS27791";NA;"2023-10-01 01:16:00";76664,6
"882870";"27:4:2";"Exp60_246_IS27791";"Exp60_246_IS27791";NA;"2023-10-01 01:32:00";76661,9
"882871";"27:4:2";"Exp60_246_IS27791";"Exp60_246_IS27791";NA;"2023-10-01 01:46:00";76660,7
"882872";"27:4:2";"Exp60_246_IS27791";"Exp60_246_IS27791";NA;"2023-10-01 02:02:00";76659,4
"882873";"27:4:2";"Exp60_246_IS27791";"Exp60_246_IS27791";NA;"2023-10-01 02:16:00";76658,6
"882874";"27:4:2";"Exp60_246_IS27791";"Exp60_246_IS27791";NA;"2023-10-01 02:32:00";76655,9
"882875";"27:4:2";"Exp60_246_IS27791";"Exp60_246_IS27791";NA;"2023-10-01 02:46:00";76655,2
"882876";"27:4:2";"Exp60_246_IS27791";"Exp60_246_IS27791";NA;"2023-10-01 09:31:00";76535,3
"882877";"27:4:2";"Exp60_246_IS27791";"Exp60_246_IS27791";NA;"2023-10-01 09:47:00";76517,4
"882878";"27:4:2";"Exp60_246_IS27791";"Exp60_246_IS27791";NA;"2023-10-01 10:01:00";76508,2
"882879";"27:4:2";"Exp60_246_IS27791";"Exp60_246_IS27791";NA;"2023-10-01 10:17:00";76488,1
"882880";"27:4:2";"Exp60_246_IS27791";"Exp60_246_IS27791";NA;"2023-10-01 10:31:00";76453,6
"882881";"27:4:2";"Exp60_246_IS27791";"Exp60_246_IS27791";NA;"2023-10-01 10:47:00";76433,9
"882882";"27:4:2";"Exp60_246_IS27791";"Exp60_246_IS27791";NA;"2023-10-01 11:01:00";76417
"882883";"27:4:2";"Exp60_246_IS27791";"Exp60_246_IS27791";NA;"2023-10-01 17:46:00";76076,3
"882884";"27:4:2";"Exp60_246_IS27791";"Exp60_246_IS27791";NA;"2023-10-01 18:02:00";76074,2
"882885";"27:4:2";"Exp60_246_IS27791";"Exp60_246_IS27791";NA;"2023-10-01 18:16:00";76070,2
"882886";"27:4:2";"Exp60_246_IS27791";"Exp60_246_IS27791";NA;"2023-10-01 18:32:00";76070,6
"882887";"27:4:2";"Exp60_246_IS27791";"Exp60_246_IS27791";NA;"2023-10-01 18:46:00";76067,8
"882888";"27:4:2";"Exp60_246_IS27791";"Exp60_246_IS27791";NA;"2023-10-01 19:02:00";76066,6
"882889";"27:4:2";"Exp60_246_IS27791";"Exp60_246_IS27791";NA;"2023-10-01 19:16:00";76063,3
"882890";"27:4:2";"Exp60_246_IS27791";"Exp60_246_IS27791";NA;"2023-10-01 19:32:00";76063,1
"882891";"27:4:2";"Exp60_246_IS27791";"Exp60_246_IS27791";NA;"2023-10-01 19:46:00";76058,8
"882892";"27:4:2";"Exp60_246_IS27791";"Exp60_246_IS27791";NA;"2023-10-01 20:02:00";76057
"882893";"27:4:2";"Exp60_246_IS27791";"Exp60_246_IS27791";NA;"2023-10-01 20:16:00";76057,5
"882894";"27:4:2";"Exp60_246_IS27791";"Exp60_246_IS27791";NA;"2023-10-01 20:32:00";76051,9
"882895";"27:4:2";"Exp60_246_IS27791";"Exp60_246_IS27791";NA;"2023-10-01 20:46:00";76051,1
"882896";"27:4:2";"Exp60_246_IS27791";"Exp60_246_IS27791";NA;"2023-10-01 21:02:00";76051,2
"882897";"27:4:2";"Exp60_246_IS27791";"Exp60_246_IS27791";NA;"2023-10-01 21:16:00";76049,2
"882898";"27:4:2";"Exp60_246_IS27791";"Exp60_246_IS27791";NA;"2023-10-01 21:32:00";76046,1
"882899";"27:4:2";"Exp60_246_IS27791";"Exp60_246_IS27791";NA;"2023-10-01 21:46:00";76044,8
"882900";"27:4:2";"Exp60_246_IS27791";"Exp60_246_IS27791";NA;"2023-10-01 22:02:00";76039,2
"882901";"27:4:2";"Exp60_246_IS27791";"Exp60_246_IS27791";NA;"2023-10-01 22:16:00";76040,4
"882902";"27:4:2";"Exp60_246_IS27791";"Exp60_246_IS27791";NA;"2023-10-01 22:32:00";76038,3
"882903";"27:4:2";"Exp60_246_IS27791";"Exp60_246_IS27791";NA;"2023-10-01 22:46:00";76037,4
"882904";"27:4:2";"Exp60_246_IS27791";"Exp60_246_IS27791";NA;"2023-10-01 23:17:00";76033,8
"882905";"27:4:2";"Exp60_246_IS27791";"Exp60_246_IS27791";NA;"2023-10-01 23:31:00";76032,9
"882906";"27:4:2";"Exp60_246_IS27791";"Exp60_246_IS27791";NA;"2023-10-02 07:01:00";75996,4
"882907";"27:4:2";"Exp60_246_IS27791";"Exp60_246_IS27791";NA;"2023-10-02 07:17:00";75991,3
"882908";"27:4:2";"Exp60_246_IS27791";"Exp60_246_IS27791";NA;"2023-10-02 07:31:00";75984,6
"882909";"27:4:2";"Exp60_246_IS27791";"Exp60_246_IS27791";NA;"2023-10-02 07:47:00";75981,4
"882910";"27:4:2";"Exp60_246_IS27791";"Exp60_246_IS27791";NA;"2023-10-02 08:01:00";75968,6
"882911";"27:4:2";"Exp60_246_IS27791";"Exp60_246_IS27791";NA;"2023-10-02 08:17:00";75962
"882912";"27:4:2";"Exp60_246_IS27791";"Exp60_246_IS27791";NA;"2023-10-02 08:31:00";75957,3
"882913";"27:4:2";"Exp60_246_IS27791";"Exp60_246_IS27791";NA;"2023-10-02 08:47:00";75948,3
"882914";"27:4:2";"Exp60_246_IS27791";"Exp60_246_IS27791";NA;"2023-10-02 09:01:00";75941,4
"882915";"27:4:2";"Exp60_246_IS27791";"Exp60_246_IS27791";NA;"2023-10-02 09:17:00";75935,8
"882916";"27:4:2";"Exp60_246_IS27791";"Exp60_246_IS27791";NA;"2023-10-02 09:31:00";75927,9
"882917";"27:4:2";"Exp60_246_IS27791";"Exp60_246_IS27791";NA;"2023-10-02 09:47:00";75921
"882918";"27:4:2";"Exp60_246_IS27791";"Exp60_246_IS27791";NA;"2023-10-02 10:01:00";75919,1
"882919";"27:4:2";"Exp60_246_IS27791";"Exp60_246_IS27791";NA;"2023-10-02 10:32:00";75903,1
"882920";"27:4:2";"Exp60_246_IS27791";"Exp60_246_IS27791";NA;"2023-10-02 10:46:00";75893
"882921";"27:4:2";"Exp60_246_IS27791";"Exp60_246_IS27791";NA;"2023-10-02 11:17:00";75877,3
"882922";"27:4:2";"Exp60_246_IS27791";"Exp60_246_IS27791";NA;"2023-10-02 11:31:00";75866
"882923";"27:4:2";"Exp60_246_IS27791";"Exp60_246_IS27791";NA;"2023-10-02 11:47:00";75856,1
"882924";"27:4:2";"Exp60_246_IS27791";"Exp60_246_IS27791";NA;"2023-10-02 12:01:00";75839,2
"882925";"27:4:2";"Exp60_246_IS27791";"Exp60_246_IS27791";NA;"2023-10-02 12:17:00";75831,8
"882926";"27:4:2";"Exp60_246_IS27791";"Exp60_246_IS27791";NA;"2023-10-02 12:31:00";75819,7
"882927";"27:4:2";"Exp60_246_IS27791";"Exp60_246_IS27791";NA;"2023-10-02 12:47:00";75807,5
"882928";"27:4:2";"Exp60_246_IS27791";"Exp60_246_IS27791";NA;"2023-10-02 13:01:00";75794,7
"882929";"27:4:2";"Exp60_246_IS27791";"Exp60_246_IS27791";NA;"2023-10-02 13:17:00";75782,1
"882930";"27:4:2";"Exp60_246_IS27791";"Exp60_246_IS27791";NA;"2023-10-02 13:31:00";75774,7
"882931";"27:4:2";"Exp60_246_IS27791";"Exp60_246_IS27791";NA;"2023-10-02 13:47:00";75756,1
"882932";"27:4:2";"Exp60_246_IS27791";"Exp60_246_IS27791";NA;"2023-10-02 14:01:00";75743,9
"882933";"27:4:2";"Exp60_246_IS27791";"Exp60_246_IS27791";NA;"2023-10-02 14:17:00";75736,1
"882934";"27:4:2";"Exp60_246_IS27791";"Exp60_246_IS27791";NA;"2023-10-02 14:31:00";75721,1
"882935";"27:4:2";"Exp60_246_IS27791";"Exp60_246_IS27791";NA;"2023-10-02 14:47:00";75714,6
"882936";"27:4:2";"Exp60_246_IS27791";"Exp60_246_IS27791";NA;"2023-10-02 15:01:00";75706,3
"882937";"27:4:2";"Exp60_246_IS27791";"Exp60_246_IS27791";NA;"2023-10-02 15:32:00";75691
"882938";"27:4:2";"Exp60_246_IS27791";"Exp60_246_IS27791";NA;"2023-10-02 15:46:00";75684,5
"882939";"27:4:2";"Exp60_246_IS27791";"Exp60_246_IS27791";NA;"2023-10-02 16:02:00";75676,8
"882940";"27:4:2";"Exp60_246_IS27791";"Exp60_246_IS27791";NA;"2023-10-02 16:16:00";75674,9
"882941";"27:4:2";"Exp60_246_IS27791";"Exp60_246_IS27791";NA;"2023-10-02 23:01:00";75641,7
"882942";"27:4:2";"Exp60_246_IS27791";"Exp60_246_IS27791";NA;"2023-10-02 23:17:00";75642,2
"882943";"27:4:2";"Exp60_246_IS27791";"Exp60_246_IS27791";NA;"2023-10-02 23:31:00";75641,5
"882944";"27:4:2";"Exp60_246_IS27791";"Exp60_246_IS27791";NA;"2023-10-02 23:47:00";75639,8
"882945";"27:4:2";"Exp60_246_IS27791";"Exp60_246_IS27791";NA;"2023-10-03 00:01:00";75639,9
"882946";"27:4:2";"Exp60_246_IS27791";"Exp60_246_IS27791";NA;"2023-10-03 00:17:00";75638,3
"882947";"27:4:2";"Exp60_246_IS27791";"Exp60_246_IS27791";NA;"2023-10-03 00:31:00";75636,6
"882948";"27:4:2";"Exp60_246_IS27791";"Exp60_246_IS27791";NA;"2023-10-03 00:47:00";75635,7
"882949";"27:4:2";"Exp60_246_IS27791";"Exp60_246_IS27791";NA;"2023-10-03 01:01:00";75635,5
"882950";"27:4:2";"Exp60_246_IS27791";"Exp60_246_IS27791";NA;"2023-10-03 01:17:00";75633
"882951";"27:4:2";"Exp60_246_IS27791";"Exp60_246_IS27791";NA;"2023-10-03 01:31:00";75632,2
"882952";"27:4:2";"Exp60_246_IS27791";"Exp60_246_IS27791";NA;"2023-10-03 01:47:00";75631,3
"882953";"27:4:2";"Exp60_246_IS27791";"Exp60_246_IS27791";NA;"2023-10-03 02:01:00";75627,2
"882954";"27:4:2";"Exp60_246_IS27791";"Exp60_246_IS27791";NA;"2023-10-03 02:17:00";75627,4
"882955";"27:4:2";"Exp60_246_IS27791";"Exp60_246_IS27791";NA;"2023-10-03 02:31:00";75627,9
"882956";"27:4:2";"Exp60_246_IS27791";"Exp60_246_IS27791";NA;"2023-10-03 03:47:00";75621,8
"882957";"27:4:2";"Exp60_246_IS27791";"Exp60_246_IS27791";NA;"2023-10-03 04:01:00";75621,5
"882958";"27:4:2";"Exp60_246_IS27791";"Exp60_246_IS27791";NA;"2023-10-03 04:17:00";75619,6
"882959";"27:4:2";"Exp60_246_IS27791";"Exp60_246_IS27791";NA;"2023-10-03 04:31:00";75613,9
"882960";"27:4:2";"Exp60_246_IS27791";"Exp60_246_IS27791";NA;"2023-10-03 04:47:00";75615,7
"882961";"27:4:2";"Exp60_246_IS27791";"Exp60_246_IS27791";NA;"2023-10-03 05:01:00";75618,3
"882962";"27:4:2";"Exp60_246_IS27791";"Exp60_246_IS27791";NA;"2023-10-03 05:17:00";75616
"882963";"27:4:2";"Exp60_246_IS27791";"Exp60_246_IS27791";NA;"2023-10-03 06:01:00";75613,1
"882964";"27:4:2";"Exp60_246_IS27791";"Exp60_246_IS27791";NA;"2023-10-03 06:17:00";75613,1
"882965";"27:4:2";"Exp60_246_IS27791";"Exp60_246_IS27791";NA;"2023-10-03 06:31:00";75610,6
"882966";"27:4:2";"Exp60_246_IS27791";"Exp60_246_IS27791";NA;"2023-10-03 06:47:00";75609,8
"882967";"27:4:2";"Exp60_246_IS27791";"Exp60_246_IS27791";NA;"2023-10-03 07:01:00";75607,2
"882968";"27:4:2";"Exp60_246_IS27791";"Exp60_246_IS27791";NA;"2023-10-03 07:17:00";75602
"882969";"27:4:2";"Exp60_246_IS27791";"Exp60_246_IS27791";NA;"2023-10-03 07:31:00";75595,7
"882970";"27:4:2";"Exp60_246_IS27791";"Exp60_246_IS27791";NA;"2023-10-03 08:02:00";75582,7
"882971";"27:4:2";"Exp60_246_IS27791";"Exp60_246_IS27791";NA;"2023-10-03 08:16:00";75576,4
"882972";"27:4:2";"Exp60_246_IS27791";"Exp60_246_IS27791";NA;"2023-10-03 08:32:00";75566,2
"882973";"27:4:2";"Exp60_246_IS27791";"Exp60_246_IS27791";NA;"2023-10-03 08:46:00";75552,2
"882974";"27:4:2";"Exp60_246_IS27791";"Exp60_246_IS27791";NA;"2023-10-03 15:16:00";75158,8
"882975";"27:4:2";"Exp60_246_IS27791";"Exp60_246_IS27791";NA;"2023-10-03 21:16:00";75835,6
"882976";"27:4:2";"Exp60_246_IS27791";"Exp60_246_IS27791";NA;"2023-10-03 22:02:00";75834
"882977";"27:4:2";"Exp60_246_IS27791";"Exp60_246_IS27791";NA;"2023-10-03 22:16:00";75832
"882978";"27:4:2";"Exp60_246_IS27791";"Exp60_246_IS27791";NA;"2023-10-03 22:32:00";75832
"882979";"27:4:2";"Exp60_246_IS27791";"Exp60_246_IS27791";NA;"2023-10-03 22:46:00";75831,8
"882980";"27:4:2";"Exp60_246_IS27791";"Exp60_246_IS27791";NA;"2023-10-03 23:17:00";75830,6
"882981";"27:4:2";"Exp60_246_IS27791";"Exp60_246_IS27791";NA;"2023-10-03 23:31:00";75829,8
"882982";"27:4:2";"Exp60_246_IS27791";"Exp60_246_IS27791";NA;"2023-10-03 23:47:00";75828,9
"882983";"27:4:2";"Exp60_246_IS27791";"Exp60_246_IS27791";NA;"2023-10-04 00:16:00";75827,1
"882984";"27:4:2";"Exp60_246_IS27791";"Exp60_246_IS27791";NA;"2023-10-04 00:32:00";75827,2
"882985";"27:4:2";"Exp60_246_IS27791";"Exp60_246_IS27791";NA;"2023-10-04 00:46:00";75825,4
"882986";"27:4:2";"Exp60_246_IS27791";"Exp60_246_IS27791";NA;"2023-10-04 01:02:00";75824,3
"882987";"27:4:2";"Exp60_246_IS27791";"Exp60_246_IS27791";NA;"2023-10-04 01:16:00";75823
"882988";"27:4:2";"Exp60_246_IS27791";"Exp60_246_IS27791";NA;"2023-10-04 01:32:00";75822,8
"882989";"27:4:2";"Exp60_246_IS27791";"Exp60_246_IS27791";NA;"2023-10-04 01:46:00";75821,7
"882990";"27:4:2";"Exp60_246_IS27791";"Exp60_246_IS27791";NA;"2023-10-04 02:02:00";75821,5
"882991";"27:4:2";"Exp60_246_IS27791";"Exp60_246_IS27791";NA;"2023-10-04 02:16:00";75820,1
"882992";"27:4:2";"Exp60_246_IS27791";"Exp60_246_IS27791";NA;"2023-10-04 02:32:00";75819,4
"882993";"27:4:2";"Exp60_246_IS27791";"Exp60_246_IS27791";NA;"2023-10-04 02:46:00";75817,9
"882994";"27:4:2";"Exp60_246_IS27791";"Exp60_246_IS27791";NA;"2023-10-04 03:17:00";75816,4
"882995";"27:4:2";"Exp60_246_IS27791";"Exp60_246_IS27791";NA;"2023-10-04 03:31:00";75816,4
"882996";"27:4:2";"Exp60_246_IS27791";"Exp60_246_IS27791";NA;"2023-10-04 03:47:00";75815,3
"882997";"27:4:2";"Exp60_246_IS27791";"Exp60_246_IS27791";NA;"2023-10-04 04:01:00";75814,3
"882998";"27:4:2";"Exp60_246_IS27791";"Exp60_246_IS27791";NA;"2023-10-04 04:32:00";75811,4
"882999";"27:4:2";"Exp60_246_IS27791";"Exp60_246_IS27791";NA;"2023-10-04 04:46:00";75811,5
"883000";"27:4:2";"Exp60_246_IS27791";"Exp60_246_IS27791";NA;"2023-10-04 05:02:00";75809,7
"883001";"27:4:2";"Exp60_246_IS27791";"Exp60_246_IS27791";NA;"2023-10-04 05:16:00";75810,4
"883002";"27:4:2";"Exp60_246_IS27791";"Exp60_246_IS27791";NA;"2023-10-04 05:32:00";75809,9
"883003";"27:4:2";"Exp60_246_IS27791";"Exp60_246_IS27791";NA;"2023-10-04 05:46:00";75809,1
"883004";"27:4:2";"Exp60_246_IS27791";"Exp60_246_IS27791";NA;"2023-10-04 06:32:00";75806,4
"883005";"27:4:2";"Exp60_246_IS27791";"Exp60_246_IS27791";NA;"2023-10-04 06:46:00";75805
"883006";"27:4:2";"Exp60_246_IS27791";"Exp60_246_IS27791";NA;"2023-10-04 07:17:00";75797,1
"883007";"27:4:2";"Exp60_246_IS27791";"Exp60_246_IS27791";NA;"2023-10-04 07:31:00";75792
"883008";"27:4:2";"Exp60_246_IS27791";"Exp60_246_IS27791";NA;"2023-10-04 07:47:00";75783,6
"883009";"27:4:2";"Exp60_246_IS27791";"Exp60_246_IS27791";NA;"2023-10-04 08:01:00";75775,4
"883010";"27:4:2";"Exp60_246_IS27791";"Exp60_246_IS27791";NA;"2023-10-04 08:17:00";75763,8
"883011";"27:4:2";"Exp60_246_IS27791";"Exp60_246_IS27791";NA;"2023-10-04 08:31:00";75752
"883012";"27:4:2";"Exp60_246_IS27791";"Exp60_246_IS27791";NA;"2023-10-04 08:47:00";75741,1
"883013";"27:4:2";"Exp60_246_IS27791";"Exp60_246_IS27791";NA;"2023-10-04 09:01:00";75723,6
"883014";"27:4:2";"Exp60_246_IS27791";"Exp60_246_IS27791";NA;"2023-10-04 09:17:00";75709,5
"883015";"27:4:2";"Exp60_246_IS27791";"Exp60_246_IS27791";NA;"2023-10-04 09:31:00";75691,7
"883016";"27:4:2";"Exp60_246_IS27791";"Exp60_246_IS27791";NA;"2023-10-04 09:47:00";75674,4
"883017";"27:4:2";"Exp60_246_IS27791";"Exp60_246_IS27791";NA;"2023-10-04 10:01:00";75658,3
"883018";"27:4:2";"Exp60_246_IS27791";"Exp60_246_IS27791";NA;"2023-10-04 10:17:00";75642,7
"883019";"27:4:2";"Exp60_246_IS27791";"Exp60_246_IS27791";NA;"2023-10-04 10:31:00";75616,4
"883020";"27:4:2";"Exp60_246_IS27791";"Exp60_246_IS27791";NA;"2023-10-04 10:47:00";75590,9
"883021";"27:4:2";"Exp60_246_IS27791";"Exp60_246_IS27791";NA;"2023-10-04 11:01:00";75560,8
"883022";"27:4:2";"Exp60_246_IS27791";"Exp60_246_IS27791";NA;"2023-10-04 11:17:00";75541,6
"883023";"27:4:2";"Exp60_246_IS27791";"Exp60_246_IS27791";NA;"2023-10-04 11:31:00";75525,2
"883024";"27:4:2";"Exp60_246_IS27791";"Exp60_246_IS27791";NA;"2023-10-04 11:47:00";75501,8
"883025";"27:4:2";"Exp60_246_IS27791";"Exp60_246_IS27791";NA;"2023-10-04 12:01:00";75485,7
"883026";"27:4:2";"Exp60_246_IS27791";"Exp60_246_IS27791";NA;"2023-10-04 12:32:00";75448,1
"883027";"27:4:2";"Exp60_246_IS27791";"Exp60_246_IS27791";NA;"2023-10-04 12:46:00";75412,9
"883028";"27:4:2";"Exp60_246_IS27791";"Exp60_246_IS27791";NA;"2023-10-04 13:02:00";75400,3
"883029";"27:4:2";"Exp60_246_IS27791";"Exp60_246_IS27791";NA;"2023-10-04 13:16:00";75381,9
"883030";"27:4:2";"Exp60_246_IS27791";"Exp60_246_IS27791";NA;"2023-10-04 13:32:00";75368,3
"883031";"27:4:2";"Exp60_246_IS27791";"Exp60_246_IS27791";NA;"2023-10-04 13:46:00";75348
"883032";"27:4:2";"Exp60_246_IS27791";"Exp60_246_IS27791";NA;"2023-10-04 21:01:00";75155,8
"883033";"27:4:2";"Exp60_246_IS27791";"Exp60_246_IS27791";NA;"2023-10-05 03:31:00";75135,8
"883034";"27:4:2";"Exp60_246_IS27791";"Exp60_246_IS27791";NA;"2023-10-05 03:47:00";75135
"883035";"27:4:2";"Exp60_246_IS27791";"Exp60_246_IS27791";NA;"2023-10-05 04:01:00";75134,6
"883036";"27:4:2";"Exp60_246_IS27791";"Exp60_246_IS27791";NA;"2023-10-05 04:17:00";75133,8
"883037";"27:4:2";"Exp60_246_IS27791";"Exp60_246_IS27791";NA;"2023-10-05 04:31:00";75133,6
"883038";"27:4:2";"Exp60_246_IS27791";"Exp60_246_IS27791";NA;"2023-10-05 04:47:00";75134,4
"883039";"27:4:2";"Exp60_246_IS27791";"Exp60_246_IS27791";NA;"2023-10-05 05:01:00";75133,8
"883040";"27:4:2";"Exp60_246_IS27791";"Exp60_246_IS27791";NA;"2023-10-05 05:17:00";75133,5
"883041";"27:4:2";"Exp60_246_IS27791";"Exp60_246_IS27791";NA;"2023-10-05 05:31:00";75133,6
"883042";"27:4:2";"Exp60_246_IS27791";"Exp60_246_IS27791";NA;"2023-10-05 05:47:00";75134,9
"883043";"27:4:2";"Exp60_246_IS27791";"Exp60_246_IS27791";NA;"2023-10-05 06:01:00";75134,1
"883044";"27:4:2";"Exp60_246_IS27791";"Exp60_246_IS27791";NA;"2023-10-05 06:17:00";75135
"883045";"27:4:2";"Exp60_246_IS27791";"Exp60_246_IS27791";NA;"2023-10-05 06:31:00";75134,2
"883046";"27:4:2";"Exp60_246_IS27791";"Exp60_246_IS27791";NA;"2023-10-05 06:47:00";75131,8
"883047";"27:4:2";"Exp60_246_IS27791";"Exp60_246_IS27791";NA;"2023-10-05 07:01:00";75130,3
"883048";"27:4:2";"Exp60_246_IS27791";"Exp60_246_IS27791";NA;"2023-10-05 07:17:00";75125,9
"883049";"27:4:2";"Exp60_246_IS27791";"Exp60_246_IS27791";NA;"2023-10-05 07:31:00";75120,2
"883050";"27:4:2";"Exp60_246_IS27791";"Exp60_246_IS27791";NA;"2023-10-05 07:47:00";75116,9
"883051";"27:4:2";"Exp60_246_IS27791";"Exp60_246_IS27791";NA;"2023-10-05 08:01:00";75105,3
"883052";"27:4:2";"Exp60_246_IS27791";"Exp60_246_IS27791";NA;"2023-10-05 08:17:00";75088,9
"883053";"27:4:2";"Exp60_246_IS27791";"Exp60_246_IS27791";NA;"2023-10-05 08:31:00";75080,8
"883054";"27:4:2";"Exp60_246_IS27791";"Exp60_246_IS27791";NA;"2023-10-05 08:47:00";75068,1
"883055";"27:4:2";"Exp60_246_IS27791";"Exp60_246_IS27791";NA;"2023-10-05 09:01:00";75054,3
"883056";"27:4:2";"Exp60_246_IS27791";"Exp60_246_IS27791";NA;"2023-10-05 09:17:00";75044,8
"883057";"27:4:2";"Exp60_246_IS27791";"Exp60_246_IS27791";NA;"2023-10-05 09:31:00";75029,4
"883058";"27:4:2";"Exp60_246_IS27791";"Exp60_246_IS27791";NA;"2023-10-05 09:47:00";75011,2
"883059";"27:4:2";"Exp60_246_IS27791";"Exp60_246_IS27791";NA;"2023-10-05 10:01:00";74996,5
"883060";"27:4:2";"Exp60_246_IS27791";"Exp60_246_IS27791";NA;"2023-10-05 10:17:00";74983,9
"883061";"27:4:2";"Exp60_246_IS27791";"Exp60_246_IS27791";NA;"2023-10-05 10:31:00";74961,9
"883062";"27:4:2";"Exp60_246_IS27791";"Exp60_246_IS27791";NA;"2023-10-05 10:47:00";74938,3
"883063";"27:4:2";"Exp60_246_IS27791";"Exp60_246_IS27791";NA;"2023-10-05 11:01:00";74912,6
"883064";"27:4:2";"Exp60_246_IS27791";"Exp60_246_IS27791";NA;"2023-10-05 11:17:00";74897,1
"883065";"27:4:2";"Exp60_246_IS27791";"Exp60_246_IS27791";NA;"2023-10-05 11:31:00";74875,4
"883066";"27:4:2";"Exp60_246_IS27791";"Exp60_246_IS27791";NA;"2023-10-05 11:47:00";74850,7
"883067";"27:4:2";"Exp60_246_IS27791";"Exp60_246_IS27791";NA;"2023-10-05 12:01:00";74829,7
"883068";"27:4:2";"Exp60_246_IS27791";"Exp60_246_IS27791";NA;"2023-10-05 18:01:00";74454,7
"883069";"27:4:2";"Exp60_246_IS27791";"Exp60_246_IS27791";NA;"2023-10-05 18:17:00";74454
"883070";"27:4:2";"Exp60_246_IS27791";"Exp60_246_IS27791";NA;"2023-10-05 18:31:00";74454,4
"883071";"27:4:2";"Exp60_246_IS27791";"Exp60_246_IS27791";NA;"2023-10-06 00:31:00";74436,3
"883072";"27:4:2";"Exp60_246_IS27791";"Exp60_246_IS27791";NA;"2023-10-06 00:47:00";74435,9
"883073";"27:4:2";"Exp60_246_IS27791";"Exp60_246_IS27791";NA;"2023-10-06 01:01:00";74435,2
"883074";"27:4:2";"Exp60_246_IS27791";"Exp60_246_IS27791";NA;"2023-10-06 01:17:00";74434,6
"883075";"27:4:2";"Exp60_246_IS27791";"Exp60_246_IS27791";NA;"2023-10-06 01:31:00";74433,7
"883076";"27:4:2";"Exp60_246_IS27791";"Exp60_246_IS27791";NA;"2023-10-06 01:47:00";74432,9
"883077";"27:4:2";"Exp60_246_IS27791";"Exp60_246_IS27791";NA;"2023-10-06 02:01:00";74432,6
"883078";"27:4:2";"Exp60_246_IS27791";"Exp60_246_IS27791";NA;"2023-10-06 02:17:00";74430,4
"883079";"27:4:2";"Exp60_246_IS27791";"Exp60_246_IS27791";NA;"2023-10-06 02:31:00";74430,9
"883080";"27:4:2";"Exp60_246_IS27791";"Exp60_246_IS27791";NA;"2023-10-06 02:47:00";74429,8
"883081";"27:4:2";"Exp60_246_IS27791";"Exp60_246_IS27791";NA;"2023-10-06 03:16:00";74428,3
"883082";"27:4:2";"Exp60_246_IS27791";"Exp60_246_IS27791";NA;"2023-10-06 03:32:00";74426,8
"883083";"27:4:2";"Exp60_246_IS27791";"Exp60_246_IS27791";NA;"2023-10-06 03:46:00";74426,2
"883084";"27:4:2";"Exp60_246_IS27791";"Exp60_246_IS27791";NA;"2023-10-06 10:46:00";74226,5
"883085";"27:4:2";"Exp60_246_IS27791";"Exp60_246_IS27791";NA;"2023-10-06 11:02:00";74200
"883086";"27:4:2";"Exp60_246_IS27791";"Exp60_246_IS27791";NA;"2023-10-06 11:16:00";74178,5
"883087";"27:4:2";"Exp60_246_IS27791";"Exp60_246_IS27791";NA;"2023-10-06 11:47:00";74137,8
"883088";"27:4:2";"Exp60_246_IS27791";"Exp60_246_IS27791";NA;"2023-10-06 12:01:00";74114,9
"883089";"27:4:2";"Exp60_246_IS27791";"Exp60_246_IS27791";NA;"2023-10-06 20:01:00";75326,6
"883090";"27:4:2";"Exp60_246_IS27791";"Exp60_246_IS27791";NA;"2023-10-06 20:17:00";75324,4
"883091";"27:4:2";"Exp60_246_IS27791";"Exp60_246_IS27791";NA;"2023-10-06 20:31:00";75322,1
"883092";"27:4:2";"Exp60_246_IS27791";"Exp60_246_IS27791";NA;"2023-10-07 03:01:00";75291,8
"883093";"27:4:2";"Exp60_246_IS27791";"Exp60_246_IS27791";NA;"2023-10-07 03:17:00";75291
"883094";"27:4:2";"Exp60_246_IS27791";"Exp60_246_IS27791";NA;"2023-10-07 03:31:00";75290,7
"883095";"27:4:2";"Exp60_246_IS27791";"Exp60_246_IS27791";NA;"2023-10-07 03:47:00";75289,9
"883096";"27:4:2";"Exp60_246_IS27791";"Exp60_246_IS27791";NA;"2023-10-07 04:01:00";75289,3
"883097";"27:4:2";"Exp60_246_IS27791";"Exp60_246_IS27791";NA;"2023-10-07 11:01:00";75012,4
"883098";"27:4:2";"Exp60_246_IS27791";"Exp60_246_IS27791";NA;"2023-10-07 11:17:00";74990,1
"883099";"27:4:2";"Exp60_246_IS27791";"Exp60_246_IS27791";NA;"2023-10-07 11:31:00";74964,7
"883100";"27:4:2";"Exp60_246_IS27791";"Exp60_246_IS27791";NA;"2023-10-07 11:47:00";74929,3
"883101";"27:4:2";"Exp60_246_IS27791";"Exp60_246_IS27791";NA;"2023-10-07 12:01:00";74902,1
"883102";"27:4:2";"Exp60_246_IS27791";"Exp60_246_IS27791";NA;"2023-10-07 12:47:00";74821,6
"883103";"27:4:2";"Exp60_246_IS27791";"Exp60_246_IS27791";NA;"2023-10-07 13:01:00";74796
"883104";"27:4:2";"Exp60_246_IS27791";"Exp60_246_IS27791";NA;"2023-10-07 13:17:00";74771,5
"883105";"27:4:2";"Exp60_246_IS27791";"Exp60_246_IS27791";NA;"2023-10-07 13:31:00";74739
"883106";"27:4:2";"Exp60_246_IS27791";"Exp60_246_IS27791";NA;"2023-10-07 13:47:00";74709,3
"883107";"27:4:2";"Exp60_246_IS27791";"Exp60_246_IS27791";NA;"2023-10-07 14:01:00";74688,2
"883108";"27:4:2";"Exp60_246_IS27791";"Exp60_246_IS27791";NA;"2023-10-07 14:17:00";74659,9
"883109";"27:4:2";"Exp60_246_IS27791";"Exp60_246_IS27791";NA;"2023-10-07 14:31:00";74645,4
"883110";"27:4:2";"Exp60_246_IS27791";"Exp60_246_IS27791";NA;"2023-10-07 20:46:00";74481,3
"883111";"27:4:2";"Exp60_246_IS27791";"Exp60_246_IS27791";NA;"2023-10-07 21:02:00";74480,5
"883112";"27:4:2";"Exp60_246_IS27791";"Exp60_246_IS27791";NA;"2023-10-07 21:16:00";74479,2
"883113";"27:4:2";"Exp60_246_IS27791";"Exp60_246_IS27791";NA;"2023-10-07 21:32:00";74477,8
"883114";"27:4:2";"Exp60_246_IS27791";"Exp60_246_IS27791";NA;"2023-10-07 21:46:00";74476,8
"883115";"27:4:2";"Exp60_246_IS27791";"Exp60_246_IS27791";NA;"2023-10-07 22:02:00";74476,4
"883116";"27:4:2";"Exp60_246_IS27791";"Exp60_246_IS27791";NA;"2023-10-07 22:16:00";74474,7
"883117";"27:4:2";"Exp60_246_IS27791";"Exp60_246_IS27791";NA;"2023-10-07 22:32:00";74472,7
"883118";"27:4:2";"Exp60_246_IS27791";"Exp60_246_IS27791";NA;"2023-10-07 22:46:00";74471,6
"883119";"27:4:2";"Exp60_246_IS27791";"Exp60_246_IS27791";NA;"2023-10-07 23:02:00";74468,9
"883120";"27:4:2";"Exp60_246_IS27791";"Exp60_246_IS27791";NA;"2023-10-07 23:16:00";74468,6
"883121";"27:4:2";"Exp60_246_IS27791";"Exp60_246_IS27791";NA;"2023-10-07 23:32:00";74468,6
"883122";"27:4:2";"Exp60_246_IS27791";"Exp60_246_IS27791";NA;"2023-10-07 23:46:00";74467,1
"883123";"27:4:2";"Exp60_246_IS27791";"Exp60_246_IS27791";NA;"2023-10-08 00:02:00";74465,9
"883124";"27:4:2";"Exp60_246_IS27791";"Exp60_246_IS27791";NA;"2023-10-08 00:16:00";74465
"883125";"27:4:2";"Exp60_246_IS27791";"Exp60_246_IS27791";NA;"2023-10-08 00:32:00";74464
"883126";"27:4:2";"Exp60_246_IS27791";"Exp60_246_IS27791";NA;"2023-10-08 00:46:00";74462,5
"883127";"27:4:2";"Exp60_246_IS27791";"Exp60_246_IS27791";NA;"2023-10-08 01:02:00";74460,2
"883128";"27:4:2";"Exp60_246_IS27791";"Exp60_246_IS27791";NA;"2023-10-08 01:16:00";74461,5
"883129";"27:4:2";"Exp60_246_IS27791";"Exp60_246_IS27791";NA;"2023-10-08 01:32:00";74460
"883130";"27:4:2";"Exp60_246_IS27791";"Exp60_246_IS27791";NA;"2023-10-08 01:46:00";74459,5
"883131";"27:4:2";"Exp60_246_IS27791";"Exp60_246_IS27791";NA;"2023-10-08 02:02:00";74459,2
"883132";"27:4:2";"Exp60_246_IS27791";"Exp60_246_IS27791";NA;"2023-10-08 02:16:00";74458
"883133";"27:4:2";"Exp60_246_IS27791";"Exp60_246_IS27791";NA;"2023-10-08 02:32:00";74457,2
"883134";"27:4:2";"Exp60_246_IS27791";"Exp60_246_IS27791";NA;"2023-10-08 02:46:00";74455,2
"883135";"27:4:2";"Exp60_246_IS27791";"Exp60_246_IS27791";NA;"2023-10-08 03:02:00";74455,7
"883136";"27:4:2";"Exp60_246_IS27791";"Exp60_246_IS27791";NA;"2023-10-08 03:16:00";74455,4
"883137";"27:4:2";"Exp60_246_IS27791";"Exp60_246_IS27791";NA;"2023-10-08 03:32:00";74454,5
"883138";"27:4:2";"Exp60_246_IS27791";"Exp60_246_IS27791";NA;"2023-10-08 03:46:00";74454,4
"883139";"27:4:2";"Exp60_246_IS27791";"Exp60_246_IS27791";NA;"2023-10-08 04:02:00";74453,1
"883140";"27:4:2";"Exp60_246_IS27791";"Exp60_246_IS27791";NA;"2023-10-08 04:16:00";74452,1
"883141";"27:4:2";"Exp60_246_IS27791";"Exp60_246_IS27791";NA;"2023-10-08 04:32:00";74450,5
"883142";"27:4:2";"Exp60_246_IS27791";"Exp60_246_IS27791";NA;"2023-10-08 04:46:00";74449,7
"883143";"27:4:2";"Exp60_246_IS27791";"Exp60_246_IS27791";NA;"2023-10-08 05:02:00";74450
"883144";"27:4:2";"Exp60_246_IS27791";"Exp60_246_IS27791";NA;"2023-10-08 05:16:00";74449,1
"883145";"27:4:2";"Exp60_246_IS27791";"Exp60_246_IS27791";NA;"2023-10-08 05:32:00";74447,1
"883146";"27:4:2";"Exp60_246_IS27791";"Exp60_246_IS27791";NA;"2023-10-08 05:46:00";74447,1
"883147";"27:4:2";"Exp60_246_IS27791";"Exp60_246_IS27791";NA;"2023-10-08 06:02:00";74446,1
"883148";"27:4:2";"Exp60_246_IS27791";"Exp60_246_IS27791";NA;"2023-10-08 06:16:00";74444,9
"883149";"27:4:2";"Exp60_246_IS27791";"Exp60_246_IS27791";NA;"2023-10-08 06:32:00";74443,2
"883150";"27:4:2";"Exp60_246_IS27791";"Exp60_246_IS27791";NA;"2023-10-08 06:46:00";74441,9
"883151";"27:4:2";"Exp60_246_IS27791";"Exp60_246_IS27791";NA;"2023-10-08 07:02:00";74439,6
"883152";"27:4:2";"Exp60_246_IS27791";"Exp60_246_IS27791";NA;"2023-10-08 07:16:00";74436,2
"883153";"27:4:2";"Exp60_246_IS27791";"Exp60_246_IS27791";NA;"2023-10-08 07:32:00";74431,9
"883154";"27:4:2";"Exp60_246_IS27791";"Exp60_246_IS27791";NA;"2023-10-08 07:46:00";74425,8
"883155";"27:4:2";"Exp60_246_IS27791";"Exp60_246_IS27791";NA;"2023-10-08 08:02:00";74418,2
"883156";"27:4:2";"Exp60_246_IS27791";"Exp60_246_IS27791";NA;"2023-10-08 08:16:00";74408,7
"883157";"27:4:2";"Exp60_246_IS27791";"Exp60_246_IS27791";NA;"2023-10-08 08:32:00";74398,2
"883158";"27:4:2";"Exp60_246_IS27791";"Exp60_246_IS27791";NA;"2023-10-08 08:46:00";74385,1
"883159";"27:4:2";"Exp60_246_IS27791";"Exp60_246_IS27791";NA;"2023-10-08 09:02:00";74369,5
"883160";"27:4:2";"Exp60_246_IS27791";"Exp60_246_IS27791";NA;"2023-10-08 09:16:00";74356
"883161";"27:4:2";"Exp60_246_IS27791";"Exp60_246_IS27791";NA;"2023-10-08 09:32:00";74335,9
"883162";"27:4:2";"Exp60_246_IS27791";"Exp60_246_IS27791";NA;"2023-10-08 09:46:00";74316,8
"883163";"27:4:2";"Exp60_246_IS27791";"Exp60_246_IS27791";NA;"2023-10-08 10:32:00";74254
"883164";"27:4:2";"Exp60_246_IS27791";"Exp60_246_IS27791";NA;"2023-10-08 10:46:00";74224,6
"883165";"27:4:2";"Exp60_246_IS27791";"Exp60_246_IS27791";NA;"2023-10-08 11:17:00";74164,8
"883166";"27:4:2";"Exp60_246_IS27791";"Exp60_246_IS27791";NA;"2023-10-08 11:31:00";74144,2
"883167";"27:4:2";"Exp60_246_IS27791";"Exp60_246_IS27791";NA;"2023-10-08 12:02:00";74081,2
"883168";"27:4:2";"Exp60_246_IS27791";"Exp60_246_IS27791";NA;"2023-10-08 12:16:00";74051,6
"883169";"27:4:2";"Exp60_246_IS27791";"Exp60_246_IS27791";NA;"2023-10-08 12:32:00";74031,4
"883170";"27:4:2";"Exp60_246_IS27791";"Exp60_246_IS27791";NA;"2023-10-08 12:46:00";73997,6
"883171";"27:4:2";"Exp60_246_IS27791";"Exp60_246_IS27791";NA;"2023-10-08 13:02:00";73967,1
"883172";"27:4:2";"Exp60_246_IS27791";"Exp60_246_IS27791";NA;"2023-10-08 13:16:00";73943,8
"883173";"27:4:2";"Exp60_246_IS27791";"Exp60_246_IS27791";NA;"2023-10-08 13:47:00";73887,6
"883174";"27:4:2";"Exp60_246_IS27791";"Exp60_246_IS27791";NA;"2023-10-08 14:01:00";73864,2
"883175";"27:4:2";"Exp60_246_IS27791";"Exp60_246_IS27791";NA;"2023-10-08 14:17:00";73841,2
"883176";"27:4:2";"Exp60_246_IS27791";"Exp60_246_IS27791";NA;"2023-10-08 14:31:00";73819,9
"883177";"27:4:2";"Exp60_246_IS27791";"Exp60_246_IS27791";NA;"2023-10-08 14:47:00";73800,1
"883178";"27:4:2";"Exp60_246_IS27791";"Exp60_246_IS27791";NA;"2023-10-08 15:01:00";73778,1
"883179";"27:4:2";"Exp60_246_IS27791";"Exp60_246_IS27791";NA;"2023-10-08 22:46:00";73630,7
"883180";"27:4:2";"Exp60_246_IS27791";"Exp60_246_IS27791";NA;"2023-10-08 23:02:00";73630,2
"883181";"27:4:2";"Exp60_246_IS27791";"Exp60_246_IS27791";NA;"2023-10-08 23:16:00";73628,3
"883182";"27:4:2";"Exp60_246_IS27791";"Exp60_246_IS27791";NA;"2023-10-08 23:32:00";73628
"883183";"27:4:2";"Exp60_246_IS27791";"Exp60_246_IS27791";NA;"2023-10-08 23:46:00";73626,8
"883184";"27:4:2";"Exp60_246_IS27791";"Exp60_246_IS27791";NA;"2023-10-09 00:02:00";73624,2
"883185";"27:4:2";"Exp60_246_IS27791";"Exp60_246_IS27791";NA;"2023-10-09 00:16:00";73622,9
"883186";"27:4:2";"Exp60_246_IS27791";"Exp60_246_IS27791";NA;"2023-10-09 00:32:00";73622,3
"883187";"27:4:2";"Exp60_246_IS27791";"Exp60_246_IS27791";NA;"2023-10-09 00:46:00";73621,8
"883188";"27:4:2";"Exp60_246_IS27791";"Exp60_246_IS27791";NA;"2023-10-09 01:02:00";73622,1
"883189";"27:4:2";"Exp60_246_IS27791";"Exp60_246_IS27791";NA;"2023-10-09 01:16:00";73622
"883190";"27:4:2";"Exp60_246_IS27791";"Exp60_246_IS27791";NA;"2023-10-09 01:32:00";73620,2
"883191";"27:4:2";"Exp60_246_IS27791";"Exp60_246_IS27791";NA;"2023-10-09 01:46:00";73619,1
"883192";"27:4:2";"Exp60_246_IS27791";"Exp60_246_IS27791";NA;"2023-10-09 02:02:00";73618
"883193";"27:4:2";"Exp60_246_IS27791";"Exp60_246_IS27791";NA;"2023-10-09 02:16:00";73616
"883194";"27:4:2";"Exp60_246_IS27791";"Exp60_246_IS27791";NA;"2023-10-09 02:32:00";73615,4
"883195";"27:4:2";"Exp60_246_IS27791";"Exp60_246_IS27791";NA;"2023-10-09 02:46:00";73615,9
"883196";"27:4:2";"Exp60_246_IS27791";"Exp60_246_IS27791";NA;"2023-10-09 03:02:00";73613,8
"883197";"27:4:2";"Exp60_246_IS27791";"Exp60_246_IS27791";NA;"2023-10-09 03:16:00";73612,9
"883198";"27:4:2";"Exp60_246_IS27791";"Exp60_246_IS27791";NA;"2023-10-09 03:32:00";73613
"883199";"27:4:2";"Exp60_246_IS27791";"Exp60_246_IS27791";NA;"2023-10-09 03:46:00";73612,7
"883200";"27:4:2";"Exp60_246_IS27791";"Exp60_246_IS27791";NA;"2023-10-09 04:17:00";73610,9
"883201";"27:4:2";"Exp60_246_IS27791";"Exp60_246_IS27791";NA;"2023-10-09 04:31:00";73610,3
"883202";"27:4:2";"Exp60_246_IS27791";"Exp60_246_IS27791";NA;"2023-10-09 04:47:00";73610,2
"883203";"27:4:2";"Exp60_246_IS27791";"Exp60_246_IS27791";NA;"2023-10-09 05:01:00";73610
"883204";"27:4:2";"Exp60_246_IS27791";"Exp60_246_IS27791";NA;"2023-10-09 05:17:00";73609
"883205";"27:4:2";"Exp60_246_IS27791";"Exp60_246_IS27791";NA;"2023-10-09 05:31:00";73608,1
"883206";"27:4:2";"Exp60_246_IS27791";"Exp60_246_IS27791";NA;"2023-10-09 05:47:00";73606,7
"883207";"27:4:2";"Exp60_246_IS27791";"Exp60_246_IS27791";NA;"2023-10-09 06:01:00";73606,7
"883208";"27:4:2";"Exp60_246_IS27791";"Exp60_246_IS27791";NA;"2023-10-09 06:17:00";73605,5
"883209";"27:4:2";"Exp60_246_IS27791";"Exp60_246_IS27791";NA;"2023-10-09 06:31:00";73605,3
"883210";"27:4:2";"Exp60_246_IS27791";"Exp60_246_IS27791";NA;"2023-10-09 06:47:00";73603,7
"883211";"27:4:2";"Exp60_246_IS27791";"Exp60_246_IS27791";NA;"2023-10-09 07:01:00";73601,2
"883212";"27:4:2";"Exp60_246_IS27791";"Exp60_246_IS27791";NA;"2023-10-09 07:17:00";73597,5
"883213";"27:4:2";"Exp60_246_IS27791";"Exp60_246_IS27791";NA;"2023-10-09 07:31:00";73593,4
"883214";"27:4:2";"Exp60_246_IS27791";"Exp60_246_IS27791";NA;"2023-10-09 07:47:00";73586,9
"883215";"27:4:2";"Exp60_246_IS27791";"Exp60_246_IS27791";NA;"2023-10-09 08:01:00";73579,3
"883216";"27:4:2";"Exp60_246_IS27791";"Exp60_246_IS27791";NA;"2023-10-09 08:17:00";73569,7
"883217";"27:4:2";"Exp60_246_IS27791";"Exp60_246_IS27791";NA;"2023-10-09 08:31:00";73559,1
"883218";"27:4:2";"Exp60_246_IS27791";"Exp60_246_IS27791";NA;"2023-10-09 08:47:00";73546,1
"883219";"27:4:2";"Exp60_246_IS27791";"Exp60_246_IS27791";NA;"2023-10-09 09:01:00";73540,6
"883220";"27:4:2";"Exp60_246_IS27791";"Exp60_246_IS27791";NA;"2023-10-09 09:17:00";73521,3
"883221";"27:4:2";"Exp60_246_IS27791";"Exp60_246_IS27791";NA;"2023-10-09 09:31:00";73505,6
"883222";"27:4:2";"Exp60_246_IS27791";"Exp60_246_IS27791";NA;"2023-10-09 10:32:00";73421,7
"883223";"27:4:2";"Exp60_246_IS27791";"Exp60_246_IS27791";NA;"2023-10-09 10:46:00";73394,3
"883224";"27:4:2";"Exp60_246_IS27791";"Exp60_246_IS27791";NA;"2023-10-09 11:02:00";73363,8
"883225";"27:4:2";"Exp60_246_IS27791";"Exp60_246_IS27791";NA;"2023-10-09 11:16:00";73334,9
"883226";"27:4:2";"Exp60_246_IS27791";"Exp60_246_IS27791";NA;"2023-10-09 11:47:00";73281,1
"883227";"27:4:2";"Exp60_246_IS27791";"Exp60_246_IS27791";NA;"2023-10-09 12:01:00";73256,8
"883228";"27:4:2";"Exp60_246_IS27791";"Exp60_246_IS27791";NA;"2023-10-09 12:17:00";73230,2
"883229";"27:4:2";"Exp60_246_IS27791";"Exp60_246_IS27791";NA;"2023-10-09 12:31:00";73199,8
"883230";"27:4:2";"Exp60_246_IS27791";"Exp60_246_IS27791";NA;"2023-10-09 12:47:00";73176,2
"883231";"27:4:2";"Exp60_246_IS27791";"Exp60_246_IS27791";NA;"2023-10-09 13:01:00";73155,2
"883232";"27:4:2";"Exp60_246_IS27791";"Exp60_246_IS27791";NA;"2023-10-09 13:32:00";73096,1
"883233";"27:4:2";"Exp60_246_IS27791";"Exp60_246_IS27791";NA;"2023-10-09 13:46:00";73077,3
"883234";"27:4:2";"Exp60_246_IS27791";"Exp60_246_IS27791";NA;"2023-10-09 14:02:00";73058,8
"883235";"27:4:2";"Exp60_246_IS27791";"Exp60_246_IS27791";NA;"2023-10-09 14:16:00";73048
"883236";"27:4:2";"Exp60_246_IS27791";"Exp60_246_IS27791";NA;"2023-10-09 20:16:00";72872,4
"883237";"27:4:2";"Exp60_246_IS27791";"Exp60_246_IS27791";NA;"2023-10-09 20:32:00";72872,2
"883238";"27:4:2";"Exp60_246_IS27791";"Exp60_246_IS27791";NA;"2023-10-09 20:46:00";72870,7
"883239";"27:4:2";"Exp60_246_IS27791";"Exp60_246_IS27791";NA;"2023-10-09 21:02:00";72870,5
"883240";"27:4:2";"Exp60_246_IS27791";"Exp60_246_IS27791";NA;"2023-10-09 21:16:00";72870,2
"883241";"27:4:2";"Exp60_246_IS27791";"Exp60_246_IS27791";NA;"2023-10-09 21:32:00";72869,2
"883242";"27:4:2";"Exp60_246_IS27791";"Exp60_246_IS27791";NA;"2023-10-09 21:46:00";72869,5
"883243";"27:4:2";"Exp60_246_IS27791";"Exp60_246_IS27791";NA;"2023-10-09 22:32:00";72866
"883244";"27:4:2";"Exp60_246_IS27791";"Exp60_246_IS27791";NA;"2023-10-09 22:46:00";72863,8
"883245";"27:4:2";"Exp60_246_IS27791";"Exp60_246_IS27791";NA;"2023-10-09 23:17:00";72863,1
"883246";"27:4:2";"Exp60_246_IS27791";"Exp60_246_IS27791";NA;"2023-10-09 23:31:00";72863,2
"883247";"27:4:2";"Exp60_246_IS27791";"Exp60_246_IS27791";NA;"2023-10-09 23:47:00";72861,1
"883248";"27:4:2";"Exp60_246_IS27791";"Exp60_246_IS27791";NA;"2023-10-10 00:16:00";72860,9
"883249";"27:4:2";"Exp60_246_IS27791";"Exp60_246_IS27791";NA;"2023-10-10 00:47:00";72859,2
"883250";"27:4:2";"Exp60_246_IS27791";"Exp60_246_IS27791";NA;"2023-10-10 01:01:00";72859,9
"883251";"27:4:2";"Exp60_246_IS27791";"Exp60_246_IS27791";NA;"2023-10-10 01:17:00";72856,8
"883252";"27:4:2";"Exp60_246_IS27791";"Exp60_246_IS27791";NA;"2023-10-10 01:31:00";72855,4
"883253";"27:4:2";"Exp60_246_IS27791";"Exp60_246_IS27791";NA;"2023-10-10 01:47:00";72856,1
"883254";"27:4:2";"Exp60_246_IS27791";"Exp60_246_IS27791";NA;"2023-10-10 02:01:00";72854,5
"883255";"27:4:2";"Exp60_246_IS27791";"Exp60_246_IS27791";NA;"2023-10-10 02:17:00";72853,6
"883256";"27:4:2";"Exp60_246_IS27791";"Exp60_246_IS27791";NA;"2023-10-10 02:31:00";72853,5
"883257";"27:4:2";"Exp60_246_IS27791";"Exp60_246_IS27791";NA;"2023-10-10 02:47:00";72852
"883258";"27:4:2";"Exp60_246_IS27791";"Exp60_246_IS27791";NA;"2023-10-10 03:01:00";72849,9
"883259";"27:4:2";"Exp60_246_IS27791";"Exp60_246_IS27791";NA;"2023-10-10 03:17:00";72849,7
"883260";"27:4:2";"Exp60_246_IS27791";"Exp60_246_IS27791";NA;"2023-10-10 03:31:00";72849
"883261";"27:4:2";"Exp60_246_IS27791";"Exp60_246_IS27791";NA;"2023-10-10 03:47:00";72848,8
"883262";"27:4:2";"Exp60_246_IS27791";"Exp60_246_IS27791";NA;"2023-10-10 04:01:00";72848,1
"883263";"27:4:2";"Exp60_246_IS27791";"Exp60_246_IS27791";NA;"2023-10-10 04:17:00";72846,5
"883264";"27:4:2";"Exp60_246_IS27791";"Exp60_246_IS27791";NA;"2023-10-10 04:31:00";72847
"883265";"27:4:2";"Exp60_246_IS27791";"Exp60_246_IS27791";NA;"2023-10-10 04:47:00";72845,3
"883266";"27:4:2";"Exp60_246_IS27791";"Exp60_246_IS27791";NA;"2023-10-10 05:01:00";72843,9
"883267";"27:4:2";"Exp60_246_IS27791";"Exp60_246_IS27791";NA;"2023-10-10 05:17:00";72844,4
"883268";"27:4:2";"Exp60_246_IS27791";"Exp60_246_IS27791";NA;"2023-10-10 05:31:00";72842,4
"883269";"27:4:2";"Exp60_246_IS27791";"Exp60_246_IS27791";NA;"2023-10-10 05:47:00";72842,7
"883270";"27:4:2";"Exp60_246_IS27791";"Exp60_246_IS27791";NA;"2023-10-10 06:01:00";72843,5
"883271";"27:4:2";"Exp60_246_IS27791";"Exp60_246_IS27791";NA;"2023-10-10 06:17:00";72842
"883272";"27:4:2";"Exp60_246_IS27791";"Exp60_246_IS27791";NA;"2023-10-10 06:46:00";72841,2
"883273";"27:4:2";"Exp60_246_IS27791";"Exp60_246_IS27791";NA;"2023-10-10 07:17:00";72837
"883274";"27:4:2";"Exp60_246_IS27791";"Exp60_246_IS27791";NA;"2023-10-10 07:31:00";72834,7
"883275";"27:4:2";"Exp60_246_IS27791";"Exp60_246_IS27791";NA;"2023-10-10 08:02:00";72822,2
"883276";"27:4:2";"Exp60_246_IS27791";"Exp60_246_IS27791";NA;"2023-10-10 08:16:00";72817,4
"883277";"27:4:2";"Exp60_246_IS27791";"Exp60_246_IS27791";NA;"2023-10-10 08:32:00";72804,9
"883278";"27:4:2";"Exp60_246_IS27791";"Exp60_246_IS27791";NA;"2023-10-10 08:46:00";72794,2
"883279";"27:4:2";"Exp60_246_IS27791";"Exp60_246_IS27791";NA;"2023-10-10 09:02:00";72780,3
"883280";"27:4:2";"Exp60_246_IS27791";"Exp60_246_IS27791";NA;"2023-10-10 09:16:00";72767,9
"883281";"27:4:2";"Exp60_246_IS27791";"Exp60_246_IS27791";NA;"2023-10-10 09:32:00";72752,1
"883282";"27:4:2";"Exp60_246_IS27791";"Exp60_246_IS27791";NA;"2023-10-10 09:46:00";72731,9
"883283";"27:4:2";"Exp60_246_IS27791";"Exp60_246_IS27791";NA;"2023-10-10 10:02:00";72705,4
"883284";"27:4:2";"Exp60_246_IS27791";"Exp60_246_IS27791";NA;"2023-10-10 10:16:00";72694,6
"883285";"27:4:2";"Exp60_246_IS27791";"Exp60_246_IS27791";NA;"2023-10-10 10:32:00";72663,1
"883286";"27:4:2";"Exp60_246_IS27791";"Exp60_246_IS27791";NA;"2023-10-10 10:46:00";72629,5
"883287";"27:4:2";"Exp60_246_IS27791";"Exp60_246_IS27791";NA;"2023-10-10 11:02:00";72607,6
"883288";"27:4:2";"Exp60_246_IS27791";"Exp60_246_IS27791";NA;"2023-10-10 11:16:00";72579,6
"883289";"27:4:2";"Exp60_246_IS27791";"Exp60_246_IS27791";NA;"2023-10-10 15:46:00";72248,4
"883290";"27:4:2";"Exp60_246_IS27791";"Exp60_246_IS27791";NA;"2023-10-10 18:01:00";74251,1
"883291";"27:4:2";"Exp60_246_IS27791";"Exp60_246_IS27791";NA;"2023-10-10 18:17:00";74247
"883292";"27:4:2";"Exp60_246_IS27791";"Exp60_246_IS27791";NA;"2023-10-10 18:31:00";74244,8
"883293";"27:4:2";"Exp60_246_IS27791";"Exp60_246_IS27791";NA;"2023-10-10 18:47:00";74240,2
"883294";"27:4:2";"Exp60_246_IS27791";"Exp60_246_IS27791";NA;"2023-10-10 19:01:00";74236,8
"883295";"27:4:2";"Exp60_246_IS27791";"Exp60_246_IS27791";NA;"2023-10-10 19:17:00";74234,8
"883296";"27:4:2";"Exp60_246_IS27791";"Exp60_246_IS27791";NA;"2023-10-10 19:31:00";74231,3
"883297";"27:4:2";"Exp60_246_IS27791";"Exp60_246_IS27791";NA;"2023-10-10 19:47:00";74229,4
"883298";"27:4:2";"Exp60_246_IS27791";"Exp60_246_IS27791";NA;"2023-10-10 20:01:00";74226,9
"883299";"27:4:2";"Exp60_246_IS27791";"Exp60_246_IS27791";NA;"2023-10-10 20:17:00";74223,4
"883300";"27:4:2";"Exp60_246_IS27791";"Exp60_246_IS27791";NA;"2023-10-10 20:31:00";74222
"883301";"27:4:2";"Exp60_246_IS27791";"Exp60_246_IS27791";NA;"2023-10-10 20:47:00";74220,3
"883302";"27:4:2";"Exp60_246_IS27791";"Exp60_246_IS27791";NA;"2023-10-10 21:01:00";74219
"883303";"27:4:2";"Exp60_246_IS27791";"Exp60_246_IS27791";NA;"2023-10-10 21:17:00";74215,1
"883304";"27:4:2";"Exp60_246_IS27791";"Exp60_246_IS27791";NA;"2023-10-10 21:31:00";74210,9
"883305";"27:4:2";"Exp60_246_IS27791";"Exp60_246_IS27791";NA;"2023-10-10 21:47:00";74209,7
"883306";"27:4:2";"Exp60_246_IS27791";"Exp60_246_IS27791";NA;"2023-10-10 22:01:00";74206,1
"883307";"27:4:2";"Exp60_246_IS27791";"Exp60_246_IS27791";NA;"2023-10-10 22:32:00";74201
"883308";"27:4:2";"Exp60_246_IS27791";"Exp60_246_IS27791";NA;"2023-10-10 22:46:00";74200,2
"883309";"27:4:2";"Exp60_246_IS27791";"Exp60_246_IS27791";NA;"2023-10-10 23:02:00";74198,5
"883310";"27:4:2";"Exp60_246_IS27791";"Exp60_246_IS27791";NA;"2023-10-10 23:16:00";74197
"883311";"27:4:2";"Exp60_246_IS27791";"Exp60_246_IS27791";NA;"2023-10-10 23:32:00";74195,9
"883312";"27:4:2";"Exp60_246_IS27791";"Exp60_246_IS27791";NA;"2023-10-10 23:46:00";74195,2
"883313";"27:4:2";"Exp60_246_IS27791";"Exp60_246_IS27791";NA;"2023-10-11 00:02:00";74194,6
"883314";"27:4:2";"Exp60_246_IS27791";"Exp60_246_IS27791";NA;"2023-10-11 00:16:00";74193,1
"883315";"27:4:2";"Exp60_246_IS27791";"Exp60_246_IS27791";NA;"2023-10-11 00:32:00";74192,4
"883316";"27:4:2";"Exp60_246_IS27791";"Exp60_246_IS27791";NA;"2023-10-11 00:46:00";74189
"883317";"27:4:2";"Exp60_246_IS27791";"Exp60_246_IS27791";NA;"2023-10-11 06:31:00";74167,3
"883318";"27:4:2";"Exp60_246_IS27791";"Exp60_246_IS27791";NA;"2023-10-11 07:17:00";74161
"883319";"27:4:2";"Exp60_246_IS27791";"Exp60_246_IS27791";NA;"2023-10-11 07:31:00";74158,2
"883320";"27:4:2";"Exp60_246_IS27791";"Exp60_246_IS27791";NA;"2023-10-11 07:47:00";74152,5
"883321";"27:4:2";"Exp60_246_IS27791";"Exp60_246_IS27791";NA;"2023-10-11 08:01:00";74145,9
"883322";"27:4:2";"Exp60_246_IS27791";"Exp60_246_IS27791";NA;"2023-10-11 08:17:00";74136,4
"883323";"27:4:2";"Exp60_246_IS27791";"Exp60_246_IS27791";NA;"2023-10-11 08:31:00";74123,9
"883324";"27:4:2";"Exp60_246_IS27791";"Exp60_246_IS27791";NA;"2023-10-11 08:47:00";74106,2
"883325";"27:4:2";"Exp60_246_IS27791";"Exp60_246_IS27791";NA;"2023-10-11 09:01:00";74092,4
"883326";"27:4:2";"Exp60_246_IS27791";"Exp60_246_IS27791";NA;"2023-10-11 16:16:00";73361
"883327";"27:4:2";"Exp60_246_IS27791";"Exp60_246_IS27791";NA;"2023-10-11 16:32:00";73346,4
"883328";"27:4:2";"Exp60_246_IS27791";"Exp60_246_IS27791";NA;"2023-10-11 16:46:00";73325
"883329";"27:4:2";"Exp60_246_IS27791";"Exp60_246_IS27791";NA;"2023-10-11 17:02:00";73319,6
"883330";"27:4:2";"Exp60_246_IS27791";"Exp60_246_IS27791";NA;"2023-10-11 17:16:00";73313,6
"883331";"27:4:2";"Exp60_246_IS27791";"Exp60_246_IS27791";NA;"2023-10-11 17:32:00";73306,9
"883332";"27:4:2";"Exp60_246_IS27791";"Exp60_246_IS27791";NA;"2023-10-11 17:46:00";73302,9
"883333";"27:4:2";"Exp60_246_IS27791";"Exp60_246_IS27791";NA;"2023-10-11 18:02:00";73296,5
"883334";"27:4:2";"Exp60_246_IS27791";"Exp60_246_IS27791";NA;"2023-10-11 18:16:00";73298,4
"883335";"27:4:2";"Exp60_246_IS27791";"Exp60_246_IS27791";NA;"2023-10-11 18:32:00";73295,8
"883336";"27:4:2";"Exp60_246_IS27791";"Exp60_246_IS27791";NA;"2023-10-11 18:46:00";73294,9
"883337";"27:4:2";"Exp60_246_IS27791";"Exp60_246_IS27791";NA;"2023-10-11 19:02:00";73289,8
"883338";"27:4:2";"Exp60_246_IS27791";"Exp60_246_IS27791";NA;"2023-10-11 19:16:00";73289,5
"883339";"27:4:2";"Exp60_246_IS27791";"Exp60_246_IS27791";NA;"2023-10-11 19:32:00";73287,4
"883340";"27:4:2";"Exp60_246_IS27791";"Exp60_246_IS27791";NA;"2023-10-11 19:46:00";73285,7
"883341";"27:4:2";"Exp60_246_IS27791";"Exp60_246_IS27791";NA;"2023-10-11 20:02:00";73284,6
"883342";"27:4:2";"Exp60_246_IS27791";"Exp60_246_IS27791";NA;"2023-10-11 20:46:00";73277,9
"883343";"27:4:2";"Exp60_246_IS27791";"Exp60_246_IS27791";NA;"2023-10-11 21:02:00";73276,3
"883344";"27:4:2";"Exp60_246_IS27791";"Exp60_246_IS27791";NA;"2023-10-11 21:16:00";73273,4
"883345";"27:4:2";"Exp60_246_IS27791";"Exp60_246_IS27791";NA;"2023-10-11 21:32:00";73273,7
"883346";"27:4:2";"Exp60_246_IS27791";"Exp60_246_IS27791";NA;"2023-10-11 21:46:00";73271,5
"883347";"27:4:2";"Exp60_246_IS27791";"Exp60_246_IS27791";NA;"2023-10-11 22:17:00";73268,8
"883348";"27:4:2";"Exp60_246_IS27791";"Exp60_246_IS27791";NA;"2023-10-11 22:31:00";73266,4
"883349";"27:4:2";"Exp60_246_IS27791";"Exp60_246_IS27791";NA;"2023-10-11 22:47:00";73265,8
"883350";"27:4:2";"Exp60_246_IS27791";"Exp60_246_IS27791";NA;"2023-10-11 23:01:00";73263
"883351";"27:4:2";"Exp60_246_IS27791";"Exp60_246_IS27791";NA;"2023-10-11 23:17:00";73262,1
"883352";"27:4:2";"Exp60_246_IS27791";"Exp60_246_IS27791";NA;"2023-10-11 23:31:00";73259,3
"883353";"27:4:2";"Exp60_246_IS27791";"Exp60_246_IS27791";NA;"2023-10-11 23:47:00";73260
"883354";"27:4:2";"Exp60_246_IS27791";"Exp60_246_IS27791";NA;"2023-10-12 00:01:00";73258,5
"883355";"27:4:2";"Exp60_246_IS27791";"Exp60_246_IS27791";NA;"2023-10-12 00:17:00";73256,9
"883356";"27:4:2";"Exp60_246_IS27791";"Exp60_246_IS27791";NA;"2023-10-12 00:31:00";73256,1
"883357";"27:4:2";"Exp60_246_IS27791";"Exp60_246_IS27791";NA;"2023-10-12 00:47:00";73255,5
"883358";"27:4:2";"Exp60_246_IS27791";"Exp60_246_IS27791";NA;"2023-10-12 01:01:00";73254,6
"883359";"27:4:2";"Exp60_246_IS27791";"Exp60_246_IS27791";NA;"2023-10-12 01:17:00";73253,3
"883360";"27:4:2";"Exp60_246_IS27791";"Exp60_246_IS27791";NA;"2023-10-12 01:31:00";73253
"883361";"27:4:2";"Exp60_246_IS27791";"Exp60_246_IS27791";NA;"2023-10-12 01:47:00";73250,1
"883362";"27:4:2";"Exp60_246_IS27791";"Exp60_246_IS27791";NA;"2023-10-12 02:01:00";73251,1
"883363";"27:4:2";"Exp60_246_IS27791";"Exp60_246_IS27791";NA;"2023-10-12 02:17:00";73250,3
"883364";"27:4:2";"Exp60_246_IS27791";"Exp60_246_IS27791";NA;"2023-10-12 02:31:00";73249,9
"883365";"27:4:2";"Exp60_246_IS27791";"Exp60_246_IS27791";NA;"2023-10-12 02:47:00";73250,6
"883366";"27:4:2";"Exp60_246_IS27791";"Exp60_246_IS27791";NA;"2023-10-12 03:01:00";73250
"883367";"27:4:2";"Exp60_246_IS27791";"Exp60_246_IS27791";NA;"2023-10-12 03:17:00";73249
"883368";"27:4:2";"Exp60_246_IS27791";"Exp60_246_IS27791";NA;"2023-10-12 03:31:00";73248,4
"883369";"27:4:2";"Exp60_246_IS27791";"Exp60_246_IS27791";NA;"2023-10-12 03:47:00";73247
"883370";"27:4:2";"Exp60_246_IS27791";"Exp60_246_IS27791";NA;"2023-10-12 04:01:00";73246,4
"883371";"27:4:2";"Exp60_246_IS27791";"Exp60_246_IS27791";NA;"2023-10-12 04:17:00";73245,5
"883372";"27:4:2";"Exp60_246_IS27791";"Exp60_246_IS27791";NA;"2023-10-12 04:31:00";73244,4
"883373";"27:4:2";"Exp60_246_IS27791";"Exp60_246_IS27791";NA;"2023-10-12 04:47:00";73242,8
"883374";"27:4:2";"Exp60_246_IS27791";"Exp60_246_IS27791";NA;"2023-10-12 05:01:00";73241,6
"883375";"27:4:2";"Exp60_246_IS27791";"Exp60_246_IS27791";NA;"2023-10-12 05:32:00";73238,4
"883376";"27:4:2";"Exp60_246_IS27791";"Exp60_246_IS27791";NA;"2023-10-12 05:46:00";73238,1
"883377";"27:4:2";"Exp60_246_IS27791";"Exp60_246_IS27791";NA;"2023-10-12 06:02:00";73238,2
"883378";"27:4:2";"Exp60_246_IS27791";"Exp60_246_IS27791";NA;"2023-10-12 06:16:00";73237,2
"883379";"27:4:2";"Exp60_246_IS27791";"Exp60_246_IS27791";NA;"2023-10-12 06:47:00";73234,1
"883380";"27:4:2";"Exp60_246_IS27791";"Exp60_246_IS27791";NA;"2023-10-12 07:01:00";73232,3
"883381";"27:4:2";"Exp60_246_IS27791";"Exp60_246_IS27791";NA;"2023-10-12 07:17:00";73230,2
"883382";"27:4:2";"Exp60_246_IS27791";"Exp60_246_IS27791";NA;"2023-10-12 07:31:00";73226,7
"883383";"27:4:2";"Exp60_246_IS27791";"Exp60_246_IS27791";NA;"2023-10-12 07:47:00";73221,4
"883384";"27:4:2";"Exp60_246_IS27791";"Exp60_246_IS27791";NA;"2023-10-12 08:01:00";73212,2
"883385";"27:4:2";"Exp60_246_IS27791";"Exp60_246_IS27791";NA;"2023-10-12 08:17:00";73200,5
"883386";"27:4:2";"Exp60_246_IS27791";"Exp60_246_IS27791";NA;"2023-10-12 08:31:00";73188,1
"883387";"27:4:2";"Exp60_246_IS27791";"Exp60_246_IS27791";NA;"2023-10-12 08:47:00";73183,4
"883388";"27:4:2";"Exp60_246_IS27791";"Exp60_246_IS27791";NA;"2023-10-12 09:01:00";73156,4
"883389";"27:4:2";"Exp60_246_IS27791";"Exp60_246_IS27791";NA;"2023-10-12 09:17:00";73132,1
"883390";"27:4:2";"Exp60_246_IS27791";"Exp60_246_IS27791";NA;"2023-10-12 09:31:00";73115,7
"883391";"27:4:2";"Exp60_246_IS27791";"Exp60_246_IS27791";NA;"2023-10-12 09:47:00";73091,6
"883392";"27:4:2";"Exp60_246_IS27791";"Exp60_246_IS27791";NA;"2023-10-12 10:01:00";73065,5
"883393";"27:4:2";"Exp60_246_IS27791";"Exp60_246_IS27791";NA;"2023-10-12 15:01:00";72510,6
"883394";"27:4:2";"Exp60_246_IS27791";"Exp60_246_IS27791";NA;"2023-10-12 15:17:00";72493,9
"883395";"27:4:2";"Exp60_246_IS27791";"Exp60_246_IS27791";NA;"2023-10-12 15:31:00";72473,7
"883396";"27:4:2";"Exp60_246_IS27791";"Exp60_246_IS27791";NA;"2023-10-12 15:47:00";72463,6
"883397";"27:4:2";"Exp60_246_IS27791";"Exp60_246_IS27791";NA;"2023-10-12 16:01:00";72442,7
"883398";"27:4:2";"Exp60_246_IS27791";"Exp60_246_IS27791";NA;"2023-10-12 16:17:00";72428,4
"883399";"27:4:2";"Exp60_246_IS27791";"Exp60_246_IS27791";NA;"2023-10-12 16:31:00";72420,3
"883400";"27:4:2";"Exp60_246_IS27791";"Exp60_246_IS27791";NA;"2023-10-12 16:47:00";72407
"883401";"27:4:2";"Exp60_246_IS27791";"Exp60_246_IS27791";NA;"2023-10-12 17:01:00";72400,6
"883402";"27:4:2";"Exp60_246_IS27791";"Exp60_246_IS27791";NA;"2023-10-12 17:17:00";72394,3
"883403";"27:4:2";"Exp60_246_IS27791";"Exp60_246_IS27791";NA;"2023-10-12 17:31:00";72391,5
"883404";"27:4:2";"Exp60_246_IS27791";"Exp60_246_IS27791";NA;"2023-10-12 17:47:00";72388,6
"883405";"27:4:2";"Exp60_246_IS27791";"Exp60_246_IS27791";NA;"2023-10-12 18:01:00";72384,4
"883406";"27:4:2";"Exp60_246_IS27791";"Exp60_246_IS27791";NA;"2023-10-12 18:17:00";72382,9
"883407";"27:4:2";"Exp60_246_IS27791";"Exp60_246_IS27791";NA;"2023-10-12 18:31:00";72379,8
"883408";"27:4:2";"Exp60_246_IS27791";"Exp60_246_IS27791";NA;"2023-10-12 18:47:00";72379,3
"883409";"27:4:2";"Exp60_246_IS27791";"Exp60_246_IS27791";NA;"2023-10-12 19:01:00";72376,5
"883410";"27:4:2";"Exp60_246_IS27791";"Exp60_246_IS27791";NA;"2023-10-12 19:17:00";72373,6
"883411";"27:4:2";"Exp60_246_IS27791";"Exp60_246_IS27791";NA;"2023-10-12 19:31:00";72373
"883412";"27:4:2";"Exp60_246_IS27791";"Exp60_246_IS27791";NA;"2023-10-12 20:02:00";72369,3
"883413";"27:4:2";"Exp60_246_IS27791";"Exp60_246_IS27791";NA;"2023-10-12 20:16:00";72368,5
"883414";"27:4:2";"Exp60_246_IS27791";"Exp60_246_IS27791";NA;"2023-10-13 03:16:00";72343,4
"883415";"27:4:2";"Exp60_246_IS27791";"Exp60_246_IS27791";NA;"2023-10-13 03:32:00";72342,3
"883416";"27:4:2";"Exp60_246_IS27791";"Exp60_246_IS27791";NA;"2023-10-13 03:46:00";72342,8
"883417";"27:4:2";"Exp60_246_IS27791";"Exp60_246_IS27791";NA;"2023-10-13 04:02:00";72339,9
"883418";"27:4:2";"Exp60_246_IS27791";"Exp60_246_IS27791";NA;"2023-10-13 04:16:00";72340,2
"883419";"27:4:2";"Exp60_246_IS27791";"Exp60_246_IS27791";NA;"2023-10-13 04:32:00";72339,5
"883420";"27:4:2";"Exp60_246_IS27791";"Exp60_246_IS27791";NA;"2023-10-13 04:46:00";72338
"883421";"27:4:2";"Exp60_246_IS27791";"Exp60_246_IS27791";NA;"2023-10-13 05:02:00";72338,7
"883422";"27:4:2";"Exp60_246_IS27791";"Exp60_246_IS27791";NA;"2023-10-13 05:16:00";72338
"883423";"27:4:2";"Exp60_246_IS27791";"Exp60_246_IS27791";NA;"2023-10-13 05:32:00";72337,5
"883424";"27:4:2";"Exp60_246_IS27791";"Exp60_246_IS27791";NA;"2023-10-13 05:46:00";72336,3
"883425";"27:4:2";"Exp60_246_IS27791";"Exp60_246_IS27791";NA;"2023-10-13 06:02:00";72335,4
"883426";"27:4:2";"Exp60_246_IS27791";"Exp60_246_IS27791";NA;"2023-10-13 06:16:00";72335
"883427";"27:4:2";"Exp60_246_IS27791";"Exp60_246_IS27791";NA;"2023-10-13 06:32:00";72333,9
"883428";"27:4:2";"Exp60_246_IS27791";"Exp60_246_IS27791";NA;"2023-10-13 06:46:00";72332,3
"883429";"27:4:2";"Exp60_246_IS27791";"Exp60_246_IS27791";NA;"2023-10-13 12:46:00";71909,8
"883430";"27:4:2";"Exp60_246_IS27791";"Exp60_246_IS27791";NA;"2023-10-13 13:02:00";71884,4
"883431";"27:4:2";"Exp60_246_IS27791";"Exp60_246_IS27791";NA;"2023-10-13 13:16:00";71860
"883432";"27:4:2";"Exp60_246_IS27791";"Exp60_246_IS27791";NA;"2023-10-13 13:32:00";71841,9
"883433";"27:4:2";"Exp60_246_IS27791";"Exp60_246_IS27791";NA;"2023-10-13 13:46:00";71808,9
"883434";"27:4:2";"Exp60_246_IS27791";"Exp60_246_IS27791";NA;"2023-10-13 19:46:00";76296,6
"883435";"27:4:2";"Exp60_246_IS27791";"Exp60_246_IS27791";NA;"2023-10-13 20:02:00";76293,9
"883436";"27:4:2";"Exp60_246_IS27791";"Exp60_246_IS27791";NA;"2023-10-13 20:16:00";76288
"883437";"27:4:2";"Exp60_246_IS27791";"Exp60_246_IS27791";NA;"2023-10-13 20:32:00";76282,5
"883438";"27:4:2";"Exp60_246_IS27791";"Exp60_246_IS27791";NA;"2023-10-13 20:46:00";76279,5
"883439";"27:4:2";"Exp60_246_IS27791";"Exp60_246_IS27791";NA;"2023-10-13 21:02:00";76275
"883440";"27:4:2";"Exp60_246_IS27791";"Exp60_246_IS27791";NA;"2023-10-13 21:16:00";76272,1
"883441";"27:4:2";"Exp60_246_IS27791";"Exp60_246_IS27791";NA;"2023-10-13 21:32:00";76269,2
"883442";"27:4:2";"Exp60_246_IS27791";"Exp60_246_IS27791";NA;"2023-10-13 21:46:00";76264,3
"883443";"27:4:2";"Exp60_246_IS27791";"Exp60_246_IS27791";NA;"2023-10-13 22:02:00";76262,5
"883444";"27:4:2";"Exp60_246_IS27791";"Exp60_246_IS27791";NA;"2023-10-13 22:16:00";76260
"883445";"27:4:2";"Exp60_246_IS27791";"Exp60_246_IS27791";NA;"2023-10-13 22:32:00";76256,9
"883446";"27:4:2";"Exp60_246_IS27791";"Exp60_246_IS27791";NA;"2023-10-13 22:46:00";76254
"883447";"27:4:2";"Exp60_246_IS27791";"Exp60_246_IS27791";NA;"2023-10-13 23:02:00";76250,7
"883448";"27:4:2";"Exp60_246_IS27791";"Exp60_246_IS27791";NA;"2023-10-13 23:16:00";76247,9
"883449";"27:4:2";"Exp60_246_IS27791";"Exp60_246_IS27791";NA;"2023-10-13 23:47:00";76243,4
"883450";"27:4:2";"Exp60_246_IS27791";"Exp60_246_IS27791";NA;"2023-10-14 00:01:00";76239,5
"883451";"27:4:2";"Exp60_246_IS27791";"Exp60_246_IS27791";NA;"2023-10-14 00:17:00";76237,3
"883452";"27:4:2";"Exp60_246_IS27791";"Exp60_246_IS27791";NA;"2023-10-14 00:31:00";76235,7
"883453";"27:4:2";"Exp60_246_IS27791";"Exp60_246_IS27791";NA;"2023-10-14 00:47:00";76233,3
"883454";"27:4:2";"Exp60_246_IS27791";"Exp60_246_IS27791";NA;"2023-10-14 01:01:00";76229,9
"883455";"27:4:2";"Exp60_246_IS27791";"Exp60_246_IS27791";NA;"2023-10-14 01:17:00";76227,8
"883456";"27:4:2";"Exp60_246_IS27791";"Exp60_246_IS27791";NA;"2023-10-14 01:31:00";76226,9
"883457";"27:4:2";"Exp60_246_IS27791";"Exp60_246_IS27791";NA;"2023-10-14 01:47:00";76225,4
"883458";"27:4:2";"Exp60_246_IS27791";"Exp60_246_IS27791";NA;"2023-10-14 02:01:00";76222,8
"883459";"27:4:2";"Exp60_246_IS27791";"Exp60_246_IS27791";NA;"2023-10-14 02:17:00";76220
"883460";"27:4:2";"Exp60_246_IS27791";"Exp60_246_IS27791";NA;"2023-10-14 02:31:00";76220
"883461";"27:4:2";"Exp60_246_IS27791";"Exp60_246_IS27791";NA;"2023-10-14 02:47:00";76219,2
"883462";"27:4:2";"Exp60_246_IS27791";"Exp60_246_IS27791";NA;"2023-10-14 03:01:00";76216,6
"883463";"27:4:2";"Exp60_246_IS27791";"Exp60_246_IS27791";NA;"2023-10-14 03:17:00";76215,4
"883464";"27:4:2";"Exp60_246_IS27791";"Exp60_246_IS27791";NA;"2023-10-14 03:31:00";76213,7
"883465";"27:4:2";"Exp60_246_IS27791";"Exp60_246_IS27791";NA;"2023-10-14 04:17:00";76209,6
"883466";"27:4:2";"Exp60_246_IS27791";"Exp60_246_IS27791";NA;"2023-10-14 04:31:00";76209,2
"883467";"27:4:2";"Exp60_246_IS27791";"Exp60_246_IS27791";NA;"2023-10-14 04:47:00";76208,1
"883468";"27:4:2";"Exp60_246_IS27791";"Exp60_246_IS27791";NA;"2023-10-14 05:01:00";76206,2
"883469";"27:4:2";"Exp60_246_IS27791";"Exp60_246_IS27791";NA;"2023-10-14 05:17:00";76205
"883470";"27:4:2";"Exp60_246_IS27791";"Exp60_246_IS27791";NA;"2023-10-14 05:31:00";76204,8
"883471";"27:4:2";"Exp60_246_IS27791";"Exp60_246_IS27791";NA;"2023-10-14 05:47:00";76202,7
"883472";"27:4:2";"Exp60_246_IS27791";"Exp60_246_IS27791";NA;"2023-10-14 06:01:00";76202,3
"883473";"27:4:2";"Exp60_246_IS27791";"Exp60_246_IS27791";NA;"2023-10-14 06:17:00";76201,2
"883474";"27:4:2";"Exp60_246_IS27791";"Exp60_246_IS27791";NA;"2023-10-14 06:31:00";76200,5
"883475";"27:4:2";"Exp60_246_IS27791";"Exp60_246_IS27791";NA;"2023-10-14 07:02:00";76194,6
"883476";"27:4:2";"Exp60_246_IS27791";"Exp60_246_IS27791";NA;"2023-10-14 07:16:00";76193
"883477";"27:4:2";"Exp60_246_IS27791";"Exp60_246_IS27791";NA;"2023-10-14 07:32:00";76188,7
"883478";"27:4:2";"Exp60_246_IS27791";"Exp60_246_IS27791";NA;"2023-10-14 08:16:00";76167,6
"883479";"27:4:2";"Exp60_246_IS27791";"Exp60_246_IS27791";NA;"2023-10-14 08:32:00";76155,3
"883480";"27:4:2";"Exp60_246_IS27791";"Exp60_246_IS27791";NA;"2023-10-14 08:46:00";76139,7
"883481";"27:4:2";"Exp60_246_IS27791";"Exp60_246_IS27791";NA;"2023-10-14 09:02:00";76120,2
"883482";"27:4:2";"Exp60_246_IS27791";"Exp60_246_IS27791";NA;"2023-10-14 09:16:00";76098,8
"883483";"27:4:2";"Exp60_246_IS27791";"Exp60_246_IS27791";NA;"2023-10-14 09:32:00";76075,4
"883484";"27:4:2";"Exp60_246_IS27791";"Exp60_246_IS27791";NA;"2023-10-14 09:46:00";76039,7
"883485";"27:4:2";"Exp60_246_IS27791";"Exp60_246_IS27791";NA;"2023-10-14 10:02:00";76007,2
"883486";"27:4:2";"Exp60_246_IS27791";"Exp60_246_IS27791";NA;"2023-10-14 10:16:00";75981,9
"883487";"27:4:2";"Exp60_246_IS27791";"Exp60_246_IS27791";NA;"2023-10-14 10:32:00";75950,9
"883488";"27:4:2";"Exp60_246_IS27791";"Exp60_246_IS27791";NA;"2023-10-14 10:46:00";75915,5
"883489";"27:4:2";"Exp60_246_IS27791";"Exp60_246_IS27791";NA;"2023-10-14 11:02:00";75867,3
"883490";"27:4:2";"Exp60_246_IS27791";"Exp60_246_IS27791";NA;"2023-10-14 11:16:00";75829,4
"883491";"27:4:2";"Exp60_246_IS27791";"Exp60_246_IS27791";NA;"2023-10-14 11:32:00";75787,8
"883492";"27:4:2";"Exp60_246_IS27791";"Exp60_246_IS27791";NA;"2023-10-14 11:46:00";75754,9
"883493";"27:4:2";"Exp60_246_IS27791";"Exp60_246_IS27791";NA;"2023-10-14 12:02:00";75716,6
"883494";"27:4:2";"Exp60_246_IS27791";"Exp60_246_IS27791";NA;"2023-10-14 12:16:00";75682,7
"883495";"27:4:2";"Exp60_246_IS27791";"Exp60_246_IS27791";NA;"2023-10-14 12:32:00";75648,6
"883496";"27:4:2";"Exp60_246_IS27791";"Exp60_246_IS27791";NA;"2023-10-14 12:46:00";75637,5
"883497";"27:4:2";"Exp60_246_IS27791";"Exp60_246_IS27791";NA;"2023-10-14 13:02:00";75591,4
"883498";"27:4:2";"Exp60_246_IS27791";"Exp60_246_IS27791";NA;"2023-10-14 13:16:00";75566,6
"883499";"27:4:2";"Exp60_246_IS27791";"Exp60_246_IS27791";NA;"2023-10-14 13:32:00";75539,5
"883500";"27:4:2";"Exp60_246_IS27791";"Exp60_246_IS27791";NA;"2023-10-14 13:46:00";75508,3
"883501";"27:4:2";"Exp60_246_IS27791";"Exp60_246_IS27791";NA;"2023-10-14 19:31:00";75187,7
"883502";"27:4:2";"Exp60_246_IS27791";"Exp60_246_IS27791";NA;"2023-10-15 02:01:00";75142,4
"883503";"27:4:2";"Exp60_246_IS27791";"Exp60_246_IS27791";NA;"2023-10-15 02:17:00";75141,3
"883504";"27:4:2";"Exp60_246_IS27791";"Exp60_246_IS27791";NA;"2023-10-15 02:31:00";75139,8
"883505";"27:4:2";"Exp60_246_IS27791";"Exp60_246_IS27791";NA;"2023-10-15 02:47:00";75137,6
"883506";"27:4:2";"Exp60_246_IS27791";"Exp60_246_IS27791";NA;"2023-10-15 03:01:00";75135,9
"883507";"27:4:2";"Exp60_246_IS27791";"Exp60_246_IS27791";NA;"2023-10-15 03:17:00";75135,9
"883508";"27:4:2";"Exp60_246_IS27791";"Exp60_246_IS27791";NA;"2023-10-15 03:31:00";75135,6
"883509";"27:4:2";"Exp60_246_IS27791";"Exp60_246_IS27791";NA;"2023-10-15 03:47:00";75133,6
"883510";"27:4:2";"Exp60_246_IS27791";"Exp60_246_IS27791";NA;"2023-10-15 04:01:00";75132,4
"883511";"27:4:2";"Exp60_246_IS27791";"Exp60_246_IS27791";NA;"2023-10-15 04:32:00";75130,6
"883512";"27:4:2";"Exp60_246_IS27791";"Exp60_246_IS27791";NA;"2023-10-15 04:46:00";75127,8
"883513";"27:4:2";"Exp60_246_IS27791";"Exp60_246_IS27791";NA;"2023-10-15 05:32:00";75125,3
"883514";"27:4:2";"Exp60_246_IS27791";"Exp60_246_IS27791";NA;"2023-10-15 05:46:00";75125,3
"883515";"27:4:2";"Exp60_246_IS27791";"Exp60_246_IS27791";NA;"2023-10-15 06:17:00";75122
"883516";"27:4:2";"Exp60_246_IS27791";"Exp60_246_IS27791";NA;"2023-10-15 06:31:00";75121
"883517";"27:4:2";"Exp60_246_IS27791";"Exp60_246_IS27791";NA;"2023-10-15 07:02:00";75116,7
"883518";"27:4:2";"Exp60_246_IS27791";"Exp60_246_IS27791";NA;"2023-10-15 07:16:00";75115,1
"883519";"27:4:2";"Exp60_246_IS27791";"Exp60_246_IS27791";NA;"2023-10-15 07:32:00";75111,1
"883520";"27:4:2";"Exp60_246_IS27791";"Exp60_246_IS27791";NA;"2023-10-15 07:46:00";75107,8
"883521";"27:4:2";"Exp60_246_IS27791";"Exp60_246_IS27791";NA;"2023-10-15 08:17:00";75092,5
"883522";"27:4:2";"Exp60_246_IS27791";"Exp60_246_IS27791";NA;"2023-10-15 08:31:00";75081,4
"883523";"27:4:2";"Exp60_246_IS27791";"Exp60_246_IS27791";NA;"2023-10-15 08:47:00";75067,4
"883524";"27:4:2";"Exp60_246_IS27791";"Exp60_246_IS27791";NA;"2023-10-15 09:01:00";75054,7
"883525";"27:4:2";"Exp60_246_IS27791";"Exp60_246_IS27791";NA;"2023-10-15 09:17:00";75041,5
"883526";"27:4:2";"Exp60_246_IS27791";"Exp60_246_IS27791";NA;"2023-10-15 09:31:00";75022,6
"883527";"27:4:2";"Exp60_246_IS27791";"Exp60_246_IS27791";NA;"2023-10-15 09:47:00";75000,9
"883528";"27:4:2";"Exp60_246_IS27791";"Exp60_246_IS27791";NA;"2023-10-15 10:01:00";74978,5
"883529";"27:4:2";"Exp60_246_IS27791";"Exp60_246_IS27791";NA;"2023-10-15 10:17:00";74958,4
"883530";"27:4:2";"Exp60_246_IS27791";"Exp60_246_IS27791";NA;"2023-10-15 10:31:00";74933,6
"883531";"27:4:2";"Exp60_246_IS27791";"Exp60_246_IS27791";NA;"2023-10-15 10:47:00";74903,7
"883532";"27:4:2";"Exp60_246_IS27791";"Exp60_246_IS27791";NA;"2023-10-15 11:01:00";74877,4
"883533";"27:4:2";"Exp60_246_IS27791";"Exp60_246_IS27791";NA;"2023-10-15 18:01:00";74322,9
"883534";"27:4:2";"Exp60_246_IS27791";"Exp60_246_IS27791";NA;"2023-10-15 18:17:00";74322,1
"883535";"27:4:2";"Exp60_246_IS27791";"Exp60_246_IS27791";NA;"2023-10-15 18:31:00";74319
"883536";"27:4:2";"Exp60_246_IS27791";"Exp60_246_IS27791";NA;"2023-10-15 18:47:00";74315,4
"883537";"27:4:2";"Exp60_246_IS27791";"Exp60_246_IS27791";NA;"2023-10-15 19:01:00";74312,1
"883538";"27:4:2";"Exp60_246_IS27791";"Exp60_246_IS27791";NA;"2023-10-15 19:17:00";74310,3
"883539";"27:4:2";"Exp60_246_IS27791";"Exp60_246_IS27791";NA;"2023-10-15 19:31:00";74308,9
"883540";"27:4:2";"Exp60_246_IS27791";"Exp60_246_IS27791";NA;"2023-10-16 03:46:00";74263,9
"883541";"27:4:2";"Exp60_246_IS27791";"Exp60_246_IS27791";NA;"2023-10-16 04:02:00";74264,3
"883542";"27:4:2";"Exp60_246_IS27791";"Exp60_246_IS27791";NA;"2023-10-16 04:16:00";74264,5
"883543";"27:4:2";"Exp60_246_IS27791";"Exp60_246_IS27791";NA;"2023-10-16 04:32:00";74263,7
"883544";"27:4:2";"Exp60_246_IS27791";"Exp60_246_IS27791";NA;"2023-10-16 04:46:00";74263
"883545";"27:4:2";"Exp60_246_IS27791";"Exp60_246_IS27791";NA;"2023-10-16 05:02:00";74262,1
"883546";"27:4:2";"Exp60_246_IS27791";"Exp60_246_IS27791";NA;"2023-10-16 05:16:00";74260,9
"883547";"27:4:2";"Exp60_246_IS27791";"Exp60_246_IS27791";NA;"2023-10-16 05:32:00";74259,7
"883548";"27:4:2";"Exp60_246_IS27791";"Exp60_246_IS27791";NA;"2023-10-16 05:46:00";74258,5
"883549";"27:4:2";"Exp60_246_IS27791";"Exp60_246_IS27791";NA;"2023-10-16 06:02:00";74258,3
"883550";"27:4:2";"Exp60_246_IS27791";"Exp60_246_IS27791";NA;"2023-10-16 06:16:00";74257,9
"883551";"27:4:2";"Exp60_246_IS27791";"Exp60_246_IS27791";NA;"2023-10-16 06:32:00";74257,1
"883552";"27:4:2";"Exp60_246_IS27791";"Exp60_246_IS27791";NA;"2023-10-16 06:46:00";74256,3
"883553";"27:4:2";"Exp60_246_IS27791";"Exp60_246_IS27791";NA;"2023-10-16 07:02:00";74253,1
"883554";"27:4:2";"Exp60_246_IS27791";"Exp60_246_IS27791";NA;"2023-10-16 07:16:00";74250,6
"883555";"27:4:2";"Exp60_246_IS27791";"Exp60_246_IS27791";NA;"2023-10-16 07:47:00";74243
"883556";"27:4:2";"Exp60_246_IS27791";"Exp60_246_IS27791";NA;"2023-10-16 08:01:00";74238,3
"883557";"27:4:2";"Exp60_246_IS27791";"Exp60_246_IS27791";NA;"2023-10-16 08:17:00";74232
"883558";"27:4:2";"Exp60_246_IS27791";"Exp60_246_IS27791";NA;"2023-10-16 08:31:00";74224,5
"883559";"27:4:2";"Exp60_246_IS27791";"Exp60_246_IS27791";NA;"2023-10-16 08:47:00";74211,7
"883560";"27:4:2";"Exp60_246_IS27791";"Exp60_246_IS27791";NA;"2023-10-16 09:01:00";74202,2
"883561";"27:4:2";"Exp60_246_IS27791";"Exp60_246_IS27791";NA;"2023-10-16 09:17:00";74185,2
"883562";"27:4:2";"Exp60_246_IS27791";"Exp60_246_IS27791";NA;"2023-10-16 09:31:00";74168,8
"883563";"27:4:2";"Exp60_246_IS27791";"Exp60_246_IS27791";NA;"2023-10-16 09:47:00";74148,4
"883564";"27:4:2";"Exp60_246_IS27791";"Exp60_246_IS27791";NA;"2023-10-16 10:01:00";74129,9
"883565";"27:4:2";"Exp60_246_IS27791";"Exp60_246_IS27791";NA;"2023-10-16 10:17:00";74109,9
"883566";"27:4:2";"Exp60_246_IS27791";"Exp60_246_IS27791";NA;"2023-10-16 10:31:00";74086,5
"883567";"27:4:2";"Exp60_246_IS27791";"Exp60_246_IS27791";NA;"2023-10-16 10:47:00";74053,4
"883568";"27:4:2";"Exp60_246_IS27791";"Exp60_246_IS27791";NA;"2023-10-16 11:01:00";74028,5
"883569";"27:4:2";"Exp60_246_IS27791";"Exp60_246_IS27791";NA;"2023-10-16 11:32:00";73978,5
"883570";"27:4:2";"Exp60_246_IS27791";"Exp60_246_IS27791";NA;"2023-10-16 11:46:00";73959,2
"883571";"27:4:2";"Exp60_246_IS27791";"Exp60_246_IS27791";NA;"2023-10-16 12:17:00";73910,5
"883572";"27:4:2";"Exp60_246_IS27791";"Exp60_246_IS27791";NA;"2023-10-16 12:31:00";73874,3
"883573";"27:4:2";"Exp60_246_IS27791";"Exp60_246_IS27791";NA;"2023-10-16 13:02:00";73822,6
"883574";"27:4:2";"Exp60_246_IS27791";"Exp60_246_IS27791";NA;"2023-10-16 13:16:00";73796
"883575";"27:4:2";"Exp60_246_IS27791";"Exp60_246_IS27791";NA;"2023-10-16 13:32:00";73769,5
"883576";"27:4:2";"Exp60_246_IS27791";"Exp60_246_IS27791";NA;"2023-10-16 13:46:00";73750,9
"883577";"27:4:2";"Exp60_246_IS27791";"Exp60_246_IS27791";NA;"2023-10-16 14:02:00";73738,5
"883578";"27:4:2";"Exp60_246_IS27791";"Exp60_246_IS27791";NA;"2023-10-16 14:16:00";73722,2
"883579";"27:4:2";"Exp60_246_IS27791";"Exp60_246_IS27791";NA;"2023-10-16 14:32:00";73702,8
"883580";"27:4:2";"Exp60_246_IS27791";"Exp60_246_IS27791";NA;"2023-10-16 14:46:00";73680,7
"883581";"27:4:2";"Exp60_246_IS27791";"Exp60_246_IS27791";NA;"2023-10-16 22:16:00";73539,9
"883582";"27:4:2";"Exp60_246_IS27791";"Exp60_246_IS27791";NA;"2023-10-16 22:32:00";73539,6
"883583";"27:4:2";"Exp60_246_IS27791";"Exp60_246_IS27791";NA;"2023-10-16 22:46:00";73538,4
"883584";"27:4:2";"Exp60_246_IS27791";"Exp60_246_IS27791";NA;"2023-10-17 05:46:00";73514
"883585";"27:4:2";"Exp60_246_IS27791";"Exp60_246_IS27791";NA;"2023-10-17 06:02:00";73513,4
"883586";"27:4:2";"Exp60_246_IS27791";"Exp60_246_IS27791";NA;"2023-10-17 06:16:00";73513
"883587";"27:4:2";"Exp60_246_IS27791";"Exp60_246_IS27791";NA;"2023-10-17 06:32:00";73511,1
"883588";"27:4:2";"Exp60_246_IS27791";"Exp60_246_IS27791";NA;"2023-10-17 06:46:00";73510,8
"883589";"27:4:2";"Exp60_246_IS27791";"Exp60_246_IS27791";NA;"2023-10-17 12:46:00";73031,5
"883590";"27:4:2";"Exp60_246_IS27791";"Exp60_246_IS27791";NA;"2023-10-17 13:02:00";73011
"883591";"27:4:2";"Exp60_246_IS27791";"Exp60_246_IS27791";NA;"2023-10-17 13:16:00";72991,9
"883592";"27:4:2";"Exp60_246_IS27791";"Exp60_246_IS27791";NA;"2023-10-17 13:32:00";72965,9
"883593";"27:4:2";"Exp60_246_IS27791";"Exp60_246_IS27791";NA;"2023-10-17 13:46:00";72946,3
"883594";"27:4:2";"Exp60_246_IS27791";"Exp60_246_IS27791";NA;"2023-10-17 14:02:00";72928,7
"883595";"27:4:2";"Exp60_246_IS27791";"Exp60_246_IS27791";NA;"2023-10-17 14:16:00";72912,1
"883596";"27:4:2";"Exp60_246_IS27791";"Exp60_246_IS27791";NA;"2023-10-17 14:32:00";72896,4
"883597";"27:4:2";"Exp60_246_IS27791";"Exp60_246_IS27791";NA;"2023-10-17 14:46:00";72885,8
"883598";"27:4:2";"Exp60_246_IS27791";"Exp60_246_IS27791";NA;"2023-10-17 15:17:00";72852,2
"883599";"27:4:2";"Exp60_246_IS27791";"Exp60_246_IS27791";NA;"2023-10-17 15:31:00";72841,7
"883600";"27:4:2";"Exp60_246_IS27791";"Exp60_246_IS27791";NA;"2023-10-17 16:17:00";72808,5
"883601";"27:4:2";"Exp60_246_IS27791";"Exp60_246_IS27791";NA;"2023-10-17 16:31:00";72800,3
"883602";"27:4:2";"Exp60_246_IS27791";"Exp60_246_IS27791";NA;"2023-10-17 16:47:00";72794,6
"883603";"27:4:2";"Exp60_246_IS27791";"Exp60_246_IS27791";NA;"2023-10-17 17:01:00";72792,8
"883604";"27:4:2";"Exp60_246_IS27791";"Exp60_246_IS27791";NA;"2023-10-17 18:32:00";72785,4
"883605";"27:4:2";"Exp60_246_IS27791";"Exp60_246_IS27791";NA;"2023-10-17 18:46:00";72783,1
"883606";"27:4:2";"Exp60_246_IS27791";"Exp60_246_IS27791";NA;"2023-10-17 19:02:00";72782,3
"883607";"27:4:2";"Exp60_246_IS27791";"Exp60_246_IS27791";NA;"2023-10-17 19:16:00";72782,6
"883608";"27:4:2";"Exp60_246_IS27791";"Exp60_246_IS27791";NA;"2023-10-17 19:32:00";72782,4
"883609";"27:4:2";"Exp60_246_IS27791";"Exp60_246_IS27791";NA;"2023-10-17 19:46:00";72782,1
"883610";"27:4:2";"Exp60_246_IS27791";"Exp60_246_IS27791";NA;"2023-10-18 01:31:00";72777,4
"883611";"27:4:2";"Exp60_246_IS27791";"Exp60_246_IS27791";NA;"2023-10-18 02:02:00";72777,1
"883612";"27:4:2";"Exp60_246_IS27791";"Exp60_246_IS27791";NA;"2023-10-18 02:16:00";72777,1
"883613";"27:4:2";"Exp60_246_IS27791";"Exp60_246_IS27791";NA;"2023-10-18 02:32:00";72777,1
"883614";"27:4:2";"Exp60_246_IS27791";"Exp60_246_IS27791";NA;"2023-10-18 02:46:00";72777,5
"883615";"27:4:2";"Exp60_246_IS27791";"Exp60_246_IS27791";NA;"2023-10-18 03:02:00";72777,1
"883616";"27:4:2";"Exp60_246_IS27791";"Exp60_246_IS27791";NA;"2023-10-18 03:16:00";72777,1
"883617";"27:4:2";"Exp60_246_IS27791";"Exp60_246_IS27791";NA;"2023-10-18 03:32:00";72777,1
"883618";"27:4:2";"Exp60_246_IS27791";"Exp60_246_IS27791";NA;"2023-10-18 04:01:00";72778
"883619";"27:4:2";"Exp60_246_IS27791";"Exp60_246_IS27791";NA;"2023-10-18 04:17:00";72777,1
"883620";"27:4:2";"Exp60_246_IS27791";"Exp60_246_IS27791";NA;"2023-10-18 04:31:00";72777,1
"883621";"27:4:2";"Exp60_246_IS27791";"Exp60_246_IS27791";NA;"2023-10-18 04:47:00";72776,8
"883622";"27:4:2";"Exp60_246_IS27791";"Exp60_246_IS27791";NA;"2023-10-18 05:01:00";72776,9
"883623";"27:4:2";"Exp60_246_IS27791";"Exp60_246_IS27791";NA;"2023-10-18 05:17:00";72776,8
"883624";"27:4:2";"Exp60_246_IS27791";"Exp60_246_IS27791";NA;"2023-10-18 05:31:00";72776,8
"883625";"27:4:2";"Exp60_246_IS27791";"Exp60_246_IS27791";NA;"2023-10-18 05:47:00";72777,1
"883626";"27:4:2";"Exp60_246_IS27791";"Exp60_246_IS27791";NA;"2023-10-18 06:01:00";72776,5
"883627";"27:4:2";"Exp60_246_IS27791";"Exp60_246_IS27791";NA;"2023-10-18 06:17:00";72775,8
"883628";"27:4:2";"Exp60_246_IS27791";"Exp60_246_IS27791";NA;"2023-10-18 06:31:00";72775,9
"883629";"27:4:2";"Exp60_246_IS27791";"Exp60_246_IS27791";NA;"2023-10-18 07:32:00";72766,4
"883630";"27:4:2";"Exp60_246_IS27791";"Exp60_246_IS27791";NA;"2023-10-18 07:46:00";72761,8
"883631";"27:4:2";"Exp60_246_IS27791";"Exp60_246_IS27791";NA;"2023-10-18 08:02:00";72756,3
"883632";"27:4:2";"Exp60_246_IS27791";"Exp60_246_IS27791";NA;"2023-10-18 08:16:00";72749,9
"883633";"27:4:2";"Exp60_246_IS27791";"Exp60_246_IS27791";NA;"2023-10-18 08:47:00";72732,3
"883634";"27:4:2";"Exp60_246_IS27791";"Exp60_246_IS27791";NA;"2023-10-18 09:01:00";72716,8
"883635";"27:4:2";"Exp60_246_IS27791";"Exp60_246_IS27791";NA;"2023-10-18 09:17:00";72708
"883636";"27:4:2";"Exp60_246_IS27791";"Exp60_246_IS27791";NA;"2023-10-18 09:31:00";72695,5
"883637";"27:4:2";"Exp60_246_IS27791";"Exp60_246_IS27791";NA;"2023-10-18 15:31:00";72299,6
"883638";"27:4:2";"Exp60_246_IS27791";"Exp60_246_IS27791";NA;"2023-10-18 16:32:00";72262,9
"883639";"27:4:2";"Exp60_246_IS27791";"Exp60_246_IS27791";NA;"2023-10-18 16:46:00";72258,7
"883640";"27:4:2";"Exp60_246_IS27791";"Exp60_246_IS27791";NA;"2023-10-18 17:02:00";72254,2
"883641";"27:4:2";"Exp60_246_IS27791";"Exp60_246_IS27791";NA;"2023-10-18 17:16:00";72251,8
"883642";"27:4:2";"Exp60_246_IS27791";"Exp60_246_IS27791";NA;"2023-10-18 17:32:00";72250,9
"883643";"27:4:2";"Exp60_246_IS27791";"Exp60_246_IS27791";NA;"2023-10-18 17:46:00";72251,2
"883644";"27:4:2";"Exp60_246_IS27791";"Exp60_246_IS27791";NA;"2023-10-18 18:02:00";72250,7
"883645";"27:4:2";"Exp60_246_IS27791";"Exp60_246_IS27791";NA;"2023-10-18 18:16:00";72250,2
"883646";"27:4:2";"Exp60_246_IS27791";"Exp60_246_IS27791";NA;"2023-10-18 18:32:00";72251,3
"883647";"27:4:2";"Exp60_246_IS27791";"Exp60_246_IS27791";NA;"2023-10-18 18:46:00";72251,1
"883648";"27:4:2";"Exp60_246_IS27791";"Exp60_246_IS27791";NA;"2023-10-19 01:16:00";72248
"883649";"27:4:2";"Exp60_246_IS27791";"Exp60_246_IS27791";NA;"2023-10-19 01:32:00";72248
"883650";"27:4:2";"Exp60_246_IS27791";"Exp60_246_IS27791";NA;"2023-10-19 01:46:00";72247,9
"883651";"27:4:2";"Exp60_246_IS27791";"Exp60_246_IS27791";NA;"2023-10-19 02:02:00";72248,6
"883652";"27:4:2";"Exp60_246_IS27791";"Exp60_246_IS27791";NA;"2023-10-19 02:16:00";72247,9
"883653";"27:4:2";"Exp60_246_IS27791";"Exp60_246_IS27791";NA;"2023-10-19 02:32:00";72249,2
"883654";"27:4:2";"Exp60_246_IS27791";"Exp60_246_IS27791";NA;"2023-10-19 02:46:00";72248,4
"883655";"27:4:2";"Exp60_246_IS27791";"Exp60_246_IS27791";NA;"2023-10-19 03:17:00";72247,1
"883656";"27:4:2";"Exp60_246_IS27791";"Exp60_246_IS27791";NA;"2023-10-19 03:31:00";72247,8
"883657";"27:4:2";"Exp60_246_IS27791";"Exp60_246_IS27791";NA;"2023-10-19 03:47:00";72247,2
"883658";"27:4:2";"Exp60_246_IS27791";"Exp60_246_IS27791";NA;"2023-10-19 04:01:00";72246
"883659";"27:4:2";"Exp60_246_IS27791";"Exp60_246_IS27791";NA;"2023-10-19 04:17:00";72248,4
"883660";"27:4:2";"Exp60_246_IS27791";"Exp60_246_IS27791";NA;"2023-10-19 04:31:00";72248,2
"883661";"27:4:2";"Exp60_246_IS27791";"Exp60_246_IS27791";NA;"2023-10-19 04:47:00";72247
"883662";"27:4:2";"Exp60_246_IS27791";"Exp60_246_IS27791";NA;"2023-10-19 05:01:00";72247,3
"883663";"27:4:2";"Exp60_246_IS27791";"Exp60_246_IS27791";NA;"2023-10-19 05:17:00";72246,9
"883664";"27:4:2";"Exp60_246_IS27791";"Exp60_246_IS27791";NA;"2023-10-19 05:31:00";72247,4
"883665";"27:4:2";"Exp60_246_IS27791";"Exp60_246_IS27791";NA;"2023-10-19 05:47:00";72246,2
"883666";"27:4:2";"Exp60_246_IS27791";"Exp60_246_IS27791";NA;"2023-10-19 06:01:00";72246,8
"883667";"27:4:2";"Exp60_246_IS27791";"Exp60_246_IS27791";NA;"2023-10-19 06:17:00";72246,7
"883668";"27:4:2";"Exp60_246_IS27791";"Exp60_246_IS27791";NA;"2023-10-19 06:31:00";72246,8
"883669";"27:4:2";"Exp60_246_IS27791";"Exp60_246_IS27791";NA;"2023-10-19 06:47:00";72244,9
"883670";"27:4:2";"Exp60_246_IS27791";"Exp60_246_IS27791";NA;"2023-10-19 07:01:00";72245,5
"883671";"27:4:2";"Exp60_246_IS27791";"Exp60_246_IS27791";NA;"2023-10-19 13:46:00";71882
"883672";"27:4:2";"Exp60_246_IS27791";"Exp60_246_IS27791";NA;"2023-10-19 14:02:00";71868,1
"883673";"27:4:2";"Exp60_246_IS27791";"Exp60_246_IS27791";NA;"2023-10-19 14:16:00";71853
"883674";"27:4:2";"Exp60_246_IS27791";"Exp60_246_IS27791";NA;"2023-10-19 14:32:00";71833,9
"883675";"27:4:2";"Exp60_246_IS27791";"Exp60_246_IS27791";NA;"2023-10-19 14:46:00";71821,6
"883676";"27:4:2";"Exp60_246_IS27791";"Exp60_246_IS27791";NA;"2023-10-19 15:02:00";71808,2
"883677";"27:4:2";"Exp60_246_IS27791";"Exp60_246_IS27791";NA;"2023-10-19 15:16:00";71800,7
"883678";"27:4:2";"Exp60_246_IS27791";"Exp60_246_IS27791";NA;"2023-10-19 15:32:00";71990,9
"883679";"27:4:2";"Exp60_246_IS27791";"Exp60_246_IS27791";NA;"2023-10-19 15:46:00";72938,7
"883680";"27:4:2";"Exp60_246_IS27791";"Exp60_246_IS27791";NA;"2023-10-19 16:02:00";73927
"883681";"27:4:2";"Exp60_246_IS27791";"Exp60_246_IS27791";NA;"2023-10-19 16:16:00";74782,7
"883682";"27:4:2";"Exp60_246_IS27791";"Exp60_246_IS27791";NA;"2023-10-19 16:47:00";75485,5
"883683";"27:4:2";"Exp60_246_IS27791";"Exp60_246_IS27791";NA;"2023-10-19 17:01:00";75476,3
"883684";"27:4:2";"Exp60_246_IS27791";"Exp60_246_IS27791";NA;"2023-10-19 17:17:00";75466,5
"883685";"27:4:2";"Exp60_246_IS27791";"Exp60_246_IS27791";NA;"2023-10-19 17:31:00";75462,6
"883686";"27:4:2";"Exp60_246_IS27791";"Exp60_246_IS27791";NA;"2023-10-19 17:47:00";75457,9
"883687";"27:4:2";"Exp60_246_IS27791";"Exp60_246_IS27791";NA;"2023-10-19 18:01:00";75455,6
"883688";"27:4:2";"Exp60_246_IS27791";"Exp60_246_IS27791";NA;"2023-10-20 01:31:00";75384,6
"883689";"27:4:2";"Exp60_246_IS27791";"Exp60_246_IS27791";NA;"2023-10-20 01:47:00";75384
"883690";"27:4:2";"Exp60_246_IS27791";"Exp60_246_IS27791";NA;"2023-10-20 02:01:00";75382,5
"883691";"27:4:2";"Exp60_246_IS27791";"Exp60_246_IS27791";NA;"2023-10-20 02:17:00";75381,6
"883692";"27:4:2";"Exp60_246_IS27791";"Exp60_246_IS27791";NA;"2023-10-20 02:31:00";75380,1
"883693";"27:4:2";"Exp60_246_IS27791";"Exp60_246_IS27791";NA;"2023-10-20 02:47:00";75378,7
"883694";"27:4:2";"Exp60_246_IS27791";"Exp60_246_IS27791";NA;"2023-10-20 03:01:00";75379
"883695";"27:4:2";"Exp60_246_IS27791";"Exp60_246_IS27791";NA;"2023-10-20 03:47:00";75376
"883696";"27:4:2";"Exp60_246_IS27791";"Exp60_246_IS27791";NA;"2023-10-20 04:01:00";75375
"883697";"27:4:2";"Exp60_246_IS27791";"Exp60_246_IS27791";NA;"2023-10-20 04:32:00";75374,5
"883698";"27:4:2";"Exp60_246_IS27791";"Exp60_246_IS27791";NA;"2023-10-20 04:46:00";75372,9
"883699";"27:4:2";"Exp60_246_IS27791";"Exp60_246_IS27791";NA;"2023-10-20 05:02:00";75372,9
"883700";"27:4:2";"Exp60_246_IS27791";"Exp60_246_IS27791";NA;"2023-10-20 05:16:00";75373
"883701";"27:4:2";"Exp60_246_IS27791";"Exp60_246_IS27791";NA;"2023-10-20 05:32:00";75371,6
"883702";"27:4:2";"Exp60_246_IS27791";"Exp60_246_IS27791";NA;"2023-10-20 05:46:00";75371,6
"883703";"27:4:2";"Exp60_246_IS27791";"Exp60_246_IS27791";NA;"2023-10-20 06:02:00";75371,8
"883704";"27:4:2";"Exp60_246_IS27791";"Exp60_246_IS27791";NA;"2023-10-20 06:16:00";75370,6
"883705";"27:4:2";"Exp60_246_IS27791";"Exp60_246_IS27791";NA;"2023-10-20 06:32:00";75369,7
"883706";"27:4:2";"Exp60_246_IS27791";"Exp60_246_IS27791";NA;"2023-10-20 06:46:00";75368,2
"883707";"27:4:2";"Exp60_246_IS27791";"Exp60_246_IS27791";NA;"2023-10-20 07:02:00";75366
"883708";"27:4:2";"Exp60_246_IS27791";"Exp60_246_IS27791";NA;"2023-10-20 07:16:00";75363,8
"883709";"27:4:2";"Exp60_246_IS27791";"Exp60_246_IS27791";NA;"2023-10-20 07:47:00";75354,3
"883710";"27:4:2";"Exp60_246_IS27791";"Exp60_246_IS27791";NA;"2023-10-20 08:01:00";75349,3
"883711";"27:4:2";"Exp60_246_IS27791";"Exp60_246_IS27791";NA;"2023-10-20 08:17:00";75340,2
"883712";"27:4:2";"Exp60_246_IS27791";"Exp60_246_IS27791";NA;"2023-10-20 08:31:00";75326,5
"883713";"27:4:2";"Exp60_246_IS27791";"Exp60_246_IS27791";NA;"2023-10-20 08:47:00";75318,9
"883714";"27:4:2";"Exp60_246_IS27791";"Exp60_246_IS27791";NA;"2023-10-20 09:01:00";75300
"883715";"27:4:2";"Exp60_246_IS27791";"Exp60_246_IS27791";NA;"2023-10-20 13:46:00";74877,3
"883716";"27:4:2";"Exp60_246_IS27791";"Exp60_246_IS27791";NA;"2023-10-20 15:31:00";74737,7
"883717";"27:4:2";"Exp60_246_IS27791";"Exp60_246_IS27791";NA;"2023-10-20 15:47:00";74728,7
"883718";"27:4:2";"Exp60_246_IS27791";"Exp60_246_IS27791";NA;"2023-10-20 16:01:00";74708,9
"883719";"27:4:2";"Exp60_246_IS27791";"Exp60_246_IS27791";NA;"2023-10-20 16:17:00";74702,6
"883720";"27:4:2";"Exp60_246_IS27791";"Exp60_246_IS27791";NA;"2023-10-20 16:31:00";74690,4
"883721";"27:4:2";"Exp60_246_IS27791";"Exp60_246_IS27791";NA;"2023-10-20 16:47:00";74684,7
"883722";"27:4:2";"Exp60_246_IS27791";"Exp60_246_IS27791";NA;"2023-10-20 17:01:00";74674,1
"883723";"27:4:2";"Exp60_246_IS27791";"Exp60_246_IS27791";NA;"2023-10-20 23:31:00";74621,9
"883724";"27:4:2";"Exp60_246_IS27791";"Exp60_246_IS27791";NA;"2023-10-20 23:47:00";74620,9
"883725";"27:4:2";"Exp60_246_IS27791";"Exp60_246_IS27791";NA;"2023-10-21 00:01:00";74618,6
"883726";"27:4:2";"Exp60_246_IS27791";"Exp60_246_IS27791";NA;"2023-10-21 00:17:00";74618
"883727";"27:4:2";"Exp60_246_IS27791";"Exp60_246_IS27791";NA;"2023-10-21 00:31:00";74617,1
"883728";"27:4:2";"Exp60_246_IS27791";"Exp60_246_IS27791";NA;"2023-10-21 01:17:00";74611,7
"883729";"27:4:2";"Exp60_246_IS27791";"Exp60_246_IS27791";NA;"2023-10-21 01:31:00";74611,8
"883730";"27:4:2";"Exp60_246_IS27791";"Exp60_246_IS27791";NA;"2023-10-21 01:47:00";74610,5
"883731";"27:4:2";"Exp60_246_IS27791";"Exp60_246_IS27791";NA;"2023-10-21 02:01:00";74609,9
"883732";"27:4:2";"Exp60_246_IS27791";"Exp60_246_IS27791";NA;"2023-10-21 08:31:00";74569,8
"883733";"27:4:2";"Exp60_246_IS27791";"Exp60_246_IS27791";NA;"2023-10-21 08:47:00";74560,5
"883734";"27:4:2";"Exp60_246_IS27791";"Exp60_246_IS27791";NA;"2023-10-21 09:01:00";74549,9
"883735";"27:4:2";"Exp60_246_IS27791";"Exp60_246_IS27791";NA;"2023-10-21 09:17:00";74540,7
"883736";"27:4:2";"Exp60_246_IS27791";"Exp60_246_IS27791";NA;"2023-10-21 09:31:00";74531,6
"883737";"27:4:2";"Exp60_246_IS27791";"Exp60_246_IS27791";NA;"2023-10-21 09:47:00";74515,5
"883738";"27:4:2";"Exp60_246_IS27791";"Exp60_246_IS27791";NA;"2023-10-21 10:01:00";74498,5
"883739";"27:4:2";"Exp60_246_IS27791";"Exp60_246_IS27791";NA;"2023-10-21 10:32:00";74469,9
"883740";"27:4:2";"Exp60_246_IS27791";"Exp60_246_IS27791";NA;"2023-10-21 10:46:00";74447,3
"883741";"27:4:2";"Exp60_246_IS27791";"Exp60_246_IS27791";NA;"2023-10-21 17:01:00";76000,7
"883742";"27:4:2";"Exp60_246_IS27791";"Exp60_246_IS27791";NA;"2023-10-21 17:32:00";75990,8
"883743";"27:4:2";"Exp60_246_IS27791";"Exp60_246_IS27791";NA;"2023-10-21 17:46:00";75987,1
"883744";"27:4:2";"Exp60_246_IS27791";"Exp60_246_IS27791";NA;"2023-10-21 18:02:00";75984,5
"883745";"27:4:2";"Exp60_246_IS27791";"Exp60_246_IS27791";NA;"2023-10-21 18:16:00";75977,1
"883746";"27:4:2";"Exp60_246_IS27791";"Exp60_246_IS27791";NA;"2023-10-21 18:32:00";75976,9
"883747";"27:4:2";"Exp60_246_IS27791";"Exp60_246_IS27791";NA;"2023-10-21 18:46:00";75975,6
"883748";"27:4:2";"Exp60_246_IS27791";"Exp60_246_IS27791";NA;"2023-10-21 19:02:00";75972,8
"883749";"27:4:2";"Exp60_246_IS27791";"Exp60_246_IS27791";NA;"2023-10-21 19:16:00";75971
"883750";"27:4:2";"Exp60_246_IS27791";"Exp60_246_IS27791";NA;"2023-10-21 19:32:00";75968,2
"883751";"27:4:2";"Exp60_246_IS27791";"Exp60_246_IS27791";NA;"2023-10-21 19:46:00";75966,7
"883752";"27:4:2";"Exp60_246_IS27791";"Exp60_246_IS27791";NA;"2023-10-21 20:02:00";75962,7
"883753";"27:4:2";"Exp60_246_IS27791";"Exp60_246_IS27791";NA;"2023-10-21 20:16:00";75957,3
"883754";"27:4:2";"Exp60_246_IS27791";"Exp60_246_IS27791";NA;"2023-10-21 20:32:00";75956,9
"883755";"27:4:2";"Exp60_246_IS27791";"Exp60_246_IS27791";NA;"2023-10-21 20:46:00";75956,1
"883756";"27:5:1";"Exp60_51_IS5867";"Exp60_51_IS5867";NA;"2023-09-22 10:17:00";77191,9
"883757";"27:5:1";"Exp60_51_IS5867";"Exp60_51_IS5867";NA;"2023-09-22 10:31:00";77169,6
"883758";"27:5:1";"Exp60_51_IS5867";"Exp60_51_IS5867";NA;"2023-09-22 10:47:00";77149,8
"883759";"27:5:1";"Exp60_51_IS5867";"Exp60_51_IS5867";NA;"2023-09-22 11:01:00";77132,7
"883760";"27:5:1";"Exp60_51_IS5867";"Exp60_51_IS5867";NA;"2023-09-22 11:32:00";77084,8
"883761";"27:5:1";"Exp60_51_IS5867";"Exp60_51_IS5867";NA;"2023-09-22 11:46:00";77067,8
"883762";"27:5:1";"Exp60_51_IS5867";"Exp60_51_IS5867";NA;"2023-09-22 12:02:00";77039,7
"883763";"27:5:1";"Exp60_51_IS5867";"Exp60_51_IS5867";NA;"2023-09-22 12:16:00";77018,9
"883764";"27:5:1";"Exp60_51_IS5867";"Exp60_51_IS5867";NA;"2023-09-22 12:32:00";76995,2
"883765";"27:5:1";"Exp60_51_IS5867";"Exp60_51_IS5867";NA;"2023-09-22 12:46:00";76972,2
"883766";"27:5:1";"Exp60_51_IS5867";"Exp60_51_IS5867";NA;"2023-09-22 13:02:00";76951,3
"883767";"27:5:1";"Exp60_51_IS5867";"Exp60_51_IS5867";NA;"2023-09-22 13:16:00";76928,4
"883768";"27:5:1";"Exp60_51_IS5867";"Exp60_51_IS5867";NA;"2023-09-22 13:32:00";76907,9
"883769";"27:5:1";"Exp60_51_IS5867";"Exp60_51_IS5867";NA;"2023-09-22 13:46:00";76887
"883770";"27:5:1";"Exp60_51_IS5867";"Exp60_51_IS5867";NA;"2023-09-22 20:31:00";76690,5
"883771";"27:5:1";"Exp60_51_IS5867";"Exp60_51_IS5867";NA;"2023-09-22 20:47:00";76694,7
"883772";"27:5:1";"Exp60_51_IS5867";"Exp60_51_IS5867";NA;"2023-09-22 21:01:00";76693,5
"883773";"27:5:1";"Exp60_51_IS5867";"Exp60_51_IS5867";NA;"2023-09-22 21:17:00";76690,4
"883774";"27:5:1";"Exp60_51_IS5867";"Exp60_51_IS5867";NA;"2023-09-22 21:31:00";76692,4
"883775";"27:5:1";"Exp60_51_IS5867";"Exp60_51_IS5867";NA;"2023-09-22 21:47:00";76691,5
"883776";"27:5:1";"Exp60_51_IS5867";"Exp60_51_IS5867";NA;"2023-09-22 22:01:00";76690,2
"883777";"27:5:1";"Exp60_51_IS5867";"Exp60_51_IS5867";NA;"2023-09-22 22:17:00";76693,7
"883778";"27:5:1";"Exp60_51_IS5867";"Exp60_51_IS5867";NA;"2023-09-22 22:31:00";76694,4
"883779";"27:5:1";"Exp60_51_IS5867";"Exp60_51_IS5867";NA;"2023-09-22 22:47:00";76693,6
"883780";"27:5:1";"Exp60_51_IS5867";"Exp60_51_IS5867";NA;"2023-09-22 23:01:00";76695,3
"883781";"27:5:1";"Exp60_51_IS5867";"Exp60_51_IS5867";NA;"2023-09-22 23:17:00";76696,2
"883782";"27:5:1";"Exp60_51_IS5867";"Exp60_51_IS5867";NA;"2023-09-22 23:31:00";76696,3
"883783";"27:5:1";"Exp60_51_IS5867";"Exp60_51_IS5867";NA;"2023-09-22 23:47:00";76692,9
"883784";"27:5:1";"Exp60_51_IS5867";"Exp60_51_IS5867";NA;"2023-09-23 00:01:00";76695,1
"883785";"27:5:1";"Exp60_51_IS5867";"Exp60_51_IS5867";NA;"2023-09-23 00:17:00";76694,5
"883786";"27:5:1";"Exp60_51_IS5867";"Exp60_51_IS5867";NA;"2023-09-23 01:01:00";76694,9
"883787";"27:5:1";"Exp60_51_IS5867";"Exp60_51_IS5867";NA;"2023-09-23 01:17:00";76695,8
"883788";"27:5:1";"Exp60_51_IS5867";"Exp60_51_IS5867";NA;"2023-09-23 01:31:00";76690,1
"883789";"27:5:1";"Exp60_51_IS5867";"Exp60_51_IS5867";NA;"2023-09-23 01:47:00";76692,1
"883790";"27:5:1";"Exp60_51_IS5867";"Exp60_51_IS5867";NA;"2023-09-23 02:01:00";76683,8
"883791";"27:5:1";"Exp60_51_IS5867";"Exp60_51_IS5867";NA;"2023-09-23 02:17:00";76682,9
"883792";"27:5:1";"Exp60_51_IS5867";"Exp60_51_IS5867";NA;"2023-09-23 02:31:00";76683,2
"883793";"27:5:1";"Exp60_51_IS5867";"Exp60_51_IS5867";NA;"2023-09-23 02:47:00";76681,6
"883794";"27:5:1";"Exp60_51_IS5867";"Exp60_51_IS5867";NA;"2023-09-23 03:01:00";76682
"883795";"27:5:1";"Exp60_51_IS5867";"Exp60_51_IS5867";NA;"2023-09-23 03:17:00";76679
"883796";"27:5:1";"Exp60_51_IS5867";"Exp60_51_IS5867";NA;"2023-09-23 03:31:00";76677,2
"883797";"27:5:1";"Exp60_51_IS5867";"Exp60_51_IS5867";NA;"2023-09-23 03:47:00";76678,6
"883798";"27:5:1";"Exp60_51_IS5867";"Exp60_51_IS5867";NA;"2023-09-23 04:16:00";76677,2
"883799";"27:5:1";"Exp60_51_IS5867";"Exp60_51_IS5867";NA;"2023-09-23 04:32:00";76672,9
"883800";"27:5:1";"Exp60_51_IS5867";"Exp60_51_IS5867";NA;"2023-09-23 04:46:00";76678
"883801";"27:5:1";"Exp60_51_IS5867";"Exp60_51_IS5867";NA;"2023-09-23 05:02:00";76679,8
"883802";"27:5:1";"Exp60_51_IS5867";"Exp60_51_IS5867";NA;"2023-09-23 05:16:00";76675,5
"883803";"27:5:1";"Exp60_51_IS5867";"Exp60_51_IS5867";NA;"2023-09-23 05:32:00";76671,7
"883804";"27:5:1";"Exp60_51_IS5867";"Exp60_51_IS5867";NA;"2023-09-23 05:46:00";76673,8
"883805";"27:5:1";"Exp60_51_IS5867";"Exp60_51_IS5867";NA;"2023-09-23 06:02:00";76677,6
"883806";"27:5:1";"Exp60_51_IS5867";"Exp60_51_IS5867";NA;"2023-09-23 06:16:00";76676,4
"883807";"27:5:1";"Exp60_51_IS5867";"Exp60_51_IS5867";NA;"2023-09-23 06:32:00";76676,6
"883808";"27:5:1";"Exp60_51_IS5867";"Exp60_51_IS5867";NA;"2023-09-23 06:46:00";76681
"883809";"27:5:1";"Exp60_51_IS5867";"Exp60_51_IS5867";NA;"2023-09-23 07:02:00";76670,7
"883810";"27:5:1";"Exp60_51_IS5867";"Exp60_51_IS5867";NA;"2023-09-23 07:16:00";76668,7
"883811";"27:5:1";"Exp60_51_IS5867";"Exp60_51_IS5867";NA;"2023-09-23 07:32:00";76662,6
"883812";"27:5:1";"Exp60_51_IS5867";"Exp60_51_IS5867";NA;"2023-09-23 07:46:00";76648,2
"883813";"27:5:1";"Exp60_51_IS5867";"Exp60_51_IS5867";NA;"2023-09-23 08:02:00";76641,7
"883814";"27:5:1";"Exp60_51_IS5867";"Exp60_51_IS5867";NA;"2023-09-23 08:16:00";76634,3
"883815";"27:5:1";"Exp60_51_IS5867";"Exp60_51_IS5867";NA;"2023-09-23 08:32:00";76623,1
"883816";"27:5:1";"Exp60_51_IS5867";"Exp60_51_IS5867";NA;"2023-09-23 08:46:00";76606,7
"883817";"27:5:1";"Exp60_51_IS5867";"Exp60_51_IS5867";NA;"2023-09-23 09:02:00";76594,4
"883818";"27:5:1";"Exp60_51_IS5867";"Exp60_51_IS5867";NA;"2023-09-23 09:16:00";76590,4
"883819";"27:5:1";"Exp60_51_IS5867";"Exp60_51_IS5867";NA;"2023-09-23 14:01:00";76237,9
"883820";"27:5:1";"Exp60_51_IS5867";"Exp60_51_IS5867";NA;"2023-09-23 14:17:00";76211,4
"883821";"27:5:1";"Exp60_51_IS5867";"Exp60_51_IS5867";NA;"2023-09-23 14:31:00";76193,5
"883822";"27:5:1";"Exp60_51_IS5867";"Exp60_51_IS5867";NA;"2023-09-23 14:47:00";76181,9
"883823";"27:5:1";"Exp60_51_IS5867";"Exp60_51_IS5867";NA;"2023-09-23 15:01:00";76170,2
"883824";"27:5:1";"Exp60_51_IS5867";"Exp60_51_IS5867";NA;"2023-09-23 15:32:00";76158,9
"883825";"27:5:1";"Exp60_51_IS5867";"Exp60_51_IS5867";NA;"2023-09-23 15:46:00";76147,4
"883826";"27:5:1";"Exp60_51_IS5867";"Exp60_51_IS5867";NA;"2023-09-23 16:17:00";76131,3
"883827";"27:5:1";"Exp60_51_IS5867";"Exp60_51_IS5867";NA;"2023-09-23 16:31:00";76123,4
"883828";"27:5:1";"Exp60_51_IS5867";"Exp60_51_IS5867";NA;"2023-09-23 16:47:00";76119
"883829";"27:5:1";"Exp60_51_IS5867";"Exp60_51_IS5867";NA;"2023-09-23 17:01:00";76120,5
"883830";"27:5:1";"Exp60_51_IS5867";"Exp60_51_IS5867";NA;"2023-09-23 17:17:00";76112,7
"883831";"27:5:1";"Exp60_51_IS5867";"Exp60_51_IS5867";NA;"2023-09-23 17:31:00";76112,6
"883832";"27:5:1";"Exp60_51_IS5867";"Exp60_51_IS5867";NA;"2023-09-23 17:47:00";76107,9
"883833";"27:5:1";"Exp60_51_IS5867";"Exp60_51_IS5867";NA;"2023-09-23 18:01:00";76105,8
"883834";"27:5:1";"Exp60_51_IS5867";"Exp60_51_IS5867";NA;"2023-09-23 18:17:00";76111,6
"883835";"27:5:1";"Exp60_51_IS5867";"Exp60_51_IS5867";NA;"2023-09-23 18:31:00";76110,5
"883836";"27:5:1";"Exp60_51_IS5867";"Exp60_51_IS5867";NA;"2023-09-23 18:47:00";76109,7
"883837";"27:5:1";"Exp60_51_IS5867";"Exp60_51_IS5867";NA;"2023-09-23 19:01:00";76108,1
"883838";"27:5:1";"Exp60_51_IS5867";"Exp60_51_IS5867";NA;"2023-09-23 19:17:00";76108,1
"883839";"27:5:1";"Exp60_51_IS5867";"Exp60_51_IS5867";NA;"2023-09-23 19:31:00";76110,7
"883840";"27:5:1";"Exp60_51_IS5867";"Exp60_51_IS5867";NA;"2023-09-23 20:02:00";76109,9
"883841";"27:5:1";"Exp60_51_IS5867";"Exp60_51_IS5867";NA;"2023-09-23 20:16:00";76110,8
"883842";"27:5:1";"Exp60_51_IS5867";"Exp60_51_IS5867";NA;"2023-09-23 20:32:00";76111,6
"883843";"27:5:1";"Exp60_51_IS5867";"Exp60_51_IS5867";NA;"2023-09-23 20:46:00";76111,4
"883844";"27:5:1";"Exp60_51_IS5867";"Exp60_51_IS5867";NA;"2023-09-23 21:02:00";76110,6
"883845";"27:5:1";"Exp60_51_IS5867";"Exp60_51_IS5867";NA;"2023-09-23 21:16:00";76110,2
"883846";"27:5:1";"Exp60_51_IS5867";"Exp60_51_IS5867";NA;"2023-09-23 21:32:00";76108,8
"883847";"27:5:1";"Exp60_51_IS5867";"Exp60_51_IS5867";NA;"2023-09-23 21:46:00";76106,3
"883848";"27:5:1";"Exp60_51_IS5867";"Exp60_51_IS5867";NA;"2023-09-23 22:02:00";76106,9
"883849";"27:5:1";"Exp60_51_IS5867";"Exp60_51_IS5867";NA;"2023-09-23 22:16:00";76106,5
"883850";"27:5:1";"Exp60_51_IS5867";"Exp60_51_IS5867";NA;"2023-09-23 23:17:00";76108,6
"883851";"27:5:1";"Exp60_51_IS5867";"Exp60_51_IS5867";NA;"2023-09-23 23:31:00";76110
"883852";"27:5:1";"Exp60_51_IS5867";"Exp60_51_IS5867";NA;"2023-09-23 23:47:00";76105,4
"883853";"27:5:1";"Exp60_51_IS5867";"Exp60_51_IS5867";NA;"2023-09-24 00:01:00";76106
"883854";"27:5:1";"Exp60_51_IS5867";"Exp60_51_IS5867";NA;"2023-09-24 00:17:00";76104,5
"883855";"27:5:1";"Exp60_51_IS5867";"Exp60_51_IS5867";NA;"2023-09-24 00:31:00";76106,1
"883856";"27:5:1";"Exp60_51_IS5867";"Exp60_51_IS5867";NA;"2023-09-24 00:47:00";76107,3
"883857";"27:5:1";"Exp60_51_IS5867";"Exp60_51_IS5867";NA;"2023-09-24 01:01:00";76108,6
"883858";"27:5:1";"Exp60_51_IS5867";"Exp60_51_IS5867";NA;"2023-09-24 01:17:00";76110,5
"883859";"27:5:1";"Exp60_51_IS5867";"Exp60_51_IS5867";NA;"2023-09-24 01:31:00";76109,8
"883860";"27:5:1";"Exp60_51_IS5867";"Exp60_51_IS5867";NA;"2023-09-24 01:47:00";76107,2
"883861";"27:5:1";"Exp60_51_IS5867";"Exp60_51_IS5867";NA;"2023-09-24 02:01:00";76105,7
"883862";"27:5:1";"Exp60_51_IS5867";"Exp60_51_IS5867";NA;"2023-09-24 02:17:00";76107
"883863";"27:5:1";"Exp60_51_IS5867";"Exp60_51_IS5867";NA;"2023-09-24 02:31:00";76110,4
"883864";"27:5:1";"Exp60_51_IS5867";"Exp60_51_IS5867";NA;"2023-09-24 02:47:00";76106
"883865";"27:5:1";"Exp60_51_IS5867";"Exp60_51_IS5867";NA;"2023-09-24 03:01:00";76107,3
"883866";"27:5:1";"Exp60_51_IS5867";"Exp60_51_IS5867";NA;"2023-09-24 10:01:00";76050,2
"883867";"27:5:1";"Exp60_51_IS5867";"Exp60_51_IS5867";NA;"2023-09-24 10:17:00";76033,5
"883868";"27:5:1";"Exp60_51_IS5867";"Exp60_51_IS5867";NA;"2023-09-24 10:31:00";76031,2
"883869";"27:5:1";"Exp60_51_IS5867";"Exp60_51_IS5867";NA;"2023-09-24 10:47:00";76029,7
"883870";"27:5:1";"Exp60_51_IS5867";"Exp60_51_IS5867";NA;"2023-09-24 11:01:00";75994,7
"883871";"27:5:1";"Exp60_51_IS5867";"Exp60_51_IS5867";NA;"2023-09-24 11:17:00";75981,3
"883872";"27:5:1";"Exp60_51_IS5867";"Exp60_51_IS5867";NA;"2023-09-24 11:31:00";75981,6
"883873";"27:5:1";"Exp60_51_IS5867";"Exp60_51_IS5867";NA;"2023-09-24 11:47:00";75964,8
"883874";"27:5:1";"Exp60_51_IS5867";"Exp60_51_IS5867";NA;"2023-09-24 12:01:00";75950,3
"883875";"27:5:1";"Exp60_51_IS5867";"Exp60_51_IS5867";NA;"2023-09-24 12:17:00";75929,3
"883876";"27:5:1";"Exp60_51_IS5867";"Exp60_51_IS5867";NA;"2023-09-24 12:31:00";75916,4
"883877";"27:5:1";"Exp60_51_IS5867";"Exp60_51_IS5867";NA;"2023-09-24 12:47:00";75902
"883878";"27:5:1";"Exp60_51_IS5867";"Exp60_51_IS5867";NA;"2023-09-24 13:01:00";75899,4
"883879";"27:5:1";"Exp60_51_IS5867";"Exp60_51_IS5867";NA;"2023-09-24 13:17:00";75888,8
"883880";"27:5:1";"Exp60_51_IS5867";"Exp60_51_IS5867";NA;"2023-09-24 13:31:00";75883,1
"883881";"27:5:1";"Exp60_51_IS5867";"Exp60_51_IS5867";NA;"2023-09-24 13:47:00";75874,5
"883882";"27:5:1";"Exp60_51_IS5867";"Exp60_51_IS5867";NA;"2023-09-24 14:01:00";75873,7
"883883";"27:5:1";"Exp60_51_IS5867";"Exp60_51_IS5867";NA;"2023-09-24 14:17:00";75869,5
"883884";"27:5:1";"Exp60_51_IS5867";"Exp60_51_IS5867";NA;"2023-09-24 14:31:00";75907,8
"883885";"27:5:1";"Exp60_51_IS5867";"Exp60_51_IS5867";NA;"2023-09-24 14:47:00";75985,5
"883886";"27:5:1";"Exp60_51_IS5867";"Exp60_51_IS5867";NA;"2023-09-24 15:01:00";75984,6
"883887";"27:5:1";"Exp60_51_IS5867";"Exp60_51_IS5867";NA;"2023-09-24 15:17:00";75973,1
"883888";"27:5:1";"Exp60_51_IS5867";"Exp60_51_IS5867";NA;"2023-09-24 15:31:00";75965,6
"883889";"27:5:1";"Exp60_51_IS5867";"Exp60_51_IS5867";NA;"2023-09-24 15:47:00";75960,5
"883890";"27:5:1";"Exp60_51_IS5867";"Exp60_51_IS5867";NA;"2023-09-24 16:01:00";75948,5
"883891";"27:5:1";"Exp60_51_IS5867";"Exp60_51_IS5867";NA;"2023-09-24 22:31:00";76069,8
"883892";"27:5:1";"Exp60_51_IS5867";"Exp60_51_IS5867";NA;"2023-09-24 22:47:00";76071,6
"883893";"27:5:1";"Exp60_51_IS5867";"Exp60_51_IS5867";NA;"2023-09-24 23:01:00";76069,1
"883894";"27:5:1";"Exp60_51_IS5867";"Exp60_51_IS5867";NA;"2023-09-24 23:17:00";76066,7
"883895";"27:5:1";"Exp60_51_IS5867";"Exp60_51_IS5867";NA;"2023-09-24 23:31:00";76066,5
"883896";"27:5:1";"Exp60_51_IS5867";"Exp60_51_IS5867";NA;"2023-09-24 23:47:00";76065,9
"883897";"27:5:1";"Exp60_51_IS5867";"Exp60_51_IS5867";NA;"2023-09-25 00:01:00";76065,9
"883898";"27:5:1";"Exp60_51_IS5867";"Exp60_51_IS5867";NA;"2023-09-25 00:17:00";76065,9
"883899";"27:5:1";"Exp60_51_IS5867";"Exp60_51_IS5867";NA;"2023-09-25 00:31:00";76068,8
"883900";"27:5:1";"Exp60_51_IS5867";"Exp60_51_IS5867";NA;"2023-09-25 00:47:00";76069,9
"883901";"27:5:1";"Exp60_51_IS5867";"Exp60_51_IS5867";NA;"2023-09-25 01:01:00";76068,4
"883902";"27:5:1";"Exp60_51_IS5867";"Exp60_51_IS5867";NA;"2023-09-25 01:17:00";76064,9
"883903";"27:5:1";"Exp60_51_IS5867";"Exp60_51_IS5867";NA;"2023-09-25 01:31:00";76070,6
"883904";"27:5:1";"Exp60_51_IS5867";"Exp60_51_IS5867";NA;"2023-09-25 01:47:00";76068,1
"883905";"27:5:1";"Exp60_51_IS5867";"Exp60_51_IS5867";NA;"2023-09-25 02:01:00";76065,7
"883906";"27:5:1";"Exp60_51_IS5867";"Exp60_51_IS5867";NA;"2023-09-25 03:02:00";76063,5
"883907";"27:5:1";"Exp60_51_IS5867";"Exp60_51_IS5867";NA;"2023-09-25 03:16:00";76064
"883908";"27:5:1";"Exp60_51_IS5867";"Exp60_51_IS5867";NA;"2023-09-25 04:32:00";76059,8
"883909";"27:5:1";"Exp60_51_IS5867";"Exp60_51_IS5867";NA;"2023-09-25 04:46:00";76061,9
"883910";"27:5:1";"Exp60_51_IS5867";"Exp60_51_IS5867";NA;"2023-09-25 05:17:00";76060,1
"883911";"27:5:1";"Exp60_51_IS5867";"Exp60_51_IS5867";NA;"2023-09-25 05:31:00";76058,7
"883912";"27:5:1";"Exp60_51_IS5867";"Exp60_51_IS5867";NA;"2023-09-25 05:47:00";76058,3
"883913";"27:5:1";"Exp60_51_IS5867";"Exp60_51_IS5867";NA;"2023-09-25 06:01:00";76057,7
"883914";"27:5:1";"Exp60_51_IS5867";"Exp60_51_IS5867";NA;"2023-09-25 06:17:00";76057,7
"883915";"27:5:1";"Exp60_51_IS5867";"Exp60_51_IS5867";NA;"2023-09-25 06:31:00";76057,8
"883916";"27:5:1";"Exp60_51_IS5867";"Exp60_51_IS5867";NA;"2023-09-25 06:47:00";76059,7
"883917";"27:5:1";"Exp60_51_IS5867";"Exp60_51_IS5867";NA;"2023-09-25 07:01:00";76056,5
"883918";"27:5:1";"Exp60_51_IS5867";"Exp60_51_IS5867";NA;"2023-09-25 07:17:00";76053,7
"883919";"27:5:1";"Exp60_51_IS5867";"Exp60_51_IS5867";NA;"2023-09-25 07:31:00";76051,3
"883920";"27:5:1";"Exp60_51_IS5867";"Exp60_51_IS5867";NA;"2023-09-25 07:47:00";76048,9
"883921";"27:5:1";"Exp60_51_IS5867";"Exp60_51_IS5867";NA;"2023-09-25 08:01:00";76044,3
"883922";"27:5:1";"Exp60_51_IS5867";"Exp60_51_IS5867";NA;"2023-09-25 14:46:00";75723,5
"883923";"27:5:1";"Exp60_51_IS5867";"Exp60_51_IS5867";NA;"2023-09-25 15:02:00";75725,7
"883924";"27:5:1";"Exp60_51_IS5867";"Exp60_51_IS5867";NA;"2023-09-25 15:16:00";75729,5
"883925";"27:5:1";"Exp60_51_IS5867";"Exp60_51_IS5867";NA;"2023-09-25 15:32:00";75713,3
"883926";"27:5:1";"Exp60_51_IS5867";"Exp60_51_IS5867";NA;"2023-09-25 15:46:00";75703,2
"883927";"27:5:1";"Exp60_51_IS5867";"Exp60_51_IS5867";NA;"2023-09-25 16:02:00";75690,9
"883928";"27:5:1";"Exp60_51_IS5867";"Exp60_51_IS5867";NA;"2023-09-25 17:16:00";75689,6
"883929";"27:5:1";"Exp60_51_IS5867";"Exp60_51_IS5867";NA;"2023-09-25 17:32:00";75689,1
"883930";"27:5:1";"Exp60_51_IS5867";"Exp60_51_IS5867";NA;"2023-09-25 17:46:00";75686,8
"883931";"27:5:1";"Exp60_51_IS5867";"Exp60_51_IS5867";NA;"2023-09-25 18:02:00";75688,8
"883932";"27:5:1";"Exp60_51_IS5867";"Exp60_51_IS5867";NA;"2023-09-25 19:01:00";75690,2
"883933";"27:5:1";"Exp60_51_IS5867";"Exp60_51_IS5867";NA;"2023-09-25 19:17:00";75690,9
"883934";"27:5:1";"Exp60_51_IS5867";"Exp60_51_IS5867";NA;"2023-09-25 19:31:00";75688,4
"883935";"27:5:1";"Exp60_51_IS5867";"Exp60_51_IS5867";NA;"2023-09-25 19:47:00";75689,6
"883936";"27:5:1";"Exp60_51_IS5867";"Exp60_51_IS5867";NA;"2023-09-25 20:01:00";75689,4
"883937";"27:5:1";"Exp60_51_IS5867";"Exp60_51_IS5867";NA;"2023-09-25 20:17:00";75687,5
"883938";"27:5:1";"Exp60_51_IS5867";"Exp60_51_IS5867";NA;"2023-09-25 20:31:00";75689,9
"883939";"27:5:1";"Exp60_51_IS5867";"Exp60_51_IS5867";NA;"2023-09-25 20:47:00";75686,2
"883940";"27:5:1";"Exp60_51_IS5867";"Exp60_51_IS5867";NA;"2023-09-25 21:16:00";75687,2
"883941";"27:5:1";"Exp60_51_IS5867";"Exp60_51_IS5867";NA;"2023-09-25 21:32:00";75689,2
"883942";"27:5:1";"Exp60_51_IS5867";"Exp60_51_IS5867";NA;"2023-09-25 21:46:00";75689,7
"883943";"27:5:1";"Exp60_51_IS5867";"Exp60_51_IS5867";NA;"2023-09-25 22:02:00";75689,8
"883944";"27:5:1";"Exp60_51_IS5867";"Exp60_51_IS5867";NA;"2023-09-25 22:16:00";75688,8
"883945";"27:5:1";"Exp60_51_IS5867";"Exp60_51_IS5867";NA;"2023-09-25 22:32:00";75687,6
"883946";"27:5:1";"Exp60_51_IS5867";"Exp60_51_IS5867";NA;"2023-09-25 22:46:00";75687,7
"883947";"27:5:1";"Exp60_51_IS5867";"Exp60_51_IS5867";NA;"2023-09-25 23:02:00";75684,6
"883948";"27:5:1";"Exp60_51_IS5867";"Exp60_51_IS5867";NA;"2023-09-25 23:16:00";75684,9
"883949";"27:5:1";"Exp60_51_IS5867";"Exp60_51_IS5867";NA;"2023-09-25 23:32:00";75686,2
"883950";"27:5:1";"Exp60_51_IS5867";"Exp60_51_IS5867";NA;"2023-09-25 23:46:00";75688
"883951";"27:5:1";"Exp60_51_IS5867";"Exp60_51_IS5867";NA;"2023-09-26 00:02:00";75688,1
"883952";"27:5:1";"Exp60_51_IS5867";"Exp60_51_IS5867";NA;"2023-09-26 00:16:00";75688,8
"883953";"27:5:1";"Exp60_51_IS5867";"Exp60_51_IS5867";NA;"2023-09-26 00:32:00";75687,5
"883954";"27:5:1";"Exp60_51_IS5867";"Exp60_51_IS5867";NA;"2023-09-26 00:46:00";75681,7
"883955";"27:5:1";"Exp60_51_IS5867";"Exp60_51_IS5867";NA;"2023-09-26 01:02:00";75676,7
"883956";"27:5:1";"Exp60_51_IS5867";"Exp60_51_IS5867";NA;"2023-09-26 01:16:00";75677
"883957";"27:5:1";"Exp60_51_IS5867";"Exp60_51_IS5867";NA;"2023-09-26 01:32:00";75674,5
"883958";"27:5:1";"Exp60_51_IS5867";"Exp60_51_IS5867";NA;"2023-09-26 01:46:00";75675,2
"883959";"27:5:1";"Exp60_51_IS5867";"Exp60_51_IS5867";NA;"2023-09-26 02:02:00";75675,1
"883960";"27:5:1";"Exp60_51_IS5867";"Exp60_51_IS5867";NA;"2023-09-26 02:16:00";75678,2
"883961";"27:5:1";"Exp60_51_IS5867";"Exp60_51_IS5867";NA;"2023-09-26 02:32:00";75674,4
"883962";"27:5:1";"Exp60_51_IS5867";"Exp60_51_IS5867";NA;"2023-09-26 02:46:00";75669,6
"883963";"27:5:1";"Exp60_51_IS5867";"Exp60_51_IS5867";NA;"2023-09-26 03:02:00";75667,5
"883964";"27:5:1";"Exp60_51_IS5867";"Exp60_51_IS5867";NA;"2023-09-26 03:16:00";75670
"883965";"27:5:1";"Exp60_51_IS5867";"Exp60_51_IS5867";NA;"2023-09-26 03:32:00";75668,9
"883966";"27:5:1";"Exp60_51_IS5867";"Exp60_51_IS5867";NA;"2023-09-26 03:46:00";75668,9
"883967";"27:5:1";"Exp60_51_IS5867";"Exp60_51_IS5867";NA;"2023-09-26 04:02:00";75669,5
"883968";"27:5:1";"Exp60_51_IS5867";"Exp60_51_IS5867";NA;"2023-09-26 04:16:00";75663,6
"883969";"27:5:1";"Exp60_51_IS5867";"Exp60_51_IS5867";NA;"2023-09-26 04:32:00";75662,7
"883970";"27:5:1";"Exp60_51_IS5867";"Exp60_51_IS5867";NA;"2023-09-26 04:46:00";75663,6
"883971";"27:5:1";"Exp60_51_IS5867";"Exp60_51_IS5867";NA;"2023-09-26 05:02:00";75662,7
"883972";"27:5:1";"Exp60_51_IS5867";"Exp60_51_IS5867";NA;"2023-09-26 05:16:00";75659,7
"883973";"27:5:1";"Exp60_51_IS5867";"Exp60_51_IS5867";NA;"2023-09-26 05:32:00";75661,7
"883974";"27:5:1";"Exp60_51_IS5867";"Exp60_51_IS5867";NA;"2023-09-26 05:46:00";75658,2
"883975";"27:5:1";"Exp60_51_IS5867";"Exp60_51_IS5867";NA;"2023-09-26 06:02:00";75658,3
"883976";"27:5:1";"Exp60_51_IS5867";"Exp60_51_IS5867";NA;"2023-09-26 06:16:00";75658,5
"883977";"27:5:1";"Exp60_51_IS5867";"Exp60_51_IS5867";NA;"2023-09-26 06:32:00";75655,4
"883978";"27:5:1";"Exp60_51_IS5867";"Exp60_51_IS5867";NA;"2023-09-26 06:46:00";75654,8
"883979";"27:5:1";"Exp60_51_IS5867";"Exp60_51_IS5867";NA;"2023-09-26 07:02:00";75653,7
"883980";"27:5:1";"Exp60_51_IS5867";"Exp60_51_IS5867";NA;"2023-09-26 07:16:00";75654
"883981";"27:5:1";"Exp60_51_IS5867";"Exp60_51_IS5867";NA;"2023-09-26 07:47:00";75648,8
"883982";"27:5:1";"Exp60_51_IS5867";"Exp60_51_IS5867";NA;"2023-09-26 08:01:00";75648,6
"883983";"27:5:1";"Exp60_51_IS5867";"Exp60_51_IS5867";NA;"2023-09-26 08:17:00";75641,8
"883984";"27:5:1";"Exp60_51_IS5867";"Exp60_51_IS5867";NA;"2023-09-26 08:31:00";75636,5
"883985";"27:5:1";"Exp60_51_IS5867";"Exp60_51_IS5867";NA;"2023-09-26 09:02:00";75627,5
"883986";"27:5:1";"Exp60_51_IS5867";"Exp60_51_IS5867";NA;"2023-09-26 09:16:00";75621,5
"883987";"27:5:1";"Exp60_51_IS5867";"Exp60_51_IS5867";NA;"2023-09-26 09:32:00";75613,1
"883988";"27:5:1";"Exp60_51_IS5867";"Exp60_51_IS5867";NA;"2023-09-26 09:46:00";75581,1
"883989";"27:5:1";"Exp60_51_IS5867";"Exp60_51_IS5867";NA;"2023-09-26 10:02:00";75569,9
"883990";"27:5:1";"Exp60_51_IS5867";"Exp60_51_IS5867";NA;"2023-09-26 10:16:00";75553,2
"883991";"27:5:1";"Exp60_51_IS5867";"Exp60_51_IS5867";NA;"2023-09-26 10:32:00";75536,2
"883992";"27:5:1";"Exp60_51_IS5867";"Exp60_51_IS5867";NA;"2023-09-26 10:46:00";75525,2
"883993";"27:5:1";"Exp60_51_IS5867";"Exp60_51_IS5867";NA;"2023-09-26 11:02:00";75512,2
"883994";"27:5:1";"Exp60_51_IS5867";"Exp60_51_IS5867";NA;"2023-09-26 11:16:00";75494,5
"883995";"27:5:1";"Exp60_51_IS5867";"Exp60_51_IS5867";NA;"2023-09-26 11:47:00";75487,7
"883996";"27:5:1";"Exp60_51_IS5867";"Exp60_51_IS5867";NA;"2023-09-26 12:01:00";75476,9
"883997";"27:5:1";"Exp60_51_IS5867";"Exp60_51_IS5867";NA;"2023-09-26 12:17:00";75453,1
"883998";"27:5:1";"Exp60_51_IS5867";"Exp60_51_IS5867";NA;"2023-09-26 12:31:00";75436
"883999";"27:5:1";"Exp60_51_IS5867";"Exp60_51_IS5867";NA;"2023-09-26 12:47:00";75418,8
"884000";"27:5:1";"Exp60_51_IS5867";"Exp60_51_IS5867";NA;"2023-09-26 13:01:00";75403,2
"884001";"27:5:1";"Exp60_51_IS5867";"Exp60_51_IS5867";NA;"2023-09-26 13:32:00";75389,2
"884002";"27:5:1";"Exp60_51_IS5867";"Exp60_51_IS5867";NA;"2023-09-26 13:46:00";75381,9
"884003";"27:5:1";"Exp60_51_IS5867";"Exp60_51_IS5867";NA;"2023-09-26 14:02:00";75372,8
"884004";"27:5:1";"Exp60_51_IS5867";"Exp60_51_IS5867";NA;"2023-09-26 14:16:00";75360,9
"884005";"27:5:1";"Exp60_51_IS5867";"Exp60_51_IS5867";NA;"2023-09-26 14:32:00";75350,9
"884006";"27:5:1";"Exp60_51_IS5867";"Exp60_51_IS5867";NA;"2023-09-26 14:46:00";75337,8
"884007";"27:5:1";"Exp60_51_IS5867";"Exp60_51_IS5867";NA;"2023-09-26 15:02:00";75319,6
"884008";"27:5:1";"Exp60_51_IS5867";"Exp60_51_IS5867";NA;"2023-09-26 15:16:00";75310,1
"884009";"27:5:1";"Exp60_51_IS5867";"Exp60_51_IS5867";NA;"2023-09-26 15:32:00";75304,1
"884010";"27:5:1";"Exp60_51_IS5867";"Exp60_51_IS5867";NA;"2023-09-26 15:46:00";75331,6
"884011";"27:5:1";"Exp60_51_IS5867";"Exp60_51_IS5867";NA;"2023-09-26 16:02:00";75979,6
"884012";"27:5:1";"Exp60_51_IS5867";"Exp60_51_IS5867";NA;"2023-09-26 16:16:00";76378
"884013";"27:5:1";"Exp60_51_IS5867";"Exp60_51_IS5867";NA;"2023-09-26 22:01:00";76325,3
"884014";"27:5:1";"Exp60_51_IS5867";"Exp60_51_IS5867";NA;"2023-09-26 22:17:00";76322,7
"884015";"27:5:1";"Exp60_51_IS5867";"Exp60_51_IS5867";NA;"2023-09-26 22:31:00";76322,1
"884016";"27:5:1";"Exp60_51_IS5867";"Exp60_51_IS5867";NA;"2023-09-26 22:47:00";76320,1
"884017";"27:5:1";"Exp60_51_IS5867";"Exp60_51_IS5867";NA;"2023-09-26 23:01:00";76317,7
"884018";"27:5:1";"Exp60_51_IS5867";"Exp60_51_IS5867";NA;"2023-09-26 23:17:00";76317,1
"884019";"27:5:1";"Exp60_51_IS5867";"Exp60_51_IS5867";NA;"2023-09-26 23:31:00";76318,7
"884020";"27:5:1";"Exp60_51_IS5867";"Exp60_51_IS5867";NA;"2023-09-26 23:47:00";76314,4
"884021";"27:5:1";"Exp60_51_IS5867";"Exp60_51_IS5867";NA;"2023-09-27 00:31:00";76311,9
"884022";"27:5:1";"Exp60_51_IS5867";"Exp60_51_IS5867";NA;"2023-09-27 00:47:00";76311,7
"884023";"27:5:1";"Exp60_51_IS5867";"Exp60_51_IS5867";NA;"2023-09-27 01:01:00";76312,6
"884024";"27:5:1";"Exp60_51_IS5867";"Exp60_51_IS5867";NA;"2023-09-27 01:17:00";76313,3
"884025";"27:5:1";"Exp60_51_IS5867";"Exp60_51_IS5867";NA;"2023-09-27 01:31:00";76312,6
"884026";"27:5:1";"Exp60_51_IS5867";"Exp60_51_IS5867";NA;"2023-09-27 01:47:00";76311
"884027";"27:5:1";"Exp60_51_IS5867";"Exp60_51_IS5867";NA;"2023-09-27 02:01:00";76307,1
"884028";"27:5:1";"Exp60_51_IS5867";"Exp60_51_IS5867";NA;"2023-09-27 02:17:00";76308,9
"884029";"27:5:1";"Exp60_51_IS5867";"Exp60_51_IS5867";NA;"2023-09-27 02:31:00";76305,1
"884030";"27:5:1";"Exp60_51_IS5867";"Exp60_51_IS5867";NA;"2023-09-27 02:47:00";76307,1
"884031";"27:5:1";"Exp60_51_IS5867";"Exp60_51_IS5867";NA;"2023-09-27 03:01:00";76308,1
"884032";"27:5:1";"Exp60_51_IS5867";"Exp60_51_IS5867";NA;"2023-09-27 03:17:00";76306,1
"884033";"27:5:1";"Exp60_51_IS5867";"Exp60_51_IS5867";NA;"2023-09-27 03:31:00";76307,6
"884034";"27:5:1";"Exp60_51_IS5867";"Exp60_51_IS5867";NA;"2023-09-27 03:47:00";76305,7
"884035";"27:5:1";"Exp60_51_IS5867";"Exp60_51_IS5867";NA;"2023-09-27 04:01:00";76305,8
"884036";"27:5:1";"Exp60_51_IS5867";"Exp60_51_IS5867";NA;"2023-09-27 04:17:00";76307,2
"884037";"27:5:1";"Exp60_51_IS5867";"Exp60_51_IS5867";NA;"2023-09-27 04:31:00";76303,6
"884038";"27:5:1";"Exp60_51_IS5867";"Exp60_51_IS5867";NA;"2023-09-27 04:47:00";76302,8
"884039";"27:5:1";"Exp60_51_IS5867";"Exp60_51_IS5867";NA;"2023-09-27 05:01:00";76305,5
"884040";"27:5:1";"Exp60_51_IS5867";"Exp60_51_IS5867";NA;"2023-09-27 05:17:00";76305,3
"884041";"27:5:1";"Exp60_51_IS5867";"Exp60_51_IS5867";NA;"2023-09-27 05:31:00";76305,1
"884042";"27:5:1";"Exp60_51_IS5867";"Exp60_51_IS5867";NA;"2023-09-27 05:47:00";76305,7
"884043";"27:5:1";"Exp60_51_IS5867";"Exp60_51_IS5867";NA;"2023-09-27 06:01:00";76303,5
"884044";"27:5:1";"Exp60_51_IS5867";"Exp60_51_IS5867";NA;"2023-09-27 06:17:00";76302,2
"884045";"27:5:1";"Exp60_51_IS5867";"Exp60_51_IS5867";NA;"2023-09-27 06:31:00";76301,6
"884046";"27:5:1";"Exp60_51_IS5867";"Exp60_51_IS5867";NA;"2023-09-27 06:47:00";76305
"884047";"27:5:1";"Exp60_51_IS5867";"Exp60_51_IS5867";NA;"2023-09-27 07:01:00";76303,9
"884048";"27:5:1";"Exp60_51_IS5867";"Exp60_51_IS5867";NA;"2023-09-27 07:32:00";76298,5
"884049";"27:5:1";"Exp60_51_IS5867";"Exp60_51_IS5867";NA;"2023-09-27 07:46:00";76293,1
"884050";"27:5:1";"Exp60_51_IS5867";"Exp60_51_IS5867";NA;"2023-09-27 08:02:00";76281,1
"884051";"27:5:1";"Exp60_51_IS5867";"Exp60_51_IS5867";NA;"2023-09-27 08:16:00";76272,7
"884052";"27:5:1";"Exp60_51_IS5867";"Exp60_51_IS5867";NA;"2023-09-27 08:32:00";76261,1
"884053";"27:5:1";"Exp60_51_IS5867";"Exp60_51_IS5867";NA;"2023-09-27 08:46:00";76251,9
"884054";"27:5:1";"Exp60_51_IS5867";"Exp60_51_IS5867";NA;"2023-09-27 09:02:00";76239,1
"884055";"27:5:1";"Exp60_51_IS5867";"Exp60_51_IS5867";NA;"2023-09-27 09:16:00";76220,1
"884056";"27:5:1";"Exp60_51_IS5867";"Exp60_51_IS5867";NA;"2023-09-27 15:46:00";76642,6
"884057";"27:5:1";"Exp60_51_IS5867";"Exp60_51_IS5867";NA;"2023-09-27 16:02:00";77243,7
"884058";"27:5:1";"Exp60_51_IS5867";"Exp60_51_IS5867";NA;"2023-09-27 16:16:00";77406,7
"884059";"27:5:1";"Exp60_51_IS5867";"Exp60_51_IS5867";NA;"2023-09-27 16:32:00";77260,1
"884060";"27:5:1";"Exp60_51_IS5867";"Exp60_51_IS5867";NA;"2023-09-27 16:46:00";77157,3
"884061";"27:5:1";"Exp60_51_IS5867";"Exp60_51_IS5867";NA;"2023-09-27 17:17:00";76990,3
"884062";"27:5:1";"Exp60_51_IS5867";"Exp60_51_IS5867";NA;"2023-09-27 17:31:00";76923,8
"884063";"27:5:1";"Exp60_51_IS5867";"Exp60_51_IS5867";NA;"2023-09-27 17:47:00";76874,3
"884064";"27:5:1";"Exp60_51_IS5867";"Exp60_51_IS5867";NA;"2023-09-27 18:01:00";76833,7
"884065";"27:5:1";"Exp60_51_IS5867";"Exp60_51_IS5867";NA;"2023-09-27 18:17:00";76795,6
"884066";"27:5:1";"Exp60_51_IS5867";"Exp60_51_IS5867";NA;"2023-09-27 18:31:00";76756,9
"884067";"27:5:1";"Exp60_51_IS5867";"Exp60_51_IS5867";NA;"2023-09-27 18:47:00";76719,1
"884068";"27:5:1";"Exp60_51_IS5867";"Exp60_51_IS5867";NA;"2023-09-27 19:01:00";76702,4
"884069";"27:5:1";"Exp60_51_IS5867";"Exp60_51_IS5867";NA;"2023-09-27 19:17:00";76683,3
"884070";"27:5:1";"Exp60_51_IS5867";"Exp60_51_IS5867";NA;"2023-09-27 19:31:00";76687,3
"884071";"27:5:1";"Exp60_51_IS5867";"Exp60_51_IS5867";NA;"2023-09-27 19:47:00";76699,2
"884072";"27:5:1";"Exp60_51_IS5867";"Exp60_51_IS5867";NA;"2023-09-27 20:01:00";76693,3
"884073";"27:5:1";"Exp60_51_IS5867";"Exp60_51_IS5867";NA;"2023-09-27 20:17:00";76692,2
"884074";"27:5:1";"Exp60_51_IS5867";"Exp60_51_IS5867";NA;"2023-09-27 20:31:00";76674,3
"884075";"27:5:1";"Exp60_51_IS5867";"Exp60_51_IS5867";NA;"2023-09-27 20:47:00";76659,7
"884076";"27:5:1";"Exp60_51_IS5867";"Exp60_51_IS5867";NA;"2023-09-27 21:01:00";76651,3
"884077";"27:5:1";"Exp60_51_IS5867";"Exp60_51_IS5867";NA;"2023-09-28 01:31:00";76500,5
"884078";"27:5:1";"Exp60_51_IS5867";"Exp60_51_IS5867";NA;"2023-09-28 01:47:00";76495,5
"884079";"27:5:1";"Exp60_51_IS5867";"Exp60_51_IS5867";NA;"2023-09-28 02:01:00";76492,6
"884080";"27:5:1";"Exp60_51_IS5867";"Exp60_51_IS5867";NA;"2023-09-28 02:17:00";76487,2
"884081";"27:5:1";"Exp60_51_IS5867";"Exp60_51_IS5867";NA;"2023-09-28 02:31:00";76484
"884082";"27:5:1";"Exp60_51_IS5867";"Exp60_51_IS5867";NA;"2023-09-28 03:17:00";76466,5
"884083";"27:5:1";"Exp60_51_IS5867";"Exp60_51_IS5867";NA;"2023-09-28 03:31:00";76461,1
"884084";"27:5:1";"Exp60_51_IS5867";"Exp60_51_IS5867";NA;"2023-09-28 03:47:00";76452,1
"884085";"27:5:1";"Exp60_51_IS5867";"Exp60_51_IS5867";NA;"2023-09-28 04:01:00";76448,6
"884086";"27:5:1";"Exp60_51_IS5867";"Exp60_51_IS5867";NA;"2023-09-28 04:17:00";76451,1
"884087";"27:5:1";"Exp60_51_IS5867";"Exp60_51_IS5867";NA;"2023-09-28 04:31:00";76450,9
"884088";"27:5:1";"Exp60_51_IS5867";"Exp60_51_IS5867";NA;"2023-09-28 04:47:00";76449,4
"884089";"27:5:1";"Exp60_51_IS5867";"Exp60_51_IS5867";NA;"2023-09-28 05:01:00";76446,9
"884090";"27:5:1";"Exp60_51_IS5867";"Exp60_51_IS5867";NA;"2023-09-28 05:17:00";76447,3
"884091";"27:5:1";"Exp60_51_IS5867";"Exp60_51_IS5867";NA;"2023-09-28 05:31:00";76446
"884092";"27:5:1";"Exp60_51_IS5867";"Exp60_51_IS5867";NA;"2023-09-28 05:47:00";76446,9
"884093";"27:5:1";"Exp60_51_IS5867";"Exp60_51_IS5867";NA;"2023-09-28 06:01:00";76448,4
"884094";"27:5:1";"Exp60_51_IS5867";"Exp60_51_IS5867";NA;"2023-09-28 06:17:00";76444,2
"884095";"27:5:1";"Exp60_51_IS5867";"Exp60_51_IS5867";NA;"2023-09-28 07:16:00";76440,1
"884096";"27:5:1";"Exp60_51_IS5867";"Exp60_51_IS5867";NA;"2023-09-28 07:32:00";76432,8
"884097";"27:5:1";"Exp60_51_IS5867";"Exp60_51_IS5867";NA;"2023-09-28 08:16:00";76400,8
"884098";"27:5:1";"Exp60_51_IS5867";"Exp60_51_IS5867";NA;"2023-09-28 08:47:00";76363,4
"884099";"27:5:1";"Exp60_51_IS5867";"Exp60_51_IS5867";NA;"2023-09-28 09:01:00";76345,5
"884100";"27:5:1";"Exp60_51_IS5867";"Exp60_51_IS5867";NA;"2023-09-28 16:16:00";75946,7
"884101";"27:5:1";"Exp60_51_IS5867";"Exp60_51_IS5867";NA;"2023-09-28 16:47:00";75931,9
"884102";"27:5:1";"Exp60_51_IS5867";"Exp60_51_IS5867";NA;"2023-09-28 17:01:00";75899,7
"884103";"27:5:1";"Exp60_51_IS5867";"Exp60_51_IS5867";NA;"2023-09-28 17:17:00";75856
"884104";"27:5:1";"Exp60_51_IS5867";"Exp60_51_IS5867";NA;"2023-09-28 17:31:00";75848,4
"884105";"27:5:1";"Exp60_51_IS5867";"Exp60_51_IS5867";NA;"2023-09-28 18:02:00";75845,5
"884106";"27:5:1";"Exp60_51_IS5867";"Exp60_51_IS5867";NA;"2023-09-28 18:16:00";75910,3
"884107";"27:5:1";"Exp60_51_IS5867";"Exp60_51_IS5867";NA;"2023-09-28 18:32:00";76010,7
"884108";"27:5:1";"Exp60_51_IS5867";"Exp60_51_IS5867";NA;"2023-09-28 18:46:00";76025
"884109";"27:5:1";"Exp60_51_IS5867";"Exp60_51_IS5867";NA;"2023-09-28 19:02:00";76024,5
"884110";"27:5:1";"Exp60_51_IS5867";"Exp60_51_IS5867";NA;"2023-09-28 19:16:00";76015,2
"884111";"27:5:1";"Exp60_51_IS5867";"Exp60_51_IS5867";NA;"2023-09-28 19:32:00";76007,8
"884112";"27:5:1";"Exp60_51_IS5867";"Exp60_51_IS5867";NA;"2023-09-28 19:46:00";76000
"884113";"27:5:1";"Exp60_51_IS5867";"Exp60_51_IS5867";NA;"2023-09-28 20:02:00";75995,5
"884114";"27:5:1";"Exp60_51_IS5867";"Exp60_51_IS5867";NA;"2023-09-28 20:16:00";75989,8
"884115";"27:5:1";"Exp60_51_IS5867";"Exp60_51_IS5867";NA;"2023-09-28 20:32:00";75986,7
"884116";"27:5:1";"Exp60_51_IS5867";"Exp60_51_IS5867";NA;"2023-09-28 20:46:00";75985,7
"884117";"27:5:1";"Exp60_51_IS5867";"Exp60_51_IS5867";NA;"2023-09-28 21:02:00";75988,1
"884118";"27:5:1";"Exp60_51_IS5867";"Exp60_51_IS5867";NA;"2023-09-28 21:16:00";75984,6
"884119";"27:5:1";"Exp60_51_IS5867";"Exp60_51_IS5867";NA;"2023-09-28 21:32:00";75980,6
"884120";"27:5:1";"Exp60_51_IS5867";"Exp60_51_IS5867";NA;"2023-09-28 21:46:00";75978
"884121";"27:5:1";"Exp60_51_IS5867";"Exp60_51_IS5867";NA;"2023-09-28 22:17:00";75974
"884122";"27:5:1";"Exp60_51_IS5867";"Exp60_51_IS5867";NA;"2023-09-28 22:31:00";75968
"884123";"27:5:1";"Exp60_51_IS5867";"Exp60_51_IS5867";NA;"2023-09-28 22:47:00";75968,2
"884124";"27:5:1";"Exp60_51_IS5867";"Exp60_51_IS5867";NA;"2023-09-28 23:01:00";75968
"884125";"27:5:1";"Exp60_51_IS5867";"Exp60_51_IS5867";NA;"2023-09-28 23:17:00";75965
"884126";"27:5:1";"Exp60_51_IS5867";"Exp60_51_IS5867";NA;"2023-09-28 23:31:00";75966,8
"884127";"27:5:1";"Exp60_51_IS5867";"Exp60_51_IS5867";NA;"2023-09-29 00:17:00";75960,7
"884128";"27:5:1";"Exp60_51_IS5867";"Exp60_51_IS5867";NA;"2023-09-29 00:31:00";75959,4
"884129";"27:5:1";"Exp60_51_IS5867";"Exp60_51_IS5867";NA;"2023-09-29 00:47:00";75960,1
"884130";"27:5:1";"Exp60_51_IS5867";"Exp60_51_IS5867";NA;"2023-09-29 01:01:00";75960,1
"884131";"27:5:1";"Exp60_51_IS5867";"Exp60_51_IS5867";NA;"2023-09-29 01:17:00";75959,5
"884132";"27:5:1";"Exp60_51_IS5867";"Exp60_51_IS5867";NA;"2023-09-29 01:31:00";75958,4
"884133";"27:5:1";"Exp60_51_IS5867";"Exp60_51_IS5867";NA;"2023-09-29 01:47:00";75955,8
"884134";"27:5:1";"Exp60_51_IS5867";"Exp60_51_IS5867";NA;"2023-09-29 02:01:00";75956
"884135";"27:5:1";"Exp60_51_IS5867";"Exp60_51_IS5867";NA;"2023-09-29 02:17:00";75957,2
"884136";"27:5:1";"Exp60_51_IS5867";"Exp60_51_IS5867";NA;"2023-09-29 02:31:00";75953,3
"884137";"27:5:1";"Exp60_51_IS5867";"Exp60_51_IS5867";NA;"2023-09-29 02:47:00";75953
"884138";"27:5:1";"Exp60_51_IS5867";"Exp60_51_IS5867";NA;"2023-09-29 03:01:00";75956,4
"884139";"27:5:1";"Exp60_51_IS5867";"Exp60_51_IS5867";NA;"2023-09-29 03:47:00";75953,2
"884140";"27:5:1";"Exp60_51_IS5867";"Exp60_51_IS5867";NA;"2023-09-29 04:01:00";75951,9
"884141";"27:5:1";"Exp60_51_IS5867";"Exp60_51_IS5867";NA;"2023-09-29 04:17:00";75950,8
"884142";"27:5:1";"Exp60_51_IS5867";"Exp60_51_IS5867";NA;"2023-09-29 04:31:00";75952
"884143";"27:5:1";"Exp60_51_IS5867";"Exp60_51_IS5867";NA;"2023-09-29 12:31:00";75832,1
"884144";"27:5:1";"Exp60_51_IS5867";"Exp60_51_IS5867";NA;"2023-09-29 18:46:00";75688,9
"884145";"27:5:1";"Exp60_51_IS5867";"Exp60_51_IS5867";NA;"2023-09-29 19:17:00";75689,4
"884146";"27:5:1";"Exp60_51_IS5867";"Exp60_51_IS5867";NA;"2023-09-29 19:31:00";75681,7
"884147";"27:5:1";"Exp60_51_IS5867";"Exp60_51_IS5867";NA;"2023-09-29 19:47:00";75681,2
"884148";"27:5:1";"Exp60_51_IS5867";"Exp60_51_IS5867";NA;"2023-09-29 20:01:00";75691,4
"884149";"27:5:1";"Exp60_51_IS5867";"Exp60_51_IS5867";NA;"2023-09-29 20:17:00";75688,1
"884150";"27:5:1";"Exp60_51_IS5867";"Exp60_51_IS5867";NA;"2023-09-29 20:31:00";75683,3
"884151";"27:5:1";"Exp60_51_IS5867";"Exp60_51_IS5867";NA;"2023-09-29 21:02:00";75682,2
"884152";"27:5:1";"Exp60_51_IS5867";"Exp60_51_IS5867";NA;"2023-09-29 21:16:00";75681,2
"884153";"27:5:1";"Exp60_51_IS5867";"Exp60_51_IS5867";NA;"2023-09-29 21:32:00";75679,8
"884154";"27:5:1";"Exp60_51_IS5867";"Exp60_51_IS5867";NA;"2023-09-29 21:46:00";75678,6
"884155";"27:5:1";"Exp60_51_IS5867";"Exp60_51_IS5867";NA;"2023-09-29 22:02:00";75679,8
"884156";"27:5:1";"Exp60_51_IS5867";"Exp60_51_IS5867";NA;"2023-09-29 22:16:00";75676,4
"884157";"27:5:1";"Exp60_51_IS5867";"Exp60_51_IS5867";NA;"2023-09-29 22:32:00";75674,7
"884158";"27:5:1";"Exp60_51_IS5867";"Exp60_51_IS5867";NA;"2023-09-29 22:46:00";75676,3
"884159";"27:5:1";"Exp60_51_IS5867";"Exp60_51_IS5867";NA;"2023-09-29 23:02:00";75675,7
"884160";"27:5:1";"Exp60_51_IS5867";"Exp60_51_IS5867";NA;"2023-09-29 23:16:00";75672,3
"884161";"27:5:1";"Exp60_51_IS5867";"Exp60_51_IS5867";NA;"2023-09-29 23:32:00";75675,1
"884162";"27:5:1";"Exp60_51_IS5867";"Exp60_51_IS5867";NA;"2023-09-29 23:46:00";75672,1
"884163";"27:5:1";"Exp60_51_IS5867";"Exp60_51_IS5867";NA;"2023-09-30 00:02:00";75673,9
"884164";"27:5:1";"Exp60_51_IS5867";"Exp60_51_IS5867";NA;"2023-09-30 00:16:00";75674,8
"884165";"27:5:1";"Exp60_51_IS5867";"Exp60_51_IS5867";NA;"2023-09-30 00:32:00";75675,1
"884166";"27:5:1";"Exp60_51_IS5867";"Exp60_51_IS5867";NA;"2023-09-30 00:46:00";75671,8
"884167";"27:5:1";"Exp60_51_IS5867";"Exp60_51_IS5867";NA;"2023-09-30 01:02:00";75672,5
"884168";"27:5:1";"Exp60_51_IS5867";"Exp60_51_IS5867";NA;"2023-09-30 01:16:00";75674,1
"884169";"27:5:1";"Exp60_51_IS5867";"Exp60_51_IS5867";NA;"2023-09-30 01:32:00";75668,8
"884170";"27:5:1";"Exp60_51_IS5867";"Exp60_51_IS5867";NA;"2023-09-30 01:46:00";75803,7
"884171";"27:5:1";"Exp60_51_IS5867";"Exp60_51_IS5867";NA;"2023-09-30 08:46:00";75800,1
"884172";"27:5:1";"Exp60_51_IS5867";"Exp60_51_IS5867";NA;"2023-09-30 09:02:00";75792,2
"884173";"27:5:1";"Exp60_51_IS5867";"Exp60_51_IS5867";NA;"2023-09-30 09:16:00";75771,5
"884174";"27:5:1";"Exp60_51_IS5867";"Exp60_51_IS5867";NA;"2023-09-30 09:32:00";75748,2
"884175";"27:5:1";"Exp60_51_IS5867";"Exp60_51_IS5867";NA;"2023-09-30 09:46:00";75723,4
"884176";"27:5:1";"Exp60_51_IS5867";"Exp60_51_IS5867";NA;"2023-09-30 10:02:00";75694,9
"884177";"27:5:1";"Exp60_51_IS5867";"Exp60_51_IS5867";NA;"2023-09-30 10:16:00";75681,9
"884178";"27:5:1";"Exp60_51_IS5867";"Exp60_51_IS5867";NA;"2023-09-30 10:32:00";75668,8
"884179";"27:5:1";"Exp60_51_IS5867";"Exp60_51_IS5867";NA;"2023-09-30 10:46:00";75667,2
"884180";"27:5:1";"Exp60_51_IS5867";"Exp60_51_IS5867";NA;"2023-09-30 11:02:00";75641
"884181";"27:5:1";"Exp60_51_IS5867";"Exp60_51_IS5867";NA;"2023-09-30 11:16:00";75636,4
"884182";"27:5:1";"Exp60_51_IS5867";"Exp60_51_IS5867";NA;"2023-09-30 11:32:00";75591,8
"884183";"27:5:1";"Exp60_51_IS5867";"Exp60_51_IS5867";NA;"2023-09-30 11:46:00";75606
"884184";"27:5:1";"Exp60_51_IS5867";"Exp60_51_IS5867";NA;"2023-09-30 19:01:00";76806,5
"884185";"27:5:1";"Exp60_51_IS5867";"Exp60_51_IS5867";NA;"2023-09-30 19:17:00";76788
"884186";"27:5:1";"Exp60_51_IS5867";"Exp60_51_IS5867";NA;"2023-09-30 19:31:00";76770,7
"884187";"27:5:1";"Exp60_51_IS5867";"Exp60_51_IS5867";NA;"2023-09-30 19:47:00";76756,1
"884188";"27:5:1";"Exp60_51_IS5867";"Exp60_51_IS5867";NA;"2023-09-30 20:01:00";76743,4
"884189";"27:5:1";"Exp60_51_IS5867";"Exp60_51_IS5867";NA;"2023-09-30 20:17:00";76732,5
"884190";"27:5:1";"Exp60_51_IS5867";"Exp60_51_IS5867";NA;"2023-09-30 20:31:00";76719,3
"884191";"27:5:1";"Exp60_51_IS5867";"Exp60_51_IS5867";NA;"2023-09-30 20:47:00";76708,7
"884192";"27:5:1";"Exp60_51_IS5867";"Exp60_51_IS5867";NA;"2023-09-30 21:01:00";76700,8
"884193";"27:5:1";"Exp60_51_IS5867";"Exp60_51_IS5867";NA;"2023-09-30 21:32:00";76686,7
"884194";"27:5:1";"Exp60_51_IS5867";"Exp60_51_IS5867";NA;"2023-09-30 21:46:00";76677,4
"884195";"27:5:1";"Exp60_51_IS5867";"Exp60_51_IS5867";NA;"2023-09-30 22:02:00";76669,2
"884196";"27:5:1";"Exp60_51_IS5867";"Exp60_51_IS5867";NA;"2023-09-30 22:16:00";76657,2
"884197";"27:5:1";"Exp60_51_IS5867";"Exp60_51_IS5867";NA;"2023-09-30 22:32:00";76647,5
"884198";"27:5:1";"Exp60_51_IS5867";"Exp60_51_IS5867";NA;"2023-09-30 22:46:00";76637,8
"884199";"27:5:1";"Exp60_51_IS5867";"Exp60_51_IS5867";NA;"2023-09-30 23:02:00";76634,8
"884200";"27:5:1";"Exp60_51_IS5867";"Exp60_51_IS5867";NA;"2023-09-30 23:16:00";76629,3
"884201";"27:5:1";"Exp60_51_IS5867";"Exp60_51_IS5867";NA;"2023-09-30 23:32:00";76621,8
"884202";"27:5:1";"Exp60_51_IS5867";"Exp60_51_IS5867";NA;"2023-09-30 23:46:00";76615,9
"884203";"27:5:1";"Exp60_51_IS5867";"Exp60_51_IS5867";NA;"2023-10-01 00:02:00";76610,5
"884204";"27:5:1";"Exp60_51_IS5867";"Exp60_51_IS5867";NA;"2023-10-01 00:16:00";76601,3
"884205";"27:5:1";"Exp60_51_IS5867";"Exp60_51_IS5867";NA;"2023-10-01 00:32:00";76600,4
"884206";"27:5:1";"Exp60_51_IS5867";"Exp60_51_IS5867";NA;"2023-10-01 01:16:00";76585,9
"884207";"27:5:1";"Exp60_51_IS5867";"Exp60_51_IS5867";NA;"2023-10-01 01:32:00";76582,9
"884208";"27:5:1";"Exp60_51_IS5867";"Exp60_51_IS5867";NA;"2023-10-01 01:46:00";76578,9
"884209";"27:5:1";"Exp60_51_IS5867";"Exp60_51_IS5867";NA;"2023-10-01 02:02:00";76578,1
"884210";"27:5:1";"Exp60_51_IS5867";"Exp60_51_IS5867";NA;"2023-10-01 02:16:00";76581,7
"884211";"27:5:1";"Exp60_51_IS5867";"Exp60_51_IS5867";NA;"2023-10-01 02:32:00";76578,3
"884212";"27:5:1";"Exp60_51_IS5867";"Exp60_51_IS5867";NA;"2023-10-01 02:46:00";76576,6
"884213";"27:5:1";"Exp60_51_IS5867";"Exp60_51_IS5867";NA;"2023-10-01 09:31:00";76459,1
"884214";"27:5:1";"Exp60_51_IS5867";"Exp60_51_IS5867";NA;"2023-10-01 09:47:00";76435,6
"884215";"27:5:1";"Exp60_51_IS5867";"Exp60_51_IS5867";NA;"2023-10-01 10:01:00";76422,1
"884216";"27:5:1";"Exp60_51_IS5867";"Exp60_51_IS5867";NA;"2023-10-01 10:17:00";76406,5
"884217";"27:5:1";"Exp60_51_IS5867";"Exp60_51_IS5867";NA;"2023-10-01 10:31:00";76382,4
"884218";"27:5:1";"Exp60_51_IS5867";"Exp60_51_IS5867";NA;"2023-10-01 10:47:00";76369,9
"884219";"27:5:1";"Exp60_51_IS5867";"Exp60_51_IS5867";NA;"2023-10-01 11:01:00";76339,3
"884220";"27:5:1";"Exp60_51_IS5867";"Exp60_51_IS5867";NA;"2023-10-01 17:46:00";76042,8
"884221";"27:5:1";"Exp60_51_IS5867";"Exp60_51_IS5867";NA;"2023-10-01 18:02:00";76042,5
"884222";"27:5:1";"Exp60_51_IS5867";"Exp60_51_IS5867";NA;"2023-10-01 18:16:00";76044,3
"884223";"27:5:1";"Exp60_51_IS5867";"Exp60_51_IS5867";NA;"2023-10-01 18:32:00";76045
"884224";"27:5:1";"Exp60_51_IS5867";"Exp60_51_IS5867";NA;"2023-10-01 18:46:00";76041,7
"884225";"27:5:1";"Exp60_51_IS5867";"Exp60_51_IS5867";NA;"2023-10-01 19:02:00";76040,8
"884226";"27:5:1";"Exp60_51_IS5867";"Exp60_51_IS5867";NA;"2023-10-01 19:16:00";76039,4
"884227";"27:5:1";"Exp60_51_IS5867";"Exp60_51_IS5867";NA;"2023-10-01 19:32:00";76040,1
"884228";"27:5:1";"Exp60_51_IS5867";"Exp60_51_IS5867";NA;"2023-10-01 19:46:00";76038
"884229";"27:5:1";"Exp60_51_IS5867";"Exp60_51_IS5867";NA;"2023-10-01 20:02:00";76032,3
"884230";"27:5:1";"Exp60_51_IS5867";"Exp60_51_IS5867";NA;"2023-10-01 20:16:00";76033,4
"884231";"27:5:1";"Exp60_51_IS5867";"Exp60_51_IS5867";NA;"2023-10-01 20:32:00";76034,4
"884232";"27:5:1";"Exp60_51_IS5867";"Exp60_51_IS5867";NA;"2023-10-01 20:46:00";76031,9
"884233";"27:5:1";"Exp60_51_IS5867";"Exp60_51_IS5867";NA;"2023-10-01 21:02:00";76029,9
"884234";"27:5:1";"Exp60_51_IS5867";"Exp60_51_IS5867";NA;"2023-10-01 21:16:00";76032,5
"884235";"27:5:1";"Exp60_51_IS5867";"Exp60_51_IS5867";NA;"2023-10-01 21:32:00";76022,1
"884236";"27:5:1";"Exp60_51_IS5867";"Exp60_51_IS5867";NA;"2023-10-01 21:46:00";76024,2
"884237";"27:5:1";"Exp60_51_IS5867";"Exp60_51_IS5867";NA;"2023-10-01 22:02:00";76023
"884238";"27:5:1";"Exp60_51_IS5867";"Exp60_51_IS5867";NA;"2023-10-01 22:16:00";76022,7
"884239";"27:5:1";"Exp60_51_IS5867";"Exp60_51_IS5867";NA;"2023-10-01 22:32:00";76023,2
"884240";"27:5:1";"Exp60_51_IS5867";"Exp60_51_IS5867";NA;"2023-10-01 22:46:00";76021,5
"884241";"27:5:1";"Exp60_51_IS5867";"Exp60_51_IS5867";NA;"2023-10-01 23:17:00";76018,3
"884242";"27:5:1";"Exp60_51_IS5867";"Exp60_51_IS5867";NA;"2023-10-01 23:31:00";76016,2
"884243";"27:5:1";"Exp60_51_IS5867";"Exp60_51_IS5867";NA;"2023-10-02 07:01:00";75995,2
"884244";"27:5:1";"Exp60_51_IS5867";"Exp60_51_IS5867";NA;"2023-10-02 07:17:00";75990,3
"884245";"27:5:1";"Exp60_51_IS5867";"Exp60_51_IS5867";NA;"2023-10-02 07:31:00";75982,9
"884246";"27:5:1";"Exp60_51_IS5867";"Exp60_51_IS5867";NA;"2023-10-02 07:47:00";75975
"884247";"27:5:1";"Exp60_51_IS5867";"Exp60_51_IS5867";NA;"2023-10-02 08:01:00";75964,3
"884248";"27:5:1";"Exp60_51_IS5867";"Exp60_51_IS5867";NA;"2023-10-02 08:17:00";75957,2
"884249";"27:5:1";"Exp60_51_IS5867";"Exp60_51_IS5867";NA;"2023-10-02 08:31:00";75952,4
"884250";"27:5:1";"Exp60_51_IS5867";"Exp60_51_IS5867";NA;"2023-10-02 08:47:00";75944,4
"884251";"27:5:1";"Exp60_51_IS5867";"Exp60_51_IS5867";NA;"2023-10-02 09:01:00";75934,1
"884252";"27:5:1";"Exp60_51_IS5867";"Exp60_51_IS5867";NA;"2023-10-02 09:17:00";75931,2
"884253";"27:5:1";"Exp60_51_IS5867";"Exp60_51_IS5867";NA;"2023-10-02 09:31:00";75925,5
"884254";"27:5:1";"Exp60_51_IS5867";"Exp60_51_IS5867";NA;"2023-10-02 09:47:00";75915,7
"884255";"27:5:1";"Exp60_51_IS5867";"Exp60_51_IS5867";NA;"2023-10-02 10:01:00";75910,4
"884256";"27:5:1";"Exp60_51_IS5867";"Exp60_51_IS5867";NA;"2023-10-02 10:32:00";75900,6
"884257";"27:5:1";"Exp60_51_IS5867";"Exp60_51_IS5867";NA;"2023-10-02 10:46:00";75892,8
"884258";"27:5:1";"Exp60_51_IS5867";"Exp60_51_IS5867";NA;"2023-10-02 11:17:00";75872,3
"884259";"27:5:1";"Exp60_51_IS5867";"Exp60_51_IS5867";NA;"2023-10-02 11:31:00";75867,2
"884260";"27:5:1";"Exp60_51_IS5867";"Exp60_51_IS5867";NA;"2023-10-02 11:47:00";75856,9
"884261";"27:5:1";"Exp60_51_IS5867";"Exp60_51_IS5867";NA;"2023-10-02 12:01:00";75843,6
"884262";"27:5:1";"Exp60_51_IS5867";"Exp60_51_IS5867";NA;"2023-10-02 12:17:00";75833
"884263";"27:5:1";"Exp60_51_IS5867";"Exp60_51_IS5867";NA;"2023-10-02 12:31:00";75816,3
"884264";"27:5:1";"Exp60_51_IS5867";"Exp60_51_IS5867";NA;"2023-10-02 12:47:00";75809,2
"884265";"27:5:1";"Exp60_51_IS5867";"Exp60_51_IS5867";NA;"2023-10-02 13:01:00";75794,4
"884266";"27:5:1";"Exp60_51_IS5867";"Exp60_51_IS5867";NA;"2023-10-02 13:17:00";75785,3
"884267";"27:5:1";"Exp60_51_IS5867";"Exp60_51_IS5867";NA;"2023-10-02 13:31:00";75774,8
"884268";"27:5:1";"Exp60_51_IS5867";"Exp60_51_IS5867";NA;"2023-10-02 13:47:00";75762,4
"884269";"27:5:1";"Exp60_51_IS5867";"Exp60_51_IS5867";NA;"2023-10-02 14:01:00";75751,6
"884270";"27:5:1";"Exp60_51_IS5867";"Exp60_51_IS5867";NA;"2023-10-02 14:17:00";75744,4
"884271";"27:5:1";"Exp60_51_IS5867";"Exp60_51_IS5867";NA;"2023-10-02 14:31:00";75735,8
"884272";"27:5:1";"Exp60_51_IS5867";"Exp60_51_IS5867";NA;"2023-10-02 14:47:00";75728
"884273";"27:5:1";"Exp60_51_IS5867";"Exp60_51_IS5867";NA;"2023-10-02 15:01:00";75716,2
"884274";"27:5:1";"Exp60_51_IS5867";"Exp60_51_IS5867";NA;"2023-10-02 15:32:00";75704,8
"884275";"27:5:1";"Exp60_51_IS5867";"Exp60_51_IS5867";NA;"2023-10-02 15:46:00";75702,2
"884276";"27:5:1";"Exp60_51_IS5867";"Exp60_51_IS5867";NA;"2023-10-02 16:02:00";75696,9
"884277";"27:5:1";"Exp60_51_IS5867";"Exp60_51_IS5867";NA;"2023-10-02 16:16:00";75696,6
"884278";"27:5:1";"Exp60_51_IS5867";"Exp60_51_IS5867";NA;"2023-10-02 23:01:00";75684
"884279";"27:5:1";"Exp60_51_IS5867";"Exp60_51_IS5867";NA;"2023-10-02 23:17:00";75682,5
"884280";"27:5:1";"Exp60_51_IS5867";"Exp60_51_IS5867";NA;"2023-10-02 23:31:00";75680,7
"884281";"27:5:1";"Exp60_51_IS5867";"Exp60_51_IS5867";NA;"2023-10-02 23:47:00";75680
"884282";"27:5:1";"Exp60_51_IS5867";"Exp60_51_IS5867";NA;"2023-10-03 00:01:00";75683,7
"884283";"27:5:1";"Exp60_51_IS5867";"Exp60_51_IS5867";NA;"2023-10-03 00:17:00";75682,6
"884284";"27:5:1";"Exp60_51_IS5867";"Exp60_51_IS5867";NA;"2023-10-03 00:31:00";75682,4
"884285";"27:5:1";"Exp60_51_IS5867";"Exp60_51_IS5867";NA;"2023-10-03 00:47:00";75679,3
"884286";"27:5:1";"Exp60_51_IS5867";"Exp60_51_IS5867";NA;"2023-10-03 01:01:00";75675,5
"884287";"27:5:1";"Exp60_51_IS5867";"Exp60_51_IS5867";NA;"2023-10-03 01:17:00";75675,1
"884288";"27:5:1";"Exp60_51_IS5867";"Exp60_51_IS5867";NA;"2023-10-03 01:31:00";75674,5
"884289";"27:5:1";"Exp60_51_IS5867";"Exp60_51_IS5867";NA;"2023-10-03 01:47:00";75676,8
"884290";"27:5:1";"Exp60_51_IS5867";"Exp60_51_IS5867";NA;"2023-10-03 02:01:00";75674,8
"884291";"27:5:1";"Exp60_51_IS5867";"Exp60_51_IS5867";NA;"2023-10-03 02:17:00";75674,8
"884292";"27:5:1";"Exp60_51_IS5867";"Exp60_51_IS5867";NA;"2023-10-03 02:31:00";75676,2
"884293";"27:5:1";"Exp60_51_IS5867";"Exp60_51_IS5867";NA;"2023-10-03 03:47:00";75672,4
"884294";"27:5:1";"Exp60_51_IS5867";"Exp60_51_IS5867";NA;"2023-10-03 04:01:00";75671,2
"884295";"27:5:1";"Exp60_51_IS5867";"Exp60_51_IS5867";NA;"2023-10-03 04:17:00";75670
"884296";"27:5:1";"Exp60_51_IS5867";"Exp60_51_IS5867";NA;"2023-10-03 04:31:00";75671,1
"884297";"27:5:1";"Exp60_51_IS5867";"Exp60_51_IS5867";NA;"2023-10-03 04:47:00";75664,1
"884298";"27:5:1";"Exp60_51_IS5867";"Exp60_51_IS5867";NA;"2023-10-03 05:01:00";75664,6
"884299";"27:5:1";"Exp60_51_IS5867";"Exp60_51_IS5867";NA;"2023-10-03 05:17:00";75664,8
"884300";"27:5:1";"Exp60_51_IS5867";"Exp60_51_IS5867";NA;"2023-10-03 06:01:00";75664,8
"884301";"27:5:1";"Exp60_51_IS5867";"Exp60_51_IS5867";NA;"2023-10-03 06:17:00";75661,7
"884302";"27:5:1";"Exp60_51_IS5867";"Exp60_51_IS5867";NA;"2023-10-03 06:31:00";75661,2
"884303";"27:5:1";"Exp60_51_IS5867";"Exp60_51_IS5867";NA;"2023-10-03 06:47:00";75659,7
"884304";"27:5:1";"Exp60_51_IS5867";"Exp60_51_IS5867";NA;"2023-10-03 07:01:00";75658
"884305";"27:5:1";"Exp60_51_IS5867";"Exp60_51_IS5867";NA;"2023-10-03 07:17:00";75652,6
"884306";"27:5:1";"Exp60_51_IS5867";"Exp60_51_IS5867";NA;"2023-10-03 07:31:00";75648,3
"884307";"27:5:1";"Exp60_51_IS5867";"Exp60_51_IS5867";NA;"2023-10-03 08:02:00";75634,1
"884308";"27:5:1";"Exp60_51_IS5867";"Exp60_51_IS5867";NA;"2023-10-03 08:16:00";75624,9
"884309";"27:5:1";"Exp60_51_IS5867";"Exp60_51_IS5867";NA;"2023-10-03 08:32:00";75614,8
"884310";"27:5:1";"Exp60_51_IS5867";"Exp60_51_IS5867";NA;"2023-10-03 08:46:00";75598,9
"884311";"27:5:1";"Exp60_51_IS5867";"Exp60_51_IS5867";NA;"2023-10-03 15:16:00";75259,3
"884312";"27:5:1";"Exp60_51_IS5867";"Exp60_51_IS5867";NA;"2023-10-03 21:16:00";76115,3
"884313";"27:5:1";"Exp60_51_IS5867";"Exp60_51_IS5867";NA;"2023-10-03 22:02:00";76115,8
"884314";"27:5:1";"Exp60_51_IS5867";"Exp60_51_IS5867";NA;"2023-10-03 22:16:00";76114,3
"884315";"27:5:1";"Exp60_51_IS5867";"Exp60_51_IS5867";NA;"2023-10-03 22:32:00";76113,8
"884316";"27:5:1";"Exp60_51_IS5867";"Exp60_51_IS5867";NA;"2023-10-03 22:46:00";76114,8
"884317";"27:5:1";"Exp60_51_IS5867";"Exp60_51_IS5867";NA;"2023-10-03 23:17:00";76114,7
"884318";"27:5:1";"Exp60_51_IS5867";"Exp60_51_IS5867";NA;"2023-10-03 23:31:00";76113,7
"884319";"27:5:1";"Exp60_51_IS5867";"Exp60_51_IS5867";NA;"2023-10-03 23:47:00";76111
"884320";"27:5:1";"Exp60_51_IS5867";"Exp60_51_IS5867";NA;"2023-10-04 00:16:00";76108,2
"884321";"27:5:1";"Exp60_51_IS5867";"Exp60_51_IS5867";NA;"2023-10-04 00:32:00";76110,6
"884322";"27:5:1";"Exp60_51_IS5867";"Exp60_51_IS5867";NA;"2023-10-04 00:46:00";76109,3
"884323";"27:5:1";"Exp60_51_IS5867";"Exp60_51_IS5867";NA;"2023-10-04 01:02:00";76108,8
"884324";"27:5:1";"Exp60_51_IS5867";"Exp60_51_IS5867";NA;"2023-10-04 01:16:00";76107,7
"884325";"27:5:1";"Exp60_51_IS5867";"Exp60_51_IS5867";NA;"2023-10-04 01:32:00";76106,5
"884326";"27:5:1";"Exp60_51_IS5867";"Exp60_51_IS5867";NA;"2023-10-04 01:46:00";76102,9
"884327";"27:5:1";"Exp60_51_IS5867";"Exp60_51_IS5867";NA;"2023-10-04 02:02:00";76102,6
"884328";"27:5:1";"Exp60_51_IS5867";"Exp60_51_IS5867";NA;"2023-10-04 02:16:00";76105,5
"884329";"27:5:1";"Exp60_51_IS5867";"Exp60_51_IS5867";NA;"2023-10-04 02:32:00";76104,9
"884330";"27:5:1";"Exp60_51_IS5867";"Exp60_51_IS5867";NA;"2023-10-04 02:46:00";76104,9
"884331";"27:5:1";"Exp60_51_IS5867";"Exp60_51_IS5867";NA;"2023-10-04 03:17:00";76103,2
"884332";"27:5:1";"Exp60_51_IS5867";"Exp60_51_IS5867";NA;"2023-10-04 03:31:00";76098,8
"884333";"27:5:1";"Exp60_51_IS5867";"Exp60_51_IS5867";NA;"2023-10-04 03:47:00";76096,9
"884334";"27:5:1";"Exp60_51_IS5867";"Exp60_51_IS5867";NA;"2023-10-04 04:01:00";76093,9
"884335";"27:5:1";"Exp60_51_IS5867";"Exp60_51_IS5867";NA;"2023-10-04 04:32:00";76095,8
"884336";"27:5:1";"Exp60_51_IS5867";"Exp60_51_IS5867";NA;"2023-10-04 04:46:00";76095,7
"884337";"27:5:1";"Exp60_51_IS5867";"Exp60_51_IS5867";NA;"2023-10-04 05:02:00";76094,9
"884338";"27:5:1";"Exp60_51_IS5867";"Exp60_51_IS5867";NA;"2023-10-04 05:16:00";76093,9
"884339";"27:5:1";"Exp60_51_IS5867";"Exp60_51_IS5867";NA;"2023-10-04 05:32:00";76095,2
"884340";"27:5:1";"Exp60_51_IS5867";"Exp60_51_IS5867";NA;"2023-10-04 05:46:00";76095,7
"884341";"27:5:1";"Exp60_51_IS5867";"Exp60_51_IS5867";NA;"2023-10-04 06:32:00";76093
"884342";"27:5:1";"Exp60_51_IS5867";"Exp60_51_IS5867";NA;"2023-10-04 06:46:00";76093,2
"884343";"27:5:1";"Exp60_51_IS5867";"Exp60_51_IS5867";NA;"2023-10-04 07:17:00";76079,3
"884344";"27:5:1";"Exp60_51_IS5867";"Exp60_51_IS5867";NA;"2023-10-04 07:31:00";76075,9
"884345";"27:5:1";"Exp60_51_IS5867";"Exp60_51_IS5867";NA;"2023-10-04 07:47:00";76064,6
"884346";"27:5:1";"Exp60_51_IS5867";"Exp60_51_IS5867";NA;"2023-10-04 08:01:00";76055,1
"884347";"27:5:1";"Exp60_51_IS5867";"Exp60_51_IS5867";NA;"2023-10-04 08:17:00";76041,7
"884348";"27:5:1";"Exp60_51_IS5867";"Exp60_51_IS5867";NA;"2023-10-04 08:31:00";76028,6
"884349";"27:5:1";"Exp60_51_IS5867";"Exp60_51_IS5867";NA;"2023-10-04 08:47:00";76015,9
"884350";"27:5:1";"Exp60_51_IS5867";"Exp60_51_IS5867";NA;"2023-10-04 09:01:00";75998,2
"884351";"27:5:1";"Exp60_51_IS5867";"Exp60_51_IS5867";NA;"2023-10-04 09:17:00";75979
"884352";"27:5:1";"Exp60_51_IS5867";"Exp60_51_IS5867";NA;"2023-10-04 09:31:00";75965
"884353";"27:5:1";"Exp60_51_IS5867";"Exp60_51_IS5867";NA;"2023-10-04 09:47:00";75926,1
"884354";"27:5:1";"Exp60_51_IS5867";"Exp60_51_IS5867";NA;"2023-10-04 10:01:00";75903,9
"884355";"27:5:1";"Exp60_51_IS5867";"Exp60_51_IS5867";NA;"2023-10-04 10:17:00";75883,7
"884356";"27:5:1";"Exp60_51_IS5867";"Exp60_51_IS5867";NA;"2023-10-04 10:31:00";75873,2
"884357";"27:5:1";"Exp60_51_IS5867";"Exp60_51_IS5867";NA;"2023-10-04 10:47:00";75852,8
"884358";"27:5:1";"Exp60_51_IS5867";"Exp60_51_IS5867";NA;"2023-10-04 11:01:00";75825,3
"884359";"27:5:1";"Exp60_51_IS5867";"Exp60_51_IS5867";NA;"2023-10-04 11:17:00";75800,8
"884360";"27:5:1";"Exp60_51_IS5867";"Exp60_51_IS5867";NA;"2023-10-04 11:31:00";75782,9
"884361";"27:5:1";"Exp60_51_IS5867";"Exp60_51_IS5867";NA;"2023-10-04 11:47:00";75770,9
"884362";"27:5:1";"Exp60_51_IS5867";"Exp60_51_IS5867";NA;"2023-10-04 12:01:00";75750,6
"884363";"27:5:1";"Exp60_51_IS5867";"Exp60_51_IS5867";NA;"2023-10-04 12:32:00";75710
"884364";"27:5:1";"Exp60_51_IS5867";"Exp60_51_IS5867";NA;"2023-10-04 12:46:00";75685,7
"884365";"27:5:1";"Exp60_51_IS5867";"Exp60_51_IS5867";NA;"2023-10-04 13:02:00";75664,3
"884366";"27:5:1";"Exp60_51_IS5867";"Exp60_51_IS5867";NA;"2023-10-04 13:16:00";75638,4
"884367";"27:5:1";"Exp60_51_IS5867";"Exp60_51_IS5867";NA;"2023-10-04 13:32:00";75620,6
"884368";"27:5:1";"Exp60_51_IS5867";"Exp60_51_IS5867";NA;"2023-10-04 13:46:00";75603,2
"884369";"27:5:1";"Exp60_51_IS5867";"Exp60_51_IS5867";NA;"2023-10-04 21:01:00";75439
"884370";"27:5:1";"Exp60_51_IS5867";"Exp60_51_IS5867";NA;"2023-10-05 03:31:00";75423,1
"884371";"27:5:1";"Exp60_51_IS5867";"Exp60_51_IS5867";NA;"2023-10-05 03:47:00";75421,8
"884372";"27:5:1";"Exp60_51_IS5867";"Exp60_51_IS5867";NA;"2023-10-05 04:01:00";75420,2
"884373";"27:5:1";"Exp60_51_IS5867";"Exp60_51_IS5867";NA;"2023-10-05 04:17:00";75422,5
"884374";"27:5:1";"Exp60_51_IS5867";"Exp60_51_IS5867";NA;"2023-10-05 04:31:00";75419,6
"884375";"27:5:1";"Exp60_51_IS5867";"Exp60_51_IS5867";NA;"2023-10-05 04:47:00";75422
"884376";"27:5:1";"Exp60_51_IS5867";"Exp60_51_IS5867";NA;"2023-10-05 05:01:00";75423,2
"884377";"27:5:1";"Exp60_51_IS5867";"Exp60_51_IS5867";NA;"2023-10-05 05:17:00";75424,2
"884378";"27:5:1";"Exp60_51_IS5867";"Exp60_51_IS5867";NA;"2023-10-05 05:31:00";75424,3
"884379";"27:5:1";"Exp60_51_IS5867";"Exp60_51_IS5867";NA;"2023-10-05 05:47:00";75422,7
"884380";"27:5:1";"Exp60_51_IS5867";"Exp60_51_IS5867";NA;"2023-10-05 06:01:00";75422,7
"884381";"27:5:1";"Exp60_51_IS5867";"Exp60_51_IS5867";NA;"2023-10-05 06:17:00";75422,4
"884382";"27:5:1";"Exp60_51_IS5867";"Exp60_51_IS5867";NA;"2023-10-05 06:31:00";75424,3
"884383";"27:5:1";"Exp60_51_IS5867";"Exp60_51_IS5867";NA;"2023-10-05 06:47:00";75420,8
"884384";"27:5:1";"Exp60_51_IS5867";"Exp60_51_IS5867";NA;"2023-10-05 07:01:00";75416,7
"884385";"27:5:1";"Exp60_51_IS5867";"Exp60_51_IS5867";NA;"2023-10-05 07:17:00";75411
"884386";"27:5:1";"Exp60_51_IS5867";"Exp60_51_IS5867";NA;"2023-10-05 07:31:00";75401,2
"884387";"27:5:1";"Exp60_51_IS5867";"Exp60_51_IS5867";NA;"2023-10-05 07:47:00";75392,1
"884388";"27:5:1";"Exp60_51_IS5867";"Exp60_51_IS5867";NA;"2023-10-05 08:01:00";75379,9
"884389";"27:5:1";"Exp60_51_IS5867";"Exp60_51_IS5867";NA;"2023-10-05 08:17:00";75366,9
"884390";"27:5:1";"Exp60_51_IS5867";"Exp60_51_IS5867";NA;"2023-10-05 08:31:00";75351,1
"884391";"27:5:1";"Exp60_51_IS5867";"Exp60_51_IS5867";NA;"2023-10-05 08:47:00";75332,3
"884392";"27:5:1";"Exp60_51_IS5867";"Exp60_51_IS5867";NA;"2023-10-05 09:01:00";75315,6
"884393";"27:5:1";"Exp60_51_IS5867";"Exp60_51_IS5867";NA;"2023-10-05 09:17:00";75301,4
"884394";"27:5:1";"Exp60_51_IS5867";"Exp60_51_IS5867";NA;"2023-10-05 09:31:00";75287,3
"884395";"27:5:1";"Exp60_51_IS5867";"Exp60_51_IS5867";NA;"2023-10-05 09:47:00";75265,4
"884396";"27:5:1";"Exp60_51_IS5867";"Exp60_51_IS5867";NA;"2023-10-05 10:01:00";75249
"884397";"27:5:1";"Exp60_51_IS5867";"Exp60_51_IS5867";NA;"2023-10-05 10:17:00";75236
"884398";"27:5:1";"Exp60_51_IS5867";"Exp60_51_IS5867";NA;"2023-10-05 10:31:00";75230,5
"884399";"27:5:1";"Exp60_51_IS5867";"Exp60_51_IS5867";NA;"2023-10-05 10:47:00";75221,2
"884400";"27:5:1";"Exp60_51_IS5867";"Exp60_51_IS5867";NA;"2023-10-05 11:01:00";75196,5
"884401";"27:5:1";"Exp60_51_IS5867";"Exp60_51_IS5867";NA;"2023-10-05 11:17:00";75191,9
"884402";"27:5:1";"Exp60_51_IS5867";"Exp60_51_IS5867";NA;"2023-10-05 11:31:00";75188,3
"884403";"27:5:1";"Exp60_51_IS5867";"Exp60_51_IS5867";NA;"2023-10-05 11:47:00";75154,6
"884404";"27:5:1";"Exp60_51_IS5867";"Exp60_51_IS5867";NA;"2023-10-05 12:01:00";75132
"884405";"27:5:1";"Exp60_51_IS5867";"Exp60_51_IS5867";NA;"2023-10-05 18:01:00";74768,2
"884406";"27:5:1";"Exp60_51_IS5867";"Exp60_51_IS5867";NA;"2023-10-05 18:17:00";74766,8
"884407";"27:5:1";"Exp60_51_IS5867";"Exp60_51_IS5867";NA;"2023-10-05 18:31:00";74766,1
"884408";"27:5:1";"Exp60_51_IS5867";"Exp60_51_IS5867";NA;"2023-10-06 00:31:00";74733,9
"884409";"27:5:1";"Exp60_51_IS5867";"Exp60_51_IS5867";NA;"2023-10-06 00:47:00";74731,9
"884410";"27:5:1";"Exp60_51_IS5867";"Exp60_51_IS5867";NA;"2023-10-06 01:01:00";74726,7
"884411";"27:5:1";"Exp60_51_IS5867";"Exp60_51_IS5867";NA;"2023-10-06 01:17:00";74722,5
"884412";"27:5:1";"Exp60_51_IS5867";"Exp60_51_IS5867";NA;"2023-10-06 01:31:00";74723,8
"884413";"27:5:1";"Exp60_51_IS5867";"Exp60_51_IS5867";NA;"2023-10-06 01:47:00";74723,6
"884414";"27:5:1";"Exp60_51_IS5867";"Exp60_51_IS5867";NA;"2023-10-06 02:01:00";74723,8
"884415";"27:5:1";"Exp60_51_IS5867";"Exp60_51_IS5867";NA;"2023-10-06 02:17:00";74717,5
"884416";"27:5:1";"Exp60_51_IS5867";"Exp60_51_IS5867";NA;"2023-10-06 02:31:00";74715,2
"884417";"27:5:1";"Exp60_51_IS5867";"Exp60_51_IS5867";NA;"2023-10-06 02:47:00";74710,7
"884418";"27:5:1";"Exp60_51_IS5867";"Exp60_51_IS5867";NA;"2023-10-06 03:16:00";74705
"884419";"27:5:1";"Exp60_51_IS5867";"Exp60_51_IS5867";NA;"2023-10-06 03:32:00";74702,1
"884420";"27:5:1";"Exp60_51_IS5867";"Exp60_51_IS5867";NA;"2023-10-06 03:46:00";74692,6
"884421";"27:5:1";"Exp60_51_IS5867";"Exp60_51_IS5867";NA;"2023-10-06 10:46:00";74560,5
"884422";"27:5:1";"Exp60_51_IS5867";"Exp60_51_IS5867";NA;"2023-10-06 11:02:00";74526,8
"884423";"27:5:1";"Exp60_51_IS5867";"Exp60_51_IS5867";NA;"2023-10-06 11:16:00";74509,8
"884424";"27:5:1";"Exp60_51_IS5867";"Exp60_51_IS5867";NA;"2023-10-06 11:47:00";74483
"884425";"27:5:1";"Exp60_51_IS5867";"Exp60_51_IS5867";NA;"2023-10-06 12:01:00";74464,1
"884426";"27:5:1";"Exp60_51_IS5867";"Exp60_51_IS5867";NA;"2023-10-06 20:01:00";76057,7
"884427";"27:5:1";"Exp60_51_IS5867";"Exp60_51_IS5867";NA;"2023-10-06 20:17:00";76058,3
"884428";"27:5:1";"Exp60_51_IS5867";"Exp60_51_IS5867";NA;"2023-10-06 20:31:00";76053,1
"884429";"27:5:1";"Exp60_51_IS5867";"Exp60_51_IS5867";NA;"2023-10-07 03:01:00";76021,3
"884430";"27:5:1";"Exp60_51_IS5867";"Exp60_51_IS5867";NA;"2023-10-07 03:17:00";76022,4
"884431";"27:5:1";"Exp60_51_IS5867";"Exp60_51_IS5867";NA;"2023-10-07 03:31:00";76025,3
"884432";"27:5:1";"Exp60_51_IS5867";"Exp60_51_IS5867";NA;"2023-10-07 03:47:00";76021
"884433";"27:5:1";"Exp60_51_IS5867";"Exp60_51_IS5867";NA;"2023-10-07 04:01:00";76020,5
"884434";"27:5:1";"Exp60_51_IS5867";"Exp60_51_IS5867";NA;"2023-10-07 11:01:00";75813,1
"884435";"27:5:1";"Exp60_51_IS5867";"Exp60_51_IS5867";NA;"2023-10-07 11:17:00";75786,9
"884436";"27:5:1";"Exp60_51_IS5867";"Exp60_51_IS5867";NA;"2023-10-07 11:31:00";75777,8
"884437";"27:5:1";"Exp60_51_IS5867";"Exp60_51_IS5867";NA;"2023-10-07 11:47:00";75745
"884438";"27:5:1";"Exp60_51_IS5867";"Exp60_51_IS5867";NA;"2023-10-07 12:01:00";75716,7
"884439";"27:5:1";"Exp60_51_IS5867";"Exp60_51_IS5867";NA;"2023-10-07 12:47:00";75631,3
"884440";"27:5:1";"Exp60_51_IS5867";"Exp60_51_IS5867";NA;"2023-10-07 13:01:00";75614,6
"884441";"27:5:1";"Exp60_51_IS5867";"Exp60_51_IS5867";NA;"2023-10-07 13:17:00";75595,8
"884442";"27:5:1";"Exp60_51_IS5867";"Exp60_51_IS5867";NA;"2023-10-07 13:31:00";75573,1
"884443";"27:5:1";"Exp60_51_IS5867";"Exp60_51_IS5867";NA;"2023-10-07 13:47:00";75539
"884444";"27:5:1";"Exp60_51_IS5867";"Exp60_51_IS5867";NA;"2023-10-07 14:01:00";75522,9
"884445";"27:5:1";"Exp60_51_IS5867";"Exp60_51_IS5867";NA;"2023-10-07 14:17:00";75498,8
"884446";"27:5:1";"Exp60_51_IS5867";"Exp60_51_IS5867";NA;"2023-10-07 14:31:00";75490,2
"884447";"27:5:1";"Exp60_51_IS5867";"Exp60_51_IS5867";NA;"2023-10-07 20:46:00";75333,6
"884448";"27:5:1";"Exp60_51_IS5867";"Exp60_51_IS5867";NA;"2023-10-07 21:02:00";75336,5
"884449";"27:5:1";"Exp60_51_IS5867";"Exp60_51_IS5867";NA;"2023-10-07 21:16:00";75335,7
"884450";"27:5:1";"Exp60_51_IS5867";"Exp60_51_IS5867";NA;"2023-10-07 21:32:00";75334,6
"884451";"27:5:1";"Exp60_51_IS5867";"Exp60_51_IS5867";NA;"2023-10-07 21:46:00";75329,2
"884452";"27:5:1";"Exp60_51_IS5867";"Exp60_51_IS5867";NA;"2023-10-07 22:02:00";75332,1
"884453";"27:5:1";"Exp60_51_IS5867";"Exp60_51_IS5867";NA;"2023-10-07 22:16:00";75331
"884454";"27:5:1";"Exp60_51_IS5867";"Exp60_51_IS5867";NA;"2023-10-07 22:32:00";75331,4
"884455";"27:5:1";"Exp60_51_IS5867";"Exp60_51_IS5867";NA;"2023-10-07 22:46:00";75328,8
"884456";"27:5:1";"Exp60_51_IS5867";"Exp60_51_IS5867";NA;"2023-10-07 23:02:00";75327,9
"884457";"27:5:1";"Exp60_51_IS5867";"Exp60_51_IS5867";NA;"2023-10-07 23:16:00";75324,9
"884458";"27:5:1";"Exp60_51_IS5867";"Exp60_51_IS5867";NA;"2023-10-07 23:32:00";75324,3
"884459";"27:5:1";"Exp60_51_IS5867";"Exp60_51_IS5867";NA;"2023-10-07 23:46:00";75327,4
"884460";"27:5:1";"Exp60_51_IS5867";"Exp60_51_IS5867";NA;"2023-10-08 00:02:00";75326,9
"884461";"27:5:1";"Exp60_51_IS5867";"Exp60_51_IS5867";NA;"2023-10-08 00:16:00";75326,4
"884462";"27:5:1";"Exp60_51_IS5867";"Exp60_51_IS5867";NA;"2023-10-08 00:32:00";75325,1
"884463";"27:5:1";"Exp60_51_IS5867";"Exp60_51_IS5867";NA;"2023-10-08 00:46:00";75326,3
"884464";"27:5:1";"Exp60_51_IS5867";"Exp60_51_IS5867";NA;"2023-10-08 01:02:00";75324,2
"884465";"27:5:1";"Exp60_51_IS5867";"Exp60_51_IS5867";NA;"2023-10-08 01:16:00";75321,9
"884466";"27:5:1";"Exp60_51_IS5867";"Exp60_51_IS5867";NA;"2023-10-08 01:32:00";75323,1
"884467";"27:5:1";"Exp60_51_IS5867";"Exp60_51_IS5867";NA;"2023-10-08 01:46:00";75321,2
"884468";"27:5:1";"Exp60_51_IS5867";"Exp60_51_IS5867";NA;"2023-10-08 02:02:00";75324,5
"884469";"27:5:1";"Exp60_51_IS5867";"Exp60_51_IS5867";NA;"2023-10-08 02:16:00";75326,9
"884470";"27:5:1";"Exp60_51_IS5867";"Exp60_51_IS5867";NA;"2023-10-08 02:32:00";75324,6
"884471";"27:5:1";"Exp60_51_IS5867";"Exp60_51_IS5867";NA;"2023-10-08 02:46:00";75321,1
"884472";"27:5:1";"Exp60_51_IS5867";"Exp60_51_IS5867";NA;"2023-10-08 03:02:00";75321,2
"884473";"27:5:1";"Exp60_51_IS5867";"Exp60_51_IS5867";NA;"2023-10-08 03:16:00";75319,1
"884474";"27:5:1";"Exp60_51_IS5867";"Exp60_51_IS5867";NA;"2023-10-08 03:32:00";75319,6
"884475";"27:5:1";"Exp60_51_IS5867";"Exp60_51_IS5867";NA;"2023-10-08 03:46:00";75319,5
"884476";"27:5:1";"Exp60_51_IS5867";"Exp60_51_IS5867";NA;"2023-10-08 04:02:00";75316,5
"884477";"27:5:1";"Exp60_51_IS5867";"Exp60_51_IS5867";NA;"2023-10-08 04:16:00";75318,8
"884478";"27:5:1";"Exp60_51_IS5867";"Exp60_51_IS5867";NA;"2023-10-08 04:32:00";75320,5
"884479";"27:5:1";"Exp60_51_IS5867";"Exp60_51_IS5867";NA;"2023-10-08 04:46:00";75318,6
"884480";"27:5:1";"Exp60_51_IS5867";"Exp60_51_IS5867";NA;"2023-10-08 05:02:00";75314,8
"884481";"27:5:1";"Exp60_51_IS5867";"Exp60_51_IS5867";NA;"2023-10-08 05:16:00";75312,6
"884482";"27:5:1";"Exp60_51_IS5867";"Exp60_51_IS5867";NA;"2023-10-08 05:32:00";75312
"884483";"27:5:1";"Exp60_51_IS5867";"Exp60_51_IS5867";NA;"2023-10-08 05:46:00";75314,5
"884484";"27:5:1";"Exp60_51_IS5867";"Exp60_51_IS5867";NA;"2023-10-08 06:02:00";75314,8
"884485";"27:5:1";"Exp60_51_IS5867";"Exp60_51_IS5867";NA;"2023-10-08 06:16:00";75313
"884486";"27:5:1";"Exp60_51_IS5867";"Exp60_51_IS5867";NA;"2023-10-08 06:32:00";75312,7
"884487";"27:5:1";"Exp60_51_IS5867";"Exp60_51_IS5867";NA;"2023-10-08 06:46:00";75312,4
"884488";"27:5:1";"Exp60_51_IS5867";"Exp60_51_IS5867";NA;"2023-10-08 07:02:00";75309,6
"884489";"27:5:1";"Exp60_51_IS5867";"Exp60_51_IS5867";NA;"2023-10-08 07:16:00";75305,4
"884490";"27:5:1";"Exp60_51_IS5867";"Exp60_51_IS5867";NA;"2023-10-08 07:32:00";75301,3
"884491";"27:5:1";"Exp60_51_IS5867";"Exp60_51_IS5867";NA;"2023-10-08 07:46:00";75290,8
"884492";"27:5:1";"Exp60_51_IS5867";"Exp60_51_IS5867";NA;"2023-10-08 08:02:00";75279,6
"884493";"27:5:1";"Exp60_51_IS5867";"Exp60_51_IS5867";NA;"2023-10-08 08:16:00";75273,4
"884494";"27:5:1";"Exp60_51_IS5867";"Exp60_51_IS5867";NA;"2023-10-08 08:32:00";75262,7
"884495";"27:5:1";"Exp60_51_IS5867";"Exp60_51_IS5867";NA;"2023-10-08 08:46:00";75245,1
"884496";"27:5:1";"Exp60_51_IS5867";"Exp60_51_IS5867";NA;"2023-10-08 09:02:00";75224,2
"884497";"27:5:1";"Exp60_51_IS5867";"Exp60_51_IS5867";NA;"2023-10-08 09:16:00";75204,3
"884498";"27:5:1";"Exp60_51_IS5867";"Exp60_51_IS5867";NA;"2023-10-08 09:32:00";75179,5
"884499";"27:5:1";"Exp60_51_IS5867";"Exp60_51_IS5867";NA;"2023-10-08 09:46:00";75141,9
"884500";"27:5:1";"Exp60_51_IS5867";"Exp60_51_IS5867";NA;"2023-10-08 10:32:00";75157,3
"884501";"27:5:1";"Exp60_51_IS5867";"Exp60_51_IS5867";NA;"2023-10-08 10:46:00";75144,9
"884502";"27:5:1";"Exp60_51_IS5867";"Exp60_51_IS5867";NA;"2023-10-08 11:17:00";75081,9
"884503";"27:5:1";"Exp60_51_IS5867";"Exp60_51_IS5867";NA;"2023-10-08 11:31:00";75077,6
"884504";"27:5:1";"Exp60_51_IS5867";"Exp60_51_IS5867";NA;"2023-10-08 12:02:00";75018,2
"884505";"27:5:1";"Exp60_51_IS5867";"Exp60_51_IS5867";NA;"2023-10-08 12:16:00";74993,6
"884506";"27:5:1";"Exp60_51_IS5867";"Exp60_51_IS5867";NA;"2023-10-08 12:32:00";74966,2
"884507";"27:5:1";"Exp60_51_IS5867";"Exp60_51_IS5867";NA;"2023-10-08 12:46:00";74953,2
"884508";"27:5:1";"Exp60_51_IS5867";"Exp60_51_IS5867";NA;"2023-10-08 13:02:00";74920,9
"884509";"27:5:1";"Exp60_51_IS5867";"Exp60_51_IS5867";NA;"2023-10-08 13:16:00";74903,1
"884510";"27:5:1";"Exp60_51_IS5867";"Exp60_51_IS5867";NA;"2023-10-08 13:47:00";74859,7
"884511";"27:5:1";"Exp60_51_IS5867";"Exp60_51_IS5867";NA;"2023-10-08 14:01:00";74836,7
"884512";"27:5:1";"Exp60_51_IS5867";"Exp60_51_IS5867";NA;"2023-10-08 14:17:00";74816,2
"884513";"27:5:1";"Exp60_51_IS5867";"Exp60_51_IS5867";NA;"2023-10-08 14:31:00";74795,8
"884514";"27:5:1";"Exp60_51_IS5867";"Exp60_51_IS5867";NA;"2023-10-08 14:47:00";74776,3
"884515";"27:5:1";"Exp60_51_IS5867";"Exp60_51_IS5867";NA;"2023-10-08 15:01:00";74752,3
"884516";"27:5:1";"Exp60_51_IS5867";"Exp60_51_IS5867";NA;"2023-10-08 22:46:00";74636,7
"884517";"27:5:1";"Exp60_51_IS5867";"Exp60_51_IS5867";NA;"2023-10-08 23:02:00";74635,5
"884518";"27:5:1";"Exp60_51_IS5867";"Exp60_51_IS5867";NA;"2023-10-08 23:16:00";74634,5
"884519";"27:5:1";"Exp60_51_IS5867";"Exp60_51_IS5867";NA;"2023-10-08 23:32:00";74633,4
"884520";"27:5:1";"Exp60_51_IS5867";"Exp60_51_IS5867";NA;"2023-10-08 23:46:00";74629,4
"884521";"27:5:1";"Exp60_51_IS5867";"Exp60_51_IS5867";NA;"2023-10-09 00:02:00";74624,5
"884522";"27:5:1";"Exp60_51_IS5867";"Exp60_51_IS5867";NA;"2023-10-09 00:16:00";74624
"884523";"27:5:1";"Exp60_51_IS5867";"Exp60_51_IS5867";NA;"2023-10-09 00:32:00";74628,7
"884524";"27:5:1";"Exp60_51_IS5867";"Exp60_51_IS5867";NA;"2023-10-09 00:46:00";74628,7
"884525";"27:5:1";"Exp60_51_IS5867";"Exp60_51_IS5867";NA;"2023-10-09 01:02:00";74630,2
"884526";"27:5:1";"Exp60_51_IS5867";"Exp60_51_IS5867";NA;"2023-10-09 01:16:00";74625,8
"884527";"27:5:1";"Exp60_51_IS5867";"Exp60_51_IS5867";NA;"2023-10-09 01:32:00";74628,1
"884528";"27:5:1";"Exp60_51_IS5867";"Exp60_51_IS5867";NA;"2023-10-09 01:46:00";74626,6
"884529";"27:5:1";"Exp60_51_IS5867";"Exp60_51_IS5867";NA;"2023-10-09 02:02:00";74620,3
"884530";"27:5:1";"Exp60_51_IS5867";"Exp60_51_IS5867";NA;"2023-10-09 02:16:00";74618,4
"884531";"27:5:1";"Exp60_51_IS5867";"Exp60_51_IS5867";NA;"2023-10-09 02:32:00";74618,3
"884532";"27:5:1";"Exp60_51_IS5867";"Exp60_51_IS5867";NA;"2023-10-09 02:46:00";74615,5
"884533";"27:5:1";"Exp60_51_IS5867";"Exp60_51_IS5867";NA;"2023-10-09 03:02:00";74615,3
"884534";"27:5:1";"Exp60_51_IS5867";"Exp60_51_IS5867";NA;"2023-10-09 03:16:00";74616,7
"884535";"27:5:1";"Exp60_51_IS5867";"Exp60_51_IS5867";NA;"2023-10-09 03:32:00";74618,5
"884536";"27:5:1";"Exp60_51_IS5867";"Exp60_51_IS5867";NA;"2023-10-09 03:46:00";74614,4
"884537";"27:5:1";"Exp60_51_IS5867";"Exp60_51_IS5867";NA;"2023-10-09 04:17:00";74615
"884538";"27:5:1";"Exp60_51_IS5867";"Exp60_51_IS5867";NA;"2023-10-09 04:31:00";74614,1
"884539";"27:5:1";"Exp60_51_IS5867";"Exp60_51_IS5867";NA;"2023-10-09 04:47:00";74611,2
"884540";"27:5:1";"Exp60_51_IS5867";"Exp60_51_IS5867";NA;"2023-10-09 05:01:00";74613,8
"884541";"27:5:1";"Exp60_51_IS5867";"Exp60_51_IS5867";NA;"2023-10-09 05:17:00";74614,3
"884542";"27:5:1";"Exp60_51_IS5867";"Exp60_51_IS5867";NA;"2023-10-09 05:31:00";74613,8
"884543";"27:5:1";"Exp60_51_IS5867";"Exp60_51_IS5867";NA;"2023-10-09 05:47:00";74610,1
"884544";"27:5:1";"Exp60_51_IS5867";"Exp60_51_IS5867";NA;"2023-10-09 06:01:00";74608,9
"884545";"27:5:1";"Exp60_51_IS5867";"Exp60_51_IS5867";NA;"2023-10-09 06:17:00";74605,3
"884546";"27:5:1";"Exp60_51_IS5867";"Exp60_51_IS5867";NA;"2023-10-09 06:31:00";74604,9
"884547";"27:5:1";"Exp60_51_IS5867";"Exp60_51_IS5867";NA;"2023-10-09 06:47:00";74603,1
"884548";"27:5:1";"Exp60_51_IS5867";"Exp60_51_IS5867";NA;"2023-10-09 07:01:00";74599,5
"884549";"27:5:1";"Exp60_51_IS5867";"Exp60_51_IS5867";NA;"2023-10-09 07:17:00";74597,4
"884550";"27:5:1";"Exp60_51_IS5867";"Exp60_51_IS5867";NA;"2023-10-09 07:31:00";74595,6
"884551";"27:5:1";"Exp60_51_IS5867";"Exp60_51_IS5867";NA;"2023-10-09 07:47:00";74585,3
"884552";"27:5:1";"Exp60_51_IS5867";"Exp60_51_IS5867";NA;"2023-10-09 08:01:00";74574,6
"884553";"27:5:1";"Exp60_51_IS5867";"Exp60_51_IS5867";NA;"2023-10-09 08:17:00";74561,8
"884554";"27:5:1";"Exp60_51_IS5867";"Exp60_51_IS5867";NA;"2023-10-09 08:31:00";74551,4
"884555";"27:5:1";"Exp60_51_IS5867";"Exp60_51_IS5867";NA;"2023-10-09 08:47:00";74538,8
"884556";"27:5:1";"Exp60_51_IS5867";"Exp60_51_IS5867";NA;"2023-10-09 09:01:00";74524,9
"884557";"27:5:1";"Exp60_51_IS5867";"Exp60_51_IS5867";NA;"2023-10-09 09:17:00";74505,6
"884558";"27:5:1";"Exp60_51_IS5867";"Exp60_51_IS5867";NA;"2023-10-09 09:31:00";74483,1
"884559";"27:5:1";"Exp60_51_IS5867";"Exp60_51_IS5867";NA;"2023-10-09 10:32:00";74456
"884560";"27:5:1";"Exp60_51_IS5867";"Exp60_51_IS5867";NA;"2023-10-09 10:46:00";74460,3
"884561";"27:5:1";"Exp60_51_IS5867";"Exp60_51_IS5867";NA;"2023-10-09 11:02:00";74432,1
"884562";"27:5:1";"Exp60_51_IS5867";"Exp60_51_IS5867";NA;"2023-10-09 11:16:00";74415,9
"884563";"27:5:1";"Exp60_51_IS5867";"Exp60_51_IS5867";NA;"2023-10-09 11:47:00";74382,2
"884564";"27:5:1";"Exp60_51_IS5867";"Exp60_51_IS5867";NA;"2023-10-09 12:01:00";74347,9
"884565";"27:5:1";"Exp60_51_IS5867";"Exp60_51_IS5867";NA;"2023-10-09 12:17:00";74321,5
"884566";"27:5:1";"Exp60_51_IS5867";"Exp60_51_IS5867";NA;"2023-10-09 12:31:00";74303,7
"884567";"27:5:1";"Exp60_51_IS5867";"Exp60_51_IS5867";NA;"2023-10-09 12:47:00";74265,1
"884568";"27:5:1";"Exp60_51_IS5867";"Exp60_51_IS5867";NA;"2023-10-09 13:01:00";74252,3
"884569";"27:5:1";"Exp60_51_IS5867";"Exp60_51_IS5867";NA;"2023-10-09 13:32:00";74206,3
"884570";"27:5:1";"Exp60_51_IS5867";"Exp60_51_IS5867";NA;"2023-10-09 13:46:00";74189
"884571";"27:5:1";"Exp60_51_IS5867";"Exp60_51_IS5867";NA;"2023-10-09 14:02:00";74169,9
"884572";"27:5:1";"Exp60_51_IS5867";"Exp60_51_IS5867";NA;"2023-10-09 14:16:00";74151
"884573";"27:5:1";"Exp60_51_IS5867";"Exp60_51_IS5867";NA;"2023-10-09 20:16:00";74031
"884574";"27:5:1";"Exp60_51_IS5867";"Exp60_51_IS5867";NA;"2023-10-09 20:32:00";74032,4
"884575";"27:5:1";"Exp60_51_IS5867";"Exp60_51_IS5867";NA;"2023-10-09 20:46:00";74030,3
"884576";"27:5:1";"Exp60_51_IS5867";"Exp60_51_IS5867";NA;"2023-10-09 21:02:00";74032,4
"884577";"27:5:1";"Exp60_51_IS5867";"Exp60_51_IS5867";NA;"2023-10-09 21:16:00";74030,8
"884578";"27:5:1";"Exp60_51_IS5867";"Exp60_51_IS5867";NA;"2023-10-09 21:32:00";74025
"884579";"27:5:1";"Exp60_51_IS5867";"Exp60_51_IS5867";NA;"2023-10-09 21:46:00";74022,9
"884580";"27:5:1";"Exp60_51_IS5867";"Exp60_51_IS5867";NA;"2023-10-09 22:32:00";74022,1
"884581";"27:5:1";"Exp60_51_IS5867";"Exp60_51_IS5867";NA;"2023-10-09 22:46:00";74019,7
"884582";"27:5:1";"Exp60_51_IS5867";"Exp60_51_IS5867";NA;"2023-10-09 23:17:00";74018,9
"884583";"27:5:1";"Exp60_51_IS5867";"Exp60_51_IS5867";NA;"2023-10-09 23:31:00";74021,4
"884584";"27:5:1";"Exp60_51_IS5867";"Exp60_51_IS5867";NA;"2023-10-09 23:47:00";74017,9
"884585";"27:5:1";"Exp60_51_IS5867";"Exp60_51_IS5867";NA;"2023-10-10 00:16:00";74020,1
"884586";"27:5:1";"Exp60_51_IS5867";"Exp60_51_IS5867";NA;"2023-10-10 00:47:00";74009,4
"884587";"27:5:1";"Exp60_51_IS5867";"Exp60_51_IS5867";NA;"2023-10-10 01:01:00";74006,2
"884588";"27:5:1";"Exp60_51_IS5867";"Exp60_51_IS5867";NA;"2023-10-10 01:17:00";74010,1
"884589";"27:5:1";"Exp60_51_IS5867";"Exp60_51_IS5867";NA;"2023-10-10 01:31:00";74009
"884590";"27:5:1";"Exp60_51_IS5867";"Exp60_51_IS5867";NA;"2023-10-10 01:47:00";74004,9
"884591";"27:5:1";"Exp60_51_IS5867";"Exp60_51_IS5867";NA;"2023-10-10 02:01:00";74006,8
"884592";"27:5:1";"Exp60_51_IS5867";"Exp60_51_IS5867";NA;"2023-10-10 02:17:00";74003,7
"884593";"27:5:1";"Exp60_51_IS5867";"Exp60_51_IS5867";NA;"2023-10-10 02:31:00";74001,1
"884594";"27:5:1";"Exp60_51_IS5867";"Exp60_51_IS5867";NA;"2023-10-10 02:47:00";74000,9
"884595";"27:5:1";"Exp60_51_IS5867";"Exp60_51_IS5867";NA;"2023-10-10 03:01:00";74000,2
"884596";"27:5:1";"Exp60_51_IS5867";"Exp60_51_IS5867";NA;"2023-10-10 03:17:00";73998,8
"884597";"27:5:1";"Exp60_51_IS5867";"Exp60_51_IS5867";NA;"2023-10-10 03:31:00";73999
"884598";"27:5:1";"Exp60_51_IS5867";"Exp60_51_IS5867";NA;"2023-10-10 03:47:00";73996,7
"884599";"27:5:1";"Exp60_51_IS5867";"Exp60_51_IS5867";NA;"2023-10-10 04:01:00";73994,9
"884600";"27:5:1";"Exp60_51_IS5867";"Exp60_51_IS5867";NA;"2023-10-10 04:17:00";73994,6
"884601";"27:5:1";"Exp60_51_IS5867";"Exp60_51_IS5867";NA;"2023-10-10 04:31:00";73995
"884602";"27:5:1";"Exp60_51_IS5867";"Exp60_51_IS5867";NA;"2023-10-10 04:47:00";73997,1
"884603";"27:5:1";"Exp60_51_IS5867";"Exp60_51_IS5867";NA;"2023-10-10 05:01:00";73994,9
"884604";"27:5:1";"Exp60_51_IS5867";"Exp60_51_IS5867";NA;"2023-10-10 05:17:00";73996
"884605";"27:5:1";"Exp60_51_IS5867";"Exp60_51_IS5867";NA;"2023-10-10 05:31:00";73994,9
"884606";"27:5:1";"Exp60_51_IS5867";"Exp60_51_IS5867";NA;"2023-10-10 05:47:00";73991,5
"884607";"27:5:1";"Exp60_51_IS5867";"Exp60_51_IS5867";NA;"2023-10-10 06:01:00";73990,8
"884608";"27:5:1";"Exp60_51_IS5867";"Exp60_51_IS5867";NA;"2023-10-10 06:17:00";73991,9
"884609";"27:5:1";"Exp60_51_IS5867";"Exp60_51_IS5867";NA;"2023-10-10 06:46:00";73989,9
"884610";"27:5:1";"Exp60_51_IS5867";"Exp60_51_IS5867";NA;"2023-10-10 07:17:00";73986
"884611";"27:5:1";"Exp60_51_IS5867";"Exp60_51_IS5867";NA;"2023-10-10 07:31:00";73981,8
"884612";"27:5:1";"Exp60_51_IS5867";"Exp60_51_IS5867";NA;"2023-10-10 08:02:00";73962,4
"884613";"27:5:1";"Exp60_51_IS5867";"Exp60_51_IS5867";NA;"2023-10-10 08:16:00";73950,7
"884614";"27:5:1";"Exp60_51_IS5867";"Exp60_51_IS5867";NA;"2023-10-10 08:32:00";73940
"884615";"27:5:1";"Exp60_51_IS5867";"Exp60_51_IS5867";NA;"2023-10-10 08:46:00";73928,7
"884616";"27:5:1";"Exp60_51_IS5867";"Exp60_51_IS5867";NA;"2023-10-10 09:02:00";73910,5
"884617";"27:5:1";"Exp60_51_IS5867";"Exp60_51_IS5867";NA;"2023-10-10 09:16:00";73893,5
"884618";"27:5:1";"Exp60_51_IS5867";"Exp60_51_IS5867";NA;"2023-10-10 09:32:00";73875
"884619";"27:5:1";"Exp60_51_IS5867";"Exp60_51_IS5867";NA;"2023-10-10 09:46:00";73844,5
"884620";"27:5:1";"Exp60_51_IS5867";"Exp60_51_IS5867";NA;"2023-10-10 10:02:00";73844,2
"884621";"27:5:1";"Exp60_51_IS5867";"Exp60_51_IS5867";NA;"2023-10-10 10:16:00";73826,9
"884622";"27:5:1";"Exp60_51_IS5867";"Exp60_51_IS5867";NA;"2023-10-10 10:32:00";73844,5
"884623";"27:5:1";"Exp60_51_IS5867";"Exp60_51_IS5867";NA;"2023-10-10 10:46:00";73838,3
"884624";"27:5:1";"Exp60_51_IS5867";"Exp60_51_IS5867";NA;"2023-10-10 11:02:00";73803,3
"884625";"27:5:1";"Exp60_51_IS5867";"Exp60_51_IS5867";NA;"2023-10-10 11:16:00";73788,4
"884626";"27:5:1";"Exp60_51_IS5867";"Exp60_51_IS5867";NA;"2023-10-10 15:46:00";73528,2
"884627";"27:5:1";"Exp60_51_IS5867";"Exp60_51_IS5867";NA;"2023-10-10 18:01:00";74875,3
"884628";"27:5:1";"Exp60_51_IS5867";"Exp60_51_IS5867";NA;"2023-10-10 18:17:00";74873,2
"884629";"27:5:1";"Exp60_51_IS5867";"Exp60_51_IS5867";NA;"2023-10-10 18:31:00";74871,2
"884630";"27:5:1";"Exp60_51_IS5867";"Exp60_51_IS5867";NA;"2023-10-10 18:47:00";74868,2
"884631";"27:5:1";"Exp60_51_IS5867";"Exp60_51_IS5867";NA;"2023-10-10 19:01:00";74868,4
"884632";"27:5:1";"Exp60_51_IS5867";"Exp60_51_IS5867";NA;"2023-10-10 19:17:00";74862,6
"884633";"27:5:1";"Exp60_51_IS5867";"Exp60_51_IS5867";NA;"2023-10-10 19:31:00";74862,4
"884634";"27:5:1";"Exp60_51_IS5867";"Exp60_51_IS5867";NA;"2023-10-10 19:47:00";74862,8
"884635";"27:5:1";"Exp60_51_IS5867";"Exp60_51_IS5867";NA;"2023-10-10 20:01:00";74861,2
"884636";"27:5:1";"Exp60_51_IS5867";"Exp60_51_IS5867";NA;"2023-10-10 20:17:00";74860,4
"884637";"27:5:1";"Exp60_51_IS5867";"Exp60_51_IS5867";NA;"2023-10-10 20:31:00";74855,1
"884638";"27:5:1";"Exp60_51_IS5867";"Exp60_51_IS5867";NA;"2023-10-10 20:47:00";74855,2
"884639";"27:5:1";"Exp60_51_IS5867";"Exp60_51_IS5867";NA;"2023-10-10 21:01:00";74855
"884640";"27:5:1";"Exp60_51_IS5867";"Exp60_51_IS5867";NA;"2023-10-10 21:17:00";74850,9
"884641";"27:5:1";"Exp60_51_IS5867";"Exp60_51_IS5867";NA;"2023-10-10 21:31:00";74848,1
"884642";"27:5:1";"Exp60_51_IS5867";"Exp60_51_IS5867";NA;"2023-10-10 21:47:00";74844,9
"884643";"27:5:1";"Exp60_51_IS5867";"Exp60_51_IS5867";NA;"2023-10-10 22:01:00";74842,7
"884644";"27:5:1";"Exp60_51_IS5867";"Exp60_51_IS5867";NA;"2023-10-10 22:32:00";74845,3
"884645";"27:5:1";"Exp60_51_IS5867";"Exp60_51_IS5867";NA;"2023-10-10 22:46:00";74840,7
"884646";"27:5:1";"Exp60_51_IS5867";"Exp60_51_IS5867";NA;"2023-10-10 23:02:00";74841,7
"884647";"27:5:1";"Exp60_51_IS5867";"Exp60_51_IS5867";NA;"2023-10-10 23:16:00";74840,5
"884648";"27:5:1";"Exp60_51_IS5867";"Exp60_51_IS5867";NA;"2023-10-10 23:32:00";74840,4
"884649";"27:5:1";"Exp60_51_IS5867";"Exp60_51_IS5867";NA;"2023-10-10 23:46:00";74837,8
"884650";"27:5:1";"Exp60_51_IS5867";"Exp60_51_IS5867";NA;"2023-10-11 00:02:00";74837,3
"884651";"27:5:1";"Exp60_51_IS5867";"Exp60_51_IS5867";NA;"2023-10-11 00:16:00";74835,9
"884652";"27:5:1";"Exp60_51_IS5867";"Exp60_51_IS5867";NA;"2023-10-11 00:32:00";74833,9
"884653";"27:5:1";"Exp60_51_IS5867";"Exp60_51_IS5867";NA;"2023-10-11 00:46:00";74833,6
"884654";"27:5:1";"Exp60_51_IS5867";"Exp60_51_IS5867";NA;"2023-10-11 06:31:00";74811,9
"884655";"27:5:1";"Exp60_51_IS5867";"Exp60_51_IS5867";NA;"2023-10-11 07:17:00";74801,1
"884656";"27:5:1";"Exp60_51_IS5867";"Exp60_51_IS5867";NA;"2023-10-11 07:31:00";74800,6
"884657";"27:5:1";"Exp60_51_IS5867";"Exp60_51_IS5867";NA;"2023-10-11 07:47:00";74794,6
"884658";"27:5:1";"Exp60_51_IS5867";"Exp60_51_IS5867";NA;"2023-10-11 08:01:00";74787,1
"884659";"27:5:1";"Exp60_51_IS5867";"Exp60_51_IS5867";NA;"2023-10-11 08:17:00";74771
"884660";"27:5:1";"Exp60_51_IS5867";"Exp60_51_IS5867";NA;"2023-10-11 08:31:00";74753,7
"884661";"27:5:1";"Exp60_51_IS5867";"Exp60_51_IS5867";NA;"2023-10-11 08:47:00";74737,7
"884662";"27:5:1";"Exp60_51_IS5867";"Exp60_51_IS5867";NA;"2023-10-11 09:01:00";74717,7
"884663";"27:5:1";"Exp60_51_IS5867";"Exp60_51_IS5867";NA;"2023-10-11 16:16:00";74213,8
"884664";"27:5:1";"Exp60_51_IS5867";"Exp60_51_IS5867";NA;"2023-10-11 16:32:00";74202,3
"884665";"27:5:1";"Exp60_51_IS5867";"Exp60_51_IS5867";NA;"2023-10-11 16:46:00";74197,1
"884666";"27:5:1";"Exp60_51_IS5867";"Exp60_51_IS5867";NA;"2023-10-11 17:02:00";74192,9
"884667";"27:5:1";"Exp60_51_IS5867";"Exp60_51_IS5867";NA;"2023-10-11 17:16:00";74190,3
"884668";"27:5:1";"Exp60_51_IS5867";"Exp60_51_IS5867";NA;"2023-10-11 17:32:00";74186,8
"884669";"27:5:1";"Exp60_51_IS5867";"Exp60_51_IS5867";NA;"2023-10-11 17:46:00";74181,4
"884670";"27:5:1";"Exp60_51_IS5867";"Exp60_51_IS5867";NA;"2023-10-11 18:02:00";74184
"884671";"27:5:1";"Exp60_51_IS5867";"Exp60_51_IS5867";NA;"2023-10-11 18:16:00";74187,8
"884672";"27:5:1";"Exp60_51_IS5867";"Exp60_51_IS5867";NA;"2023-10-11 18:32:00";74190
"884673";"27:5:1";"Exp60_51_IS5867";"Exp60_51_IS5867";NA;"2023-10-11 18:46:00";74180,6
"884674";"27:5:1";"Exp60_51_IS5867";"Exp60_51_IS5867";NA;"2023-10-11 19:02:00";74188
"884675";"27:5:1";"Exp60_51_IS5867";"Exp60_51_IS5867";NA;"2023-10-11 19:16:00";74187,5
"884676";"27:5:1";"Exp60_51_IS5867";"Exp60_51_IS5867";NA;"2023-10-11 19:32:00";74183,1
"884677";"27:5:1";"Exp60_51_IS5867";"Exp60_51_IS5867";NA;"2023-10-11 19:46:00";74185
"884678";"27:5:1";"Exp60_51_IS5867";"Exp60_51_IS5867";NA;"2023-10-11 20:02:00";74172,1
"884679";"27:5:1";"Exp60_51_IS5867";"Exp60_51_IS5867";NA;"2023-10-11 20:46:00";74179
"884680";"27:5:1";"Exp60_51_IS5867";"Exp60_51_IS5867";NA;"2023-10-11 21:02:00";74177,1
"884681";"27:5:1";"Exp60_51_IS5867";"Exp60_51_IS5867";NA;"2023-10-11 21:16:00";74175
"884682";"27:5:1";"Exp60_51_IS5867";"Exp60_51_IS5867";NA;"2023-10-11 21:32:00";74171,1
"884683";"27:5:1";"Exp60_51_IS5867";"Exp60_51_IS5867";NA;"2023-10-11 21:46:00";74167,9
"884684";"27:5:1";"Exp60_51_IS5867";"Exp60_51_IS5867";NA;"2023-10-11 22:17:00";74168,3
"884685";"27:5:1";"Exp60_51_IS5867";"Exp60_51_IS5867";NA;"2023-10-11 22:31:00";74163,7
"884686";"27:5:1";"Exp60_51_IS5867";"Exp60_51_IS5867";NA;"2023-10-11 22:47:00";74161,4
"884687";"27:5:1";"Exp60_51_IS5867";"Exp60_51_IS5867";NA;"2023-10-11 23:01:00";74163,2
"884688";"27:5:1";"Exp60_51_IS5867";"Exp60_51_IS5867";NA;"2023-10-11 23:17:00";74161,9
"884689";"27:5:1";"Exp60_51_IS5867";"Exp60_51_IS5867";NA;"2023-10-11 23:31:00";74161
"884690";"27:5:1";"Exp60_51_IS5867";"Exp60_51_IS5867";NA;"2023-10-11 23:47:00";74161,4
"884691";"27:5:1";"Exp60_51_IS5867";"Exp60_51_IS5867";NA;"2023-10-12 00:01:00";74163,2
"884692";"27:5:1";"Exp60_51_IS5867";"Exp60_51_IS5867";NA;"2023-10-12 00:17:00";74161,6
"884693";"27:5:1";"Exp60_51_IS5867";"Exp60_51_IS5867";NA;"2023-10-12 00:31:00";74163,4
"884694";"27:5:1";"Exp60_51_IS5867";"Exp60_51_IS5867";NA;"2023-10-12 00:47:00";74162,2
"884695";"27:5:1";"Exp60_51_IS5867";"Exp60_51_IS5867";NA;"2023-10-12 01:01:00";74160,8
"884696";"27:5:1";"Exp60_51_IS5867";"Exp60_51_IS5867";NA;"2023-10-12 01:17:00";74160,2
"884697";"27:5:1";"Exp60_51_IS5867";"Exp60_51_IS5867";NA;"2023-10-12 01:31:00";74159,2
"884698";"27:5:1";"Exp60_51_IS5867";"Exp60_51_IS5867";NA;"2023-10-12 01:47:00";74156,4
"884699";"27:5:1";"Exp60_51_IS5867";"Exp60_51_IS5867";NA;"2023-10-12 02:01:00";74154,7
"884700";"27:5:1";"Exp60_51_IS5867";"Exp60_51_IS5867";NA;"2023-10-12 02:17:00";74156,2
"884701";"27:5:1";"Exp60_51_IS5867";"Exp60_51_IS5867";NA;"2023-10-12 02:31:00";74157,7
"884702";"27:5:1";"Exp60_51_IS5867";"Exp60_51_IS5867";NA;"2023-10-12 02:47:00";74159,2
"884703";"27:5:1";"Exp60_51_IS5867";"Exp60_51_IS5867";NA;"2023-10-12 03:01:00";74158,2
"884704";"27:5:1";"Exp60_51_IS5867";"Exp60_51_IS5867";NA;"2023-10-12 03:17:00";74152,8
"884705";"27:5:1";"Exp60_51_IS5867";"Exp60_51_IS5867";NA;"2023-10-12 03:31:00";74153,2
"884706";"27:5:1";"Exp60_51_IS5867";"Exp60_51_IS5867";NA;"2023-10-12 03:47:00";74148,1
"884707";"27:5:1";"Exp60_51_IS5867";"Exp60_51_IS5867";NA;"2023-10-12 04:01:00";74142,6
"884708";"27:5:1";"Exp60_51_IS5867";"Exp60_51_IS5867";NA;"2023-10-12 04:17:00";74142,7
"884709";"27:5:1";"Exp60_51_IS5867";"Exp60_51_IS5867";NA;"2023-10-12 04:31:00";74138,4
"884710";"27:5:1";"Exp60_51_IS5867";"Exp60_51_IS5867";NA;"2023-10-12 04:47:00";74133,6
"884711";"27:5:1";"Exp60_51_IS5867";"Exp60_51_IS5867";NA;"2023-10-12 05:01:00";74134,1
"884712";"27:5:1";"Exp60_51_IS5867";"Exp60_51_IS5867";NA;"2023-10-12 05:32:00";74126,7
"884713";"27:5:1";"Exp60_51_IS5867";"Exp60_51_IS5867";NA;"2023-10-12 05:46:00";74115,7
"884714";"27:5:1";"Exp60_51_IS5867";"Exp60_51_IS5867";NA;"2023-10-12 06:02:00";74117
"884715";"27:5:1";"Exp60_51_IS5867";"Exp60_51_IS5867";NA;"2023-10-12 06:16:00";74114,2
"884716";"27:5:1";"Exp60_51_IS5867";"Exp60_51_IS5867";NA;"2023-10-12 06:47:00";74109,4
"884717";"27:5:1";"Exp60_51_IS5867";"Exp60_51_IS5867";NA;"2023-10-12 07:01:00";74112,9
"884718";"27:5:1";"Exp60_51_IS5867";"Exp60_51_IS5867";NA;"2023-10-12 07:17:00";74110,3
"884719";"27:5:1";"Exp60_51_IS5867";"Exp60_51_IS5867";NA;"2023-10-12 07:31:00";74102,6
"884720";"27:5:1";"Exp60_51_IS5867";"Exp60_51_IS5867";NA;"2023-10-12 07:47:00";74093,6
"884721";"27:5:1";"Exp60_51_IS5867";"Exp60_51_IS5867";NA;"2023-10-12 08:01:00";74086,9
"884722";"27:5:1";"Exp60_51_IS5867";"Exp60_51_IS5867";NA;"2023-10-12 08:17:00";74070,3
"884723";"27:5:1";"Exp60_51_IS5867";"Exp60_51_IS5867";NA;"2023-10-12 08:31:00";74058,1
"884724";"27:5:1";"Exp60_51_IS5867";"Exp60_51_IS5867";NA;"2023-10-12 08:47:00";74038,6
"884725";"27:5:1";"Exp60_51_IS5867";"Exp60_51_IS5867";NA;"2023-10-12 09:01:00";74016,8
"884726";"27:5:1";"Exp60_51_IS5867";"Exp60_51_IS5867";NA;"2023-10-12 09:17:00";74002,9
"884727";"27:5:1";"Exp60_51_IS5867";"Exp60_51_IS5867";NA;"2023-10-12 09:31:00";73986,6
"884728";"27:5:1";"Exp60_51_IS5867";"Exp60_51_IS5867";NA;"2023-10-12 09:47:00";73969,3
"884729";"27:5:1";"Exp60_51_IS5867";"Exp60_51_IS5867";NA;"2023-10-12 10:01:00";73994,8
"884730";"27:5:1";"Exp60_51_IS5867";"Exp60_51_IS5867";NA;"2023-10-12 15:01:00";73638,2
"884731";"27:5:1";"Exp60_51_IS5867";"Exp60_51_IS5867";NA;"2023-10-12 15:17:00";73598,8
"884732";"27:5:1";"Exp60_51_IS5867";"Exp60_51_IS5867";NA;"2023-10-12 15:31:00";73589,3
"884733";"27:5:1";"Exp60_51_IS5867";"Exp60_51_IS5867";NA;"2023-10-12 15:47:00";73582,8
"884734";"27:5:1";"Exp60_51_IS5867";"Exp60_51_IS5867";NA;"2023-10-12 16:01:00";73568,1
"884735";"27:5:1";"Exp60_51_IS5867";"Exp60_51_IS5867";NA;"2023-10-12 16:17:00";73561,5
"884736";"27:5:1";"Exp60_51_IS5867";"Exp60_51_IS5867";NA;"2023-10-12 16:31:00";73550,8
"884737";"27:5:1";"Exp60_51_IS5867";"Exp60_51_IS5867";NA;"2023-10-12 16:47:00";73547,1
"884738";"27:5:1";"Exp60_51_IS5867";"Exp60_51_IS5867";NA;"2023-10-12 17:01:00";73543,5
"884739";"27:5:1";"Exp60_51_IS5867";"Exp60_51_IS5867";NA;"2023-10-12 17:17:00";73542,6
"884740";"27:5:1";"Exp60_51_IS5867";"Exp60_51_IS5867";NA;"2023-10-12 17:31:00";73540,8
"884741";"27:5:1";"Exp60_51_IS5867";"Exp60_51_IS5867";NA;"2023-10-12 17:47:00";73540,4
"884742";"27:5:1";"Exp60_51_IS5867";"Exp60_51_IS5867";NA;"2023-10-12 18:01:00";73539,4
"884743";"27:5:1";"Exp60_51_IS5867";"Exp60_51_IS5867";NA;"2023-10-12 18:17:00";73539,6
"884744";"27:5:1";"Exp60_51_IS5867";"Exp60_51_IS5867";NA;"2023-10-12 18:31:00";73535,3
"884745";"27:5:1";"Exp60_51_IS5867";"Exp60_51_IS5867";NA;"2023-10-12 18:47:00";73536,7
"884746";"27:5:1";"Exp60_51_IS5867";"Exp60_51_IS5867";NA;"2023-10-12 19:01:00";73534,7
"884747";"27:5:1";"Exp60_51_IS5867";"Exp60_51_IS5867";NA;"2023-10-12 19:17:00";73533,4
"884748";"27:5:1";"Exp60_51_IS5867";"Exp60_51_IS5867";NA;"2023-10-12 19:31:00";73525,3
"884749";"27:5:1";"Exp60_51_IS5867";"Exp60_51_IS5867";NA;"2023-10-12 20:02:00";73507
"884750";"27:5:1";"Exp60_51_IS5867";"Exp60_51_IS5867";NA;"2023-10-12 20:16:00";73508
"884751";"27:5:1";"Exp60_51_IS5867";"Exp60_51_IS5867";NA;"2023-10-13 03:16:00";73504,7
"884752";"27:5:1";"Exp60_51_IS5867";"Exp60_51_IS5867";NA;"2023-10-13 03:32:00";73504,7
"884753";"27:5:1";"Exp60_51_IS5867";"Exp60_51_IS5867";NA;"2023-10-13 03:46:00";73504
"884754";"27:5:1";"Exp60_51_IS5867";"Exp60_51_IS5867";NA;"2023-10-13 04:02:00";73504
"884755";"27:5:1";"Exp60_51_IS5867";"Exp60_51_IS5867";NA;"2023-10-13 04:16:00";73502,8
"884756";"27:5:1";"Exp60_51_IS5867";"Exp60_51_IS5867";NA;"2023-10-13 04:32:00";73501,2
"884757";"27:5:1";"Exp60_51_IS5867";"Exp60_51_IS5867";NA;"2023-10-13 04:46:00";73502,2
"884758";"27:5:1";"Exp60_51_IS5867";"Exp60_51_IS5867";NA;"2023-10-13 05:02:00";73500,8
"884759";"27:5:1";"Exp60_51_IS5867";"Exp60_51_IS5867";NA;"2023-10-13 05:16:00";73502,8
"884760";"27:5:1";"Exp60_51_IS5867";"Exp60_51_IS5867";NA;"2023-10-13 05:32:00";73502,7
"884761";"27:5:1";"Exp60_51_IS5867";"Exp60_51_IS5867";NA;"2023-10-13 05:46:00";73502
"884762";"27:5:1";"Exp60_51_IS5867";"Exp60_51_IS5867";NA;"2023-10-13 06:02:00";73502
"884763";"27:5:1";"Exp60_51_IS5867";"Exp60_51_IS5867";NA;"2023-10-13 06:16:00";73500,4
"884764";"27:5:1";"Exp60_51_IS5867";"Exp60_51_IS5867";NA;"2023-10-13 06:32:00";73501,9
"884765";"27:5:1";"Exp60_51_IS5867";"Exp60_51_IS5867";NA;"2023-10-13 06:46:00";73496,7
"884766";"27:5:1";"Exp60_51_IS5867";"Exp60_51_IS5867";NA;"2023-10-13 12:46:00";73136,4
"884767";"27:5:1";"Exp60_51_IS5867";"Exp60_51_IS5867";NA;"2023-10-13 13:02:00";73117,5
"884768";"27:5:1";"Exp60_51_IS5867";"Exp60_51_IS5867";NA;"2023-10-13 13:16:00";73100,8
"884769";"27:5:1";"Exp60_51_IS5867";"Exp60_51_IS5867";NA;"2023-10-13 13:32:00";73089,3
"884770";"27:5:1";"Exp60_51_IS5867";"Exp60_51_IS5867";NA;"2023-10-13 13:46:00";73090,2
"884771";"27:5:1";"Exp60_51_IS5867";"Exp60_51_IS5867";NA;"2023-10-13 19:46:00";77153,3
"884772";"27:5:1";"Exp60_51_IS5867";"Exp60_51_IS5867";NA;"2023-10-13 20:02:00";77120,7
"884773";"27:5:1";"Exp60_51_IS5867";"Exp60_51_IS5867";NA;"2023-10-13 20:16:00";77093,7
"884774";"27:5:1";"Exp60_51_IS5867";"Exp60_51_IS5867";NA;"2023-10-13 20:32:00";77068,8
"884775";"27:5:1";"Exp60_51_IS5867";"Exp60_51_IS5867";NA;"2023-10-13 20:46:00";77040,8
"884776";"27:5:1";"Exp60_51_IS5867";"Exp60_51_IS5867";NA;"2023-10-13 21:02:00";77016,2
"884777";"27:5:1";"Exp60_51_IS5867";"Exp60_51_IS5867";NA;"2023-10-13 21:16:00";76992,7
"884778";"27:5:1";"Exp60_51_IS5867";"Exp60_51_IS5867";NA;"2023-10-13 21:32:00";76967,6
"884779";"27:5:1";"Exp60_51_IS5867";"Exp60_51_IS5867";NA;"2023-10-13 21:46:00";76950
"884780";"27:5:1";"Exp60_51_IS5867";"Exp60_51_IS5867";NA;"2023-10-13 22:02:00";76926,8
"884781";"27:5:1";"Exp60_51_IS5867";"Exp60_51_IS5867";NA;"2023-10-13 22:16:00";76909,1
"884782";"27:5:1";"Exp60_51_IS5867";"Exp60_51_IS5867";NA;"2023-10-13 22:32:00";76887,7
"884783";"27:5:1";"Exp60_51_IS5867";"Exp60_51_IS5867";NA;"2023-10-13 22:46:00";76873,7
"884784";"27:5:1";"Exp60_51_IS5867";"Exp60_51_IS5867";NA;"2023-10-13 23:02:00";76856,3
"884785";"27:5:1";"Exp60_51_IS5867";"Exp60_51_IS5867";NA;"2023-10-13 23:16:00";76842
"884786";"27:5:1";"Exp60_51_IS5867";"Exp60_51_IS5867";NA;"2023-10-13 23:47:00";76814,8
"884787";"27:5:1";"Exp60_51_IS5867";"Exp60_51_IS5867";NA;"2023-10-14 00:01:00";76804
"884788";"27:5:1";"Exp60_51_IS5867";"Exp60_51_IS5867";NA;"2023-10-14 00:17:00";76798,7
"884789";"27:5:1";"Exp60_51_IS5867";"Exp60_51_IS5867";NA;"2023-10-14 00:31:00";76787,2
"884790";"27:5:1";"Exp60_51_IS5867";"Exp60_51_IS5867";NA;"2023-10-14 00:47:00";76775,6
"884791";"27:5:1";"Exp60_51_IS5867";"Exp60_51_IS5867";NA;"2023-10-14 01:01:00";76765,8
"884792";"27:5:1";"Exp60_51_IS5867";"Exp60_51_IS5867";NA;"2023-10-14 01:17:00";76759,2
"884793";"27:5:1";"Exp60_51_IS5867";"Exp60_51_IS5867";NA;"2023-10-14 01:31:00";76748,8
"884794";"27:5:1";"Exp60_51_IS5867";"Exp60_51_IS5867";NA;"2023-10-14 01:47:00";76741
"884795";"27:5:1";"Exp60_51_IS5867";"Exp60_51_IS5867";NA;"2023-10-14 02:01:00";76732,1
"884796";"27:5:1";"Exp60_51_IS5867";"Exp60_51_IS5867";NA;"2023-10-14 02:17:00";76728,3
"884797";"27:5:1";"Exp60_51_IS5867";"Exp60_51_IS5867";NA;"2023-10-14 02:31:00";76724,3
"884798";"27:5:1";"Exp60_51_IS5867";"Exp60_51_IS5867";NA;"2023-10-14 02:47:00";76716,2
"884799";"27:5:1";"Exp60_51_IS5867";"Exp60_51_IS5867";NA;"2023-10-14 03:01:00";76709,3
"884800";"27:5:1";"Exp60_51_IS5867";"Exp60_51_IS5867";NA;"2023-10-14 03:17:00";76704,6
"884801";"27:5:1";"Exp60_51_IS5867";"Exp60_51_IS5867";NA;"2023-10-14 03:31:00";76698,4
"884802";"27:5:1";"Exp60_51_IS5867";"Exp60_51_IS5867";NA;"2023-10-14 04:17:00";76682,8
"884803";"27:5:1";"Exp60_51_IS5867";"Exp60_51_IS5867";NA;"2023-10-14 04:31:00";76681,8
"884804";"27:5:1";"Exp60_51_IS5867";"Exp60_51_IS5867";NA;"2023-10-14 04:47:00";76679,9
"884805";"27:5:1";"Exp60_51_IS5867";"Exp60_51_IS5867";NA;"2023-10-14 05:01:00";76673,7
"884806";"27:5:1";"Exp60_51_IS5867";"Exp60_51_IS5867";NA;"2023-10-14 05:17:00";76669,5
"884807";"27:5:1";"Exp60_51_IS5867";"Exp60_51_IS5867";NA;"2023-10-14 05:31:00";76668,8
"884808";"27:5:1";"Exp60_51_IS5867";"Exp60_51_IS5867";NA;"2023-10-14 05:47:00";76663,7
"884809";"27:5:1";"Exp60_51_IS5867";"Exp60_51_IS5867";NA;"2023-10-14 06:01:00";76664,6
"884810";"27:5:1";"Exp60_51_IS5867";"Exp60_51_IS5867";NA;"2023-10-14 06:17:00";76663,7
"884811";"27:5:1";"Exp60_51_IS5867";"Exp60_51_IS5867";NA;"2023-10-14 06:31:00";76662,8
"884812";"27:5:1";"Exp60_51_IS5867";"Exp60_51_IS5867";NA;"2023-10-14 07:02:00";76659
"884813";"27:5:1";"Exp60_51_IS5867";"Exp60_51_IS5867";NA;"2023-10-14 07:16:00";76654,1
"884814";"27:5:1";"Exp60_51_IS5867";"Exp60_51_IS5867";NA;"2023-10-14 07:32:00";76648,5
"884815";"27:5:1";"Exp60_51_IS5867";"Exp60_51_IS5867";NA;"2023-10-14 08:16:00";76616,7
"884816";"27:5:1";"Exp60_51_IS5867";"Exp60_51_IS5867";NA;"2023-10-14 08:32:00";76605,4
"884817";"27:5:1";"Exp60_51_IS5867";"Exp60_51_IS5867";NA;"2023-10-14 08:46:00";76588,5
"884818";"27:5:1";"Exp60_51_IS5867";"Exp60_51_IS5867";NA;"2023-10-14 09:02:00";76557,6
"884819";"27:5:1";"Exp60_51_IS5867";"Exp60_51_IS5867";NA;"2023-10-14 09:16:00";76524,3
"884820";"27:5:1";"Exp60_51_IS5867";"Exp60_51_IS5867";NA;"2023-10-14 09:32:00";76494,9
"884821";"27:5:1";"Exp60_51_IS5867";"Exp60_51_IS5867";NA;"2023-10-14 09:46:00";76475,2
"884822";"27:5:1";"Exp60_51_IS5867";"Exp60_51_IS5867";NA;"2023-10-14 10:02:00";76434,4
"884823";"27:5:1";"Exp60_51_IS5867";"Exp60_51_IS5867";NA;"2023-10-14 10:16:00";76426,2
"884824";"27:5:1";"Exp60_51_IS5867";"Exp60_51_IS5867";NA;"2023-10-14 10:32:00";76369,9
"884825";"27:5:1";"Exp60_51_IS5867";"Exp60_51_IS5867";NA;"2023-10-14 10:46:00";76365,4
"884826";"27:5:1";"Exp60_51_IS5867";"Exp60_51_IS5867";NA;"2023-10-14 11:02:00";76338,8
"884827";"27:5:1";"Exp60_51_IS5867";"Exp60_51_IS5867";NA;"2023-10-14 11:16:00";76292,1
"884828";"27:5:1";"Exp60_51_IS5867";"Exp60_51_IS5867";NA;"2023-10-14 11:32:00";76250
"884829";"27:5:1";"Exp60_51_IS5867";"Exp60_51_IS5867";NA;"2023-10-14 11:46:00";76215,4
"884830";"27:5:1";"Exp60_51_IS5867";"Exp60_51_IS5867";NA;"2023-10-14 12:02:00";76178,9
"884831";"27:5:1";"Exp60_51_IS5867";"Exp60_51_IS5867";NA;"2023-10-14 12:16:00";76159,8
"884832";"27:5:1";"Exp60_51_IS5867";"Exp60_51_IS5867";NA;"2023-10-14 12:32:00";76133,4
"884833";"27:5:1";"Exp60_51_IS5867";"Exp60_51_IS5867";NA;"2023-10-14 12:46:00";76097,2
"884834";"27:5:1";"Exp60_51_IS5867";"Exp60_51_IS5867";NA;"2023-10-14 13:02:00";76098,2
"884835";"27:5:1";"Exp60_51_IS5867";"Exp60_51_IS5867";NA;"2023-10-14 13:16:00";76074,2
"884836";"27:5:1";"Exp60_51_IS5867";"Exp60_51_IS5867";NA;"2023-10-14 13:32:00";76056,7
"884837";"27:5:1";"Exp60_51_IS5867";"Exp60_51_IS5867";NA;"2023-10-14 13:46:00";76037,1
"884838";"27:5:1";"Exp60_51_IS5867";"Exp60_51_IS5867";NA;"2023-10-14 19:31:00";75840,2
"884839";"27:5:1";"Exp60_51_IS5867";"Exp60_51_IS5867";NA;"2023-10-15 02:01:00";75809,9
"884840";"27:5:1";"Exp60_51_IS5867";"Exp60_51_IS5867";NA;"2023-10-15 02:17:00";75807
"884841";"27:5:1";"Exp60_51_IS5867";"Exp60_51_IS5867";NA;"2023-10-15 02:31:00";75805,3
"884842";"27:5:1";"Exp60_51_IS5867";"Exp60_51_IS5867";NA;"2023-10-15 02:47:00";75801,4
"884843";"27:5:1";"Exp60_51_IS5867";"Exp60_51_IS5867";NA;"2023-10-15 03:01:00";75802
"884844";"27:5:1";"Exp60_51_IS5867";"Exp60_51_IS5867";NA;"2023-10-15 03:17:00";75802,5
"884845";"27:5:1";"Exp60_51_IS5867";"Exp60_51_IS5867";NA;"2023-10-15 03:31:00";75801,8
"884846";"27:5:1";"Exp60_51_IS5867";"Exp60_51_IS5867";NA;"2023-10-15 03:47:00";75802,2
"884847";"27:5:1";"Exp60_51_IS5867";"Exp60_51_IS5867";NA;"2023-10-15 04:01:00";75800,2
"884848";"27:5:1";"Exp60_51_IS5867";"Exp60_51_IS5867";NA;"2023-10-15 04:32:00";75798,8
"884849";"27:5:1";"Exp60_51_IS5867";"Exp60_51_IS5867";NA;"2023-10-15 04:46:00";75798
"884850";"27:5:1";"Exp60_51_IS5867";"Exp60_51_IS5867";NA;"2023-10-15 05:32:00";75793,3
"884851";"27:5:1";"Exp60_51_IS5867";"Exp60_51_IS5867";NA;"2023-10-15 05:46:00";75792,3
"884852";"27:5:1";"Exp60_51_IS5867";"Exp60_51_IS5867";NA;"2023-10-15 06:17:00";75792,8
"884853";"27:5:1";"Exp60_51_IS5867";"Exp60_51_IS5867";NA;"2023-10-15 06:31:00";75791,9
"884854";"27:5:1";"Exp60_51_IS5867";"Exp60_51_IS5867";NA;"2023-10-15 07:02:00";75787,7
"884855";"27:5:1";"Exp60_51_IS5867";"Exp60_51_IS5867";NA;"2023-10-15 07:16:00";75784,9
"884856";"27:5:1";"Exp60_51_IS5867";"Exp60_51_IS5867";NA;"2023-10-15 07:32:00";75779,8
"884857";"27:5:1";"Exp60_51_IS5867";"Exp60_51_IS5867";NA;"2023-10-15 07:46:00";75778,2
"884858";"27:5:1";"Exp60_51_IS5867";"Exp60_51_IS5867";NA;"2023-10-15 08:17:00";75755,3
"884859";"27:5:1";"Exp60_51_IS5867";"Exp60_51_IS5867";NA;"2023-10-15 08:31:00";75742,6
"884860";"27:5:1";"Exp60_51_IS5867";"Exp60_51_IS5867";NA;"2023-10-15 08:47:00";75732,9
"884861";"27:5:1";"Exp60_51_IS5867";"Exp60_51_IS5867";NA;"2023-10-15 09:01:00";75718,5
"884862";"27:5:1";"Exp60_51_IS5867";"Exp60_51_IS5867";NA;"2023-10-15 09:17:00";75699,6
"884863";"27:5:1";"Exp60_51_IS5867";"Exp60_51_IS5867";NA;"2023-10-15 09:31:00";75667,2
"884864";"27:5:1";"Exp60_51_IS5867";"Exp60_51_IS5867";NA;"2023-10-15 09:47:00";75648,5
"884865";"27:5:1";"Exp60_51_IS5867";"Exp60_51_IS5867";NA;"2023-10-15 10:01:00";75632,6
"884866";"27:5:1";"Exp60_51_IS5867";"Exp60_51_IS5867";NA;"2023-10-15 10:17:00";75622,5
"884867";"27:5:1";"Exp60_51_IS5867";"Exp60_51_IS5867";NA;"2023-10-15 10:31:00";75599
"884868";"27:5:1";"Exp60_51_IS5867";"Exp60_51_IS5867";NA;"2023-10-15 10:47:00";75583,2
"884869";"27:5:1";"Exp60_51_IS5867";"Exp60_51_IS5867";NA;"2023-10-15 11:01:00";75572,9
"884870";"27:5:1";"Exp60_51_IS5867";"Exp60_51_IS5867";NA;"2023-10-15 18:01:00";75215,1
"884871";"27:5:1";"Exp60_51_IS5867";"Exp60_51_IS5867";NA;"2023-10-15 18:17:00";75212,4
"884872";"27:5:1";"Exp60_51_IS5867";"Exp60_51_IS5867";NA;"2023-10-15 18:31:00";75214,8
"884873";"27:5:1";"Exp60_51_IS5867";"Exp60_51_IS5867";NA;"2023-10-15 18:47:00";75214,3
"884874";"27:5:1";"Exp60_51_IS5867";"Exp60_51_IS5867";NA;"2023-10-15 19:01:00";75210,6
"884875";"27:5:1";"Exp60_51_IS5867";"Exp60_51_IS5867";NA;"2023-10-15 19:17:00";75210,2
"884876";"27:5:1";"Exp60_51_IS5867";"Exp60_51_IS5867";NA;"2023-10-15 19:31:00";75212,5
"884877";"27:5:1";"Exp60_51_IS5867";"Exp60_51_IS5867";NA;"2023-10-16 03:46:00";75189,3
"884878";"27:5:1";"Exp60_51_IS5867";"Exp60_51_IS5867";NA;"2023-10-16 04:02:00";75191,7
"884879";"27:5:1";"Exp60_51_IS5867";"Exp60_51_IS5867";NA;"2023-10-16 04:16:00";75187,7
"884880";"27:5:1";"Exp60_51_IS5867";"Exp60_51_IS5867";NA;"2023-10-16 04:32:00";75189,4
"884881";"27:5:1";"Exp60_51_IS5867";"Exp60_51_IS5867";NA;"2023-10-16 04:46:00";75185,9
"884882";"27:5:1";"Exp60_51_IS5867";"Exp60_51_IS5867";NA;"2023-10-16 05:02:00";75185,2
"884883";"27:5:1";"Exp60_51_IS5867";"Exp60_51_IS5867";NA;"2023-10-16 05:16:00";75185,2
"884884";"27:5:1";"Exp60_51_IS5867";"Exp60_51_IS5867";NA;"2023-10-16 05:32:00";75186
"884885";"27:5:1";"Exp60_51_IS5867";"Exp60_51_IS5867";NA;"2023-10-16 05:46:00";75185,4
"884886";"27:5:1";"Exp60_51_IS5867";"Exp60_51_IS5867";NA;"2023-10-16 06:02:00";75186,2
"884887";"27:5:1";"Exp60_51_IS5867";"Exp60_51_IS5867";NA;"2023-10-16 06:16:00";75184
"884888";"27:5:1";"Exp60_51_IS5867";"Exp60_51_IS5867";NA;"2023-10-16 06:32:00";75181,5
"884889";"27:5:1";"Exp60_51_IS5867";"Exp60_51_IS5867";NA;"2023-10-16 06:46:00";75180,6
"884890";"27:5:1";"Exp60_51_IS5867";"Exp60_51_IS5867";NA;"2023-10-16 07:02:00";75179,2
"884891";"27:5:1";"Exp60_51_IS5867";"Exp60_51_IS5867";NA;"2023-10-16 07:16:00";75178,5
"884892";"27:5:1";"Exp60_51_IS5867";"Exp60_51_IS5867";NA;"2023-10-16 07:47:00";75163,1
"884893";"27:5:1";"Exp60_51_IS5867";"Exp60_51_IS5867";NA;"2023-10-16 08:01:00";75158,8
"884894";"27:5:1";"Exp60_51_IS5867";"Exp60_51_IS5867";NA;"2023-10-16 08:17:00";75147,5
"884895";"27:5:1";"Exp60_51_IS5867";"Exp60_51_IS5867";NA;"2023-10-16 08:31:00";75136,8
"884896";"27:5:1";"Exp60_51_IS5867";"Exp60_51_IS5867";NA;"2023-10-16 08:47:00";75125,3
"884897";"27:5:1";"Exp60_51_IS5867";"Exp60_51_IS5867";NA;"2023-10-16 09:01:00";75117,1
"884898";"27:5:1";"Exp60_51_IS5867";"Exp60_51_IS5867";NA;"2023-10-16 09:17:00";75100,1
"884899";"27:5:1";"Exp60_51_IS5867";"Exp60_51_IS5867";NA;"2023-10-16 09:31:00";75073,1
"884900";"27:5:1";"Exp60_51_IS5867";"Exp60_51_IS5867";NA;"2023-10-16 09:47:00";75052,8
"884901";"27:5:1";"Exp60_51_IS5867";"Exp60_51_IS5867";NA;"2023-10-16 10:01:00";75046,9
"884902";"27:5:1";"Exp60_51_IS5867";"Exp60_51_IS5867";NA;"2023-10-16 10:17:00";75019,2
"884903";"27:5:1";"Exp60_51_IS5867";"Exp60_51_IS5867";NA;"2023-10-16 10:31:00";75020,5
"884904";"27:5:1";"Exp60_51_IS5867";"Exp60_51_IS5867";NA;"2023-10-16 10:47:00";74999,3
"884905";"27:5:1";"Exp60_51_IS5867";"Exp60_51_IS5867";NA;"2023-10-16 11:01:00";74977,1
"884906";"27:5:1";"Exp60_51_IS5867";"Exp60_51_IS5867";NA;"2023-10-16 11:32:00";74935,6
"884907";"27:5:1";"Exp60_51_IS5867";"Exp60_51_IS5867";NA;"2023-10-16 11:46:00";74913,9
"884908";"27:5:1";"Exp60_51_IS5867";"Exp60_51_IS5867";NA;"2023-10-16 12:17:00";74886
"884909";"27:5:1";"Exp60_51_IS5867";"Exp60_51_IS5867";NA;"2023-10-16 12:31:00";74884,2
"884910";"27:5:1";"Exp60_51_IS5867";"Exp60_51_IS5867";NA;"2023-10-16 13:02:00";74827,6
"884911";"27:5:1";"Exp60_51_IS5867";"Exp60_51_IS5867";NA;"2023-10-16 13:16:00";74814,6
"884912";"27:5:1";"Exp60_51_IS5867";"Exp60_51_IS5867";NA;"2023-10-16 13:32:00";74797,9
"884913";"27:5:1";"Exp60_51_IS5867";"Exp60_51_IS5867";NA;"2023-10-16 13:46:00";74793,1
"884914";"27:5:1";"Exp60_51_IS5867";"Exp60_51_IS5867";NA;"2023-10-16 14:02:00";74780,9
"884915";"27:5:1";"Exp60_51_IS5867";"Exp60_51_IS5867";NA;"2023-10-16 14:16:00";74778,9
"884916";"27:5:1";"Exp60_51_IS5867";"Exp60_51_IS5867";NA;"2023-10-16 14:32:00";74766,7
"884917";"27:5:1";"Exp60_51_IS5867";"Exp60_51_IS5867";NA;"2023-10-16 14:46:00";74757,1
"884918";"27:5:1";"Exp60_51_IS5867";"Exp60_51_IS5867";NA;"2023-10-16 22:16:00";74687,1
"884919";"27:5:1";"Exp60_51_IS5867";"Exp60_51_IS5867";NA;"2023-10-16 22:32:00";74687,8
"884920";"27:5:1";"Exp60_51_IS5867";"Exp60_51_IS5867";NA;"2023-10-16 22:46:00";74684,3
"884921";"27:5:1";"Exp60_51_IS5867";"Exp60_51_IS5867";NA;"2023-10-17 05:46:00";74674,5
"884922";"27:5:1";"Exp60_51_IS5867";"Exp60_51_IS5867";NA;"2023-10-17 06:02:00";74674,3
"884923";"27:5:1";"Exp60_51_IS5867";"Exp60_51_IS5867";NA;"2023-10-17 06:16:00";74673
"884924";"27:5:1";"Exp60_51_IS5867";"Exp60_51_IS5867";NA;"2023-10-17 06:32:00";74672,4
"884925";"27:5:1";"Exp60_51_IS5867";"Exp60_51_IS5867";NA;"2023-10-17 06:46:00";74671,6
"884926";"27:5:1";"Exp60_51_IS5867";"Exp60_51_IS5867";NA;"2023-10-17 12:46:00";74300,6
"884927";"27:5:1";"Exp60_51_IS5867";"Exp60_51_IS5867";NA;"2023-10-17 13:02:00";74286,3
"884928";"27:5:1";"Exp60_51_IS5867";"Exp60_51_IS5867";NA;"2023-10-17 13:16:00";74265,2
"884929";"27:5:1";"Exp60_51_IS5867";"Exp60_51_IS5867";NA;"2023-10-17 13:32:00";74252
"884930";"27:5:1";"Exp60_51_IS5867";"Exp60_51_IS5867";NA;"2023-10-17 13:46:00";74243
"884931";"27:5:1";"Exp60_51_IS5867";"Exp60_51_IS5867";NA;"2023-10-17 14:02:00";74214,5
"884932";"27:5:1";"Exp60_51_IS5867";"Exp60_51_IS5867";NA;"2023-10-17 14:16:00";74219,1
"884933";"27:5:1";"Exp60_51_IS5867";"Exp60_51_IS5867";NA;"2023-10-17 14:32:00";74208,2
"884934";"27:5:1";"Exp60_51_IS5867";"Exp60_51_IS5867";NA;"2023-10-17 14:46:00";74204,2
"884935";"27:5:1";"Exp60_51_IS5867";"Exp60_51_IS5867";NA;"2023-10-17 15:17:00";74191
"884936";"27:5:1";"Exp60_51_IS5867";"Exp60_51_IS5867";NA;"2023-10-17 15:31:00";74172,2
"884937";"27:5:1";"Exp60_51_IS5867";"Exp60_51_IS5867";NA;"2023-10-17 16:17:00";74165,1
"884938";"27:5:1";"Exp60_51_IS5867";"Exp60_51_IS5867";NA;"2023-10-17 16:31:00";74160,4
"884939";"27:5:1";"Exp60_51_IS5867";"Exp60_51_IS5867";NA;"2023-10-17 16:47:00";74156,6
"884940";"27:5:1";"Exp60_51_IS5867";"Exp60_51_IS5867";NA;"2023-10-17 17:01:00";74155,7
"884941";"27:5:1";"Exp60_51_IS5867";"Exp60_51_IS5867";NA;"2023-10-17 18:32:00";74160,6
"884942";"27:5:1";"Exp60_51_IS5867";"Exp60_51_IS5867";NA;"2023-10-17 18:46:00";74165,7
"884943";"27:5:1";"Exp60_51_IS5867";"Exp60_51_IS5867";NA;"2023-10-17 19:02:00";74166,1
"884944";"27:5:1";"Exp60_51_IS5867";"Exp60_51_IS5867";NA;"2023-10-17 19:16:00";74166,6
"884945";"27:5:1";"Exp60_51_IS5867";"Exp60_51_IS5867";NA;"2023-10-17 19:32:00";74165,5
"884946";"27:5:1";"Exp60_51_IS5867";"Exp60_51_IS5867";NA;"2023-10-17 19:46:00";74166,2
"884947";"27:5:1";"Exp60_51_IS5867";"Exp60_51_IS5867";NA;"2023-10-18 01:31:00";74174,9
"884948";"27:5:1";"Exp60_51_IS5867";"Exp60_51_IS5867";NA;"2023-10-18 02:02:00";74171,3
"884949";"27:5:1";"Exp60_51_IS5867";"Exp60_51_IS5867";NA;"2023-10-18 02:16:00";74173,6
"884950";"27:5:1";"Exp60_51_IS5867";"Exp60_51_IS5867";NA;"2023-10-18 02:32:00";74172,2
"884951";"27:5:1";"Exp60_51_IS5867";"Exp60_51_IS5867";NA;"2023-10-18 02:46:00";74171
"884952";"27:5:1";"Exp60_51_IS5867";"Exp60_51_IS5867";NA;"2023-10-18 03:02:00";74174,7
"884953";"27:5:1";"Exp60_51_IS5867";"Exp60_51_IS5867";NA;"2023-10-18 03:16:00";74178,4
"884954";"27:5:1";"Exp60_51_IS5867";"Exp60_51_IS5867";NA;"2023-10-18 03:32:00";74176,2
"884955";"27:5:1";"Exp60_51_IS5867";"Exp60_51_IS5867";NA;"2023-10-18 04:01:00";74176,3
"884956";"27:5:1";"Exp60_51_IS5867";"Exp60_51_IS5867";NA;"2023-10-18 04:17:00";74172,6
"884957";"27:5:1";"Exp60_51_IS5867";"Exp60_51_IS5867";NA;"2023-10-18 04:31:00";74175,1
"884958";"27:5:1";"Exp60_51_IS5867";"Exp60_51_IS5867";NA;"2023-10-18 04:47:00";74173,3
"884959";"27:5:1";"Exp60_51_IS5867";"Exp60_51_IS5867";NA;"2023-10-18 05:01:00";74178,4
"884960";"27:5:1";"Exp60_51_IS5867";"Exp60_51_IS5867";NA;"2023-10-18 05:17:00";74177,8
"884961";"27:5:1";"Exp60_51_IS5867";"Exp60_51_IS5867";NA;"2023-10-18 05:31:00";74178,2
"884962";"27:5:1";"Exp60_51_IS5867";"Exp60_51_IS5867";NA;"2023-10-18 05:47:00";74177,5
"884963";"27:5:1";"Exp60_51_IS5867";"Exp60_51_IS5867";NA;"2023-10-18 06:01:00";74174,1
"884964";"27:5:1";"Exp60_51_IS5867";"Exp60_51_IS5867";NA;"2023-10-18 06:17:00";74176,2
"884965";"27:5:1";"Exp60_51_IS5867";"Exp60_51_IS5867";NA;"2023-10-18 06:31:00";74176,5
"884966";"27:5:1";"Exp60_51_IS5867";"Exp60_51_IS5867";NA;"2023-10-18 07:32:00";74166
"884967";"27:5:1";"Exp60_51_IS5867";"Exp60_51_IS5867";NA;"2023-10-18 07:46:00";74165,3
"884968";"27:5:1";"Exp60_51_IS5867";"Exp60_51_IS5867";NA;"2023-10-18 08:02:00";74153,8
"884969";"27:5:1";"Exp60_51_IS5867";"Exp60_51_IS5867";NA;"2023-10-18 08:16:00";74149,4
"884970";"27:5:1";"Exp60_51_IS5867";"Exp60_51_IS5867";NA;"2023-10-18 08:47:00";74120,4
"884971";"27:5:1";"Exp60_51_IS5867";"Exp60_51_IS5867";NA;"2023-10-18 09:01:00";74107,1
"884972";"27:5:1";"Exp60_51_IS5867";"Exp60_51_IS5867";NA;"2023-10-18 09:17:00";74082,9
"884973";"27:5:1";"Exp60_51_IS5867";"Exp60_51_IS5867";NA;"2023-10-18 09:31:00";74059,9
"884974";"27:5:1";"Exp60_51_IS5867";"Exp60_51_IS5867";NA;"2023-10-18 15:31:00";73806,7
"884975";"27:5:1";"Exp60_51_IS5867";"Exp60_51_IS5867";NA;"2023-10-18 16:32:00";73779,9
"884976";"27:5:1";"Exp60_51_IS5867";"Exp60_51_IS5867";NA;"2023-10-18 16:46:00";73776,3
"884977";"27:5:1";"Exp60_51_IS5867";"Exp60_51_IS5867";NA;"2023-10-18 17:02:00";73780,5
"884978";"27:5:1";"Exp60_51_IS5867";"Exp60_51_IS5867";NA;"2023-10-18 17:16:00";73781,6
"884979";"27:5:1";"Exp60_51_IS5867";"Exp60_51_IS5867";NA;"2023-10-18 17:32:00";73780,4
"884980";"27:5:1";"Exp60_51_IS5867";"Exp60_51_IS5867";NA;"2023-10-18 17:46:00";73787,4
"884981";"27:5:1";"Exp60_51_IS5867";"Exp60_51_IS5867";NA;"2023-10-18 18:02:00";73790,1
"884982";"27:5:1";"Exp60_51_IS5867";"Exp60_51_IS5867";NA;"2023-10-18 18:16:00";73789,7
"884983";"27:5:1";"Exp60_51_IS5867";"Exp60_51_IS5867";NA;"2023-10-18 18:32:00";73795,2
"884984";"27:5:1";"Exp60_51_IS5867";"Exp60_51_IS5867";NA;"2023-10-18 18:46:00";73794,4
"884985";"27:5:1";"Exp60_51_IS5867";"Exp60_51_IS5867";NA;"2023-10-19 01:16:00";73802,8
"884986";"27:5:1";"Exp60_51_IS5867";"Exp60_51_IS5867";NA;"2023-10-19 01:32:00";73802,3
"884987";"27:5:1";"Exp60_51_IS5867";"Exp60_51_IS5867";NA;"2023-10-19 01:46:00";73806,1
"884988";"27:5:1";"Exp60_51_IS5867";"Exp60_51_IS5867";NA;"2023-10-19 02:02:00";73807,7
"884989";"27:5:1";"Exp60_51_IS5867";"Exp60_51_IS5867";NA;"2023-10-19 02:16:00";73809,3
"884990";"27:5:1";"Exp60_51_IS5867";"Exp60_51_IS5867";NA;"2023-10-19 02:32:00";73808,4
"884991";"27:5:1";"Exp60_51_IS5867";"Exp60_51_IS5867";NA;"2023-10-19 02:46:00";73808,6
"884992";"27:5:1";"Exp60_51_IS5867";"Exp60_51_IS5867";NA;"2023-10-19 03:17:00";73810
"884993";"27:5:1";"Exp60_51_IS5867";"Exp60_51_IS5867";NA;"2023-10-19 03:31:00";73809,2
"884994";"27:5:1";"Exp60_51_IS5867";"Exp60_51_IS5867";NA;"2023-10-19 03:47:00";73811,4
"884995";"27:5:1";"Exp60_51_IS5867";"Exp60_51_IS5867";NA;"2023-10-19 04:01:00";73811
"884996";"27:5:1";"Exp60_51_IS5867";"Exp60_51_IS5867";NA;"2023-10-19 04:17:00";73810
"884997";"27:5:1";"Exp60_51_IS5867";"Exp60_51_IS5867";NA;"2023-10-19 04:31:00";73809,6
"884998";"27:5:1";"Exp60_51_IS5867";"Exp60_51_IS5867";NA;"2023-10-19 04:47:00";73810,2
"884999";"27:5:1";"Exp60_51_IS5867";"Exp60_51_IS5867";NA;"2023-10-19 05:01:00";73813
"885000";"27:5:1";"Exp60_51_IS5867";"Exp60_51_IS5867";NA;"2023-10-19 05:17:00";73812,3
"885001";"27:5:1";"Exp60_51_IS5867";"Exp60_51_IS5867";NA;"2023-10-19 05:31:00";73809,8
"885002";"27:5:1";"Exp60_51_IS5867";"Exp60_51_IS5867";NA;"2023-10-19 05:47:00";73813,1
"885003";"27:5:1";"Exp60_51_IS5867";"Exp60_51_IS5867";NA;"2023-10-19 06:01:00";73813,8
"885004";"27:5:1";"Exp60_51_IS5867";"Exp60_51_IS5867";NA;"2023-10-19 06:17:00";73814,9
"885005";"27:5:1";"Exp60_51_IS5867";"Exp60_51_IS5867";NA;"2023-10-19 06:31:00";73820,9
"885006";"27:5:1";"Exp60_51_IS5867";"Exp60_51_IS5867";NA;"2023-10-19 06:47:00";73814,9
"885007";"27:5:1";"Exp60_51_IS5867";"Exp60_51_IS5867";NA;"2023-10-19 07:01:00";73812,1
"885008";"27:5:1";"Exp60_51_IS5867";"Exp60_51_IS5867";NA;"2023-10-19 13:46:00";73501,6
"885009";"27:5:1";"Exp60_51_IS5867";"Exp60_51_IS5867";NA;"2023-10-19 14:02:00";73491,3
"885010";"27:5:1";"Exp60_51_IS5867";"Exp60_51_IS5867";NA;"2023-10-19 14:16:00";73486,1
"885011";"27:5:1";"Exp60_51_IS5867";"Exp60_51_IS5867";NA;"2023-10-19 14:32:00";73501,9
"885012";"27:5:1";"Exp60_51_IS5867";"Exp60_51_IS5867";NA;"2023-10-19 14:46:00";73467,8
"885013";"27:5:1";"Exp60_51_IS5867";"Exp60_51_IS5867";NA;"2023-10-19 15:02:00";73464,6
"885014";"27:5:1";"Exp60_51_IS5867";"Exp60_51_IS5867";NA;"2023-10-19 15:16:00";73458,4
"885015";"27:5:1";"Exp60_51_IS5867";"Exp60_51_IS5867";NA;"2023-10-19 15:32:00";73578,4
"885016";"27:5:1";"Exp60_51_IS5867";"Exp60_51_IS5867";NA;"2023-10-19 15:46:00";74303,7
"885017";"27:5:1";"Exp60_51_IS5867";"Exp60_51_IS5867";NA;"2023-10-19 16:02:00";74995,5
"885018";"27:5:1";"Exp60_51_IS5867";"Exp60_51_IS5867";NA;"2023-10-19 16:16:00";75552,8
"885019";"27:5:1";"Exp60_51_IS5867";"Exp60_51_IS5867";NA;"2023-10-19 16:47:00";76042,4
"885020";"27:5:1";"Exp60_51_IS5867";"Exp60_51_IS5867";NA;"2023-10-19 17:01:00";76036,8
"885021";"27:5:1";"Exp60_51_IS5867";"Exp60_51_IS5867";NA;"2023-10-19 17:17:00";76029
"885022";"27:5:1";"Exp60_51_IS5867";"Exp60_51_IS5867";NA;"2023-10-19 17:31:00";76027,3
"885023";"27:5:1";"Exp60_51_IS5867";"Exp60_51_IS5867";NA;"2023-10-19 17:47:00";76028,7
"885024";"27:5:1";"Exp60_51_IS5867";"Exp60_51_IS5867";NA;"2023-10-19 18:01:00";76026,7
"885025";"27:5:1";"Exp60_51_IS5867";"Exp60_51_IS5867";NA;"2023-10-20 01:31:00";75979,5
"885026";"27:5:1";"Exp60_51_IS5867";"Exp60_51_IS5867";NA;"2023-10-20 01:47:00";75978,5
"885027";"27:5:1";"Exp60_51_IS5867";"Exp60_51_IS5867";NA;"2023-10-20 02:01:00";75979,8
"885028";"27:5:1";"Exp60_51_IS5867";"Exp60_51_IS5867";NA;"2023-10-20 02:17:00";75979,5
"885029";"27:5:1";"Exp60_51_IS5867";"Exp60_51_IS5867";NA;"2023-10-20 02:31:00";75980
"885030";"27:5:1";"Exp60_51_IS5867";"Exp60_51_IS5867";NA;"2023-10-20 02:47:00";75981,1
"885031";"27:5:1";"Exp60_51_IS5867";"Exp60_51_IS5867";NA;"2023-10-20 03:01:00";75982,9
"885032";"27:5:1";"Exp60_51_IS5867";"Exp60_51_IS5867";NA;"2023-10-20 03:47:00";75978,7
"885033";"27:5:1";"Exp60_51_IS5867";"Exp60_51_IS5867";NA;"2023-10-20 04:01:00";75977,4
"885034";"27:5:1";"Exp60_51_IS5867";"Exp60_51_IS5867";NA;"2023-10-20 04:32:00";75980,1
"885035";"27:5:1";"Exp60_51_IS5867";"Exp60_51_IS5867";NA;"2023-10-20 04:46:00";75978,9
"885036";"27:5:1";"Exp60_51_IS5867";"Exp60_51_IS5867";NA;"2023-10-20 05:02:00";75978,6
"885037";"27:5:1";"Exp60_51_IS5867";"Exp60_51_IS5867";NA;"2023-10-20 05:16:00";75973,8
"885038";"27:5:1";"Exp60_51_IS5867";"Exp60_51_IS5867";NA;"2023-10-20 05:32:00";75976,5
"885039";"27:5:1";"Exp60_51_IS5867";"Exp60_51_IS5867";NA;"2023-10-20 05:46:00";75977,1
"885040";"27:5:1";"Exp60_51_IS5867";"Exp60_51_IS5867";NA;"2023-10-20 06:02:00";75975,1
"885041";"27:5:1";"Exp60_51_IS5867";"Exp60_51_IS5867";NA;"2023-10-20 06:16:00";75975,4
"885042";"27:5:1";"Exp60_51_IS5867";"Exp60_51_IS5867";NA;"2023-10-20 06:32:00";75973,1
"885043";"27:5:1";"Exp60_51_IS5867";"Exp60_51_IS5867";NA;"2023-10-20 06:46:00";75974,1
"885044";"27:5:1";"Exp60_51_IS5867";"Exp60_51_IS5867";NA;"2023-10-20 07:02:00";75974,5
"885045";"27:5:1";"Exp60_51_IS5867";"Exp60_51_IS5867";NA;"2023-10-20 07:16:00";75971,6
"885046";"27:5:1";"Exp60_51_IS5867";"Exp60_51_IS5867";NA;"2023-10-20 07:47:00";75964,5
"885047";"27:5:1";"Exp60_51_IS5867";"Exp60_51_IS5867";NA;"2023-10-20 08:01:00";75963,7
"885048";"27:5:1";"Exp60_51_IS5867";"Exp60_51_IS5867";NA;"2023-10-20 08:17:00";75948,9
"885049";"27:5:1";"Exp60_51_IS5867";"Exp60_51_IS5867";NA;"2023-10-20 08:31:00";75936,7
"885050";"27:5:1";"Exp60_51_IS5867";"Exp60_51_IS5867";NA;"2023-10-20 08:47:00";75917
"885051";"27:5:1";"Exp60_51_IS5867";"Exp60_51_IS5867";NA;"2023-10-20 09:01:00";75894,4
"885052";"27:5:1";"Exp60_51_IS5867";"Exp60_51_IS5867";NA;"2023-10-20 13:46:00";75547,1
"885053";"27:5:1";"Exp60_51_IS5867";"Exp60_51_IS5867";NA;"2023-10-20 15:31:00";75456,7
"885054";"27:5:1";"Exp60_51_IS5867";"Exp60_51_IS5867";NA;"2023-10-20 15:47:00";75451,9
"885055";"27:5:1";"Exp60_51_IS5867";"Exp60_51_IS5867";NA;"2023-10-20 16:01:00";75448,3
"885056";"27:5:1";"Exp60_51_IS5867";"Exp60_51_IS5867";NA;"2023-10-20 16:17:00";75436,1
"885057";"27:5:1";"Exp60_51_IS5867";"Exp60_51_IS5867";NA;"2023-10-20 16:31:00";75427,6
"885058";"27:5:1";"Exp60_51_IS5867";"Exp60_51_IS5867";NA;"2023-10-20 16:47:00";75423,8
"885059";"27:5:1";"Exp60_51_IS5867";"Exp60_51_IS5867";NA;"2023-10-20 17:01:00";75422,7
"885060";"27:5:1";"Exp60_51_IS5867";"Exp60_51_IS5867";NA;"2023-10-20 23:31:00";75412
"885061";"27:5:1";"Exp60_51_IS5867";"Exp60_51_IS5867";NA;"2023-10-20 23:47:00";75409,6
"885062";"27:5:1";"Exp60_51_IS5867";"Exp60_51_IS5867";NA;"2023-10-21 00:01:00";75413,3
"885063";"27:5:1";"Exp60_51_IS5867";"Exp60_51_IS5867";NA;"2023-10-21 00:17:00";75420,6
"885064";"27:5:1";"Exp60_51_IS5867";"Exp60_51_IS5867";NA;"2023-10-21 00:31:00";75411
"885065";"27:5:1";"Exp60_51_IS5867";"Exp60_51_IS5867";NA;"2023-10-21 01:17:00";75402,7
"885066";"27:5:1";"Exp60_51_IS5867";"Exp60_51_IS5867";NA;"2023-10-21 01:31:00";75406
"885067";"27:5:1";"Exp60_51_IS5867";"Exp60_51_IS5867";NA;"2023-10-21 01:47:00";75402,9
"885068";"27:5:1";"Exp60_51_IS5867";"Exp60_51_IS5867";NA;"2023-10-21 02:01:00";75404,1
"885069";"27:5:1";"Exp60_51_IS5867";"Exp60_51_IS5867";NA;"2023-10-21 08:31:00";75368,9
"885070";"27:5:1";"Exp60_51_IS5867";"Exp60_51_IS5867";NA;"2023-10-21 08:47:00";75356,2
"885071";"27:5:1";"Exp60_51_IS5867";"Exp60_51_IS5867";NA;"2023-10-21 09:01:00";75343,5
"885072";"27:5:1";"Exp60_51_IS5867";"Exp60_51_IS5867";NA;"2023-10-21 09:17:00";75327,3
"885073";"27:5:1";"Exp60_51_IS5867";"Exp60_51_IS5867";NA;"2023-10-21 09:31:00";75317,6
"885074";"27:5:1";"Exp60_51_IS5867";"Exp60_51_IS5867";NA;"2023-10-21 09:47:00";75299,6
"885075";"27:5:1";"Exp60_51_IS5867";"Exp60_51_IS5867";NA;"2023-10-21 10:01:00";75284,3
"885076";"27:5:1";"Exp60_51_IS5867";"Exp60_51_IS5867";NA;"2023-10-21 10:32:00";75264,6
"885077";"27:5:1";"Exp60_51_IS5867";"Exp60_51_IS5867";NA;"2023-10-21 10:46:00";75245,4
"885078";"27:5:1";"Exp60_51_IS5867";"Exp60_51_IS5867";NA;"2023-10-21 17:01:00";76488,1
"885079";"27:5:1";"Exp60_51_IS5867";"Exp60_51_IS5867";NA;"2023-10-21 17:32:00";76491,3
"885080";"27:5:1";"Exp60_51_IS5867";"Exp60_51_IS5867";NA;"2023-10-21 17:46:00";76483,7
"885081";"27:5:1";"Exp60_51_IS5867";"Exp60_51_IS5867";NA;"2023-10-21 18:02:00";76482,2
"885082";"27:5:1";"Exp60_51_IS5867";"Exp60_51_IS5867";NA;"2023-10-21 18:16:00";76484,2
"885083";"27:5:1";"Exp60_51_IS5867";"Exp60_51_IS5867";NA;"2023-10-21 18:32:00";76479
"885084";"27:5:1";"Exp60_51_IS5867";"Exp60_51_IS5867";NA;"2023-10-21 18:46:00";76468,5
"885085";"27:5:1";"Exp60_51_IS5867";"Exp60_51_IS5867";NA;"2023-10-21 19:02:00";76473,9
"885086";"27:5:1";"Exp60_51_IS5867";"Exp60_51_IS5867";NA;"2023-10-21 19:16:00";76468,6
"885087";"27:5:1";"Exp60_51_IS5867";"Exp60_51_IS5867";NA;"2023-10-21 19:32:00";76470,7
"885088";"27:5:1";"Exp60_51_IS5867";"Exp60_51_IS5867";NA;"2023-10-21 19:46:00";76465,5
"885089";"27:5:1";"Exp60_51_IS5867";"Exp60_51_IS5867";NA;"2023-10-21 20:02:00";76460,8
"885090";"27:5:1";"Exp60_51_IS5867";"Exp60_51_IS5867";NA;"2023-10-21 20:16:00";76459,9
"885091";"27:5:1";"Exp60_51_IS5867";"Exp60_51_IS5867";NA;"2023-10-21 20:32:00";76452,5
"885092";"27:5:1";"Exp60_51_IS5867";"Exp60_51_IS5867";NA;"2023-10-21 20:46:00";76450,9
"885093";"27:5:2";"Exp60_270_IS30436";"Exp60_270_IS30436";NA;"2023-09-22 10:17:00";298944
"885094";"27:5:2";"Exp60_270_IS30436";"Exp60_270_IS30436";NA;"2023-09-22 10:31:00";298944
"885095";"27:5:2";"Exp60_270_IS30436";"Exp60_270_IS30436";NA;"2023-09-22 10:47:00";298944
"885096";"27:5:2";"Exp60_270_IS30436";"Exp60_270_IS30436";NA;"2023-09-22 11:01:00";298944
"885097";"27:5:2";"Exp60_270_IS30436";"Exp60_270_IS30436";NA;"2023-09-22 11:32:00";298944
"885098";"27:5:2";"Exp60_270_IS30436";"Exp60_270_IS30436";NA;"2023-09-22 11:46:00";298944
"885099";"27:5:2";"Exp60_270_IS30436";"Exp60_270_IS30436";NA;"2023-09-22 12:02:00";-147111
"885100";"27:5:2";"Exp60_270_IS30436";"Exp60_270_IS30436";NA;"2023-09-22 12:16:00";43506,2
"885101";"27:5:2";"Exp60_270_IS30436";"Exp60_270_IS30436";NA;"2023-09-22 12:32:00";298944
"885102";"27:5:2";"Exp60_270_IS30436";"Exp60_270_IS30436";NA;"2023-09-22 12:46:00";-246988
"885103";"27:5:2";"Exp60_270_IS30436";"Exp60_270_IS30436";NA;"2023-09-22 13:02:00";-311310
"885104";"27:5:2";"Exp60_270_IS30436";"Exp60_270_IS30436";NA;"2023-09-22 13:16:00";-311310
"885105";"27:5:2";"Exp60_270_IS30436";"Exp60_270_IS30436";NA;"2023-09-22 13:32:00";-216786
"885106";"27:5:2";"Exp60_270_IS30436";"Exp60_270_IS30436";NA;"2023-09-22 13:46:00";-311310
"885107";"27:5:2";"Exp60_270_IS30436";"Exp60_270_IS30436";NA;"2023-09-22 20:31:00";46891
"885108";"27:5:2";"Exp60_270_IS30436";"Exp60_270_IS30436";NA;"2023-09-22 20:47:00";-59078,8
"885109";"27:5:2";"Exp60_270_IS30436";"Exp60_270_IS30436";NA;"2023-09-22 21:01:00";-11661
"885110";"27:5:2";"Exp60_270_IS30436";"Exp60_270_IS30436";NA;"2023-09-22 21:17:00";-61430
"885111";"27:5:2";"Exp60_270_IS30436";"Exp60_270_IS30436";NA;"2023-09-22 21:31:00";-80468,1
"885112";"27:5:2";"Exp60_270_IS30436";"Exp60_270_IS30436";NA;"2023-09-22 21:47:00";-1162,63
"885113";"27:5:2";"Exp60_270_IS30436";"Exp60_270_IS30436";NA;"2023-09-22 22:01:00";-40497,4
"885114";"27:5:2";"Exp60_270_IS30436";"Exp60_270_IS30436";NA;"2023-09-22 22:17:00";-75571,2
"885115";"27:5:2";"Exp60_270_IS30436";"Exp60_270_IS30436";NA;"2023-09-22 22:31:00";-87116,2
"885116";"27:5:2";"Exp60_270_IS30436";"Exp60_270_IS30436";NA;"2023-09-22 22:47:00";-251618
"885117";"27:5:2";"Exp60_270_IS30436";"Exp60_270_IS30436";NA;"2023-09-22 23:01:00";-89522,5
"885118";"27:5:2";"Exp60_270_IS30436";"Exp60_270_IS30436";NA;"2023-09-22 23:17:00";-152893
"885119";"27:5:2";"Exp60_270_IS30436";"Exp60_270_IS30436";NA;"2023-09-22 23:31:00";-188005
"885120";"27:5:2";"Exp60_270_IS30436";"Exp60_270_IS30436";NA;"2023-09-22 23:47:00";-285461
"885121";"27:5:2";"Exp60_270_IS30436";"Exp60_270_IS30436";NA;"2023-09-23 00:01:00";-311310
"885122";"27:5:2";"Exp60_270_IS30436";"Exp60_270_IS30436";NA;"2023-09-23 00:17:00";-213852
"885123";"27:5:2";"Exp60_270_IS30436";"Exp60_270_IS30436";NA;"2023-09-23 01:01:00";-311310
"885124";"27:5:2";"Exp60_270_IS30436";"Exp60_270_IS30436";NA;"2023-09-23 01:17:00";-220549
"885125";"27:5:2";"Exp60_270_IS30436";"Exp60_270_IS30436";NA;"2023-09-23 01:31:00";-311310
"885126";"27:5:2";"Exp60_270_IS30436";"Exp60_270_IS30436";NA;"2023-09-23 01:47:00";-311310
"885127";"27:5:2";"Exp60_270_IS30436";"Exp60_270_IS30436";NA;"2023-09-23 02:01:00";-311310
"885128";"27:5:2";"Exp60_270_IS30436";"Exp60_270_IS30436";NA;"2023-09-23 02:17:00";-311310
"885129";"27:5:2";"Exp60_270_IS30436";"Exp60_270_IS30436";NA;"2023-09-23 02:31:00";-199802
"885130";"27:5:2";"Exp60_270_IS30436";"Exp60_270_IS30436";NA;"2023-09-23 02:47:00";-311310
"885131";"27:5:2";"Exp60_270_IS30436";"Exp60_270_IS30436";NA;"2023-09-23 03:01:00";-311310
"885132";"27:5:2";"Exp60_270_IS30436";"Exp60_270_IS30436";NA;"2023-09-23 03:17:00";-311310
"885133";"27:5:2";"Exp60_270_IS30436";"Exp60_270_IS30436";NA;"2023-09-23 03:31:00";-311310
"885134";"27:5:2";"Exp60_270_IS30436";"Exp60_270_IS30436";NA;"2023-09-23 03:47:00";-153242
"885135";"27:5:2";"Exp60_270_IS30436";"Exp60_270_IS30436";NA;"2023-09-23 04:16:00";-311310
"885136";"27:5:2";"Exp60_270_IS30436";"Exp60_270_IS30436";NA;"2023-09-23 04:32:00";-311310
"885137";"27:5:2";"Exp60_270_IS30436";"Exp60_270_IS30436";NA;"2023-09-23 04:46:00";-311310
"885138";"27:5:2";"Exp60_270_IS30436";"Exp60_270_IS30436";NA;"2023-09-23 05:02:00";-311310
"885139";"27:5:2";"Exp60_270_IS30436";"Exp60_270_IS30436";NA;"2023-09-23 05:16:00";-311310
"885140";"27:5:2";"Exp60_270_IS30436";"Exp60_270_IS30436";NA;"2023-09-23 05:32:00";-311310
"885141";"27:5:2";"Exp60_270_IS30436";"Exp60_270_IS30436";NA;"2023-09-23 05:46:00";-311310
"885142";"27:5:2";"Exp60_270_IS30436";"Exp60_270_IS30436";NA;"2023-09-23 06:02:00";-311310
"885143";"27:5:2";"Exp60_270_IS30436";"Exp60_270_IS30436";NA;"2023-09-23 06:16:00";-311310
"885144";"27:5:2";"Exp60_270_IS30436";"Exp60_270_IS30436";NA;"2023-09-23 06:32:00";-311310
"885145";"27:5:2";"Exp60_270_IS30436";"Exp60_270_IS30436";NA;"2023-09-23 06:46:00";-311310
"885146";"27:5:2";"Exp60_270_IS30436";"Exp60_270_IS30436";NA;"2023-09-23 07:02:00";-311310
"885147";"27:5:2";"Exp60_270_IS30436";"Exp60_270_IS30436";NA;"2023-09-23 07:16:00";-302339
"885148";"27:5:2";"Exp60_270_IS30436";"Exp60_270_IS30436";NA;"2023-09-23 07:32:00";-98820,4
"885149";"27:5:2";"Exp60_270_IS30436";"Exp60_270_IS30436";NA;"2023-09-23 07:46:00";10078,5
"885150";"27:5:2";"Exp60_270_IS30436";"Exp60_270_IS30436";NA;"2023-09-23 08:02:00";24462,1
"885151";"27:5:2";"Exp60_270_IS30436";"Exp60_270_IS30436";NA;"2023-09-23 08:16:00";72589,7
"885152";"27:5:2";"Exp60_270_IS30436";"Exp60_270_IS30436";NA;"2023-09-23 08:32:00";69654,9
"885153";"27:5:2";"Exp60_270_IS30436";"Exp60_270_IS30436";NA;"2023-09-23 08:46:00";76577,6
"885154";"27:5:2";"Exp60_270_IS30436";"Exp60_270_IS30436";NA;"2023-09-23 09:02:00";77010,7
"885155";"27:5:2";"Exp60_270_IS30436";"Exp60_270_IS30436";NA;"2023-09-23 09:16:00";76986,1
"885156";"27:5:2";"Exp60_270_IS30436";"Exp60_270_IS30436";NA;"2023-09-23 14:01:00";-311310
"885157";"27:5:2";"Exp60_270_IS30436";"Exp60_270_IS30436";NA;"2023-09-23 14:17:00";-311310
"885158";"27:5:2";"Exp60_270_IS30436";"Exp60_270_IS30436";NA;"2023-09-23 14:31:00";-311310
"885159";"27:5:2";"Exp60_270_IS30436";"Exp60_270_IS30436";NA;"2023-09-23 14:47:00";-311310
"885160";"27:5:2";"Exp60_270_IS30436";"Exp60_270_IS30436";NA;"2023-09-23 15:01:00";-311310
"885161";"27:5:2";"Exp60_270_IS30436";"Exp60_270_IS30436";NA;"2023-09-23 15:32:00";-311310
"885162";"27:5:2";"Exp60_270_IS30436";"Exp60_270_IS30436";NA;"2023-09-23 15:46:00";-311310
"885163";"27:5:2";"Exp60_270_IS30436";"Exp60_270_IS30436";NA;"2023-09-23 16:17:00";-311310
"885164";"27:5:2";"Exp60_270_IS30436";"Exp60_270_IS30436";NA;"2023-09-23 16:31:00";-311310
"885165";"27:5:2";"Exp60_270_IS30436";"Exp60_270_IS30436";NA;"2023-09-23 16:47:00";-311310
"885166";"27:5:2";"Exp60_270_IS30436";"Exp60_270_IS30436";NA;"2023-09-23 17:01:00";-311310
"885167";"27:5:2";"Exp60_270_IS30436";"Exp60_270_IS30436";NA;"2023-09-23 17:17:00";-311310
"885168";"27:5:2";"Exp60_270_IS30436";"Exp60_270_IS30436";NA;"2023-09-23 17:31:00";124793
"885169";"27:5:2";"Exp60_270_IS30436";"Exp60_270_IS30436";NA;"2023-09-23 17:47:00";298944
"885170";"27:5:2";"Exp60_270_IS30436";"Exp60_270_IS30436";NA;"2023-09-23 18:01:00";298944
"885171";"27:5:2";"Exp60_270_IS30436";"Exp60_270_IS30436";NA;"2023-09-23 18:17:00";298944
"885172";"27:5:2";"Exp60_270_IS30436";"Exp60_270_IS30436";NA;"2023-09-23 18:31:00";298944
"885173";"27:5:2";"Exp60_270_IS30436";"Exp60_270_IS30436";NA;"2023-09-23 18:47:00";298944
"885174";"27:5:2";"Exp60_270_IS30436";"Exp60_270_IS30436";NA;"2023-09-23 19:01:00";298944
"885175";"27:5:2";"Exp60_270_IS30436";"Exp60_270_IS30436";NA;"2023-09-23 19:17:00";298944
"885176";"27:5:2";"Exp60_270_IS30436";"Exp60_270_IS30436";NA;"2023-09-23 19:31:00";298944
"885177";"27:5:2";"Exp60_270_IS30436";"Exp60_270_IS30436";NA;"2023-09-23 20:02:00";298944
"885178";"27:5:2";"Exp60_270_IS30436";"Exp60_270_IS30436";NA;"2023-09-23 20:16:00";298944
"885179";"27:5:2";"Exp60_270_IS30436";"Exp60_270_IS30436";NA;"2023-09-23 20:32:00";298944
"885180";"27:5:2";"Exp60_270_IS30436";"Exp60_270_IS30436";NA;"2023-09-23 20:46:00";298944
"885181";"27:5:2";"Exp60_270_IS30436";"Exp60_270_IS30436";NA;"2023-09-23 21:02:00";298944
"885182";"27:5:2";"Exp60_270_IS30436";"Exp60_270_IS30436";NA;"2023-09-23 21:16:00";298944
"885183";"27:5:2";"Exp60_270_IS30436";"Exp60_270_IS30436";NA;"2023-09-23 21:32:00";298944
"885184";"27:5:2";"Exp60_270_IS30436";"Exp60_270_IS30436";NA;"2023-09-23 21:46:00";298944
"885185";"27:5:2";"Exp60_270_IS30436";"Exp60_270_IS30436";NA;"2023-09-23 22:02:00";298944
"885186";"27:5:2";"Exp60_270_IS30436";"Exp60_270_IS30436";NA;"2023-09-23 22:16:00";298944
"885187";"27:5:2";"Exp60_270_IS30436";"Exp60_270_IS30436";NA;"2023-09-23 23:17:00";298944
"885188";"27:5:2";"Exp60_270_IS30436";"Exp60_270_IS30436";NA;"2023-09-23 23:31:00";298944
"885189";"27:5:2";"Exp60_270_IS30436";"Exp60_270_IS30436";NA;"2023-09-23 23:47:00";78660,8
"885190";"27:5:2";"Exp60_270_IS30436";"Exp60_270_IS30436";NA;"2023-09-24 00:01:00";80427,8
"885191";"27:5:2";"Exp60_270_IS30436";"Exp60_270_IS30436";NA;"2023-09-24 00:17:00";101865
"885192";"27:5:2";"Exp60_270_IS30436";"Exp60_270_IS30436";NA;"2023-09-24 00:31:00";93933,5
"885193";"27:5:2";"Exp60_270_IS30436";"Exp60_270_IS30436";NA;"2023-09-24 00:47:00";90694,3
"885194";"27:5:2";"Exp60_270_IS30436";"Exp60_270_IS30436";NA;"2023-09-24 01:01:00";86847,5
"885195";"27:5:2";"Exp60_270_IS30436";"Exp60_270_IS30436";NA;"2023-09-24 01:17:00";97797,2
"885196";"27:5:2";"Exp60_270_IS30436";"Exp60_270_IS30436";NA;"2023-09-24 01:31:00";109397
"885197";"27:5:2";"Exp60_270_IS30436";"Exp60_270_IS30436";NA;"2023-09-24 01:47:00";87518,8
"885198";"27:5:2";"Exp60_270_IS30436";"Exp60_270_IS30436";NA;"2023-09-24 02:01:00";100550
"885199";"27:5:2";"Exp60_270_IS30436";"Exp60_270_IS30436";NA;"2023-09-24 02:17:00";99103,3
"885200";"27:5:2";"Exp60_270_IS30436";"Exp60_270_IS30436";NA;"2023-09-24 02:31:00";106236
"885201";"27:5:2";"Exp60_270_IS30436";"Exp60_270_IS30436";NA;"2023-09-24 02:47:00";92054,1
"885202";"27:5:2";"Exp60_270_IS30436";"Exp60_270_IS30436";NA;"2023-09-24 03:01:00";94158,1
"885203";"27:5:2";"Exp60_270_IS30436";"Exp60_270_IS30436";NA;"2023-09-24 10:01:00";298944
"885204";"27:5:2";"Exp60_270_IS30436";"Exp60_270_IS30436";NA;"2023-09-24 10:17:00";298944
"885205";"27:5:2";"Exp60_270_IS30436";"Exp60_270_IS30436";NA;"2023-09-24 10:31:00";298944
"885206";"27:5:2";"Exp60_270_IS30436";"Exp60_270_IS30436";NA;"2023-09-24 10:47:00";-311310
"885207";"27:5:2";"Exp60_270_IS30436";"Exp60_270_IS30436";NA;"2023-09-24 11:01:00";-311310
"885208";"27:5:2";"Exp60_270_IS30436";"Exp60_270_IS30436";NA;"2023-09-24 11:17:00";-311310
"885209";"27:5:2";"Exp60_270_IS30436";"Exp60_270_IS30436";NA;"2023-09-24 11:31:00";-311310
"885210";"27:5:2";"Exp60_270_IS30436";"Exp60_270_IS30436";NA;"2023-09-24 11:47:00";-311310
"885211";"27:5:2";"Exp60_270_IS30436";"Exp60_270_IS30436";NA;"2023-09-24 12:01:00";-311310
"885212";"27:5:2";"Exp60_270_IS30436";"Exp60_270_IS30436";NA;"2023-09-24 12:17:00";-311310
"885213";"27:5:2";"Exp60_270_IS30436";"Exp60_270_IS30436";NA;"2023-09-24 12:31:00";-311310
"885214";"27:5:2";"Exp60_270_IS30436";"Exp60_270_IS30436";NA;"2023-09-24 12:47:00";-311310
"885215";"27:5:2";"Exp60_270_IS30436";"Exp60_270_IS30436";NA;"2023-09-24 13:01:00";-311310
"885216";"27:5:2";"Exp60_270_IS30436";"Exp60_270_IS30436";NA;"2023-09-24 13:17:00";-311310
"885217";"27:5:2";"Exp60_270_IS30436";"Exp60_270_IS30436";NA;"2023-09-24 13:31:00";-311310
"885218";"27:5:2";"Exp60_270_IS30436";"Exp60_270_IS30436";NA;"2023-09-24 13:47:00";-311310
"885219";"27:5:2";"Exp60_270_IS30436";"Exp60_270_IS30436";NA;"2023-09-24 14:01:00";-311310
"885220";"27:5:2";"Exp60_270_IS30436";"Exp60_270_IS30436";NA;"2023-09-24 14:17:00";80367,8
"885221";"27:5:2";"Exp60_270_IS30436";"Exp60_270_IS30436";NA;"2023-09-24 14:31:00";298944
"885222";"27:5:2";"Exp60_270_IS30436";"Exp60_270_IS30436";NA;"2023-09-24 14:47:00";298944
"885223";"27:5:2";"Exp60_270_IS30436";"Exp60_270_IS30436";NA;"2023-09-24 15:01:00";298944
"885224";"27:5:2";"Exp60_270_IS30436";"Exp60_270_IS30436";NA;"2023-09-24 15:17:00";298944
"885225";"27:5:2";"Exp60_270_IS30436";"Exp60_270_IS30436";NA;"2023-09-24 15:31:00";298944
"885226";"27:5:2";"Exp60_270_IS30436";"Exp60_270_IS30436";NA;"2023-09-24 15:47:00";298944
"885227";"27:5:2";"Exp60_270_IS30436";"Exp60_270_IS30436";NA;"2023-09-24 16:01:00";298944
"885228";"27:5:2";"Exp60_270_IS30436";"Exp60_270_IS30436";NA;"2023-09-24 22:31:00";279367
"885229";"27:5:2";"Exp60_270_IS30436";"Exp60_270_IS30436";NA;"2023-09-24 22:47:00";298944
"885230";"27:5:2";"Exp60_270_IS30436";"Exp60_270_IS30436";NA;"2023-09-24 23:01:00";298944
"885231";"27:5:2";"Exp60_270_IS30436";"Exp60_270_IS30436";NA;"2023-09-24 23:17:00";265461
"885232";"27:5:2";"Exp60_270_IS30436";"Exp60_270_IS30436";NA;"2023-09-24 23:31:00";298944
"885233";"27:5:2";"Exp60_270_IS30436";"Exp60_270_IS30436";NA;"2023-09-24 23:47:00";298944
"885234";"27:5:2";"Exp60_270_IS30436";"Exp60_270_IS30436";NA;"2023-09-25 00:01:00";298944
"885235";"27:5:2";"Exp60_270_IS30436";"Exp60_270_IS30436";NA;"2023-09-25 00:17:00";298944
"885236";"27:5:2";"Exp60_270_IS30436";"Exp60_270_IS30436";NA;"2023-09-25 00:31:00";298944
"885237";"27:5:2";"Exp60_270_IS30436";"Exp60_270_IS30436";NA;"2023-09-25 00:47:00";298944
"885238";"27:5:2";"Exp60_270_IS30436";"Exp60_270_IS30436";NA;"2023-09-25 01:01:00";298944
"885239";"27:5:2";"Exp60_270_IS30436";"Exp60_270_IS30436";NA;"2023-09-25 01:17:00";298944
"885240";"27:5:2";"Exp60_270_IS30436";"Exp60_270_IS30436";NA;"2023-09-25 01:31:00";298944
"885241";"27:5:2";"Exp60_270_IS30436";"Exp60_270_IS30436";NA;"2023-09-25 01:47:00";298944
"885242";"27:5:2";"Exp60_270_IS30436";"Exp60_270_IS30436";NA;"2023-09-25 02:01:00";298944
"885243";"27:5:2";"Exp60_270_IS30436";"Exp60_270_IS30436";NA;"2023-09-25 03:02:00";298944
"885244";"27:5:2";"Exp60_270_IS30436";"Exp60_270_IS30436";NA;"2023-09-25 03:16:00";298944
"885245";"27:5:2";"Exp60_270_IS30436";"Exp60_270_IS30436";NA;"2023-09-25 04:32:00";298944
"885246";"27:5:2";"Exp60_270_IS30436";"Exp60_270_IS30436";NA;"2023-09-25 04:46:00";298944
"885247";"27:5:2";"Exp60_270_IS30436";"Exp60_270_IS30436";NA;"2023-09-25 05:17:00";298944
"885248";"27:5:2";"Exp60_270_IS30436";"Exp60_270_IS30436";NA;"2023-09-25 05:31:00";298944
"885249";"27:5:2";"Exp60_270_IS30436";"Exp60_270_IS30436";NA;"2023-09-25 05:47:00";298944
"885250";"27:5:2";"Exp60_270_IS30436";"Exp60_270_IS30436";NA;"2023-09-25 06:01:00";298944
"885251";"27:5:2";"Exp60_270_IS30436";"Exp60_270_IS30436";NA;"2023-09-25 06:17:00";261800
"885252";"27:5:2";"Exp60_270_IS30436";"Exp60_270_IS30436";NA;"2023-09-25 06:31:00";298944
"885253";"27:5:2";"Exp60_270_IS30436";"Exp60_270_IS30436";NA;"2023-09-25 06:47:00";298944
"885254";"27:5:2";"Exp60_270_IS30436";"Exp60_270_IS30436";NA;"2023-09-25 07:01:00";298944
"885255";"27:5:2";"Exp60_270_IS30436";"Exp60_270_IS30436";NA;"2023-09-25 07:17:00";173534
"885256";"27:5:2";"Exp60_270_IS30436";"Exp60_270_IS30436";NA;"2023-09-25 07:31:00";298944
"885257";"27:5:2";"Exp60_270_IS30436";"Exp60_270_IS30436";NA;"2023-09-25 07:47:00";236703
"885258";"27:5:2";"Exp60_270_IS30436";"Exp60_270_IS30436";NA;"2023-09-25 08:01:00";72418,8
"885259";"27:5:2";"Exp60_270_IS30436";"Exp60_270_IS30436";NA;"2023-09-25 14:46:00";-311310
"885260";"27:5:2";"Exp60_270_IS30436";"Exp60_270_IS30436";NA;"2023-09-25 15:02:00";-311310
"885261";"27:5:2";"Exp60_270_IS30436";"Exp60_270_IS30436";NA;"2023-09-25 15:16:00";-311310
"885262";"27:5:2";"Exp60_270_IS30436";"Exp60_270_IS30436";NA;"2023-09-25 15:32:00";-311310
"885263";"27:5:2";"Exp60_270_IS30436";"Exp60_270_IS30436";NA;"2023-09-25 15:46:00";-311310
"885264";"27:5:2";"Exp60_270_IS30436";"Exp60_270_IS30436";NA;"2023-09-25 16:02:00";-311310
"885265";"27:5:2";"Exp60_270_IS30436";"Exp60_270_IS30436";NA;"2023-09-25 17:16:00";-102853
"885266";"27:5:2";"Exp60_270_IS30436";"Exp60_270_IS30436";NA;"2023-09-25 17:32:00";15055,9
"885267";"27:5:2";"Exp60_270_IS30436";"Exp60_270_IS30436";NA;"2023-09-25 17:46:00";73928,2
"885268";"27:5:2";"Exp60_270_IS30436";"Exp60_270_IS30436";NA;"2023-09-25 18:02:00";73245,1
"885269";"27:5:2";"Exp60_270_IS30436";"Exp60_270_IS30436";NA;"2023-09-25 19:01:00";74354,9
"885270";"27:5:2";"Exp60_270_IS30436";"Exp60_270_IS30436";NA;"2023-09-25 19:17:00";298944
"885271";"27:5:2";"Exp60_270_IS30436";"Exp60_270_IS30436";NA;"2023-09-25 19:31:00";298944
"885272";"27:5:2";"Exp60_270_IS30436";"Exp60_270_IS30436";NA;"2023-09-25 19:47:00";298944
"885273";"27:5:2";"Exp60_270_IS30436";"Exp60_270_IS30436";NA;"2023-09-25 20:01:00";298944
"885274";"27:5:2";"Exp60_270_IS30436";"Exp60_270_IS30436";NA;"2023-09-25 20:17:00";298944
"885275";"27:5:2";"Exp60_270_IS30436";"Exp60_270_IS30436";NA;"2023-09-25 20:31:00";182813
"885276";"27:5:2";"Exp60_270_IS30436";"Exp60_270_IS30436";NA;"2023-09-25 20:47:00";131700
"885277";"27:5:2";"Exp60_270_IS30436";"Exp60_270_IS30436";NA;"2023-09-25 21:16:00";72123,8
"885278";"27:5:2";"Exp60_270_IS30436";"Exp60_270_IS30436";NA;"2023-09-25 21:32:00";72718,9
"885279";"27:5:2";"Exp60_270_IS30436";"Exp60_270_IS30436";NA;"2023-09-25 21:46:00";71576,4
"885280";"27:5:2";"Exp60_270_IS30436";"Exp60_270_IS30436";NA;"2023-09-25 22:02:00";71861,1
"885281";"27:5:2";"Exp60_270_IS30436";"Exp60_270_IS30436";NA;"2023-09-25 22:16:00";71464,1
"885282";"27:5:2";"Exp60_270_IS30436";"Exp60_270_IS30436";NA;"2023-09-25 22:32:00";70943,3
"885283";"27:5:2";"Exp60_270_IS30436";"Exp60_270_IS30436";NA;"2023-09-25 22:46:00";72972,5
"885284";"27:5:2";"Exp60_270_IS30436";"Exp60_270_IS30436";NA;"2023-09-25 23:02:00";74390
"885285";"27:5:2";"Exp60_270_IS30436";"Exp60_270_IS30436";NA;"2023-09-25 23:16:00";75488,1
"885286";"27:5:2";"Exp60_270_IS30436";"Exp60_270_IS30436";NA;"2023-09-25 23:32:00";103027
"885287";"27:5:2";"Exp60_270_IS30436";"Exp60_270_IS30436";NA;"2023-09-25 23:46:00";114595
"885288";"27:5:2";"Exp60_270_IS30436";"Exp60_270_IS30436";NA;"2023-09-26 00:02:00";107532
"885289";"27:5:2";"Exp60_270_IS30436";"Exp60_270_IS30436";NA;"2023-09-26 00:16:00";116302
"885290";"27:5:2";"Exp60_270_IS30436";"Exp60_270_IS30436";NA;"2023-09-26 00:32:00";122544
"885291";"27:5:2";"Exp60_270_IS30436";"Exp60_270_IS30436";NA;"2023-09-26 00:46:00";101164
"885292";"27:5:2";"Exp60_270_IS30436";"Exp60_270_IS30436";NA;"2023-09-26 01:02:00";98576,6
"885293";"27:5:2";"Exp60_270_IS30436";"Exp60_270_IS30436";NA;"2023-09-26 01:16:00";91360
"885294";"27:5:2";"Exp60_270_IS30436";"Exp60_270_IS30436";NA;"2023-09-26 01:32:00";124514
"885295";"27:5:2";"Exp60_270_IS30436";"Exp60_270_IS30436";NA;"2023-09-26 01:46:00";117246
"885296";"27:5:2";"Exp60_270_IS30436";"Exp60_270_IS30436";NA;"2023-09-26 02:02:00";114133
"885297";"27:5:2";"Exp60_270_IS30436";"Exp60_270_IS30436";NA;"2023-09-26 02:16:00";113103
"885298";"27:5:2";"Exp60_270_IS30436";"Exp60_270_IS30436";NA;"2023-09-26 02:32:00";114263
"885299";"27:5:2";"Exp60_270_IS30436";"Exp60_270_IS30436";NA;"2023-09-26 02:46:00";110800
"885300";"27:5:2";"Exp60_270_IS30436";"Exp60_270_IS30436";NA;"2023-09-26 03:02:00";172541
"885301";"27:5:2";"Exp60_270_IS30436";"Exp60_270_IS30436";NA;"2023-09-26 03:16:00";195050
"885302";"27:5:2";"Exp60_270_IS30436";"Exp60_270_IS30436";NA;"2023-09-26 03:32:00";119880
"885303";"27:5:2";"Exp60_270_IS30436";"Exp60_270_IS30436";NA;"2023-09-26 03:46:00";122929
"885304";"27:5:2";"Exp60_270_IS30436";"Exp60_270_IS30436";NA;"2023-09-26 04:02:00";163654
"885305";"27:5:2";"Exp60_270_IS30436";"Exp60_270_IS30436";NA;"2023-09-26 04:16:00";152335
"885306";"27:5:2";"Exp60_270_IS30436";"Exp60_270_IS30436";NA;"2023-09-26 04:32:00";191808
"885307";"27:5:2";"Exp60_270_IS30436";"Exp60_270_IS30436";NA;"2023-09-26 04:46:00";-132235
"885308";"27:5:2";"Exp60_270_IS30436";"Exp60_270_IS30436";NA;"2023-09-26 05:02:00";115432
"885309";"27:5:2";"Exp60_270_IS30436";"Exp60_270_IS30436";NA;"2023-09-26 05:16:00";174914
"885310";"27:5:2";"Exp60_270_IS30436";"Exp60_270_IS30436";NA;"2023-09-26 05:32:00";249082
"885311";"27:5:2";"Exp60_270_IS30436";"Exp60_270_IS30436";NA;"2023-09-26 05:46:00";216033
"885312";"27:5:2";"Exp60_270_IS30436";"Exp60_270_IS30436";NA;"2023-09-26 06:02:00";182194
"885313";"27:5:2";"Exp60_270_IS30436";"Exp60_270_IS30436";NA;"2023-09-26 06:16:00";298944
"885314";"27:5:2";"Exp60_270_IS30436";"Exp60_270_IS30436";NA;"2023-09-26 06:32:00";298944
"885315";"27:5:2";"Exp60_270_IS30436";"Exp60_270_IS30436";NA;"2023-09-26 06:46:00";298944
"885316";"27:5:2";"Exp60_270_IS30436";"Exp60_270_IS30436";NA;"2023-09-26 07:02:00";298944
"885317";"27:5:2";"Exp60_270_IS30436";"Exp60_270_IS30436";NA;"2023-09-26 07:16:00";298944
"885318";"27:5:2";"Exp60_270_IS30436";"Exp60_270_IS30436";NA;"2023-09-26 07:47:00";298944
"885319";"27:5:2";"Exp60_270_IS30436";"Exp60_270_IS30436";NA;"2023-09-26 08:01:00";298944
"885320";"27:5:2";"Exp60_270_IS30436";"Exp60_270_IS30436";NA;"2023-09-26 08:17:00";298944
"885321";"27:5:2";"Exp60_270_IS30436";"Exp60_270_IS30436";NA;"2023-09-26 08:31:00";283696
"885322";"27:5:2";"Exp60_270_IS30436";"Exp60_270_IS30436";NA;"2023-09-26 09:02:00";73520
"885323";"27:5:2";"Exp60_270_IS30436";"Exp60_270_IS30436";NA;"2023-09-26 09:16:00";73520,8
"885324";"27:5:2";"Exp60_270_IS30436";"Exp60_270_IS30436";NA;"2023-09-26 09:32:00";73568
"885325";"27:5:2";"Exp60_270_IS30436";"Exp60_270_IS30436";NA;"2023-09-26 09:46:00";74757,3
"885326";"27:5:2";"Exp60_270_IS30436";"Exp60_270_IS30436";NA;"2023-09-26 10:02:00";74633,8
"885327";"27:5:2";"Exp60_270_IS30436";"Exp60_270_IS30436";NA;"2023-09-26 10:16:00";73506,2
"885328";"27:5:2";"Exp60_270_IS30436";"Exp60_270_IS30436";NA;"2023-09-26 10:32:00";72474,7
"885329";"27:5:2";"Exp60_270_IS30436";"Exp60_270_IS30436";NA;"2023-09-26 10:46:00";73666,5
"885330";"27:5:2";"Exp60_270_IS30436";"Exp60_270_IS30436";NA;"2023-09-26 11:02:00";298944
"885331";"27:5:2";"Exp60_270_IS30436";"Exp60_270_IS30436";NA;"2023-09-26 11:16:00";298944
"885332";"27:5:2";"Exp60_270_IS30436";"Exp60_270_IS30436";NA;"2023-09-26 11:47:00";-311310
"885333";"27:5:2";"Exp60_270_IS30436";"Exp60_270_IS30436";NA;"2023-09-26 12:01:00";-311310
"885334";"27:5:2";"Exp60_270_IS30436";"Exp60_270_IS30436";NA;"2023-09-26 12:17:00";298944
"885335";"27:5:2";"Exp60_270_IS30436";"Exp60_270_IS30436";NA;"2023-09-26 12:31:00";298944
"885336";"27:5:2";"Exp60_270_IS30436";"Exp60_270_IS30436";NA;"2023-09-26 12:47:00";298944
"885337";"27:5:2";"Exp60_270_IS30436";"Exp60_270_IS30436";NA;"2023-09-26 13:01:00";298944
"885338";"27:5:2";"Exp60_270_IS30436";"Exp60_270_IS30436";NA;"2023-09-26 13:32:00";298944
"885339";"27:5:2";"Exp60_270_IS30436";"Exp60_270_IS30436";NA;"2023-09-26 13:46:00";298944
"885340";"27:5:2";"Exp60_270_IS30436";"Exp60_270_IS30436";NA;"2023-09-26 14:02:00";298944
"885341";"27:5:2";"Exp60_270_IS30436";"Exp60_270_IS30436";NA;"2023-09-26 14:16:00";298944
"885342";"27:5:2";"Exp60_270_IS30436";"Exp60_270_IS30436";NA;"2023-09-26 14:32:00";298944
"885343";"27:5:2";"Exp60_270_IS30436";"Exp60_270_IS30436";NA;"2023-09-26 14:46:00";298944
"885344";"27:5:2";"Exp60_270_IS30436";"Exp60_270_IS30436";NA;"2023-09-26 15:02:00";298944
"885345";"27:5:2";"Exp60_270_IS30436";"Exp60_270_IS30436";NA;"2023-09-26 15:16:00";298944
"885346";"27:5:2";"Exp60_270_IS30436";"Exp60_270_IS30436";NA;"2023-09-26 15:32:00";298944
"885347";"27:5:2";"Exp60_270_IS30436";"Exp60_270_IS30436";NA;"2023-09-26 15:46:00";298944
"885348";"27:5:2";"Exp60_270_IS30436";"Exp60_270_IS30436";NA;"2023-09-26 16:02:00";298944
"885349";"27:5:2";"Exp60_270_IS30436";"Exp60_270_IS30436";NA;"2023-09-26 16:16:00";298944
"885350";"27:5:2";"Exp60_270_IS30436";"Exp60_270_IS30436";NA;"2023-09-26 22:01:00";100320
"885351";"27:5:2";"Exp60_270_IS30436";"Exp60_270_IS30436";NA;"2023-09-26 22:17:00";97540,7
"885352";"27:5:2";"Exp60_270_IS30436";"Exp60_270_IS30436";NA;"2023-09-26 22:31:00";298944
"885353";"27:5:2";"Exp60_270_IS30436";"Exp60_270_IS30436";NA;"2023-09-26 22:47:00";298944
"885354";"27:5:2";"Exp60_270_IS30436";"Exp60_270_IS30436";NA;"2023-09-26 23:01:00";298944
"885355";"27:5:2";"Exp60_270_IS30436";"Exp60_270_IS30436";NA;"2023-09-26 23:17:00";298944
"885356";"27:5:2";"Exp60_270_IS30436";"Exp60_270_IS30436";NA;"2023-09-26 23:31:00";298944
"885357";"27:5:2";"Exp60_270_IS30436";"Exp60_270_IS30436";NA;"2023-09-26 23:47:00";298944
"885358";"27:5:2";"Exp60_270_IS30436";"Exp60_270_IS30436";NA;"2023-09-27 00:31:00";298944
"885359";"27:5:2";"Exp60_270_IS30436";"Exp60_270_IS30436";NA;"2023-09-27 00:47:00";298944
"885360";"27:5:2";"Exp60_270_IS30436";"Exp60_270_IS30436";NA;"2023-09-27 01:01:00";298944
"885361";"27:5:2";"Exp60_270_IS30436";"Exp60_270_IS30436";NA;"2023-09-27 01:17:00";298944
"885362";"27:5:2";"Exp60_270_IS30436";"Exp60_270_IS30436";NA;"2023-09-27 01:31:00";298944
"885363";"27:5:2";"Exp60_270_IS30436";"Exp60_270_IS30436";NA;"2023-09-27 01:47:00";298944
"885364";"27:5:2";"Exp60_270_IS30436";"Exp60_270_IS30436";NA;"2023-09-27 02:01:00";298944
"885365";"27:5:2";"Exp60_270_IS30436";"Exp60_270_IS30436";NA;"2023-09-27 02:17:00";298944
"885366";"27:5:2";"Exp60_270_IS30436";"Exp60_270_IS30436";NA;"2023-09-27 02:31:00";298944
"885367";"27:5:2";"Exp60_270_IS30436";"Exp60_270_IS30436";NA;"2023-09-27 02:47:00";298944
"885368";"27:5:2";"Exp60_270_IS30436";"Exp60_270_IS30436";NA;"2023-09-27 03:01:00";298944
"885369";"27:5:2";"Exp60_270_IS30436";"Exp60_270_IS30436";NA;"2023-09-27 03:17:00";298944
"885370";"27:5:2";"Exp60_270_IS30436";"Exp60_270_IS30436";NA;"2023-09-27 03:31:00";298944
"885371";"27:5:2";"Exp60_270_IS30436";"Exp60_270_IS30436";NA;"2023-09-27 03:47:00";298944
"885372";"27:5:2";"Exp60_270_IS30436";"Exp60_270_IS30436";NA;"2023-09-27 04:01:00";298944
"885373";"27:5:2";"Exp60_270_IS30436";"Exp60_270_IS30436";NA;"2023-09-27 04:17:00";298944
"885374";"27:5:2";"Exp60_270_IS30436";"Exp60_270_IS30436";NA;"2023-09-27 04:31:00";298944
"885375";"27:5:2";"Exp60_270_IS30436";"Exp60_270_IS30436";NA;"2023-09-27 04:47:00";298944
"885376";"27:5:2";"Exp60_270_IS30436";"Exp60_270_IS30436";NA;"2023-09-27 05:01:00";298944
"885377";"27:5:2";"Exp60_270_IS30436";"Exp60_270_IS30436";NA;"2023-09-27 05:17:00";298944
"885378";"27:5:2";"Exp60_270_IS30436";"Exp60_270_IS30436";NA;"2023-09-27 05:31:00";298944
"885379";"27:5:2";"Exp60_270_IS30436";"Exp60_270_IS30436";NA;"2023-09-27 05:47:00";298944
"885380";"27:5:2";"Exp60_270_IS30436";"Exp60_270_IS30436";NA;"2023-09-27 06:01:00";298944
"885381";"27:5:2";"Exp60_270_IS30436";"Exp60_270_IS30436";NA;"2023-09-27 06:17:00";298944
"885382";"27:5:2";"Exp60_270_IS30436";"Exp60_270_IS30436";NA;"2023-09-27 06:31:00";298944
"885383";"27:5:2";"Exp60_270_IS30436";"Exp60_270_IS30436";NA;"2023-09-27 06:47:00";267856
"885384";"27:5:2";"Exp60_270_IS30436";"Exp60_270_IS30436";NA;"2023-09-27 07:01:00";244859
"885385";"27:5:2";"Exp60_270_IS30436";"Exp60_270_IS30436";NA;"2023-09-27 07:32:00";237906
"885386";"27:5:2";"Exp60_270_IS30436";"Exp60_270_IS30436";NA;"2023-09-27 07:46:00";239806
"885387";"27:5:2";"Exp60_270_IS30436";"Exp60_270_IS30436";NA;"2023-09-27 08:02:00";298944
"885388";"27:5:2";"Exp60_270_IS30436";"Exp60_270_IS30436";NA;"2023-09-27 08:16:00";286558
"885389";"27:5:2";"Exp60_270_IS30436";"Exp60_270_IS30436";NA;"2023-09-27 08:32:00";298944
"885390";"27:5:2";"Exp60_270_IS30436";"Exp60_270_IS30436";NA;"2023-09-27 08:46:00";284989
"885391";"27:5:2";"Exp60_270_IS30436";"Exp60_270_IS30436";NA;"2023-09-27 09:02:00";243010
"885392";"27:5:2";"Exp60_270_IS30436";"Exp60_270_IS30436";NA;"2023-09-27 09:16:00";244014
"885393";"27:5:2";"Exp60_270_IS30436";"Exp60_270_IS30436";NA;"2023-09-27 15:46:00";165548
"885394";"27:5:2";"Exp60_270_IS30436";"Exp60_270_IS30436";NA;"2023-09-27 16:02:00";298944
"885395";"27:5:2";"Exp60_270_IS30436";"Exp60_270_IS30436";NA;"2023-09-27 16:16:00";298944
"885396";"27:5:2";"Exp60_270_IS30436";"Exp60_270_IS30436";NA;"2023-09-27 16:32:00";298944
"885397";"27:5:2";"Exp60_270_IS30436";"Exp60_270_IS30436";NA;"2023-09-27 16:46:00";298944
"885398";"27:5:2";"Exp60_270_IS30436";"Exp60_270_IS30436";NA;"2023-09-27 17:17:00";298944
"885399";"27:5:2";"Exp60_270_IS30436";"Exp60_270_IS30436";NA;"2023-09-27 17:31:00";298944
"885400";"27:5:2";"Exp60_270_IS30436";"Exp60_270_IS30436";NA;"2023-09-27 17:47:00";298944
"885401";"27:5:2";"Exp60_270_IS30436";"Exp60_270_IS30436";NA;"2023-09-27 18:01:00";298944
"885402";"27:5:2";"Exp60_270_IS30436";"Exp60_270_IS30436";NA;"2023-09-27 18:17:00";298944
"885403";"27:5:2";"Exp60_270_IS30436";"Exp60_270_IS30436";NA;"2023-09-27 18:31:00";298944
"885404";"27:5:2";"Exp60_270_IS30436";"Exp60_270_IS30436";NA;"2023-09-27 18:47:00";226564
"885405";"27:5:2";"Exp60_270_IS30436";"Exp60_270_IS30436";NA;"2023-09-27 19:01:00";298944
"885406";"27:5:2";"Exp60_270_IS30436";"Exp60_270_IS30436";NA;"2023-09-27 19:17:00";298944
"885407";"27:5:2";"Exp60_270_IS30436";"Exp60_270_IS30436";NA;"2023-09-27 19:31:00";298944
"885408";"27:5:2";"Exp60_270_IS30436";"Exp60_270_IS30436";NA;"2023-09-27 19:47:00";298944
"885409";"27:5:2";"Exp60_270_IS30436";"Exp60_270_IS30436";NA;"2023-09-27 20:01:00";298944
"885410";"27:5:2";"Exp60_270_IS30436";"Exp60_270_IS30436";NA;"2023-09-27 20:17:00";298944
"885411";"27:5:2";"Exp60_270_IS30436";"Exp60_270_IS30436";NA;"2023-09-27 20:31:00";298944
"885412";"27:5:2";"Exp60_270_IS30436";"Exp60_270_IS30436";NA;"2023-09-27 20:47:00";298944
"885413";"27:5:2";"Exp60_270_IS30436";"Exp60_270_IS30436";NA;"2023-09-27 21:01:00";298944
"885414";"27:5:2";"Exp60_270_IS30436";"Exp60_270_IS30436";NA;"2023-09-28 01:31:00";298944
"885415";"27:5:2";"Exp60_270_IS30436";"Exp60_270_IS30436";NA;"2023-09-28 01:47:00";298944
"885416";"27:5:2";"Exp60_270_IS30436";"Exp60_270_IS30436";NA;"2023-09-28 02:01:00";298944
"885417";"27:5:2";"Exp60_270_IS30436";"Exp60_270_IS30436";NA;"2023-09-28 02:17:00";298944
"885418";"27:5:2";"Exp60_270_IS30436";"Exp60_270_IS30436";NA;"2023-09-28 02:31:00";298944
"885419";"27:5:2";"Exp60_270_IS30436";"Exp60_270_IS30436";NA;"2023-09-28 03:17:00";298944
"885420";"27:5:2";"Exp60_270_IS30436";"Exp60_270_IS30436";NA;"2023-09-28 03:31:00";298944
"885421";"27:5:2";"Exp60_270_IS30436";"Exp60_270_IS30436";NA;"2023-09-28 03:47:00";298944
"885422";"27:5:2";"Exp60_270_IS30436";"Exp60_270_IS30436";NA;"2023-09-28 04:01:00";298944
"885423";"27:5:2";"Exp60_270_IS30436";"Exp60_270_IS30436";NA;"2023-09-28 04:17:00";298944
"885424";"27:5:2";"Exp60_270_IS30436";"Exp60_270_IS30436";NA;"2023-09-28 04:31:00";75444,6
"885425";"27:5:2";"Exp60_270_IS30436";"Exp60_270_IS30436";NA;"2023-09-28 04:47:00";286133
"885426";"27:5:2";"Exp60_270_IS30436";"Exp60_270_IS30436";NA;"2023-09-28 05:01:00";285989
"885427";"27:5:2";"Exp60_270_IS30436";"Exp60_270_IS30436";NA;"2023-09-28 05:17:00";298944
"885428";"27:5:2";"Exp60_270_IS30436";"Exp60_270_IS30436";NA;"2023-09-28 05:31:00";298944
"885429";"27:5:2";"Exp60_270_IS30436";"Exp60_270_IS30436";NA;"2023-09-28 05:47:00";298944
"885430";"27:5:2";"Exp60_270_IS30436";"Exp60_270_IS30436";NA;"2023-09-28 06:01:00";298944
"885431";"27:5:2";"Exp60_270_IS30436";"Exp60_270_IS30436";NA;"2023-09-28 06:17:00";298944
"885432";"27:5:2";"Exp60_270_IS30436";"Exp60_270_IS30436";NA;"2023-09-28 07:16:00";298944
"885433";"27:5:2";"Exp60_270_IS30436";"Exp60_270_IS30436";NA;"2023-09-28 07:32:00";298944
"885434";"27:5:2";"Exp60_270_IS30436";"Exp60_270_IS30436";NA;"2023-09-28 08:16:00";231023
"885435";"27:5:2";"Exp60_270_IS30436";"Exp60_270_IS30436";NA;"2023-09-28 08:47:00";298944
"885436";"27:5:2";"Exp60_270_IS30436";"Exp60_270_IS30436";NA;"2023-09-28 09:01:00";298944
"885437";"27:5:2";"Exp60_270_IS30436";"Exp60_270_IS30436";NA;"2023-09-28 16:16:00";298944
"885438";"27:5:2";"Exp60_270_IS30436";"Exp60_270_IS30436";NA;"2023-09-28 16:47:00";298944
"885439";"27:5:2";"Exp60_270_IS30436";"Exp60_270_IS30436";NA;"2023-09-28 17:01:00";298944
"885440";"27:5:2";"Exp60_270_IS30436";"Exp60_270_IS30436";NA;"2023-09-28 17:17:00";298944
"885441";"27:5:2";"Exp60_270_IS30436";"Exp60_270_IS30436";NA;"2023-09-28 17:31:00";298944
"885442";"27:5:2";"Exp60_270_IS30436";"Exp60_270_IS30436";NA;"2023-09-28 18:02:00";298944
"885443";"27:5:2";"Exp60_270_IS30436";"Exp60_270_IS30436";NA;"2023-09-28 18:16:00";298944
"885444";"27:5:2";"Exp60_270_IS30436";"Exp60_270_IS30436";NA;"2023-09-28 18:32:00";298944
"885445";"27:5:2";"Exp60_270_IS30436";"Exp60_270_IS30436";NA;"2023-09-28 18:46:00";298944
"885446";"27:5:2";"Exp60_270_IS30436";"Exp60_270_IS30436";NA;"2023-09-28 19:02:00";298944
"885447";"27:5:2";"Exp60_270_IS30436";"Exp60_270_IS30436";NA;"2023-09-28 19:16:00";298944
"885448";"27:5:2";"Exp60_270_IS30436";"Exp60_270_IS30436";NA;"2023-09-28 19:32:00";298944
"885449";"27:5:2";"Exp60_270_IS30436";"Exp60_270_IS30436";NA;"2023-09-28 19:46:00";298944
"885450";"27:5:2";"Exp60_270_IS30436";"Exp60_270_IS30436";NA;"2023-09-28 20:02:00";298944
"885451";"27:5:2";"Exp60_270_IS30436";"Exp60_270_IS30436";NA;"2023-09-28 20:16:00";298944
"885452";"27:5:2";"Exp60_270_IS30436";"Exp60_270_IS30436";NA;"2023-09-28 20:32:00";298944
"885453";"27:5:2";"Exp60_270_IS30436";"Exp60_270_IS30436";NA;"2023-09-28 20:46:00";298944
"885454";"27:5:2";"Exp60_270_IS30436";"Exp60_270_IS30436";NA;"2023-09-28 21:02:00";298944
"885455";"27:5:2";"Exp60_270_IS30436";"Exp60_270_IS30436";NA;"2023-09-28 21:16:00";298944
"885456";"27:5:2";"Exp60_270_IS30436";"Exp60_270_IS30436";NA;"2023-09-28 21:32:00";298944
"885457";"27:5:2";"Exp60_270_IS30436";"Exp60_270_IS30436";NA;"2023-09-28 21:46:00";298944
"885458";"27:5:2";"Exp60_270_IS30436";"Exp60_270_IS30436";NA;"2023-09-28 22:17:00";298944
"885459";"27:5:2";"Exp60_270_IS30436";"Exp60_270_IS30436";NA;"2023-09-28 22:31:00";298944
"885460";"27:5:2";"Exp60_270_IS30436";"Exp60_270_IS30436";NA;"2023-09-28 22:47:00";298944
"885461";"27:5:2";"Exp60_270_IS30436";"Exp60_270_IS30436";NA;"2023-09-28 23:01:00";298944
"885462";"27:5:2";"Exp60_270_IS30436";"Exp60_270_IS30436";NA;"2023-09-28 23:17:00";298944
"885463";"27:5:2";"Exp60_270_IS30436";"Exp60_270_IS30436";NA;"2023-09-28 23:31:00";298944
"885464";"27:5:2";"Exp60_270_IS30436";"Exp60_270_IS30436";NA;"2023-09-29 00:17:00";298944
"885465";"27:5:2";"Exp60_270_IS30436";"Exp60_270_IS30436";NA;"2023-09-29 00:31:00";298944
"885466";"27:5:2";"Exp60_270_IS30436";"Exp60_270_IS30436";NA;"2023-09-29 00:47:00";298944
"885467";"27:5:2";"Exp60_270_IS30436";"Exp60_270_IS30436";NA;"2023-09-29 01:01:00";298944
"885468";"27:5:2";"Exp60_270_IS30436";"Exp60_270_IS30436";NA;"2023-09-29 01:17:00";298944
"885469";"27:5:2";"Exp60_270_IS30436";"Exp60_270_IS30436";NA;"2023-09-29 01:31:00";298944
"885470";"27:5:2";"Exp60_270_IS30436";"Exp60_270_IS30436";NA;"2023-09-29 01:47:00";298944
"885471";"27:5:2";"Exp60_270_IS30436";"Exp60_270_IS30436";NA;"2023-09-29 02:01:00";298944
"885472";"27:5:2";"Exp60_270_IS30436";"Exp60_270_IS30436";NA;"2023-09-29 02:17:00";298944
"885473";"27:5:2";"Exp60_270_IS30436";"Exp60_270_IS30436";NA;"2023-09-29 02:31:00";298944
"885474";"27:5:2";"Exp60_270_IS30436";"Exp60_270_IS30436";NA;"2023-09-29 02:47:00";298944
"885475";"27:5:2";"Exp60_270_IS30436";"Exp60_270_IS30436";NA;"2023-09-29 03:01:00";298944
"885476";"27:5:2";"Exp60_270_IS30436";"Exp60_270_IS30436";NA;"2023-09-29 03:47:00";298944
"885477";"27:5:2";"Exp60_270_IS30436";"Exp60_270_IS30436";NA;"2023-09-29 04:01:00";298944
"885478";"27:5:2";"Exp60_270_IS30436";"Exp60_270_IS30436";NA;"2023-09-29 04:17:00";298944
"885479";"27:5:2";"Exp60_270_IS30436";"Exp60_270_IS30436";NA;"2023-09-29 04:31:00";298944
"885480";"27:5:2";"Exp60_270_IS30436";"Exp60_270_IS30436";NA;"2023-09-29 12:31:00";-311310
"885481";"27:5:2";"Exp60_270_IS30436";"Exp60_270_IS30436";NA;"2023-09-29 18:46:00";-5486720
"885482";"27:5:2";"Exp60_270_IS30436";"Exp60_270_IS30436";NA;"2023-09-29 19:17:00";-5483100
"885483";"27:5:2";"Exp60_270_IS30436";"Exp60_270_IS30436";NA;"2023-09-29 19:31:00";-5453900
"885484";"27:5:2";"Exp60_270_IS30436";"Exp60_270_IS30436";NA;"2023-09-29 19:47:00";-5435500
"885485";"27:5:2";"Exp60_270_IS30436";"Exp60_270_IS30436";NA;"2023-09-29 20:01:00";-5404780
"885486";"27:5:2";"Exp60_270_IS30436";"Exp60_270_IS30436";NA;"2023-09-29 20:17:00";-5391460
"885487";"27:5:2";"Exp60_270_IS30436";"Exp60_270_IS30436";NA;"2023-09-29 20:31:00";-5418720
"885488";"27:5:2";"Exp60_270_IS30436";"Exp60_270_IS30436";NA;"2023-09-29 21:02:00";-5349570
"885489";"27:5:2";"Exp60_270_IS30436";"Exp60_270_IS30436";NA;"2023-09-29 21:16:00";-5349990
"885490";"27:5:2";"Exp60_270_IS30436";"Exp60_270_IS30436";NA;"2023-09-29 21:32:00";-5338770
"885491";"27:5:2";"Exp60_270_IS30436";"Exp60_270_IS30436";NA;"2023-09-29 21:46:00";-5344280
"885492";"27:5:2";"Exp60_270_IS30436";"Exp60_270_IS30436";NA;"2023-09-29 22:02:00";-5344590
"885493";"27:5:2";"Exp60_270_IS30436";"Exp60_270_IS30436";NA;"2023-09-29 22:16:00";-5332590
"885494";"27:5:2";"Exp60_270_IS30436";"Exp60_270_IS30436";NA;"2023-09-29 22:32:00";-5330540
"885495";"27:5:2";"Exp60_270_IS30436";"Exp60_270_IS30436";NA;"2023-09-29 22:46:00";-5306950
"885496";"27:5:2";"Exp60_270_IS30436";"Exp60_270_IS30436";NA;"2023-09-29 23:02:00";-5344020
"885497";"27:5:2";"Exp60_270_IS30436";"Exp60_270_IS30436";NA;"2023-09-29 23:16:00";-5314030
"885498";"27:5:2";"Exp60_270_IS30436";"Exp60_270_IS30436";NA;"2023-09-29 23:32:00";-5286610
"885499";"27:5:2";"Exp60_270_IS30436";"Exp60_270_IS30436";NA;"2023-09-29 23:46:00";-5245720
"885500";"27:5:2";"Exp60_270_IS30436";"Exp60_270_IS30436";NA;"2023-09-30 00:02:00";-5246030
"885501";"27:5:2";"Exp60_270_IS30436";"Exp60_270_IS30436";NA;"2023-09-30 00:16:00";-5300400
"885502";"27:5:2";"Exp60_270_IS30436";"Exp60_270_IS30436";NA;"2023-09-30 00:32:00";-5261660
"885503";"27:5:2";"Exp60_270_IS30436";"Exp60_270_IS30436";NA;"2023-09-30 00:46:00";-5244990
"885504";"27:5:2";"Exp60_270_IS30436";"Exp60_270_IS30436";NA;"2023-09-30 01:02:00";-5228110
"885505";"27:5:2";"Exp60_270_IS30436";"Exp60_270_IS30436";NA;"2023-09-30 01:16:00";-5228260
"885506";"27:5:2";"Exp60_270_IS30436";"Exp60_270_IS30436";NA;"2023-09-30 01:32:00";-5256890
"885507";"27:5:2";"Exp60_270_IS30436";"Exp60_270_IS30436";NA;"2023-09-30 01:46:00";-5224330
"885508";"27:5:2";"Exp60_270_IS30436";"Exp60_270_IS30436";NA;"2023-09-30 08:46:00";-5455680
"885509";"27:5:2";"Exp60_270_IS30436";"Exp60_270_IS30436";NA;"2023-09-30 09:02:00";-5520790
"885510";"27:5:2";"Exp60_270_IS30436";"Exp60_270_IS30436";NA;"2023-09-30 09:16:00";-5592190
"885511";"27:5:2";"Exp60_270_IS30436";"Exp60_270_IS30436";NA;"2023-09-30 09:32:00";-5676650
"885512";"27:5:2";"Exp60_270_IS30436";"Exp60_270_IS30436";NA;"2023-09-30 09:46:00";-5830990
"885513";"27:5:2";"Exp60_270_IS30436";"Exp60_270_IS30436";NA;"2023-09-30 10:02:00";-5827160
"885514";"27:5:2";"Exp60_270_IS30436";"Exp60_270_IS30436";NA;"2023-09-30 10:16:00";-5876700
"885515";"27:5:2";"Exp60_270_IS30436";"Exp60_270_IS30436";NA;"2023-09-30 10:32:00";-5953040
"885516";"27:5:2";"Exp60_270_IS30436";"Exp60_270_IS30436";NA;"2023-09-30 10:46:00";-6150680
"885517";"27:5:2";"Exp60_270_IS30436";"Exp60_270_IS30436";NA;"2023-09-30 11:02:00";-6182920
"885518";"27:5:2";"Exp60_270_IS30436";"Exp60_270_IS30436";NA;"2023-09-30 11:16:00";-6037280
"885519";"27:5:2";"Exp60_270_IS30436";"Exp60_270_IS30436";NA;"2023-09-30 11:32:00";-6085460
"885520";"27:5:2";"Exp60_270_IS30436";"Exp60_270_IS30436";NA;"2023-09-30 11:46:00";-6115130
"885521";"27:5:2";"Exp60_270_IS30436";"Exp60_270_IS30436";NA;"2023-09-30 19:01:00";-5445670
"885522";"27:5:2";"Exp60_270_IS30436";"Exp60_270_IS30436";NA;"2023-09-30 19:17:00";-5487140
"885523";"27:5:2";"Exp60_270_IS30436";"Exp60_270_IS30436";NA;"2023-09-30 19:31:00";-5462500
"885524";"27:5:2";"Exp60_270_IS30436";"Exp60_270_IS30436";NA;"2023-09-30 19:47:00";-5447340
"885525";"27:5:2";"Exp60_270_IS30436";"Exp60_270_IS30436";NA;"2023-09-30 20:01:00";-5456100
"885526";"27:5:2";"Exp60_270_IS30436";"Exp60_270_IS30436";NA;"2023-09-30 20:17:00";-5438330
"885527";"27:5:2";"Exp60_270_IS30436";"Exp60_270_IS30436";NA;"2023-09-30 20:31:00";-5454840
"885528";"27:5:2";"Exp60_270_IS30436";"Exp60_270_IS30436";NA;"2023-09-30 20:47:00";-5452120
"885529";"27:5:2";"Exp60_270_IS30436";"Exp60_270_IS30436";NA;"2023-09-30 21:01:00";-5376620
"885530";"27:5:2";"Exp60_270_IS30436";"Exp60_270_IS30436";NA;"2023-09-30 21:32:00";-5388470
"885531";"27:5:2";"Exp60_270_IS30436";"Exp60_270_IS30436";NA;"2023-09-30 21:46:00";-5392820
"885532";"27:5:2";"Exp60_270_IS30436";"Exp60_270_IS30436";NA;"2023-09-30 22:02:00";-5376360
"885533";"27:5:2";"Exp60_270_IS30436";"Exp60_270_IS30436";NA;"2023-09-30 22:16:00";-5370650
"885534";"27:5:2";"Exp60_270_IS30436";"Exp60_270_IS30436";NA;"2023-09-30 22:32:00";-5373480
"885535";"27:5:2";"Exp60_270_IS30436";"Exp60_270_IS30436";NA;"2023-09-30 22:46:00";-5300710
"885536";"27:5:2";"Exp60_270_IS30436";"Exp60_270_IS30436";NA;"2023-09-30 23:02:00";-5262760
"885537";"27:5:2";"Exp60_270_IS30436";"Exp60_270_IS30436";NA;"2023-09-30 23:16:00";-5240480
"885538";"27:5:2";"Exp60_270_IS30436";"Exp60_270_IS30436";NA;"2023-09-30 23:32:00";-5253160
"885539";"27:5:2";"Exp60_270_IS30436";"Exp60_270_IS30436";NA;"2023-09-30 23:46:00";-5304910
"885540";"27:5:2";"Exp60_270_IS30436";"Exp60_270_IS30436";NA;"2023-10-01 00:02:00";-5271670
"885541";"27:5:2";"Exp60_270_IS30436";"Exp60_270_IS30436";NA;"2023-10-01 00:16:00";-5263120
"885542";"27:5:2";"Exp60_270_IS30436";"Exp60_270_IS30436";NA;"2023-10-01 00:32:00";-5240690
"885543";"27:5:2";"Exp60_270_IS30436";"Exp60_270_IS30436";NA;"2023-10-01 01:16:00";-5203940
"885544";"27:5:2";"Exp60_270_IS30436";"Exp60_270_IS30436";NA;"2023-10-01 01:32:00";-5200160
"885545";"27:5:2";"Exp60_270_IS30436";"Exp60_270_IS30436";NA;"2023-10-01 01:46:00";-5230830
"885546";"27:5:2";"Exp60_270_IS30436";"Exp60_270_IS30436";NA;"2023-10-01 02:02:00";-5234340
"885547";"27:5:2";"Exp60_270_IS30436";"Exp60_270_IS30436";NA;"2023-10-01 02:16:00";-5229940
"885548";"27:5:2";"Exp60_270_IS30436";"Exp60_270_IS30436";NA;"2023-10-01 02:32:00";-5232510
"885549";"27:5:2";"Exp60_270_IS30436";"Exp60_270_IS30436";NA;"2023-10-01 02:46:00";-5226010
"885550";"27:5:2";"Exp60_270_IS30436";"Exp60_270_IS30436";NA;"2023-10-01 09:31:00";-5637600
"885551";"27:5:2";"Exp60_270_IS30436";"Exp60_270_IS30436";NA;"2023-10-01 09:47:00";-5691070
"885552";"27:5:2";"Exp60_270_IS30436";"Exp60_270_IS30436";NA;"2023-10-01 10:01:00";-5756390
"885553";"27:5:2";"Exp60_270_IS30436";"Exp60_270_IS30436";NA;"2023-10-01 10:17:00";-5884200
"885554";"27:5:2";"Exp60_270_IS30436";"Exp60_270_IS30436";NA;"2023-10-01 10:31:00";-5987740
"885555";"27:5:2";"Exp60_270_IS30436";"Exp60_270_IS30436";NA;"2023-10-01 10:47:00";-6029310
"885556";"27:5:2";"Exp60_270_IS30436";"Exp60_270_IS30436";NA;"2023-10-01 11:01:00";-6019820
"885557";"27:5:2";"Exp60_270_IS30436";"Exp60_270_IS30436";NA;"2023-10-01 17:46:00";-5645670
"885558";"27:5:2";"Exp60_270_IS30436";"Exp60_270_IS30436";NA;"2023-10-01 18:02:00";-5604720
"885559";"27:5:2";"Exp60_270_IS30436";"Exp60_270_IS30436";NA;"2023-10-01 18:16:00";-5596910
"885560";"27:5:2";"Exp60_270_IS30436";"Exp60_270_IS30436";NA;"2023-10-01 18:32:00";-5576570
"885561";"27:5:2";"Exp60_270_IS30436";"Exp60_270_IS30436";NA;"2023-10-01 18:46:00";-5585850
"885562";"27:5:2";"Exp60_270_IS30436";"Exp60_270_IS30436";NA;"2023-10-01 19:02:00";-5579770
"885563";"27:5:2";"Exp60_270_IS30436";"Exp60_270_IS30436";NA;"2023-10-01 19:16:00";-5554610
"885564";"27:5:2";"Exp60_270_IS30436";"Exp60_270_IS30436";NA;"2023-10-01 19:32:00";-5505170
"885565";"27:5:2";"Exp60_270_IS30436";"Exp60_270_IS30436";NA;"2023-10-01 19:46:00";-5488810
"885566";"27:5:2";"Exp60_270_IS30436";"Exp60_270_IS30436";NA;"2023-10-01 20:02:00";-5471090
"885567";"27:5:2";"Exp60_270_IS30436";"Exp60_270_IS30436";NA;"2023-10-01 20:16:00";-5460030
"885568";"27:5:2";"Exp60_270_IS30436";"Exp60_270_IS30436";NA;"2023-10-01 20:32:00";-5451170
"885569";"27:5:2";"Exp60_270_IS30436";"Exp60_270_IS30436";NA;"2023-10-01 20:46:00";-5487140
"885570";"27:5:2";"Exp60_270_IS30436";"Exp60_270_IS30436";NA;"2023-10-01 21:02:00";-5456620
"885571";"27:5:2";"Exp60_270_IS30436";"Exp60_270_IS30436";NA;"2023-10-01 21:16:00";-5443780
"885572";"27:5:2";"Exp60_270_IS30436";"Exp60_270_IS30436";NA;"2023-10-01 21:32:00";-5435180
"885573";"27:5:2";"Exp60_270_IS30436";"Exp60_270_IS30436";NA;"2023-10-01 21:46:00";-5409500
"885574";"27:5:2";"Exp60_270_IS30436";"Exp60_270_IS30436";NA;"2023-10-01 22:02:00";-5397650
"885575";"27:5:2";"Exp60_270_IS30436";"Exp60_270_IS30436";NA;"2023-10-01 22:16:00";-5420350
"885576";"27:5:2";"Exp60_270_IS30436";"Exp60_270_IS30436";NA;"2023-10-01 22:32:00";-5388580
"885577";"27:5:2";"Exp60_270_IS30436";"Exp60_270_IS30436";NA;"2023-10-01 22:46:00";-5389730
"885578";"27:5:2";"Exp60_270_IS30436";"Exp60_270_IS30436";NA;"2023-10-01 23:17:00";-5399690
"885579";"27:5:2";"Exp60_270_IS30436";"Exp60_270_IS30436";NA;"2023-10-01 23:31:00";-5454270
"885580";"27:5:2";"Exp60_270_IS30436";"Exp60_270_IS30436";NA;"2023-10-02 07:01:00";-5207610
"885581";"27:5:2";"Exp60_270_IS30436";"Exp60_270_IS30436";NA;"2023-10-02 07:17:00";-5254420
"885582";"27:5:2";"Exp60_270_IS30436";"Exp60_270_IS30436";NA;"2023-10-02 07:31:00";-5283470
"885583";"27:5:2";"Exp60_270_IS30436";"Exp60_270_IS30436";NA;"2023-10-02 07:47:00";-5340240
"885584";"27:5:2";"Exp60_270_IS30436";"Exp60_270_IS30436";NA;"2023-10-02 08:01:00";-5410750
"885585";"27:5:2";"Exp60_270_IS30436";"Exp60_270_IS30436";NA;"2023-10-02 08:17:00";-5422710
"885586";"27:5:2";"Exp60_270_IS30436";"Exp60_270_IS30436";NA;"2023-10-02 08:31:00";-5466590
"885587";"27:5:2";"Exp60_270_IS30436";"Exp60_270_IS30436";NA;"2023-10-02 08:47:00";-5499040
"885588";"27:5:2";"Exp60_270_IS30436";"Exp60_270_IS30436";NA;"2023-10-02 09:01:00";-5552670
"885589";"27:5:2";"Exp60_270_IS30436";"Exp60_270_IS30436";NA;"2023-10-02 09:17:00";-5552460
"885590";"27:5:2";"Exp60_270_IS30436";"Exp60_270_IS30436";NA;"2023-10-02 09:31:00";-5574890
"885591";"27:5:2";"Exp60_270_IS30436";"Exp60_270_IS30436";NA;"2023-10-02 09:47:00";-5572430
"885592";"27:5:2";"Exp60_270_IS30436";"Exp60_270_IS30436";NA;"2023-10-02 10:01:00";-5540820
"885593";"27:5:2";"Exp60_270_IS30436";"Exp60_270_IS30436";NA;"2023-10-02 10:32:00";-5609290
"885594";"27:5:2";"Exp60_270_IS30436";"Exp60_270_IS30436";NA;"2023-10-02 10:46:00";-5693580
"885595";"27:5:2";"Exp60_270_IS30436";"Exp60_270_IS30436";NA;"2023-10-02 11:17:00";-5726660
"885596";"27:5:2";"Exp60_270_IS30436";"Exp60_270_IS30436";NA;"2023-10-02 11:31:00";-5769500
"885597";"27:5:2";"Exp60_270_IS30436";"Exp60_270_IS30436";NA;"2023-10-02 11:47:00";-5837540
"885598";"27:5:2";"Exp60_270_IS30436";"Exp60_270_IS30436";NA;"2023-10-02 12:01:00";-5881950
"885599";"27:5:2";"Exp60_270_IS30436";"Exp60_270_IS30436";NA;"2023-10-02 12:17:00";-5896210
"885600";"27:5:2";"Exp60_270_IS30436";"Exp60_270_IS30436";NA;"2023-10-02 12:31:00";-5921160
"885601";"27:5:2";"Exp60_270_IS30436";"Exp60_270_IS30436";NA;"2023-10-02 12:47:00";-5927030
"885602";"27:5:2";"Exp60_270_IS30436";"Exp60_270_IS30436";NA;"2023-10-02 13:01:00";-5967240
"885603";"27:5:2";"Exp60_270_IS30436";"Exp60_270_IS30436";NA;"2023-10-02 13:17:00";-6024120
"885604";"27:5:2";"Exp60_270_IS30436";"Exp60_270_IS30436";NA;"2023-10-02 13:31:00";-6005300
"885605";"27:5:2";"Exp60_270_IS30436";"Exp60_270_IS30436";NA;"2023-10-02 13:47:00";-6034450
"885606";"27:5:2";"Exp60_270_IS30436";"Exp60_270_IS30436";NA;"2023-10-02 14:01:00";-6045830
"885607";"27:5:2";"Exp60_270_IS30436";"Exp60_270_IS30436";NA;"2023-10-02 14:17:00";-5986220
"885608";"27:5:2";"Exp60_270_IS30436";"Exp60_270_IS30436";NA;"2023-10-02 14:31:00";-5971490
"885609";"27:5:2";"Exp60_270_IS30436";"Exp60_270_IS30436";NA;"2023-10-02 14:47:00";-5994710
"885610";"27:5:2";"Exp60_270_IS30436";"Exp60_270_IS30436";NA;"2023-10-02 15:01:00";-5904380
"885611";"27:5:2";"Exp60_270_IS30436";"Exp60_270_IS30436";NA;"2023-10-02 15:32:00";-5834080
"885612";"27:5:2";"Exp60_270_IS30436";"Exp60_270_IS30436";NA;"2023-10-02 15:46:00";-5815160
"885613";"27:5:2";"Exp60_270_IS30436";"Exp60_270_IS30436";NA;"2023-10-02 16:02:00";-5804670
"885614";"27:5:2";"Exp60_270_IS30436";"Exp60_270_IS30436";NA;"2023-10-02 16:16:00";-5773640
"885615";"27:5:2";"Exp60_270_IS30436";"Exp60_270_IS30436";NA;"2023-10-02 23:01:00";-5363150
"885616";"27:5:2";"Exp60_270_IS30436";"Exp60_270_IS30436";NA;"2023-10-02 23:17:00";-5367030
"885617";"27:5:2";"Exp60_270_IS30436";"Exp60_270_IS30436";NA;"2023-10-02 23:31:00";-5351830
"885618";"27:5:2";"Exp60_270_IS30436";"Exp60_270_IS30436";NA;"2023-10-02 23:47:00";-5338830
"885619";"27:5:2";"Exp60_270_IS30436";"Exp60_270_IS30436";NA;"2023-10-03 00:01:00";-5303070
"885620";"27:5:2";"Exp60_270_IS30436";"Exp60_270_IS30436";NA;"2023-10-03 00:17:00";-5311410
"885621";"27:5:2";"Exp60_270_IS30436";"Exp60_270_IS30436";NA;"2023-10-03 00:31:00";-5302760
"885622";"27:5:2";"Exp60_270_IS30436";"Exp60_270_IS30436";NA;"2023-10-03 00:47:00";-5309990
"885623";"27:5:2";"Exp60_270_IS30436";"Exp60_270_IS30436";NA;"2023-10-03 01:01:00";-5307790
"885624";"27:5:2";"Exp60_270_IS30436";"Exp60_270_IS30436";NA;"2023-10-03 01:17:00";-5289180
"885625";"27:5:2";"Exp60_270_IS30436";"Exp60_270_IS30436";NA;"2023-10-03 01:31:00";-5285980
"885626";"27:5:2";"Exp60_270_IS30436";"Exp60_270_IS30436";NA;"2023-10-03 01:47:00";-5270940
"885627";"27:5:2";"Exp60_270_IS30436";"Exp60_270_IS30436";NA;"2023-10-03 02:01:00";-5307630
"885628";"27:5:2";"Exp60_270_IS30436";"Exp60_270_IS30436";NA;"2023-10-03 02:17:00";-5279690
"885629";"27:5:2";"Exp60_270_IS30436";"Exp60_270_IS30436";NA;"2023-10-03 02:31:00";-5281470
"885630";"27:5:2";"Exp60_270_IS30436";"Exp60_270_IS30436";NA;"2023-10-03 03:47:00";-5264850
"885631";"27:5:2";"Exp60_270_IS30436";"Exp60_270_IS30436";NA;"2023-10-03 04:01:00";-5255050
"885632";"27:5:2";"Exp60_270_IS30436";"Exp60_270_IS30436";NA;"2023-10-03 04:17:00";-5289020
"885633";"27:5:2";"Exp60_270_IS30436";"Exp60_270_IS30436";NA;"2023-10-03 04:31:00";-5245200
"885634";"27:5:2";"Exp60_270_IS30436";"Exp60_270_IS30436";NA;"2023-10-03 04:47:00";-5244360
"885635";"27:5:2";"Exp60_270_IS30436";"Exp60_270_IS30436";NA;"2023-10-03 05:01:00";-5266950
"885636";"27:5:2";"Exp60_270_IS30436";"Exp60_270_IS30436";NA;"2023-10-03 05:17:00";-5225120
"885637";"27:5:2";"Exp60_270_IS30436";"Exp60_270_IS30436";NA;"2023-10-03 06:01:00";-5187320
"885638";"27:5:2";"Exp60_270_IS30436";"Exp60_270_IS30436";NA;"2023-10-03 06:17:00";-5202470
"885639";"27:5:2";"Exp60_270_IS30436";"Exp60_270_IS30436";NA;"2023-10-03 06:31:00";-5223910
"885640";"27:5:2";"Exp60_270_IS30436";"Exp60_270_IS30436";NA;"2023-10-03 06:47:00";-5215840
"885641";"27:5:2";"Exp60_270_IS30436";"Exp60_270_IS30436";NA;"2023-10-03 07:01:00";-5218460
"885642";"27:5:2";"Exp60_270_IS30436";"Exp60_270_IS30436";NA;"2023-10-03 07:17:00";-5256260
"885643";"27:5:2";"Exp60_270_IS30436";"Exp60_270_IS30436";NA;"2023-10-03 07:31:00";-5333320
"885644";"27:5:2";"Exp60_270_IS30436";"Exp60_270_IS30436";NA;"2023-10-03 08:02:00";-5428940
"885645";"27:5:2";"Exp60_270_IS30436";"Exp60_270_IS30436";NA;"2023-10-03 08:16:00";-5431090
"885646";"27:5:2";"Exp60_270_IS30436";"Exp60_270_IS30436";NA;"2023-10-03 08:32:00";-5491750
"885647";"27:5:2";"Exp60_270_IS30436";"Exp60_270_IS30436";NA;"2023-10-03 08:46:00";-5566720
"885648";"27:5:2";"Exp60_270_IS30436";"Exp60_270_IS30436";NA;"2023-10-03 15:16:00";-6058040
"885649";"27:5:2";"Exp60_270_IS30436";"Exp60_270_IS30436";NA;"2023-10-03 21:16:00";-5478750
"885650";"27:5:2";"Exp60_270_IS30436";"Exp60_270_IS30436";NA;"2023-10-03 22:02:00";-5438220
"885651";"27:5:2";"Exp60_270_IS30436";"Exp60_270_IS30436";NA;"2023-10-03 22:16:00";-5437070
"885652";"27:5:2";"Exp60_270_IS30436";"Exp60_270_IS30436";NA;"2023-10-03 22:32:00";-5440950
"885653";"27:5:2";"Exp60_270_IS30436";"Exp60_270_IS30436";NA;"2023-10-03 22:46:00";-5397330
"885654";"27:5:2";"Exp60_270_IS30436";"Exp60_270_IS30436";NA;"2023-10-03 23:17:00";-5403620
"885655";"27:5:2";"Exp60_270_IS30436";"Exp60_270_IS30436";NA;"2023-10-03 23:31:00";-5424020
"885656";"27:5:2";"Exp60_270_IS30436";"Exp60_270_IS30436";NA;"2023-10-03 23:47:00";-5434240
"885657";"27:5:2";"Exp60_270_IS30436";"Exp60_270_IS30436";NA;"2023-10-04 00:16:00";-5399220
"885658";"27:5:2";"Exp60_270_IS30436";"Exp60_270_IS30436";NA;"2023-10-04 00:32:00";-5384700
"885659";"27:5:2";"Exp60_270_IS30436";"Exp60_270_IS30436";NA;"2023-10-04 00:46:00";-5398750
"885660";"27:5:2";"Exp60_270_IS30436";"Exp60_270_IS30436";NA;"2023-10-04 01:02:00";-5361110
"885661";"27:5:2";"Exp60_270_IS30436";"Exp60_270_IS30436";NA;"2023-10-04 01:16:00";-5378830
"885662";"27:5:2";"Exp60_270_IS30436";"Exp60_270_IS30436";NA;"2023-10-04 01:32:00";-5314080
"885663";"27:5:2";"Exp60_270_IS30436";"Exp60_270_IS30436";NA;"2023-10-04 01:46:00";-5305960
"885664";"27:5:2";"Exp60_270_IS30436";"Exp60_270_IS30436";NA;"2023-10-04 02:02:00";-5299090
"885665";"27:5:2";"Exp60_270_IS30436";"Exp60_270_IS30436";NA;"2023-10-04 02:16:00";-5291700
"885666";"27:5:2";"Exp60_270_IS30436";"Exp60_270_IS30436";NA;"2023-10-04 02:32:00";-5281050
"885667";"27:5:2";"Exp60_270_IS30436";"Exp60_270_IS30436";NA;"2023-10-04 02:46:00";-5282420
"885668";"27:5:2";"Exp60_270_IS30436";"Exp60_270_IS30436";NA;"2023-10-04 03:17:00";-5270260
"885669";"27:5:2";"Exp60_270_IS30436";"Exp60_270_IS30436";NA;"2023-10-04 03:31:00";-5276550
"885670";"27:5:2";"Exp60_270_IS30436";"Exp60_270_IS30436";NA;"2023-10-04 03:47:00";-5251280
"885671";"27:5:2";"Exp60_270_IS30436";"Exp60_270_IS30436";NA;"2023-10-04 04:01:00";-5240160
"885672";"27:5:2";"Exp60_270_IS30436";"Exp60_270_IS30436";NA;"2023-10-04 04:32:00";-5221760
"885673";"27:5:2";"Exp60_270_IS30436";"Exp60_270_IS30436";NA;"2023-10-04 04:46:00";-5214000
"885674";"27:5:2";"Exp60_270_IS30436";"Exp60_270_IS30436";NA;"2023-10-04 05:02:00";-5216260
"885675";"27:5:2";"Exp60_270_IS30436";"Exp60_270_IS30436";NA;"2023-10-04 05:16:00";-5212220
"885676";"27:5:2";"Exp60_270_IS30436";"Exp60_270_IS30436";NA;"2023-10-04 05:32:00";-5202260
"885677";"27:5:2";"Exp60_270_IS30436";"Exp60_270_IS30436";NA;"2023-10-04 05:46:00";-5193610
"885678";"27:5:2";"Exp60_270_IS30436";"Exp60_270_IS30436";NA;"2023-10-04 06:32:00";-5208390
"885679";"27:5:2";"Exp60_270_IS30436";"Exp60_270_IS30436";NA;"2023-10-04 06:46:00";-5178460
"885680";"27:5:2";"Exp60_270_IS30436";"Exp60_270_IS30436";NA;"2023-10-04 07:17:00";-5212270
"885681";"27:5:2";"Exp60_270_IS30436";"Exp60_270_IS30436";NA;"2023-10-04 07:31:00";-5282000
"885682";"27:5:2";"Exp60_270_IS30436";"Exp60_270_IS30436";NA;"2023-10-04 07:47:00";-5327760
"885683";"27:5:2";"Exp60_270_IS30436";"Exp60_270_IS30436";NA;"2023-10-04 08:01:00";-5356130
"885684";"27:5:2";"Exp60_270_IS30436";"Exp60_270_IS30436";NA;"2023-10-04 08:17:00";-5369970
"885685";"27:5:2";"Exp60_270_IS30436";"Exp60_270_IS30436";NA;"2023-10-04 08:31:00";-5400480
"885686";"27:5:2";"Exp60_270_IS30436";"Exp60_270_IS30436";NA;"2023-10-04 08:47:00";-5465280
"885687";"27:5:2";"Exp60_270_IS30436";"Exp60_270_IS30436";NA;"2023-10-04 09:01:00";-5550520
"885688";"27:5:2";"Exp60_270_IS30436";"Exp60_270_IS30436";NA;"2023-10-04 09:17:00";-5635860
"885689";"27:5:2";"Exp60_270_IS30436";"Exp60_270_IS30436";NA;"2023-10-04 09:31:00";-5713190
"885690";"27:5:2";"Exp60_270_IS30436";"Exp60_270_IS30436";NA;"2023-10-04 09:47:00";-5825850
"885691";"27:5:2";"Exp60_270_IS30436";"Exp60_270_IS30436";NA;"2023-10-04 10:01:00";-5944180
"885692";"27:5:2";"Exp60_270_IS30436";"Exp60_270_IS30436";NA;"2023-10-04 10:17:00";-6041210
"885693";"27:5:2";"Exp60_270_IS30436";"Exp60_270_IS30436";NA;"2023-10-04 10:31:00";-6140610
"885694";"27:5:2";"Exp60_270_IS30436";"Exp60_270_IS30436";NA;"2023-10-04 10:47:00";-6193720
"885695";"27:5:2";"Exp60_270_IS30436";"Exp60_270_IS30436";NA;"2023-10-04 11:01:00";-6193610
"885696";"27:5:2";"Exp60_270_IS30436";"Exp60_270_IS30436";NA;"2023-10-04 11:17:00";-6090490
"885697";"27:5:2";"Exp60_270_IS30436";"Exp60_270_IS30436";NA;"2023-10-04 11:31:00";-6066110
"885698";"27:5:2";"Exp60_270_IS30436";"Exp60_270_IS30436";NA;"2023-10-04 11:47:00";-6065640
"885699";"27:5:2";"Exp60_270_IS30436";"Exp60_270_IS30436";NA;"2023-10-04 12:01:00";-5986480
"885700";"27:5:2";"Exp60_270_IS30436";"Exp60_270_IS30436";NA;"2023-10-04 12:32:00";-6036760
"885701";"27:5:2";"Exp60_270_IS30436";"Exp60_270_IS30436";NA;"2023-10-04 12:46:00";-6108420
"885702";"27:5:2";"Exp60_270_IS30436";"Exp60_270_IS30436";NA;"2023-10-04 13:02:00";-6141660
"885703";"27:5:2";"Exp60_270_IS30436";"Exp60_270_IS30436";NA;"2023-10-04 13:16:00";-6058300
"885704";"27:5:2";"Exp60_270_IS30436";"Exp60_270_IS30436";NA;"2023-10-04 13:32:00";-6040110
"885705";"27:5:2";"Exp60_270_IS30436";"Exp60_270_IS30436";NA;"2023-10-04 13:46:00";-6083470
"885706";"27:5:2";"Exp60_270_IS30436";"Exp60_270_IS30436";NA;"2023-10-04 21:01:00";-5423600
"885707";"27:5:2";"Exp60_270_IS30436";"Exp60_270_IS30436";NA;"2023-10-05 03:31:00";-5222340
"885708";"27:5:2";"Exp60_270_IS30436";"Exp60_270_IS30436";NA;"2023-10-05 03:47:00";-5204200
"885709";"27:5:2";"Exp60_270_IS30436";"Exp60_270_IS30436";NA;"2023-10-05 04:01:00";-5202940
"885710";"27:5:2";"Exp60_270_IS30436";"Exp60_270_IS30436";NA;"2023-10-05 04:17:00";-5204830
"885711";"27:5:2";"Exp60_270_IS30436";"Exp60_270_IS30436";NA;"2023-10-05 04:31:00";-5214530
"885712";"27:5:2";"Exp60_270_IS30436";"Exp60_270_IS30436";NA;"2023-10-05 04:47:00";-5163890
"885713";"27:5:2";"Exp60_270_IS30436";"Exp60_270_IS30436";NA;"2023-10-05 05:01:00";-5166350
"885714";"27:5:2";"Exp60_270_IS30436";"Exp60_270_IS30436";NA;"2023-10-05 05:17:00";-5135940
"885715";"27:5:2";"Exp60_270_IS30436";"Exp60_270_IS30436";NA;"2023-10-05 05:31:00";-5194920
"885716";"27:5:2";"Exp60_270_IS30436";"Exp60_270_IS30436";NA;"2023-10-05 05:47:00";-5157330
"885717";"27:5:2";"Exp60_270_IS30436";"Exp60_270_IS30436";NA;"2023-10-05 06:01:00";-5184590
"885718";"27:5:2";"Exp60_270_IS30436";"Exp60_270_IS30436";NA;"2023-10-05 06:17:00";-5149990
"885719";"27:5:2";"Exp60_270_IS30436";"Exp60_270_IS30436";NA;"2023-10-05 06:31:00";-5144960
"885720";"27:5:2";"Exp60_270_IS30436";"Exp60_270_IS30436";NA;"2023-10-05 06:47:00";-5171170
"885721";"27:5:2";"Exp60_270_IS30436";"Exp60_270_IS30436";NA;"2023-10-05 07:01:00";-5149260
"885722";"27:5:2";"Exp60_270_IS30436";"Exp60_270_IS30436";NA;"2023-10-05 07:17:00";-5195030
"885723";"27:5:2";"Exp60_270_IS30436";"Exp60_270_IS30436";NA;"2023-10-05 07:31:00";-5269470
"885724";"27:5:2";"Exp60_270_IS30436";"Exp60_270_IS30436";NA;"2023-10-05 07:47:00";-5242680
"885725";"27:5:2";"Exp60_270_IS30436";"Exp60_270_IS30436";NA;"2023-10-05 08:01:00";-5273140
"885726";"27:5:2";"Exp60_270_IS30436";"Exp60_270_IS30436";NA;"2023-10-05 08:17:00";-5309520
"885727";"27:5:2";"Exp60_270_IS30436";"Exp60_270_IS30436";NA;"2023-10-05 08:31:00";-5342970
"885728";"27:5:2";"Exp60_270_IS30436";"Exp60_270_IS30436";NA;"2023-10-05 08:47:00";-5418670
"885729";"27:5:2";"Exp60_270_IS30436";"Exp60_270_IS30436";NA;"2023-10-05 09:01:00";-5476970
"885730";"27:5:2";"Exp60_270_IS30436";"Exp60_270_IS30436";NA;"2023-10-05 09:17:00";-5574110
"885731";"27:5:2";"Exp60_270_IS30436";"Exp60_270_IS30436";NA;"2023-10-05 09:31:00";-5595660
"885732";"27:5:2";"Exp60_270_IS30436";"Exp60_270_IS30436";NA;"2023-10-05 09:47:00";-5689710
"885733";"27:5:2";"Exp60_270_IS30436";"Exp60_270_IS30436";NA;"2023-10-05 10:01:00";-5794870
"885734";"27:5:2";"Exp60_270_IS30436";"Exp60_270_IS30436";NA;"2023-10-05 10:17:00";-5942390
"885735";"27:5:2";"Exp60_270_IS30436";"Exp60_270_IS30436";NA;"2023-10-05 10:31:00";-6001580
"885736";"27:5:2";"Exp60_270_IS30436";"Exp60_270_IS30436";NA;"2023-10-05 10:47:00";-6059350
"885737";"27:5:2";"Exp60_270_IS30436";"Exp60_270_IS30436";NA;"2023-10-05 11:01:00";-5893010
"885738";"27:5:2";"Exp60_270_IS30436";"Exp60_270_IS30436";NA;"2023-10-05 11:17:00";-5955860
"885739";"27:5:2";"Exp60_270_IS30436";"Exp60_270_IS30436";NA;"2023-10-05 11:31:00";-5947840
"885740";"27:5:2";"Exp60_270_IS30436";"Exp60_270_IS30436";NA;"2023-10-05 11:47:00";-5969600
"885741";"27:5:2";"Exp60_270_IS30436";"Exp60_270_IS30436";NA;"2023-10-05 12:01:00";-5990460
"885742";"27:5:2";"Exp60_270_IS30436";"Exp60_270_IS30436";NA;"2023-10-05 18:01:00";-5592460
"885743";"27:5:2";"Exp60_270_IS30436";"Exp60_270_IS30436";NA;"2023-10-05 18:17:00";-5556700
"885744";"27:5:2";"Exp60_270_IS30436";"Exp60_270_IS30436";NA;"2023-10-05 18:31:00";-5550670
"885745";"27:5:2";"Exp60_270_IS30436";"Exp60_270_IS30436";NA;"2023-10-06 00:31:00";-5192400
"885746";"27:5:2";"Exp60_270_IS30436";"Exp60_270_IS30436";NA;"2023-10-06 00:47:00";-5185960
"885747";"27:5:2";"Exp60_270_IS30436";"Exp60_270_IS30436";NA;"2023-10-06 01:01:00";-5223330
"885748";"27:5:2";"Exp60_270_IS30436";"Exp60_270_IS30436";NA;"2023-10-06 01:17:00";-5166560
"885749";"27:5:2";"Exp60_270_IS30436";"Exp60_270_IS30436";NA;"2023-10-06 01:31:00";-5159010
"885750";"27:5:2";"Exp60_270_IS30436";"Exp60_270_IS30436";NA;"2023-10-06 01:47:00";-5160010
"885751";"27:5:2";"Exp60_270_IS30436";"Exp60_270_IS30436";NA;"2023-10-06 02:01:00";-5146220
"885752";"27:5:2";"Exp60_270_IS30436";"Exp60_270_IS30436";NA;"2023-10-06 02:17:00";-5159690
"885753";"27:5:2";"Exp60_270_IS30436";"Exp60_270_IS30436";NA;"2023-10-06 02:31:00";-5142390
"885754";"27:5:2";"Exp60_270_IS30436";"Exp60_270_IS30436";NA;"2023-10-06 02:47:00";-5169080
"885755";"27:5:2";"Exp60_270_IS30436";"Exp60_270_IS30436";NA;"2023-10-06 03:16:00";-5162210
"885756";"27:5:2";"Exp60_270_IS30436";"Exp60_270_IS30436";NA;"2023-10-06 03:32:00";-5116700
"885757";"27:5:2";"Exp60_270_IS30436";"Exp60_270_IS30436";NA;"2023-10-06 03:46:00";-5123360
"885758";"27:5:2";"Exp60_270_IS30436";"Exp60_270_IS30436";NA;"2023-10-06 10:46:00";-5978880
"885759";"27:5:2";"Exp60_270_IS30436";"Exp60_270_IS30436";NA;"2023-10-06 11:02:00";-6025220
"885760";"27:5:2";"Exp60_270_IS30436";"Exp60_270_IS30436";NA;"2023-10-06 11:16:00";-6018300
"885761";"27:5:2";"Exp60_270_IS30436";"Exp60_270_IS30436";NA;"2023-10-06 11:47:00";-5978780
"885762";"27:5:2";"Exp60_270_IS30436";"Exp60_270_IS30436";NA;"2023-10-06 12:01:00";-5975520
"885763";"27:5:2";"Exp60_270_IS30436";"Exp60_270_IS30436";NA;"2023-10-06 20:01:00";-5399060
"885764";"27:5:2";"Exp60_270_IS30436";"Exp60_270_IS30436";NA;"2023-10-06 20:17:00";-5406980
"885765";"27:5:2";"Exp60_270_IS30436";"Exp60_270_IS30436";NA;"2023-10-06 20:31:00";-5439590
"885766";"27:5:2";"Exp60_270_IS30436";"Exp60_270_IS30436";NA;"2023-10-07 03:01:00";-5131800
"885767";"27:5:2";"Exp60_270_IS30436";"Exp60_270_IS30436";NA;"2023-10-07 03:17:00";-5168550
"885768";"27:5:2";"Exp60_270_IS30436";"Exp60_270_IS30436";NA;"2023-10-07 03:31:00";-5147270
"885769";"27:5:2";"Exp60_270_IS30436";"Exp60_270_IS30436";NA;"2023-10-07 03:47:00";-5124410
"885770";"27:5:2";"Exp60_270_IS30436";"Exp60_270_IS30436";NA;"2023-10-07 04:01:00";-5128710
"885771";"27:5:2";"Exp60_270_IS30436";"Exp60_270_IS30436";NA;"2023-10-07 11:01:00";-6137570
"885772";"27:5:2";"Exp60_270_IS30436";"Exp60_270_IS30436";NA;"2023-10-07 11:17:00";-6103970
"885773";"27:5:2";"Exp60_270_IS30436";"Exp60_270_IS30436";NA;"2023-10-07 11:31:00";-6101760
"885774";"27:5:2";"Exp60_270_IS30436";"Exp60_270_IS30436";NA;"2023-10-07 11:47:00";-6134790
"885775";"27:5:2";"Exp60_270_IS30436";"Exp60_270_IS30436";NA;"2023-10-07 12:01:00";-6115920
"885776";"27:5:2";"Exp60_270_IS30436";"Exp60_270_IS30436";NA;"2023-10-07 12:47:00";-6110150
"885777";"27:5:2";"Exp60_270_IS30436";"Exp60_270_IS30436";NA;"2023-10-07 13:01:00";-6097880
"885778";"27:5:2";"Exp60_270_IS30436";"Exp60_270_IS30436";NA;"2023-10-07 13:17:00";-6138830
"885779";"27:5:2";"Exp60_270_IS30436";"Exp60_270_IS30436";NA;"2023-10-07 13:31:00";-6148680
"885780";"27:5:2";"Exp60_270_IS30436";"Exp60_270_IS30436";NA;"2023-10-07 13:47:00";-6115710
"885781";"27:5:2";"Exp60_270_IS30436";"Exp60_270_IS30436";NA;"2023-10-07 14:01:00";-6102340
"885782";"27:5:2";"Exp60_270_IS30436";"Exp60_270_IS30436";NA;"2023-10-07 14:17:00";-6062500
"885783";"27:5:2";"Exp60_270_IS30436";"Exp60_270_IS30436";NA;"2023-10-07 14:31:00";-6013220
"885784";"27:5:2";"Exp60_270_IS30436";"Exp60_270_IS30436";NA;"2023-10-07 20:46:00";-5439530
"885785";"27:5:2";"Exp60_270_IS30436";"Exp60_270_IS30436";NA;"2023-10-07 21:02:00";-5432930
"885786";"27:5:2";"Exp60_270_IS30436";"Exp60_270_IS30436";NA;"2023-10-07 21:16:00";-5473560
"885787";"27:5:2";"Exp60_270_IS30436";"Exp60_270_IS30436";NA;"2023-10-07 21:32:00";-5401890
"885788";"27:5:2";"Exp60_270_IS30436";"Exp60_270_IS30436";NA;"2023-10-07 21:46:00";-5395810
"885789";"27:5:2";"Exp60_270_IS30436";"Exp60_270_IS30436";NA;"2023-10-07 22:02:00";-5367820
"885790";"27:5:2";"Exp60_270_IS30436";"Exp60_270_IS30436";NA;"2023-10-07 22:16:00";-5396970
"885791";"27:5:2";"Exp60_270_IS30436";"Exp60_270_IS30436";NA;"2023-10-07 22:32:00";-5360480
"885792";"27:5:2";"Exp60_270_IS30436";"Exp60_270_IS30436";NA;"2023-10-07 22:46:00";-5363260
"885793";"27:5:2";"Exp60_270_IS30436";"Exp60_270_IS30436";NA;"2023-10-07 23:02:00";-5345900
"885794";"27:5:2";"Exp60_270_IS30436";"Exp60_270_IS30436";NA;"2023-10-07 23:16:00";-5377620
"885795";"27:5:2";"Exp60_270_IS30436";"Exp60_270_IS30436";NA;"2023-10-07 23:32:00";-5314290
"885796";"27:5:2";"Exp60_270_IS30436";"Exp60_270_IS30436";NA;"2023-10-07 23:46:00";-5310310
"885797";"27:5:2";"Exp60_270_IS30436";"Exp60_270_IS30436";NA;"2023-10-08 00:02:00";-5348790
"885798";"27:5:2";"Exp60_270_IS30436";"Exp60_270_IS30436";NA;"2023-10-08 00:16:00";-5328130
"885799";"27:5:2";"Exp60_270_IS30436";"Exp60_270_IS30436";NA;"2023-10-08 00:32:00";-5295160
"885800";"27:5:2";"Exp60_270_IS30436";"Exp60_270_IS30436";NA;"2023-10-08 00:46:00";-5323050
"885801";"27:5:2";"Exp60_270_IS30436";"Exp60_270_IS30436";NA;"2023-10-08 01:02:00";-5266220
"885802";"27:5:2";"Exp60_270_IS30436";"Exp60_270_IS30436";NA;"2023-10-08 01:16:00";-5307160
"885803";"27:5:2";"Exp60_270_IS30436";"Exp60_270_IS30436";NA;"2023-10-08 01:32:00";-5251010
"885804";"27:5:2";"Exp60_270_IS30436";"Exp60_270_IS30436";NA;"2023-10-08 01:46:00";-5233190
"885805";"27:5:2";"Exp60_270_IS30436";"Exp60_270_IS30436";NA;"2023-10-08 02:02:00";-5208340
"885806";"27:5:2";"Exp60_270_IS30436";"Exp60_270_IS30436";NA;"2023-10-08 02:16:00";-5201790
"885807";"27:5:2";"Exp60_270_IS30436";"Exp60_270_IS30436";NA;"2023-10-08 02:32:00";-5176000
"885808";"27:5:2";"Exp60_270_IS30436";"Exp60_270_IS30436";NA;"2023-10-08 02:46:00";-5223330
"885809";"27:5:2";"Exp60_270_IS30436";"Exp60_270_IS30436";NA;"2023-10-08 03:02:00";-5176620
"885810";"27:5:2";"Exp60_270_IS30436";"Exp60_270_IS30436";NA;"2023-10-08 03:16:00";-5180500
"885811";"27:5:2";"Exp60_270_IS30436";"Exp60_270_IS30436";NA;"2023-10-08 03:32:00";-5165140
"885812";"27:5:2";"Exp60_270_IS30436";"Exp60_270_IS30436";NA;"2023-10-08 03:46:00";-5164510
"885813";"27:5:2";"Exp60_270_IS30436";"Exp60_270_IS30436";NA;"2023-10-08 04:02:00";-5150310
"885814";"27:5:2";"Exp60_270_IS30436";"Exp60_270_IS30436";NA;"2023-10-08 04:16:00";-5160530
"885815";"27:5:2";"Exp60_270_IS30436";"Exp60_270_IS30436";NA;"2023-10-08 04:32:00";-5200630
"885816";"27:5:2";"Exp60_270_IS30436";"Exp60_270_IS30436";NA;"2023-10-08 04:46:00";-5163360
"885817";"27:5:2";"Exp60_270_IS30436";"Exp60_270_IS30436";NA;"2023-10-08 05:02:00";-5142020
"885818";"27:5:2";"Exp60_270_IS30436";"Exp60_270_IS30436";NA;"2023-10-08 05:16:00";-5169910
"885819";"27:5:2";"Exp60_270_IS30436";"Exp60_270_IS30436";NA;"2023-10-08 05:32:00";-5155390
"885820";"27:5:2";"Exp60_270_IS30436";"Exp60_270_IS30436";NA;"2023-10-08 05:46:00";-5104170
"885821";"27:5:2";"Exp60_270_IS30436";"Exp60_270_IS30436";NA;"2023-10-08 06:02:00";-5133010
"885822";"27:5:2";"Exp60_270_IS30436";"Exp60_270_IS30436";NA;"2023-10-08 06:16:00";-5106010
"885823";"27:5:2";"Exp60_270_IS30436";"Exp60_270_IS30436";NA;"2023-10-08 06:32:00";-5102550
"885824";"27:5:2";"Exp60_270_IS30436";"Exp60_270_IS30436";NA;"2023-10-08 06:46:00";-5124780
"885825";"27:5:2";"Exp60_270_IS30436";"Exp60_270_IS30436";NA;"2023-10-08 07:02:00";-5154190
"885826";"27:5:2";"Exp60_270_IS30436";"Exp60_270_IS30436";NA;"2023-10-08 07:16:00";-5207290
"885827";"27:5:2";"Exp60_270_IS30436";"Exp60_270_IS30436";NA;"2023-10-08 07:32:00";-5192400
"885828";"27:5:2";"Exp60_270_IS30436";"Exp60_270_IS30436";NA;"2023-10-08 07:46:00";-5266530
"885829";"27:5:2";"Exp60_270_IS30436";"Exp60_270_IS30436";NA;"2023-10-08 08:02:00";-5304380
"885830";"27:5:2";"Exp60_270_IS30436";"Exp60_270_IS30436";NA;"2023-10-08 08:16:00";-5392720
"885831";"27:5:2";"Exp60_270_IS30436";"Exp60_270_IS30436";NA;"2023-10-08 08:32:00";-5396440
"885832";"27:5:2";"Exp60_270_IS30436";"Exp60_270_IS30436";NA;"2023-10-08 08:46:00";-5482000
"885833";"27:5:2";"Exp60_270_IS30436";"Exp60_270_IS30436";NA;"2023-10-08 09:02:00";-5560320
"885834";"27:5:2";"Exp60_270_IS30436";"Exp60_270_IS30436";NA;"2023-10-08 09:16:00";-5636230
"885835";"27:5:2";"Exp60_270_IS30436";"Exp60_270_IS30436";NA;"2023-10-08 09:32:00";-5731590
"885836";"27:5:2";"Exp60_270_IS30436";"Exp60_270_IS30436";NA;"2023-10-08 09:46:00";-5809760
"885837";"27:5:2";"Exp60_270_IS30436";"Exp60_270_IS30436";NA;"2023-10-08 10:32:00";-6194660
"885838";"27:5:2";"Exp60_270_IS30436";"Exp60_270_IS30436";NA;"2023-10-08 10:46:00";-6228370
"885839";"27:5:2";"Exp60_270_IS30436";"Exp60_270_IS30436";NA;"2023-10-08 11:17:00";-6202100
"885840";"27:5:2";"Exp60_270_IS30436";"Exp60_270_IS30436";NA;"2023-10-08 11:31:00";-6215680
"885841";"27:5:2";"Exp60_270_IS30436";"Exp60_270_IS30436";NA;"2023-10-08 12:02:00";-6166930
"885842";"27:5:2";"Exp60_270_IS30436";"Exp60_270_IS30436";NA;"2023-10-08 12:16:00";-6177100
"885843";"27:5:2";"Exp60_270_IS30436";"Exp60_270_IS30436";NA;"2023-10-08 12:32:00";-6187370
"885844";"27:5:2";"Exp60_270_IS30436";"Exp60_270_IS30436";NA;"2023-10-08 12:46:00";-6257460
"885845";"27:5:2";"Exp60_270_IS30436";"Exp60_270_IS30436";NA;"2023-10-08 13:02:00";-6237280
"885846";"27:5:2";"Exp60_270_IS30436";"Exp60_270_IS30436";NA;"2023-10-08 13:16:00";-6261190
"885847";"27:5:2";"Exp60_270_IS30436";"Exp60_270_IS30436";NA;"2023-10-08 13:47:00";-6259510
"885848";"27:5:2";"Exp60_270_IS30436";"Exp60_270_IS30436";NA;"2023-10-08 14:01:00";-6233560
"885849";"27:5:2";"Exp60_270_IS30436";"Exp60_270_IS30436";NA;"2023-10-08 14:17:00";-6153400
"885850";"27:5:2";"Exp60_270_IS30436";"Exp60_270_IS30436";NA;"2023-10-08 14:31:00";-6107900
"885851";"27:5:2";"Exp60_270_IS30436";"Exp60_270_IS30436";NA;"2023-10-08 14:47:00";-6077390
"885852";"27:5:2";"Exp60_270_IS30436";"Exp60_270_IS30436";NA;"2023-10-08 15:01:00";-6097620
"885853";"27:5:2";"Exp60_270_IS30436";"Exp60_270_IS30436";NA;"2023-10-08 22:46:00";-5409500
"885854";"27:5:2";"Exp60_270_IS30436";"Exp60_270_IS30436";NA;"2023-10-08 23:02:00";-5386110
"885855";"27:5:2";"Exp60_270_IS30436";"Exp60_270_IS30436";NA;"2023-10-08 23:16:00";-5386790
"885856";"27:5:2";"Exp60_270_IS30436";"Exp60_270_IS30436";NA;"2023-10-08 23:32:00";-5399900
"885857";"27:5:2";"Exp60_270_IS30436";"Exp60_270_IS30436";NA;"2023-10-08 23:46:00";-5430830
"885858";"27:5:2";"Exp60_270_IS30436";"Exp60_270_IS30436";NA;"2023-10-09 00:02:00";-5367820
"885859";"27:5:2";"Exp60_270_IS30436";"Exp60_270_IS30436";NA;"2023-10-09 00:16:00";-5343960
"885860";"27:5:2";"Exp60_270_IS30436";"Exp60_270_IS30436";NA;"2023-10-09 00:32:00";-5305480
"885861";"27:5:2";"Exp60_270_IS30436";"Exp60_270_IS30436";NA;"2023-10-09 00:46:00";-5300290
"885862";"27:5:2";"Exp60_270_IS30436";"Exp60_270_IS30436";NA;"2023-10-09 01:02:00";-5279950
"885863";"27:5:2";"Exp60_270_IS30436";"Exp60_270_IS30436";NA;"2023-10-09 01:16:00";-5302600
"885864";"27:5:2";"Exp60_270_IS30436";"Exp60_270_IS30436";NA;"2023-10-09 01:32:00";-5326240
"885865";"27:5:2";"Exp60_270_IS30436";"Exp60_270_IS30436";NA;"2023-10-09 01:46:00";-5298460
"885866";"27:5:2";"Exp60_270_IS30436";"Exp60_270_IS30436";NA;"2023-10-09 02:02:00";-5297830
"885867";"27:5:2";"Exp60_270_IS30436";"Exp60_270_IS30436";NA;"2023-10-09 02:16:00";-5295310
"885868";"27:5:2";"Exp60_270_IS30436";"Exp60_270_IS30436";NA;"2023-10-09 02:32:00";-5276070
"885869";"27:5:2";"Exp60_270_IS30436";"Exp60_270_IS30436";NA;"2023-10-09 02:46:00";-5249180
"885870";"27:5:2";"Exp60_270_IS30436";"Exp60_270_IS30436";NA;"2023-10-09 03:02:00";-5240320
"885871";"27:5:2";"Exp60_270_IS30436";"Exp60_270_IS30436";NA;"2023-10-09 03:16:00";-5199690
"885872";"27:5:2";"Exp60_270_IS30436";"Exp60_270_IS30436";NA;"2023-10-09 03:32:00";-5253530
"885873";"27:5:2";"Exp60_270_IS30436";"Exp60_270_IS30436";NA;"2023-10-09 03:46:00";-5221030
"885874";"27:5:2";"Exp60_270_IS30436";"Exp60_270_IS30436";NA;"2023-10-09 04:17:00";-5244880
"885875";"27:5:2";"Exp60_270_IS30436";"Exp60_270_IS30436";NA;"2023-10-09 04:31:00";-5204880
"885876";"27:5:2";"Exp60_270_IS30436";"Exp60_270_IS30436";NA;"2023-10-09 04:47:00";-5187840
"885877";"27:5:2";"Exp60_270_IS30436";"Exp60_270_IS30436";NA;"2023-10-09 05:01:00";-5187210
"885878";"27:5:2";"Exp60_270_IS30436";"Exp60_270_IS30436";NA;"2023-10-09 05:17:00";-5173580
"885879";"27:5:2";"Exp60_270_IS30436";"Exp60_270_IS30436";NA;"2023-10-09 05:31:00";-5220870
"885880";"27:5:2";"Exp60_270_IS30436";"Exp60_270_IS30436";NA;"2023-10-09 05:47:00";-5167080
"885881";"27:5:2";"Exp60_270_IS30436";"Exp60_270_IS30436";NA;"2023-10-09 06:01:00";-5163620
"885882";"27:5:2";"Exp60_270_IS30436";"Exp60_270_IS30436";NA;"2023-10-09 06:17:00";-5173950
"885883";"27:5:2";"Exp60_270_IS30436";"Exp60_270_IS30436";NA;"2023-10-09 06:31:00";-5155290
"885884";"27:5:2";"Exp60_270_IS30436";"Exp60_270_IS30436";NA;"2023-10-09 06:47:00";-5157330
"885885";"27:5:2";"Exp60_270_IS30436";"Exp60_270_IS30436";NA;"2023-10-09 07:01:00";-5183020
"885886";"27:5:2";"Exp60_270_IS30436";"Exp60_270_IS30436";NA;"2023-10-09 07:17:00";-5219350
"885887";"27:5:2";"Exp60_270_IS30436";"Exp60_270_IS30436";NA;"2023-10-09 07:31:00";-5257670
"885888";"27:5:2";"Exp60_270_IS30436";"Exp60_270_IS30436";NA;"2023-10-09 07:47:00";-5293790
"885889";"27:5:2";"Exp60_270_IS30436";"Exp60_270_IS30436";NA;"2023-10-09 08:01:00";-5361210
"885890";"27:5:2";"Exp60_270_IS30436";"Exp60_270_IS30436";NA;"2023-10-09 08:17:00";-5433450
"885891";"27:5:2";"Exp60_270_IS30436";"Exp60_270_IS30436";NA;"2023-10-09 08:31:00";-5502440
"885892";"27:5:2";"Exp60_270_IS30436";"Exp60_270_IS30436";NA;"2023-10-09 08:47:00";-5525770
"885893";"27:5:2";"Exp60_270_IS30436";"Exp60_270_IS30436";NA;"2023-10-09 09:01:00";-5603150
"885894";"27:5:2";"Exp60_270_IS30436";"Exp60_270_IS30436";NA;"2023-10-09 09:17:00";-5664170
"885895";"27:5:2";"Exp60_270_IS30436";"Exp60_270_IS30436";NA;"2023-10-09 09:31:00";-5739040
"885896";"27:5:2";"Exp60_270_IS30436";"Exp60_270_IS30436";NA;"2023-10-09 10:32:00";-6108420
"885897";"27:5:2";"Exp60_270_IS30436";"Exp60_270_IS30436";NA;"2023-10-09 10:46:00";-6147110
"885898";"27:5:2";"Exp60_270_IS30436";"Exp60_270_IS30436";NA;"2023-10-09 11:02:00";-6167290
"885899";"27:5:2";"Exp60_270_IS30436";"Exp60_270_IS30436";NA;"2023-10-09 11:16:00";-6147840
"885900";"27:5:2";"Exp60_270_IS30436";"Exp60_270_IS30436";NA;"2023-10-09 11:47:00";-6143650
"885901";"27:5:2";"Exp60_270_IS30436";"Exp60_270_IS30436";NA;"2023-10-09 12:01:00";-6115450
"885902";"27:5:2";"Exp60_270_IS30436";"Exp60_270_IS30436";NA;"2023-10-09 12:17:00";-6114350
"885903";"27:5:2";"Exp60_270_IS30436";"Exp60_270_IS30436";NA;"2023-10-09 12:31:00";-6150990
"885904";"27:5:2";"Exp60_270_IS30436";"Exp60_270_IS30436";NA;"2023-10-09 12:47:00";-6191090
"885905";"27:5:2";"Exp60_270_IS30436";"Exp60_270_IS30436";NA;"2023-10-09 13:01:00";-6237280
"885906";"27:5:2";"Exp60_270_IS30436";"Exp60_270_IS30436";NA;"2023-10-09 13:32:00";-6318800
"885907";"27:5:2";"Exp60_270_IS30436";"Exp60_270_IS30436";NA;"2023-10-09 13:46:00";-6265800
"885908";"27:5:2";"Exp60_270_IS30436";"Exp60_270_IS30436";NA;"2023-10-09 14:02:00";-6182810
"885909";"27:5:2";"Exp60_270_IS30436";"Exp60_270_IS30436";NA;"2023-10-09 14:16:00";-6117860
"885910";"27:5:2";"Exp60_270_IS30436";"Exp60_270_IS30436";NA;"2023-10-09 20:16:00";-5526300
"885911";"27:5:2";"Exp60_270_IS30436";"Exp60_270_IS30436";NA;"2023-10-09 20:32:00";-5524990
"885912";"27:5:2";"Exp60_270_IS30436";"Exp60_270_IS30436";NA;"2023-10-09 20:46:00";-5502020
"885913";"27:5:2";"Exp60_270_IS30436";"Exp60_270_IS30436";NA;"2023-10-09 21:02:00";-5484150
"885914";"27:5:2";"Exp60_270_IS30436";"Exp60_270_IS30436";NA;"2023-10-09 21:16:00";-5464590
"885915";"27:5:2";"Exp60_270_IS30436";"Exp60_270_IS30436";NA;"2023-10-09 21:32:00";-5471090
"885916";"27:5:2";"Exp60_270_IS30436";"Exp60_270_IS30436";NA;"2023-10-09 21:46:00";-5513560
"885917";"27:5:2";"Exp60_270_IS30436";"Exp60_270_IS30436";NA;"2023-10-09 22:32:00";-5426270
"885918";"27:5:2";"Exp60_270_IS30436";"Exp60_270_IS30436";NA;"2023-10-09 22:46:00";-5458670
"885919";"27:5:2";"Exp60_270_IS30436";"Exp60_270_IS30436";NA;"2023-10-09 23:17:00";-5406400
"885920";"27:5:2";"Exp60_270_IS30436";"Exp60_270_IS30436";NA;"2023-10-09 23:31:00";-5378300
"885921";"27:5:2";"Exp60_270_IS30436";"Exp60_270_IS30436";NA;"2023-10-09 23:47:00";-5389310
"885922";"27:5:2";"Exp60_270_IS30436";"Exp60_270_IS30436";NA;"2023-10-10 00:16:00";-5353560
"885923";"27:5:2";"Exp60_270_IS30436";"Exp60_270_IS30436";NA;"2023-10-10 00:47:00";-5357590
"885924";"27:5:2";"Exp60_270_IS30436";"Exp60_270_IS30436";NA;"2023-10-10 01:01:00";-5404200
"885925";"27:5:2";"Exp60_270_IS30436";"Exp60_270_IS30436";NA;"2023-10-10 01:17:00";-5323100
"885926";"27:5:2";"Exp60_270_IS30436";"Exp60_270_IS30436";NA;"2023-10-10 01:31:00";-5314970
"885927";"27:5:2";"Exp60_270_IS30436";"Exp60_270_IS30436";NA;"2023-10-10 01:47:00";-5365980
"885928";"27:5:2";"Exp60_270_IS30436";"Exp60_270_IS30436";NA;"2023-10-10 02:01:00";-5301870
"885929";"27:5:2";"Exp60_270_IS30436";"Exp60_270_IS30436";NA;"2023-10-10 02:17:00";-5341450
"885930";"27:5:2";"Exp60_270_IS30436";"Exp60_270_IS30436";NA;"2023-10-10 02:31:00";-5312770
"885931";"27:5:2";"Exp60_270_IS30436";"Exp60_270_IS30436";NA;"2023-10-10 02:47:00";-5307060
"885932";"27:5:2";"Exp60_270_IS30436";"Exp60_270_IS30436";NA;"2023-10-10 03:01:00";-5320790
"885933";"27:5:2";"Exp60_270_IS30436";"Exp60_270_IS30436";NA;"2023-10-10 03:17:00";-5303490
"885934";"27:5:2";"Exp60_270_IS30436";"Exp60_270_IS30436";NA;"2023-10-10 03:31:00";-5277380
"885935";"27:5:2";"Exp60_270_IS30436";"Exp60_270_IS30436";NA;"2023-10-10 03:47:00";-5328760
"885936";"27:5:2";"Exp60_270_IS30436";"Exp60_270_IS30436";NA;"2023-10-10 04:01:00";-5261710
"885937";"27:5:2";"Exp60_270_IS30436";"Exp60_270_IS30436";NA;"2023-10-10 04:17:00";-5286090
"885938";"27:5:2";"Exp60_270_IS30436";"Exp60_270_IS30436";NA;"2023-10-10 04:31:00";-5253900
"885939";"27:5:2";"Exp60_270_IS30436";"Exp60_270_IS30436";NA;"2023-10-10 04:47:00";-5239220
"885940";"27:5:2";"Exp60_270_IS30436";"Exp60_270_IS30436";NA;"2023-10-10 05:01:00";-5279900
"885941";"27:5:2";"Exp60_270_IS30436";"Exp60_270_IS30436";NA;"2023-10-10 05:17:00";-5249080
"885942";"27:5:2";"Exp60_270_IS30436";"Exp60_270_IS30436";NA;"2023-10-10 05:31:00";-5269630
"885943";"27:5:2";"Exp60_270_IS30436";"Exp60_270_IS30436";NA;"2023-10-10 05:47:00";-5273140
"885944";"27:5:2";"Exp60_270_IS30436";"Exp60_270_IS30436";NA;"2023-10-10 06:01:00";-5217880
"885945";"27:5:2";"Exp60_270_IS30436";"Exp60_270_IS30436";NA;"2023-10-10 06:17:00";-5225540
"885946";"27:5:2";"Exp60_270_IS30436";"Exp60_270_IS30436";NA;"2023-10-10 06:46:00";-5242520
"885947";"27:5:2";"Exp60_270_IS30436";"Exp60_270_IS30436";NA;"2023-10-10 07:17:00";-5274610
"885948";"27:5:2";"Exp60_270_IS30436";"Exp60_270_IS30436";NA;"2023-10-10 07:31:00";-5283730
"885949";"27:5:2";"Exp60_270_IS30436";"Exp60_270_IS30436";NA;"2023-10-10 08:02:00";-5358010
"885950";"27:5:2";"Exp60_270_IS30436";"Exp60_270_IS30436";NA;"2023-10-10 08:16:00";-5389210
"885951";"27:5:2";"Exp60_270_IS30436";"Exp60_270_IS30436";NA;"2023-10-10 08:32:00";-5472040
"885952";"27:5:2";"Exp60_270_IS30436";"Exp60_270_IS30436";NA;"2023-10-10 08:46:00";-5543390
"885953";"27:5:2";"Exp60_270_IS30436";"Exp60_270_IS30436";NA;"2023-10-10 09:02:00";-5598490
"885954";"27:5:2";"Exp60_270_IS30436";"Exp60_270_IS30436";NA;"2023-10-10 09:16:00";-5687500
"885955";"27:5:2";"Exp60_270_IS30436";"Exp60_270_IS30436";NA;"2023-10-10 09:32:00";-5731440
"885956";"27:5:2";"Exp60_270_IS30436";"Exp60_270_IS30436";NA;"2023-10-10 09:46:00";-5831780
"885957";"27:5:2";"Exp60_270_IS30436";"Exp60_270_IS30436";NA;"2023-10-10 10:02:00";-5937780
"885958";"27:5:2";"Exp60_270_IS30436";"Exp60_270_IS30436";NA;"2023-10-10 10:16:00";-6023070
"885959";"27:5:2";"Exp60_270_IS30436";"Exp60_270_IS30436";NA;"2023-10-10 10:32:00";-6150830
"885960";"27:5:2";"Exp60_270_IS30436";"Exp60_270_IS30436";NA;"2023-10-10 10:46:00";-6218780
"885961";"27:5:2";"Exp60_270_IS30436";"Exp60_270_IS30436";NA;"2023-10-10 11:02:00";-6260400
"885962";"27:5:2";"Exp60_270_IS30436";"Exp60_270_IS30436";NA;"2023-10-10 11:16:00";-6213010
"885963";"27:5:2";"Exp60_270_IS30436";"Exp60_270_IS30436";NA;"2023-10-10 15:46:00";-5953240
"885964";"27:5:2";"Exp60_270_IS30436";"Exp60_270_IS30436";NA;"2023-10-10 18:01:00";-5698250
"885965";"27:5:2";"Exp60_270_IS30436";"Exp60_270_IS30436";NA;"2023-10-10 18:17:00";-5634710
"885966";"27:5:2";"Exp60_270_IS30436";"Exp60_270_IS30436";NA;"2023-10-10 18:31:00";-5615210
"885967";"27:5:2";"Exp60_270_IS30436";"Exp60_270_IS30436";NA;"2023-10-10 18:47:00";-5591090
"885968";"27:5:2";"Exp60_270_IS30436";"Exp60_270_IS30436";NA;"2023-10-10 19:01:00";-5577570
"885969";"27:5:2";"Exp60_270_IS30436";"Exp60_270_IS30436";NA;"2023-10-10 19:17:00";-5589990
"885970";"27:5:2";"Exp60_270_IS30436";"Exp60_270_IS30436";NA;"2023-10-10 19:31:00";-5541240
"885971";"27:5:2";"Exp60_270_IS30436";"Exp60_270_IS30436";NA;"2023-10-10 19:47:00";-5525090
"885972";"27:5:2";"Exp60_270_IS30436";"Exp60_270_IS30436";NA;"2023-10-10 20:01:00";-5506900
"885973";"27:5:2";"Exp60_270_IS30436";"Exp60_270_IS30436";NA;"2023-10-10 20:17:00";-5489080
"885974";"27:5:2";"Exp60_270_IS30436";"Exp60_270_IS30436";NA;"2023-10-10 20:31:00";-5448920
"885975";"27:5:2";"Exp60_270_IS30436";"Exp60_270_IS30436";NA;"2023-10-10 20:47:00";-5455890
"885976";"27:5:2";"Exp60_270_IS30436";"Exp60_270_IS30436";NA;"2023-10-10 21:01:00";-5449810
"885977";"27:5:2";"Exp60_270_IS30436";"Exp60_270_IS30436";NA;"2023-10-10 21:17:00";-5495840
"885978";"27:5:2";"Exp60_270_IS30436";"Exp60_270_IS30436";NA;"2023-10-10 21:31:00";-5454480
"885979";"27:5:2";"Exp60_270_IS30436";"Exp60_270_IS30436";NA;"2023-10-10 21:47:00";-5459090
"885980";"27:5:2";"Exp60_270_IS30436";"Exp60_270_IS30436";NA;"2023-10-10 22:01:00";-5442470
"885981";"27:5:2";"Exp60_270_IS30436";"Exp60_270_IS30436";NA;"2023-10-10 22:32:00";-5403310
"885982";"27:5:2";"Exp60_270_IS30436";"Exp60_270_IS30436";NA;"2023-10-10 22:46:00";-5398220
"885983";"27:5:2";"Exp60_270_IS30436";"Exp60_270_IS30436";NA;"2023-10-10 23:02:00";-5393710
"885984";"27:5:2";"Exp60_270_IS30436";"Exp60_270_IS30436";NA;"2023-10-10 23:16:00";-5375420
"885985";"27:5:2";"Exp60_270_IS30436";"Exp60_270_IS30436";NA;"2023-10-10 23:32:00";-5359690
"885986";"27:5:2";"Exp60_270_IS30436";"Exp60_270_IS30436";NA;"2023-10-10 23:46:00";-5378510
"885987";"27:5:2";"Exp60_270_IS30436";"Exp60_270_IS30436";NA;"2023-10-11 00:02:00";-5354340
"885988";"27:5:2";"Exp60_270_IS30436";"Exp60_270_IS30436";NA;"2023-10-11 00:16:00";-5333950
"885989";"27:5:2";"Exp60_270_IS30436";"Exp60_270_IS30436";NA;"2023-10-11 00:32:00";-5321110
"885990";"27:5:2";"Exp60_270_IS30436";"Exp60_270_IS30436";NA;"2023-10-11 00:46:00";-5317490
"885991";"27:5:2";"Exp60_270_IS30436";"Exp60_270_IS30436";NA;"2023-10-11 06:31:00";-5186950
"885992";"27:5:2";"Exp60_270_IS30436";"Exp60_270_IS30436";NA;"2023-10-11 07:17:00";-5268580
"885993";"27:5:2";"Exp60_270_IS30436";"Exp60_270_IS30436";NA;"2023-10-11 07:31:00";-5243310
"885994";"27:5:2";"Exp60_270_IS30436";"Exp60_270_IS30436";NA;"2023-10-11 07:47:00";-5273450
"885995";"27:5:2";"Exp60_270_IS30436";"Exp60_270_IS30436";NA;"2023-10-11 08:01:00";-5360110
"885996";"27:5:2";"Exp60_270_IS30436";"Exp60_270_IS30436";NA;"2023-10-11 08:17:00";-5371490
"885997";"27:5:2";"Exp60_270_IS30436";"Exp60_270_IS30436";NA;"2023-10-11 08:31:00";-5440950
"885998";"27:5:2";"Exp60_270_IS30436";"Exp60_270_IS30436";NA;"2023-10-11 08:47:00";-5523830
"885999";"27:5:2";"Exp60_270_IS30436";"Exp60_270_IS30436";NA;"2023-10-11 09:01:00";-5574370
"886000";"27:5:2";"Exp60_270_IS30436";"Exp60_270_IS30436";NA;"2023-10-11 16:16:00";-6006720
"886001";"27:5:2";"Exp60_270_IS30436";"Exp60_270_IS30436";NA;"2023-10-11 16:32:00";-6044520
"886002";"27:5:2";"Exp60_270_IS30436";"Exp60_270_IS30436";NA;"2023-10-11 16:46:00";-5969710
"886003";"27:5:2";"Exp60_270_IS30436";"Exp60_270_IS30436";NA;"2023-10-11 17:02:00";-5895730
"886004";"27:5:2";"Exp60_270_IS30436";"Exp60_270_IS30436";NA;"2023-10-11 17:16:00";-5846190
"886005";"27:5:2";"Exp60_270_IS30436";"Exp60_270_IS30436";NA;"2023-10-11 17:32:00";-5779090
"886006";"27:5:2";"Exp60_270_IS30436";"Exp60_270_IS30436";NA;"2023-10-11 17:46:00";-5741400
"886007";"27:5:2";"Exp60_270_IS30436";"Exp60_270_IS30436";NA;"2023-10-11 18:02:00";-5695260
"886008";"27:5:2";"Exp60_270_IS30436";"Exp60_270_IS30436";NA;"2023-10-11 18:16:00";-5646090
"886009";"27:5:2";"Exp60_270_IS30436";"Exp60_270_IS30436";NA;"2023-10-11 18:32:00";-5624380
"886010";"27:5:2";"Exp60_270_IS30436";"Exp60_270_IS30436";NA;"2023-10-11 18:46:00";-5620030
"886011";"27:5:2";"Exp60_270_IS30436";"Exp60_270_IS30436";NA;"2023-10-11 19:02:00";-5591830
"886012";"27:5:2";"Exp60_270_IS30436";"Exp60_270_IS30436";NA;"2023-10-11 19:16:00";-5566510
"886013";"27:5:2";"Exp60_270_IS30436";"Exp60_270_IS30436";NA;"2023-10-11 19:32:00";-5581550
"886014";"27:5:2";"Exp60_270_IS30436";"Exp60_270_IS30436";NA;"2023-10-11 19:46:00";-5566770
"886015";"27:5:2";"Exp60_270_IS30436";"Exp60_270_IS30436";NA;"2023-10-11 20:02:00";-5553660
"886016";"27:5:2";"Exp60_270_IS30436";"Exp60_270_IS30436";NA;"2023-10-11 20:46:00";-5498720
"886017";"27:5:2";"Exp60_270_IS30436";"Exp60_270_IS30436";NA;"2023-10-11 21:02:00";-5488710
"886018";"27:5:2";"Exp60_270_IS30436";"Exp60_270_IS30436";NA;"2023-10-11 21:16:00";-5496830
"886019";"27:5:2";"Exp60_270_IS30436";"Exp60_270_IS30436";NA;"2023-10-11 21:32:00";-5492170
"886020";"27:5:2";"Exp60_270_IS30436";"Exp60_270_IS30436";NA;"2023-10-11 21:46:00";-5470780
"886021";"27:5:2";"Exp60_270_IS30436";"Exp60_270_IS30436";NA;"2023-10-11 22:17:00";-5474340
"886022";"27:5:2";"Exp60_270_IS30436";"Exp60_270_IS30436";NA;"2023-10-11 22:31:00";-5437860
"886023";"27:5:2";"Exp60_270_IS30436";"Exp60_270_IS30436";NA;"2023-10-11 22:47:00";-5432090
"886024";"27:5:2";"Exp60_270_IS30436";"Exp60_270_IS30436";NA;"2023-10-11 23:01:00";-5410230
"886025";"27:5:2";"Exp60_270_IS30436";"Exp60_270_IS30436";NA;"2023-10-11 23:17:00";-5387950
"886026";"27:5:2";"Exp60_270_IS30436";"Exp60_270_IS30436";NA;"2023-10-11 23:31:00";-5370180
"886027";"27:5:2";"Exp60_270_IS30436";"Exp60_270_IS30436";NA;"2023-10-11 23:47:00";-5344590
"886028";"27:5:2";"Exp60_270_IS30436";"Exp60_270_IS30436";NA;"2023-10-12 00:01:00";-5320580
"886029";"27:5:2";"Exp60_270_IS30436";"Exp60_270_IS30436";NA;"2023-10-12 00:17:00";-5353240
"886030";"27:5:2";"Exp60_270_IS30436";"Exp60_270_IS30436";NA;"2023-10-12 00:31:00";-5317860
"886031";"27:5:2";"Exp60_270_IS30436";"Exp60_270_IS30436";NA;"2023-10-12 00:47:00";-5313870
"886032";"27:5:2";"Exp60_270_IS30436";"Exp60_270_IS30436";NA;"2023-10-12 01:01:00";-5299510
"886033";"27:5:2";"Exp60_270_IS30436";"Exp60_270_IS30436";NA;"2023-10-12 01:17:00";-5290960
"886034";"27:5:2";"Exp60_270_IS30436";"Exp60_270_IS30436";NA;"2023-10-12 01:31:00";-5307270
"886035";"27:5:2";"Exp60_270_IS30436";"Exp60_270_IS30436";NA;"2023-10-12 01:47:00";-5282780
"886036";"27:5:2";"Exp60_270_IS30436";"Exp60_270_IS30436";NA;"2023-10-12 02:01:00";-5307790
"886037";"27:5:2";"Exp60_270_IS30436";"Exp60_270_IS30436";NA;"2023-10-12 02:17:00";-5254630
"886038";"27:5:2";"Exp60_270_IS30436";"Exp60_270_IS30436";NA;"2023-10-12 02:31:00";-5227950
"886039";"27:5:2";"Exp60_270_IS30436";"Exp60_270_IS30436";NA;"2023-10-12 02:47:00";-5225270
"886040";"27:5:2";"Exp60_270_IS30436";"Exp60_270_IS30436";NA;"2023-10-12 03:01:00";-5215680
"886041";"27:5:2";"Exp60_270_IS30436";"Exp60_270_IS30436";NA;"2023-10-12 03:17:00";-5214890
"886042";"27:5:2";"Exp60_270_IS30436";"Exp60_270_IS30436";NA;"2023-10-12 03:31:00";-5196230
"886043";"27:5:2";"Exp60_270_IS30436";"Exp60_270_IS30436";NA;"2023-10-12 03:47:00";-5201210
"886044";"27:5:2";"Exp60_270_IS30436";"Exp60_270_IS30436";NA;"2023-10-12 04:01:00";-5214060
"886045";"27:5:2";"Exp60_270_IS30436";"Exp60_270_IS30436";NA;"2023-10-12 04:17:00";-5244150
"886046";"27:5:2";"Exp60_270_IS30436";"Exp60_270_IS30436";NA;"2023-10-12 04:31:00";-5246030
"886047";"27:5:2";"Exp60_270_IS30436";"Exp60_270_IS30436";NA;"2023-10-12 04:47:00";-5265170
"886048";"27:5:2";"Exp60_270_IS30436";"Exp60_270_IS30436";NA;"2023-10-12 05:01:00";-5238380
"886049";"27:5:2";"Exp60_270_IS30436";"Exp60_270_IS30436";NA;"2023-10-12 05:32:00";-5177620
"886050";"27:5:2";"Exp60_270_IS30436";"Exp60_270_IS30436";NA;"2023-10-12 05:46:00";-5172690
"886051";"27:5:2";"Exp60_270_IS30436";"Exp60_270_IS30436";NA;"2023-10-12 06:02:00";-5170380
"886052";"27:5:2";"Exp60_270_IS30436";"Exp60_270_IS30436";NA;"2023-10-12 06:16:00";-5156230
"886053";"27:5:2";"Exp60_270_IS30436";"Exp60_270_IS30436";NA;"2023-10-12 06:47:00";-5146060
"886054";"27:5:2";"Exp60_270_IS30436";"Exp60_270_IS30436";NA;"2023-10-12 07:01:00";-5170910
"886055";"27:5:2";"Exp60_270_IS30436";"Exp60_270_IS30436";NA;"2023-10-12 07:17:00";-5191090
"886056";"27:5:2";"Exp60_270_IS30436";"Exp60_270_IS30436";NA;"2023-10-12 07:31:00";-5198700
"886057";"27:5:2";"Exp60_270_IS30436";"Exp60_270_IS30436";NA;"2023-10-12 07:47:00";-5242680
"886058";"27:5:2";"Exp60_270_IS30436";"Exp60_270_IS30436";NA;"2023-10-12 08:01:00";-5286090
"886059";"27:5:2";"Exp60_270_IS30436";"Exp60_270_IS30436";NA;"2023-10-12 08:17:00";-5363680
"886060";"27:5:2";"Exp60_270_IS30436";"Exp60_270_IS30436";NA;"2023-10-12 08:31:00";-5408130
"886061";"27:5:2";"Exp60_270_IS30436";"Exp60_270_IS30436";NA;"2023-10-12 08:47:00";-5477800
"886062";"27:5:2";"Exp60_270_IS30436";"Exp60_270_IS30436";NA;"2023-10-12 09:01:00";-5548050
"886063";"27:5:2";"Exp60_270_IS30436";"Exp60_270_IS30436";NA;"2023-10-12 09:17:00";-5644520
"886064";"27:5:2";"Exp60_270_IS30436";"Exp60_270_IS30436";NA;"2023-10-12 09:31:00";-5733480
"886065";"27:5:2";"Exp60_270_IS30436";"Exp60_270_IS30436";NA;"2023-10-12 09:47:00";-5829570
"886066";"27:5:2";"Exp60_270_IS30436";"Exp60_270_IS30436";NA;"2023-10-12 10:01:00";-5929970
"886067";"27:5:2";"Exp60_270_IS30436";"Exp60_270_IS30436";NA;"2023-10-12 15:01:00";-6182550
"886068";"27:5:2";"Exp60_270_IS30436";"Exp60_270_IS30436";NA;"2023-10-12 15:17:00";-6084360
"886069";"27:5:2";"Exp60_270_IS30436";"Exp60_270_IS30436";NA;"2023-10-12 15:31:00";-6158540
"886070";"27:5:2";"Exp60_270_IS30436";"Exp60_270_IS30436";NA;"2023-10-12 15:47:00";-6150780
"886071";"27:5:2";"Exp60_270_IS30436";"Exp60_270_IS30436";NA;"2023-10-12 16:01:00";-6185540
"886072";"27:5:2";"Exp60_270_IS30436";"Exp60_270_IS30436";NA;"2023-10-12 16:17:00";-6187320
"886073";"27:5:2";"Exp60_270_IS30436";"Exp60_270_IS30436";NA;"2023-10-12 16:31:00";-6120480
"886074";"27:5:2";"Exp60_270_IS30436";"Exp60_270_IS30436";NA;"2023-10-12 16:47:00";-6056100
"886075";"27:5:2";"Exp60_270_IS30436";"Exp60_270_IS30436";NA;"2023-10-12 17:01:00";-5977830
"886076";"27:5:2";"Exp60_270_IS30436";"Exp60_270_IS30436";NA;"2023-10-12 17:17:00";-5893380
"886077";"27:5:2";"Exp60_270_IS30436";"Exp60_270_IS30436";NA;"2023-10-12 17:31:00";-5821920
"886078";"27:5:2";"Exp60_270_IS30436";"Exp60_270_IS30436";NA;"2023-10-12 17:47:00";-5791830
"886079";"27:5:2";"Exp60_270_IS30436";"Exp60_270_IS30436";NA;"2023-10-12 18:01:00";-5725770
"886080";"27:5:2";"Exp60_270_IS30436";"Exp60_270_IS30436";NA;"2023-10-12 18:17:00";-5720690
"886081";"27:5:2";"Exp60_270_IS30436";"Exp60_270_IS30436";NA;"2023-10-12 18:31:00";-5686880
"886082";"27:5:2";"Exp60_270_IS30436";"Exp60_270_IS30436";NA;"2023-10-12 18:47:00";-5644830
"886083";"27:5:2";"Exp60_270_IS30436";"Exp60_270_IS30436";NA;"2023-10-12 19:01:00";-5662920
"886084";"27:5:2";"Exp60_270_IS30436";"Exp60_270_IS30436";NA;"2023-10-12 19:17:00";-5638490
"886085";"27:5:2";"Exp60_270_IS30436";"Exp60_270_IS30436";NA;"2023-10-12 19:31:00";-5602580
"886086";"27:5:2";"Exp60_270_IS30436";"Exp60_270_IS30436";NA;"2023-10-12 20:02:00";-5547110
"886087";"27:5:2";"Exp60_270_IS30436";"Exp60_270_IS30436";NA;"2023-10-12 20:16:00";-5553980
"886088";"27:5:2";"Exp60_270_IS30436";"Exp60_270_IS30436";NA;"2023-10-13 03:16:00";-5190730
"886089";"27:5:2";"Exp60_270_IS30436";"Exp60_270_IS30436";NA;"2023-10-13 03:32:00";-5192400
"886090";"27:5:2";"Exp60_270_IS30436";"Exp60_270_IS30436";NA;"2023-10-13 03:46:00";-5208080
"886091";"27:5:2";"Exp60_270_IS30436";"Exp60_270_IS30436";NA;"2023-10-13 04:02:00";-5150460
"886092";"27:5:2";"Exp60_270_IS30436";"Exp60_270_IS30436";NA;"2023-10-13 04:16:00";-5154450
"886093";"27:5:2";"Exp60_270_IS30436";"Exp60_270_IS30436";NA;"2023-10-13 04:32:00";-5139300
"886094";"27:5:2";"Exp60_270_IS30436";"Exp60_270_IS30436";NA;"2023-10-13 04:46:00";-5128390
"886095";"27:5:2";"Exp60_270_IS30436";"Exp60_270_IS30436";NA;"2023-10-13 05:02:00";-5124780
"886096";"27:5:2";"Exp60_270_IS30436";"Exp60_270_IS30436";NA;"2023-10-13 05:16:00";-5133850
"886097";"27:5:2";"Exp60_270_IS30436";"Exp60_270_IS30436";NA;"2023-10-13 05:32:00";-5134790
"886098";"27:5:2";"Exp60_270_IS30436";"Exp60_270_IS30436";NA;"2023-10-13 05:46:00";-5135520
"886099";"27:5:2";"Exp60_270_IS30436";"Exp60_270_IS30436";NA;"2023-10-13 06:02:00";-5133690
"886100";"27:5:2";"Exp60_270_IS30436";"Exp60_270_IS30436";NA;"2023-10-13 06:16:00";-5128810
"886101";"27:5:2";"Exp60_270_IS30436";"Exp60_270_IS30436";NA;"2023-10-13 06:32:00";-5167290
"886102";"27:5:2";"Exp60_270_IS30436";"Exp60_270_IS30436";NA;"2023-10-13 06:46:00";-5134210
"886103";"27:5:2";"Exp60_270_IS30436";"Exp60_270_IS30436";NA;"2023-10-13 12:46:00";-6212900
"886104";"27:5:2";"Exp60_270_IS30436";"Exp60_270_IS30436";NA;"2023-10-13 13:02:00";-6262020
"886105";"27:5:2";"Exp60_270_IS30436";"Exp60_270_IS30436";NA;"2023-10-13 13:16:00";-6211380
"886106";"27:5:2";"Exp60_270_IS30436";"Exp60_270_IS30436";NA;"2023-10-13 13:32:00";-6223020
"886107";"27:5:2";"Exp60_270_IS30436";"Exp60_270_IS30436";NA;"2023-10-13 13:46:00";-6296630
"886108";"27:5:2";"Exp60_270_IS30436";"Exp60_270_IS30436";NA;"2023-10-13 19:46:00";-5451070
"886109";"27:5:2";"Exp60_270_IS30436";"Exp60_270_IS30436";NA;"2023-10-13 20:02:00";-5453740
"886110";"27:5:2";"Exp60_270_IS30436";"Exp60_270_IS30436";NA;"2023-10-13 20:16:00";-5427690
"886111";"27:5:2";"Exp60_270_IS30436";"Exp60_270_IS30436";NA;"2023-10-13 20:32:00";-5457520
"886112";"27:5:2";"Exp60_270_IS30436";"Exp60_270_IS30436";NA;"2023-10-13 20:46:00";-5424070
"886113";"27:5:2";"Exp60_270_IS30436";"Exp60_270_IS30436";NA;"2023-10-13 21:02:00";-5400420
"886114";"27:5:2";"Exp60_270_IS30436";"Exp60_270_IS30436";NA;"2023-10-13 21:16:00";-5387840
"886115";"27:5:2";"Exp60_270_IS30436";"Exp60_270_IS30436";NA;"2023-10-13 21:32:00";-5419560
"886116";"27:5:2";"Exp60_270_IS30436";"Exp60_270_IS30436";NA;"2023-10-13 21:46:00";-5387320
"886117";"27:5:2";"Exp60_270_IS30436";"Exp60_270_IS30436";NA;"2023-10-13 22:02:00";-5374160
"886118";"27:5:2";"Exp60_270_IS30436";"Exp60_270_IS30436";NA;"2023-10-13 22:16:00";-5361210
"886119";"27:5:2";"Exp60_270_IS30436";"Exp60_270_IS30436";NA;"2023-10-13 22:32:00";-5351980
"886120";"27:5:2";"Exp60_270_IS30436";"Exp60_270_IS30436";NA;"2023-10-13 22:46:00";-5329390
"886121";"27:5:2";"Exp60_270_IS30436";"Exp60_270_IS30436";NA;"2023-10-13 23:02:00";-5322890
"886122";"27:5:2";"Exp60_270_IS30436";"Exp60_270_IS30436";NA;"2023-10-13 23:16:00";-5323470
"886123";"27:5:2";"Exp60_270_IS30436";"Exp60_270_IS30436";NA;"2023-10-13 23:47:00";-5331700
"886124";"27:5:2";"Exp60_270_IS30436";"Exp60_270_IS30436";NA;"2023-10-14 00:01:00";-5277330
"886125";"27:5:2";"Exp60_270_IS30436";"Exp60_270_IS30436";NA;"2023-10-14 00:17:00";-5254110
"886126";"27:5:2";"Exp60_270_IS30436";"Exp60_270_IS30436";NA;"2023-10-14 00:31:00";-5241790
"886127";"27:5:2";"Exp60_270_IS30436";"Exp60_270_IS30436";NA;"2023-10-14 00:47:00";-5263540
"886128";"27:5:2";"Exp60_270_IS30436";"Exp60_270_IS30436";NA;"2023-10-14 01:01:00";-5216940
"886129";"27:5:2";"Exp60_270_IS30436";"Exp60_270_IS30436";NA;"2023-10-14 01:17:00";-5226690
"886130";"27:5:2";"Exp60_270_IS30436";"Exp60_270_IS30436";NA;"2023-10-14 01:31:00";-5203050
"886131";"27:5:2";"Exp60_270_IS30436";"Exp60_270_IS30436";NA;"2023-10-14 01:47:00";-5199270
"886132";"27:5:2";"Exp60_270_IS30436";"Exp60_270_IS30436";NA;"2023-10-14 02:01:00";-5201320
"886133";"27:5:2";"Exp60_270_IS30436";"Exp60_270_IS30436";NA;"2023-10-14 02:17:00";-5175050
"886134";"27:5:2";"Exp60_270_IS30436";"Exp60_270_IS30436";NA;"2023-10-14 02:31:00";-5147210
"886135";"27:5:2";"Exp60_270_IS30436";"Exp60_270_IS30436";NA;"2023-10-14 02:47:00";-5176990
"886136";"27:5:2";"Exp60_270_IS30436";"Exp60_270_IS30436";NA;"2023-10-14 03:01:00";-5170020
"886137";"27:5:2";"Exp60_270_IS30436";"Exp60_270_IS30436";NA;"2023-10-14 03:17:00";-5170120
"886138";"27:5:2";"Exp60_270_IS30436";"Exp60_270_IS30436";NA;"2023-10-14 03:31:00";-5183390
"886139";"27:5:2";"Exp60_270_IS30436";"Exp60_270_IS30436";NA;"2023-10-14 04:17:00";-5142600
"886140";"27:5:2";"Exp60_270_IS30436";"Exp60_270_IS30436";NA;"2023-10-14 04:31:00";-5176890
"886141";"27:5:2";"Exp60_270_IS30436";"Exp60_270_IS30436";NA;"2023-10-14 04:47:00";-5176940
"886142";"27:5:2";"Exp60_270_IS30436";"Exp60_270_IS30436";NA;"2023-10-14 05:01:00";-5118700
"886143";"27:5:2";"Exp60_270_IS30436";"Exp60_270_IS30436";NA;"2023-10-14 05:17:00";-5138460
"886144";"27:5:2";"Exp60_270_IS30436";"Exp60_270_IS30436";NA;"2023-10-14 05:31:00";-5148000
"886145";"27:5:2";"Exp60_270_IS30436";"Exp60_270_IS30436";NA;"2023-10-14 05:47:00";-5114190
"886146";"27:5:2";"Exp60_270_IS30436";"Exp60_270_IS30436";NA;"2023-10-14 06:01:00";-5109890
"886147";"27:5:2";"Exp60_270_IS30436";"Exp60_270_IS30436";NA;"2023-10-14 06:17:00";-5111150
"886148";"27:5:2";"Exp60_270_IS30436";"Exp60_270_IS30436";NA;"2023-10-14 06:31:00";-5134480
"886149";"27:5:2";"Exp60_270_IS30436";"Exp60_270_IS30436";NA;"2023-10-14 07:02:00";-5107160
"886150";"27:5:2";"Exp60_270_IS30436";"Exp60_270_IS30436";NA;"2023-10-14 07:16:00";-5108160
"886151";"27:5:2";"Exp60_270_IS30436";"Exp60_270_IS30436";NA;"2023-10-14 07:32:00";-5116760
"886152";"27:5:2";"Exp60_270_IS30436";"Exp60_270_IS30436";NA;"2023-10-14 08:16:00";-5233610
"886153";"27:5:2";"Exp60_270_IS30436";"Exp60_270_IS30436";NA;"2023-10-14 08:32:00";-5290330
"886154";"27:5:2";"Exp60_270_IS30436";"Exp60_270_IS30436";NA;"2023-10-14 08:46:00";-5423860
"886155";"27:5:2";"Exp60_270_IS30436";"Exp60_270_IS30436";NA;"2023-10-14 09:02:00";-5452640
"886156";"27:5:2";"Exp60_270_IS30436";"Exp60_270_IS30436";NA;"2023-10-14 09:16:00";-5555020
"886157";"27:5:2";"Exp60_270_IS30436";"Exp60_270_IS30436";NA;"2023-10-14 09:32:00";-5713980
"886158";"27:5:2";"Exp60_270_IS30436";"Exp60_270_IS30436";NA;"2023-10-14 09:46:00";-5767610
"886159";"27:5:2";"Exp60_270_IS30436";"Exp60_270_IS30436";NA;"2023-10-14 10:02:00";-5913610
"886160";"27:5:2";"Exp60_270_IS30436";"Exp60_270_IS30436";NA;"2023-10-14 10:16:00";-5949310
"886161";"27:5:2";"Exp60_270_IS30436";"Exp60_270_IS30436";NA;"2023-10-14 10:32:00";-5991150
"886162";"27:5:2";"Exp60_270_IS30436";"Exp60_270_IS30436";NA;"2023-10-14 10:46:00";-6111930
"886163";"27:5:2";"Exp60_270_IS30436";"Exp60_270_IS30436";NA;"2023-10-14 11:02:00";-6136310
"886164";"27:5:2";"Exp60_270_IS30436";"Exp60_270_IS30436";NA;"2023-10-14 11:16:00";-6151200
"886165";"27:5:2";"Exp60_270_IS30436";"Exp60_270_IS30436";NA;"2023-10-14 11:32:00";-6183700
"886166";"27:5:2";"Exp60_270_IS30436";"Exp60_270_IS30436";NA;"2023-10-14 11:46:00";-6148420
"886167";"27:5:2";"Exp60_270_IS30436";"Exp60_270_IS30436";NA;"2023-10-14 12:02:00";-6112140
"886168";"27:5:2";"Exp60_270_IS30436";"Exp60_270_IS30436";NA;"2023-10-14 12:16:00";-6042630
"886169";"27:5:2";"Exp60_270_IS30436";"Exp60_270_IS30436";NA;"2023-10-14 12:32:00";-6003780
"886170";"27:5:2";"Exp60_270_IS30436";"Exp60_270_IS30436";NA;"2023-10-14 12:46:00";-5988050
"886171";"27:5:2";"Exp60_270_IS30436";"Exp60_270_IS30436";NA;"2023-10-14 13:02:00";-5916440
"886172";"27:5:2";"Exp60_270_IS30436";"Exp60_270_IS30436";NA;"2023-10-14 13:16:00";-5931380
"886173";"27:5:2";"Exp60_270_IS30436";"Exp60_270_IS30436";NA;"2023-10-14 13:32:00";-5935520
"886174";"27:5:2";"Exp60_270_IS30436";"Exp60_270_IS30436";NA;"2023-10-14 13:46:00";-5983070
"886175";"27:5:2";"Exp60_270_IS30436";"Exp60_270_IS30436";NA;"2023-10-14 19:31:00";-5492690
"886176";"27:5:2";"Exp60_270_IS30436";"Exp60_270_IS30436";NA;"2023-10-15 02:01:00";-5215790
"886177";"27:5:2";"Exp60_270_IS30436";"Exp60_270_IS30436";NA;"2023-10-15 02:17:00";-5225330
"886178";"27:5:2";"Exp60_270_IS30436";"Exp60_270_IS30436";NA;"2023-10-15 02:31:00";-5223440
"886179";"27:5:2";"Exp60_270_IS30436";"Exp60_270_IS30436";NA;"2023-10-15 02:47:00";-5253900
"886180";"27:5:2";"Exp60_270_IS30436";"Exp60_270_IS30436";NA;"2023-10-15 03:01:00";-5207030
"886181";"27:5:2";"Exp60_270_IS30436";"Exp60_270_IS30436";NA;"2023-10-15 03:17:00";-5190100
"886182";"27:5:2";"Exp60_270_IS30436";"Exp60_270_IS30436";NA;"2023-10-15 03:31:00";-5177670
"886183";"27:5:2";"Exp60_270_IS30436";"Exp60_270_IS30436";NA;"2023-10-15 03:47:00";-5218670
"886184";"27:5:2";"Exp60_270_IS30436";"Exp60_270_IS30436";NA;"2023-10-15 04:01:00";-5201580
"886185";"27:5:2";"Exp60_270_IS30436";"Exp60_270_IS30436";NA;"2023-10-15 04:32:00";-5198750
"886186";"27:5:2";"Exp60_270_IS30436";"Exp60_270_IS30436";NA;"2023-10-15 04:46:00";-5160220
"886187";"27:5:2";"Exp60_270_IS30436";"Exp60_270_IS30436";NA;"2023-10-15 05:32:00";-5166980
"886188";"27:5:2";"Exp60_270_IS30436";"Exp60_270_IS30436";NA;"2023-10-15 05:46:00";-5205200
"886189";"27:5:2";"Exp60_270_IS30436";"Exp60_270_IS30436";NA;"2023-10-15 06:17:00";-5144540
"886190";"27:5:2";"Exp60_270_IS30436";"Exp60_270_IS30436";NA;"2023-10-15 06:31:00";-5138670
"886191";"27:5:2";"Exp60_270_IS30436";"Exp60_270_IS30436";NA;"2023-10-15 07:02:00";-5172960
"886192";"27:5:2";"Exp60_270_IS30436";"Exp60_270_IS30436";NA;"2023-10-15 07:16:00";-5230100
"886193";"27:5:2";"Exp60_270_IS30436";"Exp60_270_IS30436";NA;"2023-10-15 07:32:00";-5231090
"886194";"27:5:2";"Exp60_270_IS30436";"Exp60_270_IS30436";NA;"2023-10-15 07:46:00";-5226160
"886195";"27:5:2";"Exp60_270_IS30436";"Exp60_270_IS30436";NA;"2023-10-15 08:17:00";-5326190
"886196";"27:5:2";"Exp60_270_IS30436";"Exp60_270_IS30436";NA;"2023-10-15 08:31:00";-5387110
"886197";"27:5:2";"Exp60_270_IS30436";"Exp60_270_IS30436";NA;"2023-10-15 08:47:00";-5484830
"886198";"27:5:2";"Exp60_270_IS30436";"Exp60_270_IS30436";NA;"2023-10-15 09:01:00";-5516700
"886199";"27:5:2";"Exp60_270_IS30436";"Exp60_270_IS30436";NA;"2023-10-15 09:17:00";-5588630
"886200";"27:5:2";"Exp60_270_IS30436";"Exp60_270_IS30436";NA;"2023-10-15 09:31:00";-5689650
"886201";"27:5:2";"Exp60_270_IS30436";"Exp60_270_IS30436";NA;"2023-10-15 09:47:00";-5824800
"886202";"27:5:2";"Exp60_270_IS30436";"Exp60_270_IS30436";NA;"2023-10-15 10:01:00";-5937520
"886203";"27:5:2";"Exp60_270_IS30436";"Exp60_270_IS30436";NA;"2023-10-15 10:17:00";-5958910
"886204";"27:5:2";"Exp60_270_IS30436";"Exp60_270_IS30436";NA;"2023-10-15 10:31:00";-5994560
"886205";"27:5:2";"Exp60_270_IS30436";"Exp60_270_IS30436";NA;"2023-10-15 10:47:00";-6027370
"886206";"27:5:2";"Exp60_270_IS30436";"Exp60_270_IS30436";NA;"2023-10-15 11:01:00";-6025010
"886207";"27:5:2";"Exp60_270_IS30436";"Exp60_270_IS30436";NA;"2023-10-15 18:01:00";-5663230
"886208";"27:5:2";"Exp60_270_IS30436";"Exp60_270_IS30436";NA;"2023-10-15 18:17:00";-5621130
"886209";"27:5:2";"Exp60_270_IS30436";"Exp60_270_IS30436";NA;"2023-10-15 18:31:00";-5611330
"886210";"27:5:2";"Exp60_270_IS30436";"Exp60_270_IS30436";NA;"2023-10-15 18:47:00";-5611960
"886211";"27:5:2";"Exp60_270_IS30436";"Exp60_270_IS30436";NA;"2023-10-15 19:01:00";-5570230
"886212";"27:5:2";"Exp60_270_IS30436";"Exp60_270_IS30436";NA;"2023-10-15 19:17:00";-5553930
"886213";"27:5:2";"Exp60_270_IS30436";"Exp60_270_IS30436";NA;"2023-10-15 19:31:00";-5518070
"886214";"27:5:2";"Exp60_270_IS30436";"Exp60_270_IS30436";NA;"2023-10-16 03:46:00";-5211440
"886215";"27:5:2";"Exp60_270_IS30436";"Exp60_270_IS30436";NA;"2023-10-16 04:02:00";-5212850
"886216";"27:5:2";"Exp60_270_IS30436";"Exp60_270_IS30436";NA;"2023-10-16 04:16:00";-5234760
"886217";"27:5:2";"Exp60_270_IS30436";"Exp60_270_IS30436";NA;"2023-10-16 04:32:00";-5230880
"886218";"27:5:2";"Exp60_270_IS30436";"Exp60_270_IS30436";NA;"2023-10-16 04:46:00";-5189150
"886219";"27:5:2";"Exp60_270_IS30436";"Exp60_270_IS30436";NA;"2023-10-16 05:02:00";-5204100
"886220";"27:5:2";"Exp60_270_IS30436";"Exp60_270_IS30436";NA;"2023-10-16 05:16:00";-5187000
"886221";"27:5:2";"Exp60_270_IS30436";"Exp60_270_IS30436";NA;"2023-10-16 05:32:00";-5183910
"886222";"27:5:2";"Exp60_270_IS30436";"Exp60_270_IS30436";NA;"2023-10-16 05:46:00";-5179820
"886223";"27:5:2";"Exp60_270_IS30436";"Exp60_270_IS30436";NA;"2023-10-16 06:02:00";-5204570
"886224";"27:5:2";"Exp60_270_IS30436";"Exp60_270_IS30436";NA;"2023-10-16 06:16:00";-5220980
"886225";"27:5:2";"Exp60_270_IS30436";"Exp60_270_IS30436";NA;"2023-10-16 06:32:00";-5186160
"886226";"27:5:2";"Exp60_270_IS30436";"Exp60_270_IS30436";NA;"2023-10-16 06:46:00";-5224910
"886227";"27:5:2";"Exp60_270_IS30436";"Exp60_270_IS30436";NA;"2023-10-16 07:02:00";-5220820
"886228";"27:5:2";"Exp60_270_IS30436";"Exp60_270_IS30436";NA;"2023-10-16 07:16:00";-5198070
"886229";"27:5:2";"Exp60_270_IS30436";"Exp60_270_IS30436";NA;"2023-10-16 07:47:00";-5289020
"886230";"27:5:2";"Exp60_270_IS30436";"Exp60_270_IS30436";NA;"2023-10-16 08:01:00";-5293480
"886231";"27:5:2";"Exp60_270_IS30436";"Exp60_270_IS30436";NA;"2023-10-16 08:17:00";-5339040
"886232";"27:5:2";"Exp60_270_IS30436";"Exp60_270_IS30436";NA;"2023-10-16 08:31:00";-5371850
"886233";"27:5:2";"Exp60_270_IS30436";"Exp60_270_IS30436";NA;"2023-10-16 08:47:00";-5454370
"886234";"27:5:2";"Exp60_270_IS30436";"Exp60_270_IS30436";NA;"2023-10-16 09:01:00";-5483360
"886235";"27:5:2";"Exp60_270_IS30436";"Exp60_270_IS30436";NA;"2023-10-16 09:17:00";-5585640
"886236";"27:5:2";"Exp60_270_IS30436";"Exp60_270_IS30436";NA;"2023-10-16 09:31:00";-5677600
"886237";"27:5:2";"Exp60_270_IS30436";"Exp60_270_IS30436";NA;"2023-10-16 09:47:00";-5759740
"886238";"27:5:2";"Exp60_270_IS30436";"Exp60_270_IS30436";NA;"2023-10-16 10:01:00";-5806350
"886239";"27:5:2";"Exp60_270_IS30436";"Exp60_270_IS30436";NA;"2023-10-16 10:17:00";-5852380
"886240";"27:5:2";"Exp60_270_IS30436";"Exp60_270_IS30436";NA;"2023-10-16 10:31:00";-5974420
"886241";"27:5:2";"Exp60_270_IS30436";"Exp60_270_IS30436";NA;"2023-10-16 10:47:00";-6089760
"886242";"27:5:2";"Exp60_270_IS30436";"Exp60_270_IS30436";NA;"2023-10-16 11:01:00";-6141450
"886243";"27:5:2";"Exp60_270_IS30436";"Exp60_270_IS30436";NA;"2023-10-16 11:32:00";-6085250
"886244";"27:5:2";"Exp60_270_IS30436";"Exp60_270_IS30436";NA;"2023-10-16 11:46:00";-6084990
"886245";"27:5:2";"Exp60_270_IS30436";"Exp60_270_IS30436";NA;"2023-10-16 12:17:00";-6042520
"886246";"27:5:2";"Exp60_270_IS30436";"Exp60_270_IS30436";NA;"2023-10-16 12:31:00";-6055260
"886247";"27:5:2";"Exp60_270_IS30436";"Exp60_270_IS30436";NA;"2023-10-16 13:02:00";-6109470
"886248";"27:5:2";"Exp60_270_IS30436";"Exp60_270_IS30436";NA;"2023-10-16 13:16:00";-6201210
"886249";"27:5:2";"Exp60_270_IS30436";"Exp60_270_IS30436";NA;"2023-10-16 13:32:00";-6134790
"886250";"27:5:2";"Exp60_270_IS30436";"Exp60_270_IS30436";NA;"2023-10-16 13:46:00";-6117650
"886251";"27:5:2";"Exp60_270_IS30436";"Exp60_270_IS30436";NA;"2023-10-16 14:02:00";-6043730
"886252";"27:5:2";"Exp60_270_IS30436";"Exp60_270_IS30436";NA;"2023-10-16 14:16:00";-5985060
"886253";"27:5:2";"Exp60_270_IS30436";"Exp60_270_IS30436";NA;"2023-10-16 14:32:00";-5951930
"886254";"27:5:2";"Exp60_270_IS30436";"Exp60_270_IS30436";NA;"2023-10-16 14:46:00";-5999320
"886255";"27:5:2";"Exp60_270_IS30436";"Exp60_270_IS30436";NA;"2023-10-16 22:16:00";-5455370
"886256";"27:5:2";"Exp60_270_IS30436";"Exp60_270_IS30436";NA;"2023-10-16 22:32:00";-5488240
"886257";"27:5:2";"Exp60_270_IS30436";"Exp60_270_IS30436";NA;"2023-10-16 22:46:00";-5446820
"886258";"27:5:2";"Exp60_270_IS30436";"Exp60_270_IS30436";NA;"2023-10-17 05:46:00";-5201630
"886259";"27:5:2";"Exp60_270_IS30436";"Exp60_270_IS30436";NA;"2023-10-17 06:02:00";-5184850
"886260";"27:5:2";"Exp60_270_IS30436";"Exp60_270_IS30436";NA;"2023-10-17 06:16:00";-5175840
"886261";"27:5:2";"Exp60_270_IS30436";"Exp60_270_IS30436";NA;"2023-10-17 06:32:00";-5172120
"886262";"27:5:2";"Exp60_270_IS30436";"Exp60_270_IS30436";NA;"2023-10-17 06:46:00";-5168760
"886263";"27:5:2";"Exp60_270_IS30436";"Exp60_270_IS30436";NA;"2023-10-17 12:46:00";-6027270
"886264";"27:5:2";"Exp60_270_IS30436";"Exp60_270_IS30436";NA;"2023-10-17 13:02:00";-6053110
"886265";"27:5:2";"Exp60_270_IS30436";"Exp60_270_IS30436";NA;"2023-10-17 13:16:00";-6069730
"886266";"27:5:2";"Exp60_270_IS30436";"Exp60_270_IS30436";NA;"2023-10-17 13:32:00";-6102390
"886267";"27:5:2";"Exp60_270_IS30436";"Exp60_270_IS30436";NA;"2023-10-17 13:46:00";-6137050
"886268";"27:5:2";"Exp60_270_IS30436";"Exp60_270_IS30436";NA;"2023-10-17 14:02:00";-6108890
"886269";"27:5:2";"Exp60_270_IS30436";"Exp60_270_IS30436";NA;"2023-10-17 14:16:00";-6119900
"886270";"27:5:2";"Exp60_270_IS30436";"Exp60_270_IS30436";NA;"2023-10-17 14:32:00";-6088450
"886271";"27:5:2";"Exp60_270_IS30436";"Exp60_270_IS30436";NA;"2023-10-17 14:46:00";-6070260
"886272";"27:5:2";"Exp60_270_IS30436";"Exp60_270_IS30436";NA;"2023-10-17 15:17:00";-6084720
"886273";"27:5:2";"Exp60_270_IS30436";"Exp60_270_IS30436";NA;"2023-10-17 15:31:00";-6079950
"886274";"27:5:2";"Exp60_270_IS30436";"Exp60_270_IS30436";NA;"2023-10-17 16:17:00";-6056210
"886275";"27:5:2";"Exp60_270_IS30436";"Exp60_270_IS30436";NA;"2023-10-17 16:31:00";-6001370
"886276";"27:5:2";"Exp60_270_IS30436";"Exp60_270_IS30436";NA;"2023-10-17 16:47:00";-5916760
"886277";"27:5:2";"Exp60_270_IS30436";"Exp60_270_IS30436";NA;"2023-10-17 17:01:00";-5873190
"886278";"27:5:2";"Exp60_270_IS30436";"Exp60_270_IS30436";NA;"2023-10-17 18:32:00";-5600420
"886279";"27:5:2";"Exp60_270_IS30436";"Exp60_270_IS30436";NA;"2023-10-17 18:46:00";-5564880
"886280";"27:5:2";"Exp60_270_IS30436";"Exp60_270_IS30436";NA;"2023-10-17 19:02:00";-5551830
"886281";"27:5:2";"Exp60_270_IS30436";"Exp60_270_IS30436";NA;"2023-10-17 19:16:00";-5517750
"886282";"27:5:2";"Exp60_270_IS30436";"Exp60_270_IS30436";NA;"2023-10-17 19:32:00";-5494110
"886283";"27:5:2";"Exp60_270_IS30436";"Exp60_270_IS30436";NA;"2023-10-17 19:46:00";-5508000
"886284";"27:5:2";"Exp60_270_IS30436";"Exp60_270_IS30436";NA;"2023-10-18 01:31:00";-5193400
"886285";"27:5:2";"Exp60_270_IS30436";"Exp60_270_IS30436";NA;"2023-10-18 02:02:00";-5171700
"886286";"27:5:2";"Exp60_270_IS30436";"Exp60_270_IS30436";NA;"2023-10-18 02:16:00";-5175210
"886287";"27:5:2";"Exp60_270_IS30436";"Exp60_270_IS30436";NA;"2023-10-18 02:32:00";-5171020
"886288";"27:5:2";"Exp60_270_IS30436";"Exp60_270_IS30436";NA;"2023-10-18 02:46:00";-5171220
"886289";"27:5:2";"Exp60_270_IS30436";"Exp60_270_IS30436";NA;"2023-10-18 03:02:00";-5151250
"886290";"27:5:2";"Exp60_270_IS30436";"Exp60_270_IS30436";NA;"2023-10-18 03:16:00";-5182080
"886291";"27:5:2";"Exp60_270_IS30436";"Exp60_270_IS30436";NA;"2023-10-18 03:32:00";-5138930
"886292";"27:5:2";"Exp60_270_IS30436";"Exp60_270_IS30436";NA;"2023-10-18 04:01:00";-5173530
"886293";"27:5:2";"Exp60_270_IS30436";"Exp60_270_IS30436";NA;"2023-10-18 04:17:00";-5137150
"886294";"27:5:2";"Exp60_270_IS30436";"Exp60_270_IS30436";NA;"2023-10-18 04:31:00";-5135260
"886295";"27:5:2";"Exp60_270_IS30436";"Exp60_270_IS30436";NA;"2023-10-18 04:47:00";-5128290
"886296";"27:5:2";"Exp60_270_IS30436";"Exp60_270_IS30436";NA;"2023-10-18 05:01:00";-5116860
"886297";"27:5:2";"Exp60_270_IS30436";"Exp60_270_IS30436";NA;"2023-10-18 05:17:00";-5109990
"886298";"27:5:2";"Exp60_270_IS30436";"Exp60_270_IS30436";NA;"2023-10-18 05:31:00";-5139240
"886299";"27:5:2";"Exp60_270_IS30436";"Exp60_270_IS30436";NA;"2023-10-18 05:47:00";-5108050
"886300";"27:5:2";"Exp60_270_IS30436";"Exp60_270_IS30436";NA;"2023-10-18 06:01:00";-5099980
"886301";"27:5:2";"Exp60_270_IS30436";"Exp60_270_IS30436";NA;"2023-10-18 06:17:00";-5080060
"886302";"27:5:2";"Exp60_270_IS30436";"Exp60_270_IS30436";NA;"2023-10-18 06:31:00";-5095630
"886303";"27:5:2";"Exp60_270_IS30436";"Exp60_270_IS30436";NA;"2023-10-18 07:32:00";-5180240
"886304";"27:5:2";"Exp60_270_IS30436";"Exp60_270_IS30436";NA;"2023-10-18 07:46:00";-5205720
"886305";"27:5:2";"Exp60_270_IS30436";"Exp60_270_IS30436";NA;"2023-10-18 08:02:00";-5287190
"886306";"27:5:2";"Exp60_270_IS30436";"Exp60_270_IS30436";NA;"2023-10-18 08:16:00";-5320790
"886307";"27:5:2";"Exp60_270_IS30436";"Exp60_270_IS30436";NA;"2023-10-18 08:47:00";-5427950
"886308";"27:5:2";"Exp60_270_IS30436";"Exp60_270_IS30436";NA;"2023-10-18 09:01:00";-5454790
"886309";"27:5:2";"Exp60_270_IS30436";"Exp60_270_IS30436";NA;"2023-10-18 09:17:00";-5589630
"886310";"27:5:2";"Exp60_270_IS30436";"Exp60_270_IS30436";NA;"2023-10-18 09:31:00";-5670460
"886311";"27:5:2";"Exp60_270_IS30436";"Exp60_270_IS30436";NA;"2023-10-18 15:31:00";-6081740
"886312";"27:5:2";"Exp60_270_IS30436";"Exp60_270_IS30436";NA;"2023-10-18 16:32:00";-6047610
"886313";"27:5:2";"Exp60_270_IS30436";"Exp60_270_IS30436";NA;"2023-10-18 16:46:00";-5972330
"886314";"27:5:2";"Exp60_270_IS30436";"Exp60_270_IS30436";NA;"2023-10-18 17:02:00";-5894840
"886315";"27:5:2";"Exp60_270_IS30436";"Exp60_270_IS30436";NA;"2023-10-18 17:16:00";-5825960
"886316";"27:5:2";"Exp60_270_IS30436";"Exp60_270_IS30436";NA;"2023-10-18 17:32:00";-5769910
"886317";"27:5:2";"Exp60_270_IS30436";"Exp60_270_IS30436";NA;"2023-10-18 17:46:00";-5727350
"886318";"27:5:2";"Exp60_270_IS30436";"Exp60_270_IS30436";NA;"2023-10-18 18:02:00";-5666430
"886319";"27:5:2";"Exp60_270_IS30436";"Exp60_270_IS30436";NA;"2023-10-18 18:16:00";-5641630
"886320";"27:5:2";"Exp60_270_IS30436";"Exp60_270_IS30436";NA;"2023-10-18 18:32:00";-5597860
"886321";"27:5:2";"Exp60_270_IS30436";"Exp60_270_IS30436";NA;"2023-10-18 18:46:00";-5614890
"886322";"27:5:2";"Exp60_270_IS30436";"Exp60_270_IS30436";NA;"2023-10-19 01:16:00";-5279110
"886323";"27:5:2";"Exp60_270_IS30436";"Exp60_270_IS30436";NA;"2023-10-19 01:32:00";-5235970
"886324";"27:5:2";"Exp60_270_IS30436";"Exp60_270_IS30436";NA;"2023-10-19 01:46:00";-5224440
"886325";"27:5:2";"Exp60_270_IS30436";"Exp60_270_IS30436";NA;"2023-10-19 02:02:00";-5202370
"886326";"27:5:2";"Exp60_270_IS30436";"Exp60_270_IS30436";NA;"2023-10-19 02:16:00";-5180240
"886327";"27:5:2";"Exp60_270_IS30436";"Exp60_270_IS30436";NA;"2023-10-19 02:32:00";-5185900
"886328";"27:5:2";"Exp60_270_IS30436";"Exp60_270_IS30436";NA;"2023-10-19 02:46:00";-5173430
"886329";"27:5:2";"Exp60_270_IS30436";"Exp60_270_IS30436";NA;"2023-10-19 03:17:00";-5160060
"886330";"27:5:2";"Exp60_270_IS30436";"Exp60_270_IS30436";NA;"2023-10-19 03:31:00";-5205250
"886331";"27:5:2";"Exp60_270_IS30436";"Exp60_270_IS30436";NA;"2023-10-19 03:47:00";-5164200
"886332";"27:5:2";"Exp60_270_IS30436";"Exp60_270_IS30436";NA;"2023-10-19 04:01:00";-5157120
"886333";"27:5:2";"Exp60_270_IS30436";"Exp60_270_IS30436";NA;"2023-10-19 04:17:00";-5153820
"886334";"27:5:2";"Exp60_270_IS30436";"Exp60_270_IS30436";NA;"2023-10-19 04:31:00";-5117860
"886335";"27:5:2";"Exp60_270_IS30436";"Exp60_270_IS30436";NA;"2023-10-19 04:47:00";-5115290
"886336";"27:5:2";"Exp60_270_IS30436";"Exp60_270_IS30436";NA;"2023-10-19 05:01:00";-5112880
"886337";"27:5:2";"Exp60_270_IS30436";"Exp60_270_IS30436";NA;"2023-10-19 05:17:00";-5132330
"886338";"27:5:2";"Exp60_270_IS30436";"Exp60_270_IS30436";NA;"2023-10-19 05:31:00";-5107320
"886339";"27:5:2";"Exp60_270_IS30436";"Exp60_270_IS30436";NA;"2023-10-19 05:47:00";-5107060
"886340";"27:5:2";"Exp60_270_IS30436";"Exp60_270_IS30436";NA;"2023-10-19 06:01:00";-5078380
"886341";"27:5:2";"Exp60_270_IS30436";"Exp60_270_IS30436";NA;"2023-10-19 06:17:00";-5071620
"886342";"27:5:2";"Exp60_270_IS30436";"Exp60_270_IS30436";NA;"2023-10-19 06:31:00";-5071460
"886343";"27:5:2";"Exp60_270_IS30436";"Exp60_270_IS30436";NA;"2023-10-19 06:47:00";-5094000
"886344";"27:5:2";"Exp60_270_IS30436";"Exp60_270_IS30436";NA;"2023-10-19 07:01:00";-5148160
"886345";"27:5:2";"Exp60_270_IS30436";"Exp60_270_IS30436";NA;"2023-10-19 13:46:00";-6143910
"886346";"27:5:2";"Exp60_270_IS30436";"Exp60_270_IS30436";NA;"2023-10-19 14:02:00";-6115390
"886347";"27:5:2";"Exp60_270_IS30436";"Exp60_270_IS30436";NA;"2023-10-19 14:16:00";-6120580
"886348";"27:5:2";"Exp60_270_IS30436";"Exp60_270_IS30436";NA;"2023-10-19 14:32:00";-6119950
"886349";"27:5:2";"Exp60_270_IS30436";"Exp60_270_IS30436";NA;"2023-10-19 14:46:00";-6104440
"886350";"27:5:2";"Exp60_270_IS30436";"Exp60_270_IS30436";NA;"2023-10-19 15:02:00";-6069840
"886351";"27:5:2";"Exp60_270_IS30436";"Exp60_270_IS30436";NA;"2023-10-19 15:16:00";-6036390
"886352";"27:5:2";"Exp60_270_IS30436";"Exp60_270_IS30436";NA;"2023-10-19 15:32:00";-6030880
"886353";"27:5:2";"Exp60_270_IS30436";"Exp60_270_IS30436";NA;"2023-10-19 15:46:00";-6041370
"886354";"27:5:2";"Exp60_270_IS30436";"Exp60_270_IS30436";NA;"2023-10-19 16:02:00";-6036600
"886355";"27:5:2";"Exp60_270_IS30436";"Exp60_270_IS30436";NA;"2023-10-19 16:16:00";-6047080
"886356";"27:5:2";"Exp60_270_IS30436";"Exp60_270_IS30436";NA;"2023-10-19 16:47:00";-5933320
"886357";"27:5:2";"Exp60_270_IS30436";"Exp60_270_IS30436";NA;"2023-10-19 17:01:00";-5830310
"886358";"27:5:2";"Exp60_270_IS30436";"Exp60_270_IS30436";NA;"2023-10-19 17:17:00";-5793450
"886359";"27:5:2";"Exp60_270_IS30436";"Exp60_270_IS30436";NA;"2023-10-19 17:31:00";-5720220
"886360";"27:5:2";"Exp60_270_IS30436";"Exp60_270_IS30436";NA;"2023-10-19 17:47:00";-5659820
"886361";"27:5:2";"Exp60_270_IS30436";"Exp60_270_IS30436";NA;"2023-10-19 18:01:00";-5662860
"886362";"27:5:2";"Exp60_270_IS30436";"Exp60_270_IS30436";NA;"2023-10-20 01:31:00";-5225430
"886363";"27:5:2";"Exp60_270_IS30436";"Exp60_270_IS30436";NA;"2023-10-20 01:47:00";-5224590
"886364";"27:5:2";"Exp60_270_IS30436";"Exp60_270_IS30436";NA;"2023-10-20 02:01:00";-5191930
"886365";"27:5:2";"Exp60_270_IS30436";"Exp60_270_IS30436";NA;"2023-10-20 02:17:00";-5189780
"886366";"27:5:2";"Exp60_270_IS30436";"Exp60_270_IS30436";NA;"2023-10-20 02:31:00";-5200320
"886367";"27:5:2";"Exp60_270_IS30436";"Exp60_270_IS30436";NA;"2023-10-20 02:47:00";-5181810
"886368";"27:5:2";"Exp60_270_IS30436";"Exp60_270_IS30436";NA;"2023-10-20 03:01:00";-5147680
"886369";"27:5:2";"Exp60_270_IS30436";"Exp60_270_IS30436";NA;"2023-10-20 03:47:00";-5137410
"886370";"27:5:2";"Exp60_270_IS30436";"Exp60_270_IS30436";NA;"2023-10-20 04:01:00";-5114660
"886371";"27:5:2";"Exp60_270_IS30436";"Exp60_270_IS30436";NA;"2023-10-20 04:32:00";-5072670
"886372";"27:5:2";"Exp60_270_IS30436";"Exp60_270_IS30436";NA;"2023-10-20 04:46:00";-5108470
"886373";"27:5:2";"Exp60_270_IS30436";"Exp60_270_IS30436";NA;"2023-10-20 05:02:00";-5103960
"886374";"27:5:2";"Exp60_270_IS30436";"Exp60_270_IS30436";NA;"2023-10-20 05:16:00";-5087400
"886375";"27:5:2";"Exp60_270_IS30436";"Exp60_270_IS30436";NA;"2023-10-20 05:32:00";-5097040
"886376";"27:5:2";"Exp60_270_IS30436";"Exp60_270_IS30436";NA;"2023-10-20 05:46:00";-5066060
"886377";"27:5:2";"Exp60_270_IS30436";"Exp60_270_IS30436";NA;"2023-10-20 06:02:00";-5067270
"886378";"27:5:2";"Exp60_270_IS30436";"Exp60_270_IS30436";NA;"2023-10-20 06:16:00";-5066220
"886379";"27:5:2";"Exp60_270_IS30436";"Exp60_270_IS30436";NA;"2023-10-20 06:32:00";-5062230
"886380";"27:5:2";"Exp60_270_IS30436";"Exp60_270_IS30436";NA;"2023-10-20 06:46:00";-5091070
"886381";"27:5:2";"Exp60_270_IS30436";"Exp60_270_IS30436";NA;"2023-10-20 07:02:00";-5097250
"886382";"27:5:2";"Exp60_270_IS30436";"Exp60_270_IS30436";NA;"2023-10-20 07:16:00";-5099450
"886383";"27:5:2";"Exp60_270_IS30436";"Exp60_270_IS30436";NA;"2023-10-20 07:47:00";-5130810
"886384";"27:5:2";"Exp60_270_IS30436";"Exp60_270_IS30436";NA;"2023-10-20 08:01:00";-5176780
"886385";"27:5:2";"Exp60_270_IS30436";"Exp60_270_IS30436";NA;"2023-10-20 08:17:00";-5235440
"886386";"27:5:2";"Exp60_270_IS30436";"Exp60_270_IS30436";NA;"2023-10-20 08:31:00";-5282470
"886387";"27:5:2";"Exp60_270_IS30436";"Exp60_270_IS30436";NA;"2023-10-20 08:47:00";-5387630
"886388";"27:5:2";"Exp60_270_IS30436";"Exp60_270_IS30436";NA;"2023-10-20 09:01:00";-5436700
"886389";"27:5:2";"Exp60_270_IS30436";"Exp60_270_IS30436";NA;"2023-10-20 13:46:00";-6020450
"886390";"27:5:2";"Exp60_270_IS30436";"Exp60_270_IS30436";NA;"2023-10-20 15:31:00";-6039220
"886391";"27:5:2";"Exp60_270_IS30436";"Exp60_270_IS30436";NA;"2023-10-20 15:47:00";-6036970
"886392";"27:5:2";"Exp60_270_IS30436";"Exp60_270_IS30436";NA;"2023-10-20 16:01:00";-6032510
"886393";"27:5:2";"Exp60_270_IS30436";"Exp60_270_IS30436";NA;"2023-10-20 16:17:00";-6013480
"886394";"27:5:2";"Exp60_270_IS30436";"Exp60_270_IS30436";NA;"2023-10-20 16:31:00";-5948000
"886395";"27:5:2";"Exp60_270_IS30436";"Exp60_270_IS30436";NA;"2023-10-20 16:47:00";-5897100
"886396";"27:5:2";"Exp60_270_IS30436";"Exp60_270_IS30436";NA;"2023-10-20 17:01:00";-5824070
"886397";"27:5:2";"Exp60_270_IS30436";"Exp60_270_IS30436";NA;"2023-10-20 23:31:00";-5390310
"886398";"27:5:2";"Exp60_270_IS30436";"Exp60_270_IS30436";NA;"2023-10-20 23:47:00";-5355500
"886399";"27:5:2";"Exp60_270_IS30436";"Exp60_270_IS30436";NA;"2023-10-21 00:01:00";-5369970
"886400";"27:5:2";"Exp60_270_IS30436";"Exp60_270_IS30436";NA;"2023-10-21 00:17:00";-5355860
"886401";"27:5:2";"Exp60_270_IS30436";"Exp60_270_IS30436";NA;"2023-10-21 00:31:00";-5341600
"886402";"27:5:2";"Exp60_270_IS30436";"Exp60_270_IS30436";NA;"2023-10-21 01:17:00";-5329080
"886403";"27:5:2";"Exp60_270_IS30436";"Exp60_270_IS30436";NA;"2023-10-21 01:31:00";-5339190
"886404";"27:5:2";"Exp60_270_IS30436";"Exp60_270_IS30436";NA;"2023-10-21 01:47:00";-5294370
"886405";"27:5:2";"Exp60_270_IS30436";"Exp60_270_IS30436";NA;"2023-10-21 02:01:00";-5293900
"886406";"27:5:2";"Exp60_270_IS30436";"Exp60_270_IS30436";NA;"2023-10-21 08:31:00";-5316390
"886407";"27:5:2";"Exp60_270_IS30436";"Exp60_270_IS30436";NA;"2023-10-21 08:47:00";-5376100
"886408";"27:5:2";"Exp60_270_IS30436";"Exp60_270_IS30436";NA;"2023-10-21 09:01:00";-5457310
"886409";"27:5:2";"Exp60_270_IS30436";"Exp60_270_IS30436";NA;"2023-10-21 09:17:00";-5525300
"886410";"27:5:2";"Exp60_270_IS30436";"Exp60_270_IS30436";NA;"2023-10-21 09:31:00";-5656680
"886411";"27:5:2";"Exp60_270_IS30436";"Exp60_270_IS30436";NA;"2023-10-21 09:47:00";-5757910
"886412";"27:5:2";"Exp60_270_IS30436";"Exp60_270_IS30436";NA;"2023-10-21 10:01:00";-5819670
"886413";"27:5:2";"Exp60_270_IS30436";"Exp60_270_IS30436";NA;"2023-10-21 10:32:00";-5969180
"886414";"27:5:2";"Exp60_270_IS30436";"Exp60_270_IS30436";NA;"2023-10-21 10:46:00";-6010960
"886415";"27:5:2";"Exp60_270_IS30436";"Exp60_270_IS30436";NA;"2023-10-21 17:01:00";-5823130
"886416";"27:5:2";"Exp60_270_IS30436";"Exp60_270_IS30436";NA;"2023-10-21 17:32:00";-5632510
"886417";"27:5:2";"Exp60_270_IS30436";"Exp60_270_IS30436";NA;"2023-10-21 17:46:00";-5623340
"886418";"27:5:2";"Exp60_270_IS30436";"Exp60_270_IS30436";NA;"2023-10-21 18:02:00";-5576200
"886419";"27:5:2";"Exp60_270_IS30436";"Exp60_270_IS30436";NA;"2023-10-21 18:16:00";-5528080
"886420";"27:5:2";"Exp60_270_IS30436";"Exp60_270_IS30436";NA;"2023-10-21 18:32:00";-5494110
"886421";"27:5:2";"Exp60_270_IS30436";"Exp60_270_IS30436";NA;"2023-10-21 18:46:00";-5456100
"886422";"27:5:2";"Exp60_270_IS30436";"Exp60_270_IS30436";NA;"2023-10-21 19:02:00";-5451540
"886423";"27:5:2";"Exp60_270_IS30436";"Exp60_270_IS30436";NA;"2023-10-21 19:16:00";-5438380
"886424";"27:5:2";"Exp60_270_IS30436";"Exp60_270_IS30436";NA;"2023-10-21 19:32:00";-5412270
"886425";"27:5:2";"Exp60_270_IS30436";"Exp60_270_IS30436";NA;"2023-10-21 19:46:00";-5397330
"886426";"27:5:2";"Exp60_270_IS30436";"Exp60_270_IS30436";NA;"2023-10-21 20:02:00";-5398960
"886427";"27:5:2";"Exp60_270_IS30436";"Exp60_270_IS30436";NA;"2023-10-21 20:16:00";-5359320
"886428";"27:5:2";"Exp60_270_IS30436";"Exp60_270_IS30436";NA;"2023-10-21 20:32:00";-5361320
"886429";"27:5:2";"Exp60_270_IS30436";"Exp60_270_IS30436";NA;"2023-10-21 20:46:00";-5329920
"886430";"27:6:1";"Exp60_22_IS2834";"Exp60_22_IS2834";NA;"2023-09-22 10:17:00";76922,9
"886431";"27:6:1";"Exp60_22_IS2834";"Exp60_22_IS2834";NA;"2023-09-22 10:31:00";76906,2
"886432";"27:6:1";"Exp60_22_IS2834";"Exp60_22_IS2834";NA;"2023-09-22 10:47:00";76869,8
"886433";"27:6:1";"Exp60_22_IS2834";"Exp60_22_IS2834";NA;"2023-09-22 11:01:00";76866,6
"886434";"27:6:1";"Exp60_22_IS2834";"Exp60_22_IS2834";NA;"2023-09-22 11:32:00";76821,4
"886435";"27:6:1";"Exp60_22_IS2834";"Exp60_22_IS2834";NA;"2023-09-22 11:46:00";76788,8
"886436";"27:6:1";"Exp60_22_IS2834";"Exp60_22_IS2834";NA;"2023-09-22 12:02:00";76771,1
"886437";"27:6:1";"Exp60_22_IS2834";"Exp60_22_IS2834";NA;"2023-09-22 12:16:00";76756,2
"886438";"27:6:1";"Exp60_22_IS2834";"Exp60_22_IS2834";NA;"2023-09-22 12:32:00";76727,2
"886439";"27:6:1";"Exp60_22_IS2834";"Exp60_22_IS2834";NA;"2023-09-22 12:46:00";76712,2
"886440";"27:6:1";"Exp60_22_IS2834";"Exp60_22_IS2834";NA;"2023-09-22 13:02:00";76694
"886441";"27:6:1";"Exp60_22_IS2834";"Exp60_22_IS2834";NA;"2023-09-22 13:16:00";76678,3
"886442";"27:6:1";"Exp60_22_IS2834";"Exp60_22_IS2834";NA;"2023-09-22 13:32:00";76661,9
"886443";"27:6:1";"Exp60_22_IS2834";"Exp60_22_IS2834";NA;"2023-09-22 13:46:00";76633,6
"886444";"27:6:1";"Exp60_22_IS2834";"Exp60_22_IS2834";NA;"2023-09-22 20:31:00";76469,4
"886445";"27:6:1";"Exp60_22_IS2834";"Exp60_22_IS2834";NA;"2023-09-22 20:47:00";76463,5
"886446";"27:6:1";"Exp60_22_IS2834";"Exp60_22_IS2834";NA;"2023-09-22 21:01:00";76468,9
"886447";"27:6:1";"Exp60_22_IS2834";"Exp60_22_IS2834";NA;"2023-09-22 21:17:00";76466
"886448";"27:6:1";"Exp60_22_IS2834";"Exp60_22_IS2834";NA;"2023-09-22 21:31:00";76471,9
"886449";"27:6:1";"Exp60_22_IS2834";"Exp60_22_IS2834";NA;"2023-09-22 21:47:00";76465,2
"886450";"27:6:1";"Exp60_22_IS2834";"Exp60_22_IS2834";NA;"2023-09-22 22:01:00";76462,9
"886451";"27:6:1";"Exp60_22_IS2834";"Exp60_22_IS2834";NA;"2023-09-22 22:17:00";76473,1
"886452";"27:6:1";"Exp60_22_IS2834";"Exp60_22_IS2834";NA;"2023-09-22 22:31:00";76470,8
"886453";"27:6:1";"Exp60_22_IS2834";"Exp60_22_IS2834";NA;"2023-09-22 22:47:00";76472,9
"886454";"27:6:1";"Exp60_22_IS2834";"Exp60_22_IS2834";NA;"2023-09-22 23:01:00";76472,3
"886455";"27:6:1";"Exp60_22_IS2834";"Exp60_22_IS2834";NA;"2023-09-22 23:17:00";76474,2
"886456";"27:6:1";"Exp60_22_IS2834";"Exp60_22_IS2834";NA;"2023-09-22 23:31:00";76472,1
"886457";"27:6:1";"Exp60_22_IS2834";"Exp60_22_IS2834";NA;"2023-09-22 23:47:00";76473,2
"886458";"27:6:1";"Exp60_22_IS2834";"Exp60_22_IS2834";NA;"2023-09-23 00:01:00";76467,9
"886459";"27:6:1";"Exp60_22_IS2834";"Exp60_22_IS2834";NA;"2023-09-23 00:17:00";76468,6
"886460";"27:6:1";"Exp60_22_IS2834";"Exp60_22_IS2834";NA;"2023-09-23 01:01:00";76473
"886461";"27:6:1";"Exp60_22_IS2834";"Exp60_22_IS2834";NA;"2023-09-23 01:17:00";76468
"886462";"27:6:1";"Exp60_22_IS2834";"Exp60_22_IS2834";NA;"2023-09-23 01:31:00";76475,6
"886463";"27:6:1";"Exp60_22_IS2834";"Exp60_22_IS2834";NA;"2023-09-23 01:47:00";76460,6
"886464";"27:6:1";"Exp60_22_IS2834";"Exp60_22_IS2834";NA;"2023-09-23 02:01:00";76456
"886465";"27:6:1";"Exp60_22_IS2834";"Exp60_22_IS2834";NA;"2023-09-23 02:17:00";76449,1
"886466";"27:6:1";"Exp60_22_IS2834";"Exp60_22_IS2834";NA;"2023-09-23 02:31:00";76456,7
"886467";"27:6:1";"Exp60_22_IS2834";"Exp60_22_IS2834";NA;"2023-09-23 02:47:00";76459,1
"886468";"27:6:1";"Exp60_22_IS2834";"Exp60_22_IS2834";NA;"2023-09-23 03:01:00";76452,9
"886469";"27:6:1";"Exp60_22_IS2834";"Exp60_22_IS2834";NA;"2023-09-23 03:17:00";76460,7
"886470";"27:6:1";"Exp60_22_IS2834";"Exp60_22_IS2834";NA;"2023-09-23 03:31:00";76459
"886471";"27:6:1";"Exp60_22_IS2834";"Exp60_22_IS2834";NA;"2023-09-23 03:47:00";76457,7
"886472";"27:6:1";"Exp60_22_IS2834";"Exp60_22_IS2834";NA;"2023-09-23 04:16:00";76448,9
"886473";"27:6:1";"Exp60_22_IS2834";"Exp60_22_IS2834";NA;"2023-09-23 04:32:00";76447,9
"886474";"27:6:1";"Exp60_22_IS2834";"Exp60_22_IS2834";NA;"2023-09-23 04:46:00";76456,5
"886475";"27:6:1";"Exp60_22_IS2834";"Exp60_22_IS2834";NA;"2023-09-23 05:02:00";76452,2
"886476";"27:6:1";"Exp60_22_IS2834";"Exp60_22_IS2834";NA;"2023-09-23 05:16:00";76447,1
"886477";"27:6:1";"Exp60_22_IS2834";"Exp60_22_IS2834";NA;"2023-09-23 05:32:00";76443,4
"886478";"27:6:1";"Exp60_22_IS2834";"Exp60_22_IS2834";NA;"2023-09-23 05:46:00";76452,8
"886479";"27:6:1";"Exp60_22_IS2834";"Exp60_22_IS2834";NA;"2023-09-23 06:02:00";76458,6
"886480";"27:6:1";"Exp60_22_IS2834";"Exp60_22_IS2834";NA;"2023-09-23 06:16:00";76457,5
"886481";"27:6:1";"Exp60_22_IS2834";"Exp60_22_IS2834";NA;"2023-09-23 06:32:00";76456,5
"886482";"27:6:1";"Exp60_22_IS2834";"Exp60_22_IS2834";NA;"2023-09-23 06:46:00";76454,6
"886483";"27:6:1";"Exp60_22_IS2834";"Exp60_22_IS2834";NA;"2023-09-23 07:02:00";76435
"886484";"27:6:1";"Exp60_22_IS2834";"Exp60_22_IS2834";NA;"2023-09-23 07:16:00";76407,9
"886485";"27:6:1";"Exp60_22_IS2834";"Exp60_22_IS2834";NA;"2023-09-23 07:32:00";76366,8
"886486";"27:6:1";"Exp60_22_IS2834";"Exp60_22_IS2834";NA;"2023-09-23 07:46:00";76377,1
"886487";"27:6:1";"Exp60_22_IS2834";"Exp60_22_IS2834";NA;"2023-09-23 08:02:00";76363,1
"886488";"27:6:1";"Exp60_22_IS2834";"Exp60_22_IS2834";NA;"2023-09-23 08:16:00";76348,6
"886489";"27:6:1";"Exp60_22_IS2834";"Exp60_22_IS2834";NA;"2023-09-23 08:32:00";76334,5
"886490";"27:6:1";"Exp60_22_IS2834";"Exp60_22_IS2834";NA;"2023-09-23 08:46:00";76327,6
"886491";"27:6:1";"Exp60_22_IS2834";"Exp60_22_IS2834";NA;"2023-09-23 09:02:00";76316,6
"886492";"27:6:1";"Exp60_22_IS2834";"Exp60_22_IS2834";NA;"2023-09-23 09:16:00";76333
"886493";"27:6:1";"Exp60_22_IS2834";"Exp60_22_IS2834";NA;"2023-09-23 14:01:00";76026,6
"886494";"27:6:1";"Exp60_22_IS2834";"Exp60_22_IS2834";NA;"2023-09-23 14:17:00";76000,1
"886495";"27:6:1";"Exp60_22_IS2834";"Exp60_22_IS2834";NA;"2023-09-23 14:31:00";76029,4
"886496";"27:6:1";"Exp60_22_IS2834";"Exp60_22_IS2834";NA;"2023-09-23 14:47:00";75996,2
"886497";"27:6:1";"Exp60_22_IS2834";"Exp60_22_IS2834";NA;"2023-09-23 15:01:00";75983,8
"886498";"27:6:1";"Exp60_22_IS2834";"Exp60_22_IS2834";NA;"2023-09-23 15:32:00";75961,3
"886499";"27:6:1";"Exp60_22_IS2834";"Exp60_22_IS2834";NA;"2023-09-23 15:46:00";75963,1
"886500";"27:6:1";"Exp60_22_IS2834";"Exp60_22_IS2834";NA;"2023-09-23 16:17:00";75955,1
"886501";"27:6:1";"Exp60_22_IS2834";"Exp60_22_IS2834";NA;"2023-09-23 16:31:00";75956,5
"886502";"27:6:1";"Exp60_22_IS2834";"Exp60_22_IS2834";NA;"2023-09-23 16:47:00";75951
"886503";"27:6:1";"Exp60_22_IS2834";"Exp60_22_IS2834";NA;"2023-09-23 17:01:00";75949,7
"886504";"27:6:1";"Exp60_22_IS2834";"Exp60_22_IS2834";NA;"2023-09-23 17:17:00";75947,9
"886505";"27:6:1";"Exp60_22_IS2834";"Exp60_22_IS2834";NA;"2023-09-23 17:31:00";75950,5
"886506";"27:6:1";"Exp60_22_IS2834";"Exp60_22_IS2834";NA;"2023-09-23 17:47:00";75951,8
"886507";"27:6:1";"Exp60_22_IS2834";"Exp60_22_IS2834";NA;"2023-09-23 18:01:00";75949,8
"886508";"27:6:1";"Exp60_22_IS2834";"Exp60_22_IS2834";NA;"2023-09-23 18:17:00";75947,1
"886509";"27:6:1";"Exp60_22_IS2834";"Exp60_22_IS2834";NA;"2023-09-23 18:31:00";75947
"886510";"27:6:1";"Exp60_22_IS2834";"Exp60_22_IS2834";NA;"2023-09-23 18:47:00";75942,7
"886511";"27:6:1";"Exp60_22_IS2834";"Exp60_22_IS2834";NA;"2023-09-23 19:01:00";75939,3
"886512";"27:6:1";"Exp60_22_IS2834";"Exp60_22_IS2834";NA;"2023-09-23 19:17:00";75933,6
"886513";"27:6:1";"Exp60_22_IS2834";"Exp60_22_IS2834";NA;"2023-09-23 19:31:00";75928
"886514";"27:6:1";"Exp60_22_IS2834";"Exp60_22_IS2834";NA;"2023-09-23 20:02:00";75926,8
"886515";"27:6:1";"Exp60_22_IS2834";"Exp60_22_IS2834";NA;"2023-09-23 20:16:00";75925
"886516";"27:6:1";"Exp60_22_IS2834";"Exp60_22_IS2834";NA;"2023-09-23 20:32:00";75921
"886517";"27:6:1";"Exp60_22_IS2834";"Exp60_22_IS2834";NA;"2023-09-23 20:46:00";75920,9
"886518";"27:6:1";"Exp60_22_IS2834";"Exp60_22_IS2834";NA;"2023-09-23 21:02:00";75922,3
"886519";"27:6:1";"Exp60_22_IS2834";"Exp60_22_IS2834";NA;"2023-09-23 21:16:00";75921
"886520";"27:6:1";"Exp60_22_IS2834";"Exp60_22_IS2834";NA;"2023-09-23 21:32:00";75914,7
"886521";"27:6:1";"Exp60_22_IS2834";"Exp60_22_IS2834";NA;"2023-09-23 21:46:00";75911,2
"886522";"27:6:1";"Exp60_22_IS2834";"Exp60_22_IS2834";NA;"2023-09-23 22:02:00";75910,1
"886523";"27:6:1";"Exp60_22_IS2834";"Exp60_22_IS2834";NA;"2023-09-23 22:16:00";75913,5
"886524";"27:6:1";"Exp60_22_IS2834";"Exp60_22_IS2834";NA;"2023-09-23 23:17:00";75905,2
"886525";"27:6:1";"Exp60_22_IS2834";"Exp60_22_IS2834";NA;"2023-09-23 23:31:00";75910,4
"886526";"27:6:1";"Exp60_22_IS2834";"Exp60_22_IS2834";NA;"2023-09-23 23:47:00";75901,5
"886527";"27:6:1";"Exp60_22_IS2834";"Exp60_22_IS2834";NA;"2023-09-24 00:01:00";75901
"886528";"27:6:1";"Exp60_22_IS2834";"Exp60_22_IS2834";NA;"2023-09-24 00:17:00";75905,8
"886529";"27:6:1";"Exp60_22_IS2834";"Exp60_22_IS2834";NA;"2023-09-24 00:31:00";75901,7
"886530";"27:6:1";"Exp60_22_IS2834";"Exp60_22_IS2834";NA;"2023-09-24 00:47:00";75906,6
"886531";"27:6:1";"Exp60_22_IS2834";"Exp60_22_IS2834";NA;"2023-09-24 01:01:00";75904,1
"886532";"27:6:1";"Exp60_22_IS2834";"Exp60_22_IS2834";NA;"2023-09-24 01:17:00";75905
"886533";"27:6:1";"Exp60_22_IS2834";"Exp60_22_IS2834";NA;"2023-09-24 01:31:00";75913
"886534";"27:6:1";"Exp60_22_IS2834";"Exp60_22_IS2834";NA;"2023-09-24 01:47:00";75904,5
"886535";"27:6:1";"Exp60_22_IS2834";"Exp60_22_IS2834";NA;"2023-09-24 02:01:00";75905,3
"886536";"27:6:1";"Exp60_22_IS2834";"Exp60_22_IS2834";NA;"2023-09-24 02:17:00";75906
"886537";"27:6:1";"Exp60_22_IS2834";"Exp60_22_IS2834";NA;"2023-09-24 02:31:00";75908
"886538";"27:6:1";"Exp60_22_IS2834";"Exp60_22_IS2834";NA;"2023-09-24 02:47:00";75899
"886539";"27:6:1";"Exp60_22_IS2834";"Exp60_22_IS2834";NA;"2023-09-24 03:01:00";75903,6
"886540";"27:6:1";"Exp60_22_IS2834";"Exp60_22_IS2834";NA;"2023-09-24 10:01:00";75806,4
"886541";"27:6:1";"Exp60_22_IS2834";"Exp60_22_IS2834";NA;"2023-09-24 10:17:00";75777,4
"886542";"27:6:1";"Exp60_22_IS2834";"Exp60_22_IS2834";NA;"2023-09-24 10:31:00";75761,5
"886543";"27:6:1";"Exp60_22_IS2834";"Exp60_22_IS2834";NA;"2023-09-24 10:47:00";75733,9
"886544";"27:6:1";"Exp60_22_IS2834";"Exp60_22_IS2834";NA;"2023-09-24 11:01:00";75740,6
"886545";"27:6:1";"Exp60_22_IS2834";"Exp60_22_IS2834";NA;"2023-09-24 11:17:00";75741,7
"886546";"27:6:1";"Exp60_22_IS2834";"Exp60_22_IS2834";NA;"2023-09-24 11:31:00";75725,9
"886547";"27:6:1";"Exp60_22_IS2834";"Exp60_22_IS2834";NA;"2023-09-24 11:47:00";75713,8
"886548";"27:6:1";"Exp60_22_IS2834";"Exp60_22_IS2834";NA;"2023-09-24 12:01:00";75682
"886549";"27:6:1";"Exp60_22_IS2834";"Exp60_22_IS2834";NA;"2023-09-24 12:17:00";75668,2
"886550";"27:6:1";"Exp60_22_IS2834";"Exp60_22_IS2834";NA;"2023-09-24 12:31:00";75674,9
"886551";"27:6:1";"Exp60_22_IS2834";"Exp60_22_IS2834";NA;"2023-09-24 12:47:00";75681,5
"886552";"27:6:1";"Exp60_22_IS2834";"Exp60_22_IS2834";NA;"2023-09-24 13:01:00";75676,3
"886553";"27:6:1";"Exp60_22_IS2834";"Exp60_22_IS2834";NA;"2023-09-24 13:17:00";75663,9
"886554";"27:6:1";"Exp60_22_IS2834";"Exp60_22_IS2834";NA;"2023-09-24 13:31:00";75651,6
"886555";"27:6:1";"Exp60_22_IS2834";"Exp60_22_IS2834";NA;"2023-09-24 13:47:00";75673,5
"886556";"27:6:1";"Exp60_22_IS2834";"Exp60_22_IS2834";NA;"2023-09-24 14:01:00";75667,9
"886557";"27:6:1";"Exp60_22_IS2834";"Exp60_22_IS2834";NA;"2023-09-24 14:17:00";75678,7
"886558";"27:6:1";"Exp60_22_IS2834";"Exp60_22_IS2834";NA;"2023-09-24 14:31:00";75733,2
"886559";"27:6:1";"Exp60_22_IS2834";"Exp60_22_IS2834";NA;"2023-09-24 14:47:00";75703,1
"886560";"27:6:1";"Exp60_22_IS2834";"Exp60_22_IS2834";NA;"2023-09-24 15:01:00";75679,1
"886561";"27:6:1";"Exp60_22_IS2834";"Exp60_22_IS2834";NA;"2023-09-24 15:17:00";75672,8
"886562";"27:6:1";"Exp60_22_IS2834";"Exp60_22_IS2834";NA;"2023-09-24 15:31:00";75655,4
"886563";"27:6:1";"Exp60_22_IS2834";"Exp60_22_IS2834";NA;"2023-09-24 15:47:00";75638,4
"886564";"27:6:1";"Exp60_22_IS2834";"Exp60_22_IS2834";NA;"2023-09-24 16:01:00";75621
"886565";"27:6:1";"Exp60_22_IS2834";"Exp60_22_IS2834";NA;"2023-09-24 22:31:00";75771,9
"886566";"27:6:1";"Exp60_22_IS2834";"Exp60_22_IS2834";NA;"2023-09-24 22:47:00";75771,7
"886567";"27:6:1";"Exp60_22_IS2834";"Exp60_22_IS2834";NA;"2023-09-24 23:01:00";75768,7
"886568";"27:6:1";"Exp60_22_IS2834";"Exp60_22_IS2834";NA;"2023-09-24 23:17:00";75768,3
"886569";"27:6:1";"Exp60_22_IS2834";"Exp60_22_IS2834";NA;"2023-09-24 23:31:00";75768,7
"886570";"27:6:1";"Exp60_22_IS2834";"Exp60_22_IS2834";NA;"2023-09-24 23:47:00";75773,6
"886571";"27:6:1";"Exp60_22_IS2834";"Exp60_22_IS2834";NA;"2023-09-25 00:01:00";75773,9
"886572";"27:6:1";"Exp60_22_IS2834";"Exp60_22_IS2834";NA;"2023-09-25 00:17:00";75770,1
"886573";"27:6:1";"Exp60_22_IS2834";"Exp60_22_IS2834";NA;"2023-09-25 00:31:00";75771,3
"886574";"27:6:1";"Exp60_22_IS2834";"Exp60_22_IS2834";NA;"2023-09-25 00:47:00";75770,5
"886575";"27:6:1";"Exp60_22_IS2834";"Exp60_22_IS2834";NA;"2023-09-25 01:01:00";75769,2
"886576";"27:6:1";"Exp60_22_IS2834";"Exp60_22_IS2834";NA;"2023-09-25 01:17:00";75766,2
"886577";"27:6:1";"Exp60_22_IS2834";"Exp60_22_IS2834";NA;"2023-09-25 01:31:00";75772,6
"886578";"27:6:1";"Exp60_22_IS2834";"Exp60_22_IS2834";NA;"2023-09-25 01:47:00";75769,2
"886579";"27:6:1";"Exp60_22_IS2834";"Exp60_22_IS2834";NA;"2023-09-25 02:01:00";75761,8
"886580";"27:6:1";"Exp60_22_IS2834";"Exp60_22_IS2834";NA;"2023-09-25 03:02:00";75755,3
"886581";"27:6:1";"Exp60_22_IS2834";"Exp60_22_IS2834";NA;"2023-09-25 03:16:00";75759,7
"886582";"27:6:1";"Exp60_22_IS2834";"Exp60_22_IS2834";NA;"2023-09-25 04:32:00";75758,7
"886583";"27:6:1";"Exp60_22_IS2834";"Exp60_22_IS2834";NA;"2023-09-25 04:46:00";75754,2
"886584";"27:6:1";"Exp60_22_IS2834";"Exp60_22_IS2834";NA;"2023-09-25 05:17:00";75748,6
"886585";"27:6:1";"Exp60_22_IS2834";"Exp60_22_IS2834";NA;"2023-09-25 05:31:00";75754,6
"886586";"27:6:1";"Exp60_22_IS2834";"Exp60_22_IS2834";NA;"2023-09-25 05:47:00";75756,6
"886587";"27:6:1";"Exp60_22_IS2834";"Exp60_22_IS2834";NA;"2023-09-25 06:01:00";75757,1
"886588";"27:6:1";"Exp60_22_IS2834";"Exp60_22_IS2834";NA;"2023-09-25 06:17:00";75756,3
"886589";"27:6:1";"Exp60_22_IS2834";"Exp60_22_IS2834";NA;"2023-09-25 06:31:00";75754,8
"886590";"27:6:1";"Exp60_22_IS2834";"Exp60_22_IS2834";NA;"2023-09-25 06:47:00";75740
"886591";"27:6:1";"Exp60_22_IS2834";"Exp60_22_IS2834";NA;"2023-09-25 07:01:00";75740,9
"886592";"27:6:1";"Exp60_22_IS2834";"Exp60_22_IS2834";NA;"2023-09-25 07:17:00";75730,5
"886593";"27:6:1";"Exp60_22_IS2834";"Exp60_22_IS2834";NA;"2023-09-25 07:31:00";75725
"886594";"27:6:1";"Exp60_22_IS2834";"Exp60_22_IS2834";NA;"2023-09-25 07:47:00";75716,6
"886595";"27:6:1";"Exp60_22_IS2834";"Exp60_22_IS2834";NA;"2023-09-25 08:01:00";75715
"886596";"27:6:1";"Exp60_22_IS2834";"Exp60_22_IS2834";NA;"2023-09-25 14:46:00";75393
"886597";"27:6:1";"Exp60_22_IS2834";"Exp60_22_IS2834";NA;"2023-09-25 15:02:00";75386,4
"886598";"27:6:1";"Exp60_22_IS2834";"Exp60_22_IS2834";NA;"2023-09-25 15:16:00";75360,1
"886599";"27:6:1";"Exp60_22_IS2834";"Exp60_22_IS2834";NA;"2023-09-25 15:32:00";75354,9
"886600";"27:6:1";"Exp60_22_IS2834";"Exp60_22_IS2834";NA;"2023-09-25 15:46:00";75343,9
"886601";"27:6:1";"Exp60_22_IS2834";"Exp60_22_IS2834";NA;"2023-09-25 16:02:00";75332,8
"886602";"27:6:1";"Exp60_22_IS2834";"Exp60_22_IS2834";NA;"2023-09-25 17:16:00";75335,1
"886603";"27:6:1";"Exp60_22_IS2834";"Exp60_22_IS2834";NA;"2023-09-25 17:32:00";75339,3
"886604";"27:6:1";"Exp60_22_IS2834";"Exp60_22_IS2834";NA;"2023-09-25 17:46:00";75336,7
"886605";"27:6:1";"Exp60_22_IS2834";"Exp60_22_IS2834";NA;"2023-09-25 18:02:00";75339,9
"886606";"27:6:1";"Exp60_22_IS2834";"Exp60_22_IS2834";NA;"2023-09-25 19:01:00";75330,8
"886607";"27:6:1";"Exp60_22_IS2834";"Exp60_22_IS2834";NA;"2023-09-25 19:17:00";75333,2
"886608";"27:6:1";"Exp60_22_IS2834";"Exp60_22_IS2834";NA;"2023-09-25 19:31:00";75332,4
"886609";"27:6:1";"Exp60_22_IS2834";"Exp60_22_IS2834";NA;"2023-09-25 19:47:00";75335,6
"886610";"27:6:1";"Exp60_22_IS2834";"Exp60_22_IS2834";NA;"2023-09-25 20:01:00";75334,5
"886611";"27:6:1";"Exp60_22_IS2834";"Exp60_22_IS2834";NA;"2023-09-25 20:17:00";75330,4
"886612";"27:6:1";"Exp60_22_IS2834";"Exp60_22_IS2834";NA;"2023-09-25 20:31:00";75327,5
"886613";"27:6:1";"Exp60_22_IS2834";"Exp60_22_IS2834";NA;"2023-09-25 20:47:00";75333,1
"886614";"27:6:1";"Exp60_22_IS2834";"Exp60_22_IS2834";NA;"2023-09-25 21:16:00";75327,7
"886615";"27:6:1";"Exp60_22_IS2834";"Exp60_22_IS2834";NA;"2023-09-25 21:32:00";75327
"886616";"27:6:1";"Exp60_22_IS2834";"Exp60_22_IS2834";NA;"2023-09-25 21:46:00";75326,9
"886617";"27:6:1";"Exp60_22_IS2834";"Exp60_22_IS2834";NA;"2023-09-25 22:02:00";75329,6
"886618";"27:6:1";"Exp60_22_IS2834";"Exp60_22_IS2834";NA;"2023-09-25 22:16:00";75331,1
"886619";"27:6:1";"Exp60_22_IS2834";"Exp60_22_IS2834";NA;"2023-09-25 22:32:00";75332,4
"886620";"27:6:1";"Exp60_22_IS2834";"Exp60_22_IS2834";NA;"2023-09-25 22:46:00";75330,3
"886621";"27:6:1";"Exp60_22_IS2834";"Exp60_22_IS2834";NA;"2023-09-25 23:02:00";75333,6
"886622";"27:6:1";"Exp60_22_IS2834";"Exp60_22_IS2834";NA;"2023-09-25 23:16:00";75323
"886623";"27:6:1";"Exp60_22_IS2834";"Exp60_22_IS2834";NA;"2023-09-25 23:32:00";75322,4
"886624";"27:6:1";"Exp60_22_IS2834";"Exp60_22_IS2834";NA;"2023-09-25 23:46:00";75326,8
"886625";"27:6:1";"Exp60_22_IS2834";"Exp60_22_IS2834";NA;"2023-09-26 00:02:00";75322,9
"886626";"27:6:1";"Exp60_22_IS2834";"Exp60_22_IS2834";NA;"2023-09-26 00:16:00";75323,4
"886627";"27:6:1";"Exp60_22_IS2834";"Exp60_22_IS2834";NA;"2023-09-26 00:32:00";75327,7
"886628";"27:6:1";"Exp60_22_IS2834";"Exp60_22_IS2834";NA;"2023-09-26 00:46:00";75319,6
"886629";"27:6:1";"Exp60_22_IS2834";"Exp60_22_IS2834";NA;"2023-09-26 01:02:00";75318,7
"886630";"27:6:1";"Exp60_22_IS2834";"Exp60_22_IS2834";NA;"2023-09-26 01:16:00";75312
"886631";"27:6:1";"Exp60_22_IS2834";"Exp60_22_IS2834";NA;"2023-09-26 01:32:00";75317,8
"886632";"27:6:1";"Exp60_22_IS2834";"Exp60_22_IS2834";NA;"2023-09-26 01:46:00";75316,6
"886633";"27:6:1";"Exp60_22_IS2834";"Exp60_22_IS2834";NA;"2023-09-26 02:02:00";75318,4
"886634";"27:6:1";"Exp60_22_IS2834";"Exp60_22_IS2834";NA;"2023-09-26 02:16:00";75321,3
"886635";"27:6:1";"Exp60_22_IS2834";"Exp60_22_IS2834";NA;"2023-09-26 02:32:00";75315,3
"886636";"27:6:1";"Exp60_22_IS2834";"Exp60_22_IS2834";NA;"2023-09-26 02:46:00";75313,8
"886637";"27:6:1";"Exp60_22_IS2834";"Exp60_22_IS2834";NA;"2023-09-26 03:02:00";75314
"886638";"27:6:1";"Exp60_22_IS2834";"Exp60_22_IS2834";NA;"2023-09-26 03:16:00";75316
"886639";"27:6:1";"Exp60_22_IS2834";"Exp60_22_IS2834";NA;"2023-09-26 03:32:00";75317,1
"886640";"27:6:1";"Exp60_22_IS2834";"Exp60_22_IS2834";NA;"2023-09-26 03:46:00";75313,1
"886641";"27:6:1";"Exp60_22_IS2834";"Exp60_22_IS2834";NA;"2023-09-26 04:02:00";75310,9
"886642";"27:6:1";"Exp60_22_IS2834";"Exp60_22_IS2834";NA;"2023-09-26 04:16:00";75307,5
"886643";"27:6:1";"Exp60_22_IS2834";"Exp60_22_IS2834";NA;"2023-09-26 04:32:00";75311,4
"886644";"27:6:1";"Exp60_22_IS2834";"Exp60_22_IS2834";NA;"2023-09-26 04:46:00";75306,6
"886645";"27:6:1";"Exp60_22_IS2834";"Exp60_22_IS2834";NA;"2023-09-26 05:02:00";75308,3
"886646";"27:6:1";"Exp60_22_IS2834";"Exp60_22_IS2834";NA;"2023-09-26 05:16:00";75304,2
"886647";"27:6:1";"Exp60_22_IS2834";"Exp60_22_IS2834";NA;"2023-09-26 05:32:00";75302,8
"886648";"27:6:1";"Exp60_22_IS2834";"Exp60_22_IS2834";NA;"2023-09-26 05:46:00";75299,9
"886649";"27:6:1";"Exp60_22_IS2834";"Exp60_22_IS2834";NA;"2023-09-26 06:02:00";75305,4
"886650";"27:6:1";"Exp60_22_IS2834";"Exp60_22_IS2834";NA;"2023-09-26 06:16:00";75305,2
"886651";"27:6:1";"Exp60_22_IS2834";"Exp60_22_IS2834";NA;"2023-09-26 06:32:00";75299,1
"886652";"27:6:1";"Exp60_22_IS2834";"Exp60_22_IS2834";NA;"2023-09-26 06:46:00";75297,1
"886653";"27:6:1";"Exp60_22_IS2834";"Exp60_22_IS2834";NA;"2023-09-26 07:02:00";75293,4
"886654";"27:6:1";"Exp60_22_IS2834";"Exp60_22_IS2834";NA;"2023-09-26 07:16:00";75294,2
"886655";"27:6:1";"Exp60_22_IS2834";"Exp60_22_IS2834";NA;"2023-09-26 07:47:00";75284,8
"886656";"27:6:1";"Exp60_22_IS2834";"Exp60_22_IS2834";NA;"2023-09-26 08:01:00";75279,9
"886657";"27:6:1";"Exp60_22_IS2834";"Exp60_22_IS2834";NA;"2023-09-26 08:17:00";75277,6
"886658";"27:6:1";"Exp60_22_IS2834";"Exp60_22_IS2834";NA;"2023-09-26 08:31:00";75273,4
"886659";"27:6:1";"Exp60_22_IS2834";"Exp60_22_IS2834";NA;"2023-09-26 09:02:00";75256,4
"886660";"27:6:1";"Exp60_22_IS2834";"Exp60_22_IS2834";NA;"2023-09-26 09:16:00";75254,6
"886661";"27:6:1";"Exp60_22_IS2834";"Exp60_22_IS2834";NA;"2023-09-26 09:32:00";75248,5
"886662";"27:6:1";"Exp60_22_IS2834";"Exp60_22_IS2834";NA;"2023-09-26 09:46:00";75103,9
"886663";"27:6:1";"Exp60_22_IS2834";"Exp60_22_IS2834";NA;"2023-09-26 10:02:00";75231,6
"886664";"27:6:1";"Exp60_22_IS2834";"Exp60_22_IS2834";NA;"2023-09-26 10:16:00";75221,2
"886665";"27:6:1";"Exp60_22_IS2834";"Exp60_22_IS2834";NA;"2023-09-26 10:32:00";75204,4
"886666";"27:6:1";"Exp60_22_IS2834";"Exp60_22_IS2834";NA;"2023-09-26 10:46:00";75192,9
"886667";"27:6:1";"Exp60_22_IS2834";"Exp60_22_IS2834";NA;"2023-09-26 11:02:00";75184,8
"886668";"27:6:1";"Exp60_22_IS2834";"Exp60_22_IS2834";NA;"2023-09-26 11:16:00";75173,8
"886669";"27:6:1";"Exp60_22_IS2834";"Exp60_22_IS2834";NA;"2023-09-26 11:47:00";75135,9
"886670";"27:6:1";"Exp60_22_IS2834";"Exp60_22_IS2834";NA;"2023-09-26 12:01:00";75124,5
"886671";"27:6:1";"Exp60_22_IS2834";"Exp60_22_IS2834";NA;"2023-09-26 12:17:00";75112,3
"886672";"27:6:1";"Exp60_22_IS2834";"Exp60_22_IS2834";NA;"2023-09-26 12:31:00";75100,6
"886673";"27:6:1";"Exp60_22_IS2834";"Exp60_22_IS2834";NA;"2023-09-26 12:47:00";75090,5
"886674";"27:6:1";"Exp60_22_IS2834";"Exp60_22_IS2834";NA;"2023-09-26 13:01:00";75072
"886675";"27:6:1";"Exp60_22_IS2834";"Exp60_22_IS2834";NA;"2023-09-26 13:32:00";75054,2
"886676";"27:6:1";"Exp60_22_IS2834";"Exp60_22_IS2834";NA;"2023-09-26 13:46:00";75038,7
"886677";"27:6:1";"Exp60_22_IS2834";"Exp60_22_IS2834";NA;"2023-09-26 14:02:00";75027,1
"886678";"27:6:1";"Exp60_22_IS2834";"Exp60_22_IS2834";NA;"2023-09-26 14:16:00";75019
"886679";"27:6:1";"Exp60_22_IS2834";"Exp60_22_IS2834";NA;"2023-09-26 14:32:00";75002,8
"886680";"27:6:1";"Exp60_22_IS2834";"Exp60_22_IS2834";NA;"2023-09-26 14:46:00";74990,3
"886681";"27:6:1";"Exp60_22_IS2834";"Exp60_22_IS2834";NA;"2023-09-26 15:02:00";74974,1
"886682";"27:6:1";"Exp60_22_IS2834";"Exp60_22_IS2834";NA;"2023-09-26 15:16:00";74964,6
"886683";"27:6:1";"Exp60_22_IS2834";"Exp60_22_IS2834";NA;"2023-09-26 15:32:00";74951,7
"886684";"27:6:1";"Exp60_22_IS2834";"Exp60_22_IS2834";NA;"2023-09-26 15:46:00";74984,8
"886685";"27:6:1";"Exp60_22_IS2834";"Exp60_22_IS2834";NA;"2023-09-26 16:02:00";75758,4
"886686";"27:6:1";"Exp60_22_IS2834";"Exp60_22_IS2834";NA;"2023-09-26 16:16:00";76246,4
"886687";"27:6:1";"Exp60_22_IS2834";"Exp60_22_IS2834";NA;"2023-09-26 22:01:00";76103,4
"886688";"27:6:1";"Exp60_22_IS2834";"Exp60_22_IS2834";NA;"2023-09-26 22:17:00";76100,3
"886689";"27:6:1";"Exp60_22_IS2834";"Exp60_22_IS2834";NA;"2023-09-26 22:31:00";76100,1
"886690";"27:6:1";"Exp60_22_IS2834";"Exp60_22_IS2834";NA;"2023-09-26 22:47:00";76095,9
"886691";"27:6:1";"Exp60_22_IS2834";"Exp60_22_IS2834";NA;"2023-09-26 23:01:00";76096,7
"886692";"27:6:1";"Exp60_22_IS2834";"Exp60_22_IS2834";NA;"2023-09-26 23:17:00";76090,5
"886693";"27:6:1";"Exp60_22_IS2834";"Exp60_22_IS2834";NA;"2023-09-26 23:31:00";76094,7
"886694";"27:6:1";"Exp60_22_IS2834";"Exp60_22_IS2834";NA;"2023-09-26 23:47:00";76090,9
"886695";"27:6:1";"Exp60_22_IS2834";"Exp60_22_IS2834";NA;"2023-09-27 00:31:00";76090,6
"886696";"27:6:1";"Exp60_22_IS2834";"Exp60_22_IS2834";NA;"2023-09-27 00:47:00";76087,1
"886697";"27:6:1";"Exp60_22_IS2834";"Exp60_22_IS2834";NA;"2023-09-27 01:01:00";76087,9
"886698";"27:6:1";"Exp60_22_IS2834";"Exp60_22_IS2834";NA;"2023-09-27 01:17:00";76086,8
"886699";"27:6:1";"Exp60_22_IS2834";"Exp60_22_IS2834";NA;"2023-09-27 01:31:00";76090,2
"886700";"27:6:1";"Exp60_22_IS2834";"Exp60_22_IS2834";NA;"2023-09-27 01:47:00";76088,1
"886701";"27:6:1";"Exp60_22_IS2834";"Exp60_22_IS2834";NA;"2023-09-27 02:01:00";76089,1
"886702";"27:6:1";"Exp60_22_IS2834";"Exp60_22_IS2834";NA;"2023-09-27 02:17:00";76085,2
"886703";"27:6:1";"Exp60_22_IS2834";"Exp60_22_IS2834";NA;"2023-09-27 02:31:00";76084,4
"886704";"27:6:1";"Exp60_22_IS2834";"Exp60_22_IS2834";NA;"2023-09-27 02:47:00";76080,5
"886705";"27:6:1";"Exp60_22_IS2834";"Exp60_22_IS2834";NA;"2023-09-27 03:01:00";76081,8
"886706";"27:6:1";"Exp60_22_IS2834";"Exp60_22_IS2834";NA;"2023-09-27 03:17:00";76083
"886707";"27:6:1";"Exp60_22_IS2834";"Exp60_22_IS2834";NA;"2023-09-27 03:31:00";76082,1
"886708";"27:6:1";"Exp60_22_IS2834";"Exp60_22_IS2834";NA;"2023-09-27 03:47:00";76079,6
"886709";"27:6:1";"Exp60_22_IS2834";"Exp60_22_IS2834";NA;"2023-09-27 04:01:00";76087,7
"886710";"27:6:1";"Exp60_22_IS2834";"Exp60_22_IS2834";NA;"2023-09-27 04:17:00";76079,1
"886711";"27:6:1";"Exp60_22_IS2834";"Exp60_22_IS2834";NA;"2023-09-27 04:31:00";76082,7
"886712";"27:6:1";"Exp60_22_IS2834";"Exp60_22_IS2834";NA;"2023-09-27 04:47:00";76087,9
"886713";"27:6:1";"Exp60_22_IS2834";"Exp60_22_IS2834";NA;"2023-09-27 05:01:00";76081,9
"886714";"27:6:1";"Exp60_22_IS2834";"Exp60_22_IS2834";NA;"2023-09-27 05:17:00";76083
"886715";"27:6:1";"Exp60_22_IS2834";"Exp60_22_IS2834";NA;"2023-09-27 05:31:00";76081,8
"886716";"27:6:1";"Exp60_22_IS2834";"Exp60_22_IS2834";NA;"2023-09-27 05:47:00";76078,9
"886717";"27:6:1";"Exp60_22_IS2834";"Exp60_22_IS2834";NA;"2023-09-27 06:01:00";76083,3
"886718";"27:6:1";"Exp60_22_IS2834";"Exp60_22_IS2834";NA;"2023-09-27 06:17:00";76080,4
"886719";"27:6:1";"Exp60_22_IS2834";"Exp60_22_IS2834";NA;"2023-09-27 06:31:00";76077,2
"886720";"27:6:1";"Exp60_22_IS2834";"Exp60_22_IS2834";NA;"2023-09-27 06:47:00";76075,8
"886721";"27:6:1";"Exp60_22_IS2834";"Exp60_22_IS2834";NA;"2023-09-27 07:01:00";76065,2
"886722";"27:6:1";"Exp60_22_IS2834";"Exp60_22_IS2834";NA;"2023-09-27 07:32:00";76064
"886723";"27:6:1";"Exp60_22_IS2834";"Exp60_22_IS2834";NA;"2023-09-27 07:46:00";76055,5
"886724";"27:6:1";"Exp60_22_IS2834";"Exp60_22_IS2834";NA;"2023-09-27 08:02:00";76048,4
"886725";"27:6:1";"Exp60_22_IS2834";"Exp60_22_IS2834";NA;"2023-09-27 08:16:00";76044,2
"886726";"27:6:1";"Exp60_22_IS2834";"Exp60_22_IS2834";NA;"2023-09-27 08:32:00";76032,4
"886727";"27:6:1";"Exp60_22_IS2834";"Exp60_22_IS2834";NA;"2023-09-27 08:46:00";76015,9
"886728";"27:6:1";"Exp60_22_IS2834";"Exp60_22_IS2834";NA;"2023-09-27 09:02:00";76011,8
"886729";"27:6:1";"Exp60_22_IS2834";"Exp60_22_IS2834";NA;"2023-09-27 09:16:00";75989,4
"886730";"27:6:1";"Exp60_22_IS2834";"Exp60_22_IS2834";NA;"2023-09-27 15:46:00";76395,6
"886731";"27:6:1";"Exp60_22_IS2834";"Exp60_22_IS2834";NA;"2023-09-27 16:02:00";77150,5
"886732";"27:6:1";"Exp60_22_IS2834";"Exp60_22_IS2834";NA;"2023-09-27 16:16:00";77328,3
"886733";"27:6:1";"Exp60_22_IS2834";"Exp60_22_IS2834";NA;"2023-09-27 16:32:00";77048,8
"886734";"27:6:1";"Exp60_22_IS2834";"Exp60_22_IS2834";NA;"2023-09-27 16:46:00";76890,4
"886735";"27:6:1";"Exp60_22_IS2834";"Exp60_22_IS2834";NA;"2023-09-27 17:17:00";76672,3
"886736";"27:6:1";"Exp60_22_IS2834";"Exp60_22_IS2834";NA;"2023-09-27 17:31:00";76607,1
"886737";"27:6:1";"Exp60_22_IS2834";"Exp60_22_IS2834";NA;"2023-09-27 17:47:00";76554,4
"886738";"27:6:1";"Exp60_22_IS2834";"Exp60_22_IS2834";NA;"2023-09-27 18:01:00";76514,4
"886739";"27:6:1";"Exp60_22_IS2834";"Exp60_22_IS2834";NA;"2023-09-27 18:17:00";76482,5
"886740";"27:6:1";"Exp60_22_IS2834";"Exp60_22_IS2834";NA;"2023-09-27 18:31:00";76456,9
"886741";"27:6:1";"Exp60_22_IS2834";"Exp60_22_IS2834";NA;"2023-09-27 18:47:00";76436,4
"886742";"27:6:1";"Exp60_22_IS2834";"Exp60_22_IS2834";NA;"2023-09-27 19:01:00";76416,1
"886743";"27:6:1";"Exp60_22_IS2834";"Exp60_22_IS2834";NA;"2023-09-27 19:17:00";76410,2
"886744";"27:6:1";"Exp60_22_IS2834";"Exp60_22_IS2834";NA;"2023-09-27 19:31:00";76411,8
"886745";"27:6:1";"Exp60_22_IS2834";"Exp60_22_IS2834";NA;"2023-09-27 19:47:00";76431,5
"886746";"27:6:1";"Exp60_22_IS2834";"Exp60_22_IS2834";NA;"2023-09-27 20:01:00";76431,2
"886747";"27:6:1";"Exp60_22_IS2834";"Exp60_22_IS2834";NA;"2023-09-27 20:17:00";76442,5
"886748";"27:6:1";"Exp60_22_IS2834";"Exp60_22_IS2834";NA;"2023-09-27 20:31:00";76434,1
"886749";"27:6:1";"Exp60_22_IS2834";"Exp60_22_IS2834";NA;"2023-09-27 20:47:00";76430,4
"886750";"27:6:1";"Exp60_22_IS2834";"Exp60_22_IS2834";NA;"2023-09-27 21:01:00";76429,8
"886751";"27:6:1";"Exp60_22_IS2834";"Exp60_22_IS2834";NA;"2023-09-28 01:31:00";76376,1
"886752";"27:6:1";"Exp60_22_IS2834";"Exp60_22_IS2834";NA;"2023-09-28 01:47:00";76373,9
"886753";"27:6:1";"Exp60_22_IS2834";"Exp60_22_IS2834";NA;"2023-09-28 02:01:00";76371,4
"886754";"27:6:1";"Exp60_22_IS2834";"Exp60_22_IS2834";NA;"2023-09-28 02:17:00";76374,3
"886755";"27:6:1";"Exp60_22_IS2834";"Exp60_22_IS2834";NA;"2023-09-28 02:31:00";76371
"886756";"27:6:1";"Exp60_22_IS2834";"Exp60_22_IS2834";NA;"2023-09-28 03:17:00";76368,4
"886757";"27:6:1";"Exp60_22_IS2834";"Exp60_22_IS2834";NA;"2023-09-28 03:31:00";76365
"886758";"27:6:1";"Exp60_22_IS2834";"Exp60_22_IS2834";NA;"2023-09-28 03:47:00";76364,9
"886759";"27:6:1";"Exp60_22_IS2834";"Exp60_22_IS2834";NA;"2023-09-28 04:01:00";76362,7
"886760";"27:6:1";"Exp60_22_IS2834";"Exp60_22_IS2834";NA;"2023-09-28 04:17:00";76363,3
"886761";"27:6:1";"Exp60_22_IS2834";"Exp60_22_IS2834";NA;"2023-09-28 04:31:00";76363
"886762";"27:6:1";"Exp60_22_IS2834";"Exp60_22_IS2834";NA;"2023-09-28 04:47:00";76365,9
"886763";"27:6:1";"Exp60_22_IS2834";"Exp60_22_IS2834";NA;"2023-09-28 05:01:00";76363,2
"886764";"27:6:1";"Exp60_22_IS2834";"Exp60_22_IS2834";NA;"2023-09-28 05:17:00";76359,2
"886765";"27:6:1";"Exp60_22_IS2834";"Exp60_22_IS2834";NA;"2023-09-28 05:31:00";76357,2
"886766";"27:6:1";"Exp60_22_IS2834";"Exp60_22_IS2834";NA;"2023-09-28 05:47:00";76359,3
"886767";"27:6:1";"Exp60_22_IS2834";"Exp60_22_IS2834";NA;"2023-09-28 06:01:00";76362,6
"886768";"27:6:1";"Exp60_22_IS2834";"Exp60_22_IS2834";NA;"2023-09-28 06:17:00";76358,5
"886769";"27:6:1";"Exp60_22_IS2834";"Exp60_22_IS2834";NA;"2023-09-28 07:16:00";76346,8
"886770";"27:6:1";"Exp60_22_IS2834";"Exp60_22_IS2834";NA;"2023-09-28 07:32:00";76339,7
"886771";"27:6:1";"Exp60_22_IS2834";"Exp60_22_IS2834";NA;"2023-09-28 08:16:00";76302,2
"886772";"27:6:1";"Exp60_22_IS2834";"Exp60_22_IS2834";NA;"2023-09-28 08:47:00";76283,8
"886773";"27:6:1";"Exp60_22_IS2834";"Exp60_22_IS2834";NA;"2023-09-28 09:01:00";76258,7
"886774";"27:6:1";"Exp60_22_IS2834";"Exp60_22_IS2834";NA;"2023-09-28 16:16:00";75759,2
"886775";"27:6:1";"Exp60_22_IS2834";"Exp60_22_IS2834";NA;"2023-09-28 16:47:00";75760,6
"886776";"27:6:1";"Exp60_22_IS2834";"Exp60_22_IS2834";NA;"2023-09-28 17:01:00";75749,2
"886777";"27:6:1";"Exp60_22_IS2834";"Exp60_22_IS2834";NA;"2023-09-28 17:17:00";75728,5
"886778";"27:6:1";"Exp60_22_IS2834";"Exp60_22_IS2834";NA;"2023-09-28 17:31:00";75713,7
"886779";"27:6:1";"Exp60_22_IS2834";"Exp60_22_IS2834";NA;"2023-09-28 18:02:00";75705,1
"886780";"27:6:1";"Exp60_22_IS2834";"Exp60_22_IS2834";NA;"2023-09-28 18:16:00";75750,6
"886781";"27:6:1";"Exp60_22_IS2834";"Exp60_22_IS2834";NA;"2023-09-28 18:32:00";75828,4
"886782";"27:6:1";"Exp60_22_IS2834";"Exp60_22_IS2834";NA;"2023-09-28 18:46:00";75839,5
"886783";"27:6:1";"Exp60_22_IS2834";"Exp60_22_IS2834";NA;"2023-09-28 19:02:00";75846,8
"886784";"27:6:1";"Exp60_22_IS2834";"Exp60_22_IS2834";NA;"2023-09-28 19:16:00";75842
"886785";"27:6:1";"Exp60_22_IS2834";"Exp60_22_IS2834";NA;"2023-09-28 19:32:00";75840,2
"886786";"27:6:1";"Exp60_22_IS2834";"Exp60_22_IS2834";NA;"2023-09-28 19:46:00";75826,3
"886787";"27:6:1";"Exp60_22_IS2834";"Exp60_22_IS2834";NA;"2023-09-28 20:02:00";75822,4
"886788";"27:6:1";"Exp60_22_IS2834";"Exp60_22_IS2834";NA;"2023-09-28 20:16:00";75821,4
"886789";"27:6:1";"Exp60_22_IS2834";"Exp60_22_IS2834";NA;"2023-09-28 20:32:00";75812,1
"886790";"27:6:1";"Exp60_22_IS2834";"Exp60_22_IS2834";NA;"2023-09-28 20:46:00";75809,6
"886791";"27:6:1";"Exp60_22_IS2834";"Exp60_22_IS2834";NA;"2023-09-28 21:02:00";75821,9
"886792";"27:6:1";"Exp60_22_IS2834";"Exp60_22_IS2834";NA;"2023-09-28 21:16:00";75817,6
"886793";"27:6:1";"Exp60_22_IS2834";"Exp60_22_IS2834";NA;"2023-09-28 21:32:00";75810,6
"886794";"27:6:1";"Exp60_22_IS2834";"Exp60_22_IS2834";NA;"2023-09-28 21:46:00";75808,6
"886795";"27:6:1";"Exp60_22_IS2834";"Exp60_22_IS2834";NA;"2023-09-28 22:17:00";75805,3
"886796";"27:6:1";"Exp60_22_IS2834";"Exp60_22_IS2834";NA;"2023-09-28 22:31:00";75800,3
"886797";"27:6:1";"Exp60_22_IS2834";"Exp60_22_IS2834";NA;"2023-09-28 22:47:00";75798,7
"886798";"27:6:1";"Exp60_22_IS2834";"Exp60_22_IS2834";NA;"2023-09-28 23:01:00";75800
"886799";"27:6:1";"Exp60_22_IS2834";"Exp60_22_IS2834";NA;"2023-09-28 23:17:00";75794
"886800";"27:6:1";"Exp60_22_IS2834";"Exp60_22_IS2834";NA;"2023-09-28 23:31:00";75798
"886801";"27:6:1";"Exp60_22_IS2834";"Exp60_22_IS2834";NA;"2023-09-29 00:17:00";75799
"886802";"27:6:1";"Exp60_22_IS2834";"Exp60_22_IS2834";NA;"2023-09-29 00:31:00";75798,1
"886803";"27:6:1";"Exp60_22_IS2834";"Exp60_22_IS2834";NA;"2023-09-29 00:47:00";75785,6
"886804";"27:6:1";"Exp60_22_IS2834";"Exp60_22_IS2834";NA;"2023-09-29 01:01:00";75790,9
"886805";"27:6:1";"Exp60_22_IS2834";"Exp60_22_IS2834";NA;"2023-09-29 01:17:00";75789,3
"886806";"27:6:1";"Exp60_22_IS2834";"Exp60_22_IS2834";NA;"2023-09-29 01:31:00";75788,1
"886807";"27:6:1";"Exp60_22_IS2834";"Exp60_22_IS2834";NA;"2023-09-29 01:47:00";75790,2
"886808";"27:6:1";"Exp60_22_IS2834";"Exp60_22_IS2834";NA;"2023-09-29 02:01:00";75787,4
"886809";"27:6:1";"Exp60_22_IS2834";"Exp60_22_IS2834";NA;"2023-09-29 02:17:00";75787,5
"886810";"27:6:1";"Exp60_22_IS2834";"Exp60_22_IS2834";NA;"2023-09-29 02:31:00";75784
"886811";"27:6:1";"Exp60_22_IS2834";"Exp60_22_IS2834";NA;"2023-09-29 02:47:00";75796,9
"886812";"27:6:1";"Exp60_22_IS2834";"Exp60_22_IS2834";NA;"2023-09-29 03:01:00";75794,5
"886813";"27:6:1";"Exp60_22_IS2834";"Exp60_22_IS2834";NA;"2023-09-29 03:47:00";75787,3
"886814";"27:6:1";"Exp60_22_IS2834";"Exp60_22_IS2834";NA;"2023-09-29 04:01:00";75791,2
"886815";"27:6:1";"Exp60_22_IS2834";"Exp60_22_IS2834";NA;"2023-09-29 04:17:00";75784
"886816";"27:6:1";"Exp60_22_IS2834";"Exp60_22_IS2834";NA;"2023-09-29 04:31:00";75784,8
"886817";"27:6:1";"Exp60_22_IS2834";"Exp60_22_IS2834";NA;"2023-09-29 12:31:00";75530,3
"886818";"27:6:1";"Exp60_22_IS2834";"Exp60_22_IS2834";NA;"2023-09-29 18:46:00";75309
"886819";"27:6:1";"Exp60_22_IS2834";"Exp60_22_IS2834";NA;"2023-09-29 19:17:00";75306,5
"886820";"27:6:1";"Exp60_22_IS2834";"Exp60_22_IS2834";NA;"2023-09-29 19:31:00";75307,5
"886821";"27:6:1";"Exp60_22_IS2834";"Exp60_22_IS2834";NA;"2023-09-29 19:47:00";75307,7
"886822";"27:6:1";"Exp60_22_IS2834";"Exp60_22_IS2834";NA;"2023-09-29 20:01:00";75308,6
"886823";"27:6:1";"Exp60_22_IS2834";"Exp60_22_IS2834";NA;"2023-09-29 20:17:00";75304,3
"886824";"27:6:1";"Exp60_22_IS2834";"Exp60_22_IS2834";NA;"2023-09-29 20:31:00";75303,5
"886825";"27:6:1";"Exp60_22_IS2834";"Exp60_22_IS2834";NA;"2023-09-29 21:02:00";75299,8
"886826";"27:6:1";"Exp60_22_IS2834";"Exp60_22_IS2834";NA;"2023-09-29 21:16:00";75302,9
"886827";"27:6:1";"Exp60_22_IS2834";"Exp60_22_IS2834";NA;"2023-09-29 21:32:00";75301,5
"886828";"27:6:1";"Exp60_22_IS2834";"Exp60_22_IS2834";NA;"2023-09-29 21:46:00";75301,5
"886829";"27:6:1";"Exp60_22_IS2834";"Exp60_22_IS2834";NA;"2023-09-29 22:02:00";75300,4
"886830";"27:6:1";"Exp60_22_IS2834";"Exp60_22_IS2834";NA;"2023-09-29 22:16:00";75299,2
"886831";"27:6:1";"Exp60_22_IS2834";"Exp60_22_IS2834";NA;"2023-09-29 22:32:00";75298,1
"886832";"27:6:1";"Exp60_22_IS2834";"Exp60_22_IS2834";NA;"2023-09-29 22:46:00";75294,1
"886833";"27:6:1";"Exp60_22_IS2834";"Exp60_22_IS2834";NA;"2023-09-29 23:02:00";75292,6
"886834";"27:6:1";"Exp60_22_IS2834";"Exp60_22_IS2834";NA;"2023-09-29 23:16:00";75290,9
"886835";"27:6:1";"Exp60_22_IS2834";"Exp60_22_IS2834";NA;"2023-09-29 23:32:00";75291,4
"886836";"27:6:1";"Exp60_22_IS2834";"Exp60_22_IS2834";NA;"2023-09-29 23:46:00";75291,8
"886837";"27:6:1";"Exp60_22_IS2834";"Exp60_22_IS2834";NA;"2023-09-30 00:02:00";75288
"886838";"27:6:1";"Exp60_22_IS2834";"Exp60_22_IS2834";NA;"2023-09-30 00:16:00";75289,5
"886839";"27:6:1";"Exp60_22_IS2834";"Exp60_22_IS2834";NA;"2023-09-30 00:32:00";75288,6
"886840";"27:6:1";"Exp60_22_IS2834";"Exp60_22_IS2834";NA;"2023-09-30 00:46:00";75284,6
"886841";"27:6:1";"Exp60_22_IS2834";"Exp60_22_IS2834";NA;"2023-09-30 01:02:00";75284,9
"886842";"27:6:1";"Exp60_22_IS2834";"Exp60_22_IS2834";NA;"2023-09-30 01:16:00";75284,3
"886843";"27:6:1";"Exp60_22_IS2834";"Exp60_22_IS2834";NA;"2023-09-30 01:32:00";75286,5
"886844";"27:6:1";"Exp60_22_IS2834";"Exp60_22_IS2834";NA;"2023-09-30 01:46:00";75401,8
"886845";"27:6:1";"Exp60_22_IS2834";"Exp60_22_IS2834";NA;"2023-09-30 08:46:00";75424,4
"886846";"27:6:1";"Exp60_22_IS2834";"Exp60_22_IS2834";NA;"2023-09-30 09:02:00";75396,7
"886847";"27:6:1";"Exp60_22_IS2834";"Exp60_22_IS2834";NA;"2023-09-30 09:16:00";75390,4
"886848";"27:6:1";"Exp60_22_IS2834";"Exp60_22_IS2834";NA;"2023-09-30 09:32:00";75373,4
"886849";"27:6:1";"Exp60_22_IS2834";"Exp60_22_IS2834";NA;"2023-09-30 09:46:00";75359,9
"886850";"27:6:1";"Exp60_22_IS2834";"Exp60_22_IS2834";NA;"2023-09-30 10:02:00";75341,5
"886851";"27:6:1";"Exp60_22_IS2834";"Exp60_22_IS2834";NA;"2023-09-30 10:16:00";75324,7
"886852";"27:6:1";"Exp60_22_IS2834";"Exp60_22_IS2834";NA;"2023-09-30 10:32:00";75321,2
"886853";"27:6:1";"Exp60_22_IS2834";"Exp60_22_IS2834";NA;"2023-09-30 10:46:00";75319,9
"886854";"27:6:1";"Exp60_22_IS2834";"Exp60_22_IS2834";NA;"2023-09-30 11:02:00";75290,3
"886855";"27:6:1";"Exp60_22_IS2834";"Exp60_22_IS2834";NA;"2023-09-30 11:16:00";75248,5
"886856";"27:6:1";"Exp60_22_IS2834";"Exp60_22_IS2834";NA;"2023-09-30 11:32:00";75259,6
"886857";"27:6:1";"Exp60_22_IS2834";"Exp60_22_IS2834";NA;"2023-09-30 11:46:00";75205,4
"886858";"27:6:1";"Exp60_22_IS2834";"Exp60_22_IS2834";NA;"2023-09-30 19:01:00";76505,8
"886859";"27:6:1";"Exp60_22_IS2834";"Exp60_22_IS2834";NA;"2023-09-30 19:17:00";76497,5
"886860";"27:6:1";"Exp60_22_IS2834";"Exp60_22_IS2834";NA;"2023-09-30 19:31:00";76486
"886861";"27:6:1";"Exp60_22_IS2834";"Exp60_22_IS2834";NA;"2023-09-30 19:47:00";76474,5
"886862";"27:6:1";"Exp60_22_IS2834";"Exp60_22_IS2834";NA;"2023-09-30 20:01:00";76465,7
"886863";"27:6:1";"Exp60_22_IS2834";"Exp60_22_IS2834";NA;"2023-09-30 20:17:00";76456,4
"886864";"27:6:1";"Exp60_22_IS2834";"Exp60_22_IS2834";NA;"2023-09-30 20:31:00";76454,2
"886865";"27:6:1";"Exp60_22_IS2834";"Exp60_22_IS2834";NA;"2023-09-30 20:47:00";76446,7
"886866";"27:6:1";"Exp60_22_IS2834";"Exp60_22_IS2834";NA;"2023-09-30 21:01:00";76442,6
"886867";"27:6:1";"Exp60_22_IS2834";"Exp60_22_IS2834";NA;"2023-09-30 21:32:00";76433,4
"886868";"27:6:1";"Exp60_22_IS2834";"Exp60_22_IS2834";NA;"2023-09-30 21:46:00";76432
"886869";"27:6:1";"Exp60_22_IS2834";"Exp60_22_IS2834";NA;"2023-09-30 22:02:00";76426,5
"886870";"27:6:1";"Exp60_22_IS2834";"Exp60_22_IS2834";NA;"2023-09-30 22:16:00";76419,5
"886871";"27:6:1";"Exp60_22_IS2834";"Exp60_22_IS2834";NA;"2023-09-30 22:32:00";76413,6
"886872";"27:6:1";"Exp60_22_IS2834";"Exp60_22_IS2834";NA;"2023-09-30 22:46:00";76409,4
"886873";"27:6:1";"Exp60_22_IS2834";"Exp60_22_IS2834";NA;"2023-09-30 23:02:00";76405,8
"886874";"27:6:1";"Exp60_22_IS2834";"Exp60_22_IS2834";NA;"2023-09-30 23:16:00";76405,2
"886875";"27:6:1";"Exp60_22_IS2834";"Exp60_22_IS2834";NA;"2023-09-30 23:32:00";76402,6
"886876";"27:6:1";"Exp60_22_IS2834";"Exp60_22_IS2834";NA;"2023-09-30 23:46:00";76402,1
"886877";"27:6:1";"Exp60_22_IS2834";"Exp60_22_IS2834";NA;"2023-10-01 00:02:00";76395,7
"886878";"27:6:1";"Exp60_22_IS2834";"Exp60_22_IS2834";NA;"2023-10-01 00:16:00";76392,6
"886879";"27:6:1";"Exp60_22_IS2834";"Exp60_22_IS2834";NA;"2023-10-01 00:32:00";76392,3
"886880";"27:6:1";"Exp60_22_IS2834";"Exp60_22_IS2834";NA;"2023-10-01 01:16:00";76384,8
"886881";"27:6:1";"Exp60_22_IS2834";"Exp60_22_IS2834";NA;"2023-10-01 01:32:00";76383
"886882";"27:6:1";"Exp60_22_IS2834";"Exp60_22_IS2834";NA;"2023-10-01 01:46:00";76381,7
"886883";"27:6:1";"Exp60_22_IS2834";"Exp60_22_IS2834";NA;"2023-10-01 02:02:00";76379,7
"886884";"27:6:1";"Exp60_22_IS2834";"Exp60_22_IS2834";NA;"2023-10-01 02:16:00";76379,4
"886885";"27:6:1";"Exp60_22_IS2834";"Exp60_22_IS2834";NA;"2023-10-01 02:32:00";76378
"886886";"27:6:1";"Exp60_22_IS2834";"Exp60_22_IS2834";NA;"2023-10-01 02:46:00";76377,2
"886887";"27:6:1";"Exp60_22_IS2834";"Exp60_22_IS2834";NA;"2023-10-01 09:31:00";76261,1
"886888";"27:6:1";"Exp60_22_IS2834";"Exp60_22_IS2834";NA;"2023-10-01 09:47:00";76236,5
"886889";"27:6:1";"Exp60_22_IS2834";"Exp60_22_IS2834";NA;"2023-10-01 10:01:00";76216
"886890";"27:6:1";"Exp60_22_IS2834";"Exp60_22_IS2834";NA;"2023-10-01 10:17:00";76190,7
"886891";"27:6:1";"Exp60_22_IS2834";"Exp60_22_IS2834";NA;"2023-10-01 10:31:00";76173
"886892";"27:6:1";"Exp60_22_IS2834";"Exp60_22_IS2834";NA;"2023-10-01 10:47:00";76143,2
"886893";"27:6:1";"Exp60_22_IS2834";"Exp60_22_IS2834";NA;"2023-10-01 11:01:00";76133,1
"886894";"27:6:1";"Exp60_22_IS2834";"Exp60_22_IS2834";NA;"2023-10-01 17:46:00";75754,8
"886895";"27:6:1";"Exp60_22_IS2834";"Exp60_22_IS2834";NA;"2023-10-01 18:02:00";75753,9
"886896";"27:6:1";"Exp60_22_IS2834";"Exp60_22_IS2834";NA;"2023-10-01 18:16:00";75753,1
"886897";"27:6:1";"Exp60_22_IS2834";"Exp60_22_IS2834";NA;"2023-10-01 18:32:00";75754,7
"886898";"27:6:1";"Exp60_22_IS2834";"Exp60_22_IS2834";NA;"2023-10-01 18:46:00";75750,9
"886899";"27:6:1";"Exp60_22_IS2834";"Exp60_22_IS2834";NA;"2023-10-01 19:02:00";75748
"886900";"27:6:1";"Exp60_22_IS2834";"Exp60_22_IS2834";NA;"2023-10-01 19:16:00";75747,4
"886901";"27:6:1";"Exp60_22_IS2834";"Exp60_22_IS2834";NA;"2023-10-01 19:32:00";75744,4
"886902";"27:6:1";"Exp60_22_IS2834";"Exp60_22_IS2834";NA;"2023-10-01 19:46:00";75737,5
"886903";"27:6:1";"Exp60_22_IS2834";"Exp60_22_IS2834";NA;"2023-10-01 20:02:00";75737,3
"886904";"27:6:1";"Exp60_22_IS2834";"Exp60_22_IS2834";NA;"2023-10-01 20:16:00";75738
"886905";"27:6:1";"Exp60_22_IS2834";"Exp60_22_IS2834";NA;"2023-10-01 20:32:00";75737,2
"886906";"27:6:1";"Exp60_22_IS2834";"Exp60_22_IS2834";NA;"2023-10-01 20:46:00";75735,5
"886907";"27:6:1";"Exp60_22_IS2834";"Exp60_22_IS2834";NA;"2023-10-01 21:02:00";75736,9
"886908";"27:6:1";"Exp60_22_IS2834";"Exp60_22_IS2834";NA;"2023-10-01 21:16:00";75723,7
"886909";"27:6:1";"Exp60_22_IS2834";"Exp60_22_IS2834";NA;"2023-10-01 21:32:00";75725,2
"886910";"27:6:1";"Exp60_22_IS2834";"Exp60_22_IS2834";NA;"2023-10-01 21:46:00";75724,6
"886911";"27:6:1";"Exp60_22_IS2834";"Exp60_22_IS2834";NA;"2023-10-01 22:02:00";75724,1
"886912";"27:6:1";"Exp60_22_IS2834";"Exp60_22_IS2834";NA;"2023-10-01 22:16:00";75725,9
"886913";"27:6:1";"Exp60_22_IS2834";"Exp60_22_IS2834";NA;"2023-10-01 22:32:00";75722,2
"886914";"27:6:1";"Exp60_22_IS2834";"Exp60_22_IS2834";NA;"2023-10-01 22:46:00";75723,1
"886915";"27:6:1";"Exp60_22_IS2834";"Exp60_22_IS2834";NA;"2023-10-01 23:17:00";75721,4
"886916";"27:6:1";"Exp60_22_IS2834";"Exp60_22_IS2834";NA;"2023-10-01 23:31:00";75721
"886917";"27:6:1";"Exp60_22_IS2834";"Exp60_22_IS2834";NA;"2023-10-02 07:01:00";75681,2
"886918";"27:6:1";"Exp60_22_IS2834";"Exp60_22_IS2834";NA;"2023-10-02 07:17:00";75677,3
"886919";"27:6:1";"Exp60_22_IS2834";"Exp60_22_IS2834";NA;"2023-10-02 07:31:00";75671,6
"886920";"27:6:1";"Exp60_22_IS2834";"Exp60_22_IS2834";NA;"2023-10-02 07:47:00";75666,9
"886921";"27:6:1";"Exp60_22_IS2834";"Exp60_22_IS2834";NA;"2023-10-02 08:01:00";75658
"886922";"27:6:1";"Exp60_22_IS2834";"Exp60_22_IS2834";NA;"2023-10-02 08:17:00";75652
"886923";"27:6:1";"Exp60_22_IS2834";"Exp60_22_IS2834";NA;"2023-10-02 08:31:00";75642,9
"886924";"27:6:1";"Exp60_22_IS2834";"Exp60_22_IS2834";NA;"2023-10-02 08:47:00";75636,4
"886925";"27:6:1";"Exp60_22_IS2834";"Exp60_22_IS2834";NA;"2023-10-02 09:01:00";75627,4
"886926";"27:6:1";"Exp60_22_IS2834";"Exp60_22_IS2834";NA;"2023-10-02 09:17:00";75623,9
"886927";"27:6:1";"Exp60_22_IS2834";"Exp60_22_IS2834";NA;"2023-10-02 09:31:00";75613,4
"886928";"27:6:1";"Exp60_22_IS2834";"Exp60_22_IS2834";NA;"2023-10-02 09:47:00";75608
"886929";"27:6:1";"Exp60_22_IS2834";"Exp60_22_IS2834";NA;"2023-10-02 10:01:00";75597,7
"886930";"27:6:1";"Exp60_22_IS2834";"Exp60_22_IS2834";NA;"2023-10-02 10:32:00";75582,6
"886931";"27:6:1";"Exp60_22_IS2834";"Exp60_22_IS2834";NA;"2023-10-02 10:46:00";75583,2
"886932";"27:6:1";"Exp60_22_IS2834";"Exp60_22_IS2834";NA;"2023-10-02 11:17:00";75557,4
"886933";"27:6:1";"Exp60_22_IS2834";"Exp60_22_IS2834";NA;"2023-10-02 11:31:00";75551,2
"886934";"27:6:1";"Exp60_22_IS2834";"Exp60_22_IS2834";NA;"2023-10-02 11:47:00";75539
"886935";"27:6:1";"Exp60_22_IS2834";"Exp60_22_IS2834";NA;"2023-10-02 12:01:00";75528,3
"886936";"27:6:1";"Exp60_22_IS2834";"Exp60_22_IS2834";NA;"2023-10-02 12:17:00";75519,2
"886937";"27:6:1";"Exp60_22_IS2834";"Exp60_22_IS2834";NA;"2023-10-02 12:31:00";75504
"886938";"27:6:1";"Exp60_22_IS2834";"Exp60_22_IS2834";NA;"2023-10-02 12:47:00";75486
"886939";"27:6:1";"Exp60_22_IS2834";"Exp60_22_IS2834";NA;"2023-10-02 13:01:00";75483,5
"886940";"27:6:1";"Exp60_22_IS2834";"Exp60_22_IS2834";NA;"2023-10-02 13:17:00";75461
"886941";"27:6:1";"Exp60_22_IS2834";"Exp60_22_IS2834";NA;"2023-10-02 13:31:00";75446,6
"886942";"27:6:1";"Exp60_22_IS2834";"Exp60_22_IS2834";NA;"2023-10-02 13:47:00";75435,1
"886943";"27:6:1";"Exp60_22_IS2834";"Exp60_22_IS2834";NA;"2023-10-02 14:01:00";75421,2
"886944";"27:6:1";"Exp60_22_IS2834";"Exp60_22_IS2834";NA;"2023-10-02 14:17:00";75409,2
"886945";"27:6:1";"Exp60_22_IS2834";"Exp60_22_IS2834";NA;"2023-10-02 14:31:00";75399,4
"886946";"27:6:1";"Exp60_22_IS2834";"Exp60_22_IS2834";NA;"2023-10-02 14:47:00";75386,4
"886947";"27:6:1";"Exp60_22_IS2834";"Exp60_22_IS2834";NA;"2023-10-02 15:01:00";75377,4
"886948";"27:6:1";"Exp60_22_IS2834";"Exp60_22_IS2834";NA;"2023-10-02 15:32:00";75362,4
"886949";"27:6:1";"Exp60_22_IS2834";"Exp60_22_IS2834";NA;"2023-10-02 15:46:00";75354,6
"886950";"27:6:1";"Exp60_22_IS2834";"Exp60_22_IS2834";NA;"2023-10-02 16:02:00";75346
"886951";"27:6:1";"Exp60_22_IS2834";"Exp60_22_IS2834";NA;"2023-10-02 16:16:00";75341,8
"886952";"27:6:1";"Exp60_22_IS2834";"Exp60_22_IS2834";NA;"2023-10-02 23:01:00";75319,4
"886953";"27:6:1";"Exp60_22_IS2834";"Exp60_22_IS2834";NA;"2023-10-02 23:17:00";75317,5
"886954";"27:6:1";"Exp60_22_IS2834";"Exp60_22_IS2834";NA;"2023-10-02 23:31:00";75312,2
"886955";"27:6:1";"Exp60_22_IS2834";"Exp60_22_IS2834";NA;"2023-10-02 23:47:00";75313,4
"886956";"27:6:1";"Exp60_22_IS2834";"Exp60_22_IS2834";NA;"2023-10-03 00:01:00";75317,4
"886957";"27:6:1";"Exp60_22_IS2834";"Exp60_22_IS2834";NA;"2023-10-03 00:17:00";75316,2
"886958";"27:6:1";"Exp60_22_IS2834";"Exp60_22_IS2834";NA;"2023-10-03 00:31:00";75315,4
"886959";"27:6:1";"Exp60_22_IS2834";"Exp60_22_IS2834";NA;"2023-10-03 00:47:00";75312,3
"886960";"27:6:1";"Exp60_22_IS2834";"Exp60_22_IS2834";NA;"2023-10-03 01:01:00";75308,6
"886961";"27:6:1";"Exp60_22_IS2834";"Exp60_22_IS2834";NA;"2023-10-03 01:17:00";75306
"886962";"27:6:1";"Exp60_22_IS2834";"Exp60_22_IS2834";NA;"2023-10-03 01:31:00";75304,9
"886963";"27:6:1";"Exp60_22_IS2834";"Exp60_22_IS2834";NA;"2023-10-03 01:47:00";75307,1
"886964";"27:6:1";"Exp60_22_IS2834";"Exp60_22_IS2834";NA;"2023-10-03 02:01:00";75307,1
"886965";"27:6:1";"Exp60_22_IS2834";"Exp60_22_IS2834";NA;"2023-10-03 02:17:00";75307,9
"886966";"27:6:1";"Exp60_22_IS2834";"Exp60_22_IS2834";NA;"2023-10-03 02:31:00";75306,7
"886967";"27:6:1";"Exp60_22_IS2834";"Exp60_22_IS2834";NA;"2023-10-03 03:47:00";75300,4
"886968";"27:6:1";"Exp60_22_IS2834";"Exp60_22_IS2834";NA;"2023-10-03 04:01:00";75301,3
"886969";"27:6:1";"Exp60_22_IS2834";"Exp60_22_IS2834";NA;"2023-10-03 04:17:00";75302,8
"886970";"27:6:1";"Exp60_22_IS2834";"Exp60_22_IS2834";NA;"2023-10-03 04:31:00";75297,9
"886971";"27:6:1";"Exp60_22_IS2834";"Exp60_22_IS2834";NA;"2023-10-03 04:47:00";75288,3
"886972";"27:6:1";"Exp60_22_IS2834";"Exp60_22_IS2834";NA;"2023-10-03 05:01:00";75285,9
"886973";"27:6:1";"Exp60_22_IS2834";"Exp60_22_IS2834";NA;"2023-10-03 05:17:00";75289,3
"886974";"27:6:1";"Exp60_22_IS2834";"Exp60_22_IS2834";NA;"2023-10-03 06:01:00";75285,9
"886975";"27:6:1";"Exp60_22_IS2834";"Exp60_22_IS2834";NA;"2023-10-03 06:17:00";75284,3
"886976";"27:6:1";"Exp60_22_IS2834";"Exp60_22_IS2834";NA;"2023-10-03 06:31:00";75282,8
"886977";"27:6:1";"Exp60_22_IS2834";"Exp60_22_IS2834";NA;"2023-10-03 06:47:00";75281,8
"886978";"27:6:1";"Exp60_22_IS2834";"Exp60_22_IS2834";NA;"2023-10-03 07:01:00";75278,3
"886979";"27:6:1";"Exp60_22_IS2834";"Exp60_22_IS2834";NA;"2023-10-03 07:17:00";75274,7
"886980";"27:6:1";"Exp60_22_IS2834";"Exp60_22_IS2834";NA;"2023-10-03 07:31:00";75266,7
"886981";"27:6:1";"Exp60_22_IS2834";"Exp60_22_IS2834";NA;"2023-10-03 08:02:00";75255,1
"886982";"27:6:1";"Exp60_22_IS2834";"Exp60_22_IS2834";NA;"2023-10-03 08:16:00";75246,7
"886983";"27:6:1";"Exp60_22_IS2834";"Exp60_22_IS2834";NA;"2023-10-03 08:32:00";75239,8
"886984";"27:6:1";"Exp60_22_IS2834";"Exp60_22_IS2834";NA;"2023-10-03 08:46:00";75225,1
"886985";"27:6:1";"Exp60_22_IS2834";"Exp60_22_IS2834";NA;"2023-10-03 15:16:00";74815,2
"886986";"27:6:1";"Exp60_22_IS2834";"Exp60_22_IS2834";NA;"2023-10-03 21:16:00";76098
"886987";"27:6:1";"Exp60_22_IS2834";"Exp60_22_IS2834";NA;"2023-10-03 22:02:00";76087,7
"886988";"27:6:1";"Exp60_22_IS2834";"Exp60_22_IS2834";NA;"2023-10-03 22:16:00";76086,2
"886989";"27:6:1";"Exp60_22_IS2834";"Exp60_22_IS2834";NA;"2023-10-03 22:32:00";76087,7
"886990";"27:6:1";"Exp60_22_IS2834";"Exp60_22_IS2834";NA;"2023-10-03 22:46:00";76089,9
"886991";"27:6:1";"Exp60_22_IS2834";"Exp60_22_IS2834";NA;"2023-10-03 23:17:00";76096,7
"886992";"27:6:1";"Exp60_22_IS2834";"Exp60_22_IS2834";NA;"2023-10-03 23:31:00";76089
"886993";"27:6:1";"Exp60_22_IS2834";"Exp60_22_IS2834";NA;"2023-10-03 23:47:00";76094,2
"886994";"27:6:1";"Exp60_22_IS2834";"Exp60_22_IS2834";NA;"2023-10-04 00:16:00";76087,8
"886995";"27:6:1";"Exp60_22_IS2834";"Exp60_22_IS2834";NA;"2023-10-04 00:32:00";76086,8
"886996";"27:6:1";"Exp60_22_IS2834";"Exp60_22_IS2834";NA;"2023-10-04 00:46:00";76086,9
"886997";"27:6:1";"Exp60_22_IS2834";"Exp60_22_IS2834";NA;"2023-10-04 01:02:00";76084,4
"886998";"27:6:1";"Exp60_22_IS2834";"Exp60_22_IS2834";NA;"2023-10-04 01:16:00";76083,4
"886999";"27:6:1";"Exp60_22_IS2834";"Exp60_22_IS2834";NA;"2023-10-04 01:32:00";76082,9
"887000";"27:6:1";"Exp60_22_IS2834";"Exp60_22_IS2834";NA;"2023-10-04 01:46:00";76084,4
"887001";"27:6:1";"Exp60_22_IS2834";"Exp60_22_IS2834";NA;"2023-10-04 02:02:00";76082,4
"887002";"27:6:1";"Exp60_22_IS2834";"Exp60_22_IS2834";NA;"2023-10-04 02:16:00";76074,9
"887003";"27:6:1";"Exp60_22_IS2834";"Exp60_22_IS2834";NA;"2023-10-04 02:32:00";76074,6
"887004";"27:6:1";"Exp60_22_IS2834";"Exp60_22_IS2834";NA;"2023-10-04 02:46:00";76077,4
"887005";"27:6:1";"Exp60_22_IS2834";"Exp60_22_IS2834";NA;"2023-10-04 03:17:00";76079,9
"887006";"27:6:1";"Exp60_22_IS2834";"Exp60_22_IS2834";NA;"2023-10-04 03:31:00";76074,9
"887007";"27:6:1";"Exp60_22_IS2834";"Exp60_22_IS2834";NA;"2023-10-04 03:47:00";76070,7
"887008";"27:6:1";"Exp60_22_IS2834";"Exp60_22_IS2834";NA;"2023-10-04 04:01:00";76070,2
"887009";"27:6:1";"Exp60_22_IS2834";"Exp60_22_IS2834";NA;"2023-10-04 04:32:00";76064
"887010";"27:6:1";"Exp60_22_IS2834";"Exp60_22_IS2834";NA;"2023-10-04 04:46:00";76069,9
"887011";"27:6:1";"Exp60_22_IS2834";"Exp60_22_IS2834";NA;"2023-10-04 05:02:00";76060,9
"887012";"27:6:1";"Exp60_22_IS2834";"Exp60_22_IS2834";NA;"2023-10-04 05:16:00";76055
"887013";"27:6:1";"Exp60_22_IS2834";"Exp60_22_IS2834";NA;"2023-10-04 05:32:00";76056
"887014";"27:6:1";"Exp60_22_IS2834";"Exp60_22_IS2834";NA;"2023-10-04 05:46:00";76055,5
"887015";"27:6:1";"Exp60_22_IS2834";"Exp60_22_IS2834";NA;"2023-10-04 06:32:00";76053,1
"887016";"27:6:1";"Exp60_22_IS2834";"Exp60_22_IS2834";NA;"2023-10-04 06:46:00";76045,3
"887017";"27:6:1";"Exp60_22_IS2834";"Exp60_22_IS2834";NA;"2023-10-04 07:17:00";76022,9
"887018";"27:6:1";"Exp60_22_IS2834";"Exp60_22_IS2834";NA;"2023-10-04 07:31:00";76015,3
"887019";"27:6:1";"Exp60_22_IS2834";"Exp60_22_IS2834";NA;"2023-10-04 07:47:00";76009,4
"887020";"27:6:1";"Exp60_22_IS2834";"Exp60_22_IS2834";NA;"2023-10-04 08:01:00";76003,1
"887021";"27:6:1";"Exp60_22_IS2834";"Exp60_22_IS2834";NA;"2023-10-04 08:17:00";75989,2
"887022";"27:6:1";"Exp60_22_IS2834";"Exp60_22_IS2834";NA;"2023-10-04 08:31:00";75981,9
"887023";"27:6:1";"Exp60_22_IS2834";"Exp60_22_IS2834";NA;"2023-10-04 08:47:00";75972,7
"887024";"27:6:1";"Exp60_22_IS2834";"Exp60_22_IS2834";NA;"2023-10-04 09:01:00";75961
"887025";"27:6:1";"Exp60_22_IS2834";"Exp60_22_IS2834";NA;"2023-10-04 09:17:00";75941,6
"887026";"27:6:1";"Exp60_22_IS2834";"Exp60_22_IS2834";NA;"2023-10-04 09:31:00";75922,7
"887027";"27:6:1";"Exp60_22_IS2834";"Exp60_22_IS2834";NA;"2023-10-04 09:47:00";75905,5
"887028";"27:6:1";"Exp60_22_IS2834";"Exp60_22_IS2834";NA;"2023-10-04 10:01:00";75900,7
"887029";"27:6:1";"Exp60_22_IS2834";"Exp60_22_IS2834";NA;"2023-10-04 10:17:00";75877,8
"887030";"27:6:1";"Exp60_22_IS2834";"Exp60_22_IS2834";NA;"2023-10-04 10:31:00";75852,9
"887031";"27:6:1";"Exp60_22_IS2834";"Exp60_22_IS2834";NA;"2023-10-04 10:47:00";75829,8
"887032";"27:6:1";"Exp60_22_IS2834";"Exp60_22_IS2834";NA;"2023-10-04 11:01:00";75809,2
"887033";"27:6:1";"Exp60_22_IS2834";"Exp60_22_IS2834";NA;"2023-10-04 11:17:00";75775,9
"887034";"27:6:1";"Exp60_22_IS2834";"Exp60_22_IS2834";NA;"2023-10-04 11:31:00";75746,8
"887035";"27:6:1";"Exp60_22_IS2834";"Exp60_22_IS2834";NA;"2023-10-04 11:47:00";75716,9
"887036";"27:6:1";"Exp60_22_IS2834";"Exp60_22_IS2834";NA;"2023-10-04 12:01:00";75699,8
"887037";"27:6:1";"Exp60_22_IS2834";"Exp60_22_IS2834";NA;"2023-10-04 12:32:00";75648,2
"887038";"27:6:1";"Exp60_22_IS2834";"Exp60_22_IS2834";NA;"2023-10-04 12:46:00";75625,1
"887039";"27:6:1";"Exp60_22_IS2834";"Exp60_22_IS2834";NA;"2023-10-04 13:02:00";75595,4
"887040";"27:6:1";"Exp60_22_IS2834";"Exp60_22_IS2834";NA;"2023-10-04 13:16:00";75569,8
"887041";"27:6:1";"Exp60_22_IS2834";"Exp60_22_IS2834";NA;"2023-10-04 13:32:00";75555,5
"887042";"27:6:1";"Exp60_22_IS2834";"Exp60_22_IS2834";NA;"2023-10-04 13:46:00";75530,7
"887043";"27:6:1";"Exp60_22_IS2834";"Exp60_22_IS2834";NA;"2023-10-04 21:01:00";75334
"887044";"27:6:1";"Exp60_22_IS2834";"Exp60_22_IS2834";NA;"2023-10-05 03:31:00";75320,4
"887045";"27:6:1";"Exp60_22_IS2834";"Exp60_22_IS2834";NA;"2023-10-05 03:47:00";75322,7
"887046";"27:6:1";"Exp60_22_IS2834";"Exp60_22_IS2834";NA;"2023-10-05 04:01:00";75319,7
"887047";"27:6:1";"Exp60_22_IS2834";"Exp60_22_IS2834";NA;"2023-10-05 04:17:00";75319,9
"887048";"27:6:1";"Exp60_22_IS2834";"Exp60_22_IS2834";NA;"2023-10-05 04:31:00";75315,7
"887049";"27:6:1";"Exp60_22_IS2834";"Exp60_22_IS2834";NA;"2023-10-05 04:47:00";75321,5
"887050";"27:6:1";"Exp60_22_IS2834";"Exp60_22_IS2834";NA;"2023-10-05 05:01:00";75320,4
"887051";"27:6:1";"Exp60_22_IS2834";"Exp60_22_IS2834";NA;"2023-10-05 05:17:00";75320,4
"887052";"27:6:1";"Exp60_22_IS2834";"Exp60_22_IS2834";NA;"2023-10-05 05:31:00";75323,6
"887053";"27:6:1";"Exp60_22_IS2834";"Exp60_22_IS2834";NA;"2023-10-05 05:47:00";75323
"887054";"27:6:1";"Exp60_22_IS2834";"Exp60_22_IS2834";NA;"2023-10-05 06:01:00";75320,1
"887055";"27:6:1";"Exp60_22_IS2834";"Exp60_22_IS2834";NA;"2023-10-05 06:17:00";75319,4
"887056";"27:6:1";"Exp60_22_IS2834";"Exp60_22_IS2834";NA;"2023-10-05 06:31:00";75319,9
"887057";"27:6:1";"Exp60_22_IS2834";"Exp60_22_IS2834";NA;"2023-10-05 06:47:00";75317,8
"887058";"27:6:1";"Exp60_22_IS2834";"Exp60_22_IS2834";NA;"2023-10-05 07:01:00";75314,2
"887059";"27:6:1";"Exp60_22_IS2834";"Exp60_22_IS2834";NA;"2023-10-05 07:17:00";75311,4
"887060";"27:6:1";"Exp60_22_IS2834";"Exp60_22_IS2834";NA;"2023-10-05 07:31:00";75305,2
"887061";"27:6:1";"Exp60_22_IS2834";"Exp60_22_IS2834";NA;"2023-10-05 07:47:00";75298,8
"887062";"27:6:1";"Exp60_22_IS2834";"Exp60_22_IS2834";NA;"2023-10-05 08:01:00";75290,3
"887063";"27:6:1";"Exp60_22_IS2834";"Exp60_22_IS2834";NA;"2023-10-05 08:17:00";75273,7
"887064";"27:6:1";"Exp60_22_IS2834";"Exp60_22_IS2834";NA;"2023-10-05 08:31:00";75263
"887065";"27:6:1";"Exp60_22_IS2834";"Exp60_22_IS2834";NA;"2023-10-05 08:47:00";75248,8
"887066";"27:6:1";"Exp60_22_IS2834";"Exp60_22_IS2834";NA;"2023-10-05 09:01:00";75235,7
"887067";"27:6:1";"Exp60_22_IS2834";"Exp60_22_IS2834";NA;"2023-10-05 09:17:00";75219,1
"887068";"27:6:1";"Exp60_22_IS2834";"Exp60_22_IS2834";NA;"2023-10-05 09:31:00";75207,1
"887069";"27:6:1";"Exp60_22_IS2834";"Exp60_22_IS2834";NA;"2023-10-05 09:47:00";75189,6
"887070";"27:6:1";"Exp60_22_IS2834";"Exp60_22_IS2834";NA;"2023-10-05 10:01:00";75185,8
"887071";"27:6:1";"Exp60_22_IS2834";"Exp60_22_IS2834";NA;"2023-10-05 10:17:00";75166,9
"887072";"27:6:1";"Exp60_22_IS2834";"Exp60_22_IS2834";NA;"2023-10-05 10:31:00";75152,6
"887073";"27:6:1";"Exp60_22_IS2834";"Exp60_22_IS2834";NA;"2023-10-05 10:47:00";75127,3
"887074";"27:6:1";"Exp60_22_IS2834";"Exp60_22_IS2834";NA;"2023-10-05 11:01:00";75121,4
"887075";"27:6:1";"Exp60_22_IS2834";"Exp60_22_IS2834";NA;"2023-10-05 11:17:00";75126,4
"887076";"27:6:1";"Exp60_22_IS2834";"Exp60_22_IS2834";NA;"2023-10-05 11:31:00";75096,3
"887077";"27:6:1";"Exp60_22_IS2834";"Exp60_22_IS2834";NA;"2023-10-05 11:47:00";75058,4
"887078";"27:6:1";"Exp60_22_IS2834";"Exp60_22_IS2834";NA;"2023-10-05 12:01:00";75029,3
"887079";"27:6:1";"Exp60_22_IS2834";"Exp60_22_IS2834";NA;"2023-10-05 18:01:00";74637,9
"887080";"27:6:1";"Exp60_22_IS2834";"Exp60_22_IS2834";NA;"2023-10-05 18:17:00";74634,6
"887081";"27:6:1";"Exp60_22_IS2834";"Exp60_22_IS2834";NA;"2023-10-05 18:31:00";74636,3
"887082";"27:6:1";"Exp60_22_IS2834";"Exp60_22_IS2834";NA;"2023-10-06 00:31:00";74626,7
"887083";"27:6:1";"Exp60_22_IS2834";"Exp60_22_IS2834";NA;"2023-10-06 00:47:00";74623,7
"887084";"27:6:1";"Exp60_22_IS2834";"Exp60_22_IS2834";NA;"2023-10-06 01:01:00";74623
"887085";"27:6:1";"Exp60_22_IS2834";"Exp60_22_IS2834";NA;"2023-10-06 01:17:00";74623,7
"887086";"27:6:1";"Exp60_22_IS2834";"Exp60_22_IS2834";NA;"2023-10-06 01:31:00";74619,5
"887087";"27:6:1";"Exp60_22_IS2834";"Exp60_22_IS2834";NA;"2023-10-06 01:47:00";74619,7
"887088";"27:6:1";"Exp60_22_IS2834";"Exp60_22_IS2834";NA;"2023-10-06 02:01:00";74618,4
"887089";"27:6:1";"Exp60_22_IS2834";"Exp60_22_IS2834";NA;"2023-10-06 02:17:00";74619,6
"887090";"27:6:1";"Exp60_22_IS2834";"Exp60_22_IS2834";NA;"2023-10-06 02:31:00";74619,5
"887091";"27:6:1";"Exp60_22_IS2834";"Exp60_22_IS2834";NA;"2023-10-06 02:47:00";74616,8
"887092";"27:6:1";"Exp60_22_IS2834";"Exp60_22_IS2834";NA;"2023-10-06 03:16:00";74615,3
"887093";"27:6:1";"Exp60_22_IS2834";"Exp60_22_IS2834";NA;"2023-10-06 03:32:00";74614,1
"887094";"27:6:1";"Exp60_22_IS2834";"Exp60_22_IS2834";NA;"2023-10-06 03:46:00";74614,2
"887095";"27:6:1";"Exp60_22_IS2834";"Exp60_22_IS2834";NA;"2023-10-06 10:46:00";74447,5
"887096";"27:6:1";"Exp60_22_IS2834";"Exp60_22_IS2834";NA;"2023-10-06 11:02:00";74423
"887097";"27:6:1";"Exp60_22_IS2834";"Exp60_22_IS2834";NA;"2023-10-06 11:16:00";74408,6
"887098";"27:6:1";"Exp60_22_IS2834";"Exp60_22_IS2834";NA;"2023-10-06 11:47:00";74350,1
"887099";"27:6:1";"Exp60_22_IS2834";"Exp60_22_IS2834";NA;"2023-10-06 12:01:00";74329,1
"887100";"27:6:1";"Exp60_22_IS2834";"Exp60_22_IS2834";NA;"2023-10-06 20:01:00";76431,5
"887101";"27:6:1";"Exp60_22_IS2834";"Exp60_22_IS2834";NA;"2023-10-06 20:17:00";76414
"887102";"27:6:1";"Exp60_22_IS2834";"Exp60_22_IS2834";NA;"2023-10-06 20:31:00";76407,1
"887103";"27:6:1";"Exp60_22_IS2834";"Exp60_22_IS2834";NA;"2023-10-07 03:01:00";76305,6
"887104";"27:6:1";"Exp60_22_IS2834";"Exp60_22_IS2834";NA;"2023-10-07 03:17:00";76304,1
"887105";"27:6:1";"Exp60_22_IS2834";"Exp60_22_IS2834";NA;"2023-10-07 03:31:00";76307,5
"887106";"27:6:1";"Exp60_22_IS2834";"Exp60_22_IS2834";NA;"2023-10-07 03:47:00";76303,1
"887107";"27:6:1";"Exp60_22_IS2834";"Exp60_22_IS2834";NA;"2023-10-07 04:01:00";76300,7
"887108";"27:6:1";"Exp60_22_IS2834";"Exp60_22_IS2834";NA;"2023-10-07 11:01:00";76035,2
"887109";"27:6:1";"Exp60_22_IS2834";"Exp60_22_IS2834";NA;"2023-10-07 11:17:00";76006,3
"887110";"27:6:1";"Exp60_22_IS2834";"Exp60_22_IS2834";NA;"2023-10-07 11:31:00";75963,7
"887111";"27:6:1";"Exp60_22_IS2834";"Exp60_22_IS2834";NA;"2023-10-07 11:47:00";75932,4
"887112";"27:6:1";"Exp60_22_IS2834";"Exp60_22_IS2834";NA;"2023-10-07 12:01:00";75892,4
"887113";"27:6:1";"Exp60_22_IS2834";"Exp60_22_IS2834";NA;"2023-10-07 12:47:00";75814,7
"887114";"27:6:1";"Exp60_22_IS2834";"Exp60_22_IS2834";NA;"2023-10-07 13:01:00";75790,2
"887115";"27:6:1";"Exp60_22_IS2834";"Exp60_22_IS2834";NA;"2023-10-07 13:17:00";75756,9
"887116";"27:6:1";"Exp60_22_IS2834";"Exp60_22_IS2834";NA;"2023-10-07 13:31:00";75736,7
"887117";"27:6:1";"Exp60_22_IS2834";"Exp60_22_IS2834";NA;"2023-10-07 13:47:00";75705,4
"887118";"27:6:1";"Exp60_22_IS2834";"Exp60_22_IS2834";NA;"2023-10-07 14:01:00";75677,2
"887119";"27:6:1";"Exp60_22_IS2834";"Exp60_22_IS2834";NA;"2023-10-07 14:17:00";75655,5
"887120";"27:6:1";"Exp60_22_IS2834";"Exp60_22_IS2834";NA;"2023-10-07 14:31:00";75641,5
"887121";"27:6:1";"Exp60_22_IS2834";"Exp60_22_IS2834";NA;"2023-10-07 20:46:00";75495,2
"887122";"27:6:1";"Exp60_22_IS2834";"Exp60_22_IS2834";NA;"2023-10-07 21:02:00";75493,1
"887123";"27:6:1";"Exp60_22_IS2834";"Exp60_22_IS2834";NA;"2023-10-07 21:16:00";75493,1
"887124";"27:6:1";"Exp60_22_IS2834";"Exp60_22_IS2834";NA;"2023-10-07 21:32:00";75491,4
"887125";"27:6:1";"Exp60_22_IS2834";"Exp60_22_IS2834";NA;"2023-10-07 21:46:00";75491,2
"887126";"27:6:1";"Exp60_22_IS2834";"Exp60_22_IS2834";NA;"2023-10-07 22:02:00";75491
"887127";"27:6:1";"Exp60_22_IS2834";"Exp60_22_IS2834";NA;"2023-10-07 22:16:00";75491,3
"887128";"27:6:1";"Exp60_22_IS2834";"Exp60_22_IS2834";NA;"2023-10-07 22:32:00";75491,5
"887129";"27:6:1";"Exp60_22_IS2834";"Exp60_22_IS2834";NA;"2023-10-07 22:46:00";75488,8
"887130";"27:6:1";"Exp60_22_IS2834";"Exp60_22_IS2834";NA;"2023-10-07 23:02:00";75487,6
"887131";"27:6:1";"Exp60_22_IS2834";"Exp60_22_IS2834";NA;"2023-10-07 23:16:00";75485,4
"887132";"27:6:1";"Exp60_22_IS2834";"Exp60_22_IS2834";NA;"2023-10-07 23:32:00";75484,7
"887133";"27:6:1";"Exp60_22_IS2834";"Exp60_22_IS2834";NA;"2023-10-07 23:46:00";75484,4
"887134";"27:6:1";"Exp60_22_IS2834";"Exp60_22_IS2834";NA;"2023-10-08 00:02:00";75483,4
"887135";"27:6:1";"Exp60_22_IS2834";"Exp60_22_IS2834";NA;"2023-10-08 00:16:00";75482,9
"887136";"27:6:1";"Exp60_22_IS2834";"Exp60_22_IS2834";NA;"2023-10-08 00:32:00";75482,1
"887137";"27:6:1";"Exp60_22_IS2834";"Exp60_22_IS2834";NA;"2023-10-08 00:46:00";75482,5
"887138";"27:6:1";"Exp60_22_IS2834";"Exp60_22_IS2834";NA;"2023-10-08 01:02:00";75482
"887139";"27:6:1";"Exp60_22_IS2834";"Exp60_22_IS2834";NA;"2023-10-08 01:16:00";75480,2
"887140";"27:6:1";"Exp60_22_IS2834";"Exp60_22_IS2834";NA;"2023-10-08 01:32:00";75477,7
"887141";"27:6:1";"Exp60_22_IS2834";"Exp60_22_IS2834";NA;"2023-10-08 01:46:00";75477,3
"887142";"27:6:1";"Exp60_22_IS2834";"Exp60_22_IS2834";NA;"2023-10-08 02:02:00";75477,4
"887143";"27:6:1";"Exp60_22_IS2834";"Exp60_22_IS2834";NA;"2023-10-08 02:16:00";75479,8
"887144";"27:6:1";"Exp60_22_IS2834";"Exp60_22_IS2834";NA;"2023-10-08 02:32:00";75478,8
"887145";"27:6:1";"Exp60_22_IS2834";"Exp60_22_IS2834";NA;"2023-10-08 02:46:00";75475
"887146";"27:6:1";"Exp60_22_IS2834";"Exp60_22_IS2834";NA;"2023-10-08 03:02:00";75480,2
"887147";"27:6:1";"Exp60_22_IS2834";"Exp60_22_IS2834";NA;"2023-10-08 03:16:00";75478,9
"887148";"27:6:1";"Exp60_22_IS2834";"Exp60_22_IS2834";NA;"2023-10-08 03:32:00";75477,2
"887149";"27:6:1";"Exp60_22_IS2834";"Exp60_22_IS2834";NA;"2023-10-08 03:46:00";75474,8
"887150";"27:6:1";"Exp60_22_IS2834";"Exp60_22_IS2834";NA;"2023-10-08 04:02:00";75472,5
"887151";"27:6:1";"Exp60_22_IS2834";"Exp60_22_IS2834";NA;"2023-10-08 04:16:00";75473,9
"887152";"27:6:1";"Exp60_22_IS2834";"Exp60_22_IS2834";NA;"2023-10-08 04:32:00";75474,1
"887153";"27:6:1";"Exp60_22_IS2834";"Exp60_22_IS2834";NA;"2023-10-08 04:46:00";75473,7
"887154";"27:6:1";"Exp60_22_IS2834";"Exp60_22_IS2834";NA;"2023-10-08 05:02:00";75469,3
"887155";"27:6:1";"Exp60_22_IS2834";"Exp60_22_IS2834";NA;"2023-10-08 05:16:00";75471
"887156";"27:6:1";"Exp60_22_IS2834";"Exp60_22_IS2834";NA;"2023-10-08 05:32:00";75470,5
"887157";"27:6:1";"Exp60_22_IS2834";"Exp60_22_IS2834";NA;"2023-10-08 05:46:00";75468,8
"887158";"27:6:1";"Exp60_22_IS2834";"Exp60_22_IS2834";NA;"2023-10-08 06:02:00";75469,8
"887159";"27:6:1";"Exp60_22_IS2834";"Exp60_22_IS2834";NA;"2023-10-08 06:16:00";75468,9
"887160";"27:6:1";"Exp60_22_IS2834";"Exp60_22_IS2834";NA;"2023-10-08 06:32:00";75465,4
"887161";"27:6:1";"Exp60_22_IS2834";"Exp60_22_IS2834";NA;"2023-10-08 06:46:00";75467,9
"887162";"27:6:1";"Exp60_22_IS2834";"Exp60_22_IS2834";NA;"2023-10-08 07:02:00";75463,6
"887163";"27:6:1";"Exp60_22_IS2834";"Exp60_22_IS2834";NA;"2023-10-08 07:16:00";75460
"887164";"27:6:1";"Exp60_22_IS2834";"Exp60_22_IS2834";NA;"2023-10-08 07:32:00";75456,7
"887165";"27:6:1";"Exp60_22_IS2834";"Exp60_22_IS2834";NA;"2023-10-08 07:46:00";75451,4
"887166";"27:6:1";"Exp60_22_IS2834";"Exp60_22_IS2834";NA;"2023-10-08 08:02:00";75444,3
"887167";"27:6:1";"Exp60_22_IS2834";"Exp60_22_IS2834";NA;"2023-10-08 08:16:00";75438,5
"887168";"27:6:1";"Exp60_22_IS2834";"Exp60_22_IS2834";NA;"2023-10-08 08:32:00";75427,9
"887169";"27:6:1";"Exp60_22_IS2834";"Exp60_22_IS2834";NA;"2023-10-08 08:46:00";75416,7
"887170";"27:6:1";"Exp60_22_IS2834";"Exp60_22_IS2834";NA;"2023-10-08 09:02:00";75402,8
"887171";"27:6:1";"Exp60_22_IS2834";"Exp60_22_IS2834";NA;"2023-10-08 09:16:00";75386,1
"887172";"27:6:1";"Exp60_22_IS2834";"Exp60_22_IS2834";NA;"2023-10-08 09:32:00";75370,5
"887173";"27:6:1";"Exp60_22_IS2834";"Exp60_22_IS2834";NA;"2023-10-08 09:46:00";75363,7
"887174";"27:6:1";"Exp60_22_IS2834";"Exp60_22_IS2834";NA;"2023-10-08 10:32:00";75279,6
"887175";"27:6:1";"Exp60_22_IS2834";"Exp60_22_IS2834";NA;"2023-10-08 10:46:00";75276,8
"887176";"27:6:1";"Exp60_22_IS2834";"Exp60_22_IS2834";NA;"2023-10-08 11:17:00";75236,6
"887177";"27:6:1";"Exp60_22_IS2834";"Exp60_22_IS2834";NA;"2023-10-08 11:31:00";75189,4
"887178";"27:6:1";"Exp60_22_IS2834";"Exp60_22_IS2834";NA;"2023-10-08 12:02:00";75136,4
"887179";"27:6:1";"Exp60_22_IS2834";"Exp60_22_IS2834";NA;"2023-10-08 12:16:00";75107,8
"887180";"27:6:1";"Exp60_22_IS2834";"Exp60_22_IS2834";NA;"2023-10-08 12:32:00";75081,1
"887181";"27:6:1";"Exp60_22_IS2834";"Exp60_22_IS2834";NA;"2023-10-08 12:46:00";75060,2
"887182";"27:6:1";"Exp60_22_IS2834";"Exp60_22_IS2834";NA;"2023-10-08 13:02:00";75028,9
"887183";"27:6:1";"Exp60_22_IS2834";"Exp60_22_IS2834";NA;"2023-10-08 13:16:00";75010
"887184";"27:6:1";"Exp60_22_IS2834";"Exp60_22_IS2834";NA;"2023-10-08 13:47:00";74961
"887185";"27:6:1";"Exp60_22_IS2834";"Exp60_22_IS2834";NA;"2023-10-08 14:01:00";74932,3
"887186";"27:6:1";"Exp60_22_IS2834";"Exp60_22_IS2834";NA;"2023-10-08 14:17:00";74909,1
"887187";"27:6:1";"Exp60_22_IS2834";"Exp60_22_IS2834";NA;"2023-10-08 14:31:00";74896,3
"887188";"27:6:1";"Exp60_22_IS2834";"Exp60_22_IS2834";NA;"2023-10-08 14:47:00";74882
"887189";"27:6:1";"Exp60_22_IS2834";"Exp60_22_IS2834";NA;"2023-10-08 15:01:00";74861,4
"887190";"27:6:1";"Exp60_22_IS2834";"Exp60_22_IS2834";NA;"2023-10-08 22:46:00";74746,2
"887191";"27:6:1";"Exp60_22_IS2834";"Exp60_22_IS2834";NA;"2023-10-08 23:02:00";74747,3
"887192";"27:6:1";"Exp60_22_IS2834";"Exp60_22_IS2834";NA;"2023-10-08 23:16:00";74743,7
"887193";"27:6:1";"Exp60_22_IS2834";"Exp60_22_IS2834";NA;"2023-10-08 23:32:00";74741,9
"887194";"27:6:1";"Exp60_22_IS2834";"Exp60_22_IS2834";NA;"2023-10-08 23:46:00";74740,4
"887195";"27:6:1";"Exp60_22_IS2834";"Exp60_22_IS2834";NA;"2023-10-09 00:02:00";74738,6
"887196";"27:6:1";"Exp60_22_IS2834";"Exp60_22_IS2834";NA;"2023-10-09 00:16:00";74736
"887197";"27:6:1";"Exp60_22_IS2834";"Exp60_22_IS2834";NA;"2023-10-09 00:32:00";74740,6
"887198";"27:6:1";"Exp60_22_IS2834";"Exp60_22_IS2834";NA;"2023-10-09 00:46:00";74739
"887199";"27:6:1";"Exp60_22_IS2834";"Exp60_22_IS2834";NA;"2023-10-09 01:02:00";74740
"887200";"27:6:1";"Exp60_22_IS2834";"Exp60_22_IS2834";NA;"2023-10-09 01:16:00";74737,2
"887201";"27:6:1";"Exp60_22_IS2834";"Exp60_22_IS2834";NA;"2023-10-09 01:32:00";74739,6
"887202";"27:6:1";"Exp60_22_IS2834";"Exp60_22_IS2834";NA;"2023-10-09 01:46:00";74738,7
"887203";"27:6:1";"Exp60_22_IS2834";"Exp60_22_IS2834";NA;"2023-10-09 02:02:00";74737,5
"887204";"27:6:1";"Exp60_22_IS2834";"Exp60_22_IS2834";NA;"2023-10-09 02:16:00";74735,3
"887205";"27:6:1";"Exp60_22_IS2834";"Exp60_22_IS2834";NA;"2023-10-09 02:32:00";74734,1
"887206";"27:6:1";"Exp60_22_IS2834";"Exp60_22_IS2834";NA;"2023-10-09 02:46:00";74733,3
"887207";"27:6:1";"Exp60_22_IS2834";"Exp60_22_IS2834";NA;"2023-10-09 03:02:00";74728,9
"887208";"27:6:1";"Exp60_22_IS2834";"Exp60_22_IS2834";NA;"2023-10-09 03:16:00";74729,4
"887209";"27:6:1";"Exp60_22_IS2834";"Exp60_22_IS2834";NA;"2023-10-09 03:32:00";74732
"887210";"27:6:1";"Exp60_22_IS2834";"Exp60_22_IS2834";NA;"2023-10-09 03:46:00";74731
"887211";"27:6:1";"Exp60_22_IS2834";"Exp60_22_IS2834";NA;"2023-10-09 04:17:00";74730,3
"887212";"27:6:1";"Exp60_22_IS2834";"Exp60_22_IS2834";NA;"2023-10-09 04:31:00";74730,1
"887213";"27:6:1";"Exp60_22_IS2834";"Exp60_22_IS2834";NA;"2023-10-09 04:47:00";74729,8
"887214";"27:6:1";"Exp60_22_IS2834";"Exp60_22_IS2834";NA;"2023-10-09 05:01:00";74726,5
"887215";"27:6:1";"Exp60_22_IS2834";"Exp60_22_IS2834";NA;"2023-10-09 05:17:00";74726,6
"887216";"27:6:1";"Exp60_22_IS2834";"Exp60_22_IS2834";NA;"2023-10-09 05:31:00";74725
"887217";"27:6:1";"Exp60_22_IS2834";"Exp60_22_IS2834";NA;"2023-10-09 05:47:00";74727,5
"887218";"27:6:1";"Exp60_22_IS2834";"Exp60_22_IS2834";NA;"2023-10-09 06:01:00";74725,8
"887219";"27:6:1";"Exp60_22_IS2834";"Exp60_22_IS2834";NA;"2023-10-09 06:17:00";74726,2
"887220";"27:6:1";"Exp60_22_IS2834";"Exp60_22_IS2834";NA;"2023-10-09 06:31:00";74726,7
"887221";"27:6:1";"Exp60_22_IS2834";"Exp60_22_IS2834";NA;"2023-10-09 06:47:00";74720,6
"887222";"27:6:1";"Exp60_22_IS2834";"Exp60_22_IS2834";NA;"2023-10-09 07:01:00";74718,6
"887223";"27:6:1";"Exp60_22_IS2834";"Exp60_22_IS2834";NA;"2023-10-09 07:17:00";74716,6
"887224";"27:6:1";"Exp60_22_IS2834";"Exp60_22_IS2834";NA;"2023-10-09 07:31:00";74715,4
"887225";"27:6:1";"Exp60_22_IS2834";"Exp60_22_IS2834";NA;"2023-10-09 07:47:00";74709,3
"887226";"27:6:1";"Exp60_22_IS2834";"Exp60_22_IS2834";NA;"2023-10-09 08:01:00";74702,3
"887227";"27:6:1";"Exp60_22_IS2834";"Exp60_22_IS2834";NA;"2023-10-09 08:17:00";74691,9
"887228";"27:6:1";"Exp60_22_IS2834";"Exp60_22_IS2834";NA;"2023-10-09 08:31:00";74682,5
"887229";"27:6:1";"Exp60_22_IS2834";"Exp60_22_IS2834";NA;"2023-10-09 08:47:00";74670
"887230";"27:6:1";"Exp60_22_IS2834";"Exp60_22_IS2834";NA;"2023-10-09 09:01:00";74659,2
"887231";"27:6:1";"Exp60_22_IS2834";"Exp60_22_IS2834";NA;"2023-10-09 09:17:00";74643,4
"887232";"27:6:1";"Exp60_22_IS2834";"Exp60_22_IS2834";NA;"2023-10-09 09:31:00";74629,2
"887233";"27:6:1";"Exp60_22_IS2834";"Exp60_22_IS2834";NA;"2023-10-09 10:32:00";74551,5
"887234";"27:6:1";"Exp60_22_IS2834";"Exp60_22_IS2834";NA;"2023-10-09 10:46:00";74544,4
"887235";"27:6:1";"Exp60_22_IS2834";"Exp60_22_IS2834";NA;"2023-10-09 11:02:00";74523,2
"887236";"27:6:1";"Exp60_22_IS2834";"Exp60_22_IS2834";NA;"2023-10-09 11:16:00";74503,7
"887237";"27:6:1";"Exp60_22_IS2834";"Exp60_22_IS2834";NA;"2023-10-09 11:47:00";74438
"887238";"27:6:1";"Exp60_22_IS2834";"Exp60_22_IS2834";NA;"2023-10-09 12:01:00";74417,6
"887239";"27:6:1";"Exp60_22_IS2834";"Exp60_22_IS2834";NA;"2023-10-09 12:17:00";74393,7
"887240";"27:6:1";"Exp60_22_IS2834";"Exp60_22_IS2834";NA;"2023-10-09 12:31:00";74368,3
"887241";"27:6:1";"Exp60_22_IS2834";"Exp60_22_IS2834";NA;"2023-10-09 12:47:00";74338,9
"887242";"27:6:1";"Exp60_22_IS2834";"Exp60_22_IS2834";NA;"2023-10-09 13:01:00";74318,9
"887243";"27:6:1";"Exp60_22_IS2834";"Exp60_22_IS2834";NA;"2023-10-09 13:32:00";74270,9
"887244";"27:6:1";"Exp60_22_IS2834";"Exp60_22_IS2834";NA;"2023-10-09 13:46:00";74256,4
"887245";"27:6:1";"Exp60_22_IS2834";"Exp60_22_IS2834";NA;"2023-10-09 14:02:00";74241,5
"887246";"27:6:1";"Exp60_22_IS2834";"Exp60_22_IS2834";NA;"2023-10-09 14:16:00";74229,3
"887247";"27:6:1";"Exp60_22_IS2834";"Exp60_22_IS2834";NA;"2023-10-09 20:16:00";74097,6
"887248";"27:6:1";"Exp60_22_IS2834";"Exp60_22_IS2834";NA;"2023-10-09 20:32:00";74096
"887249";"27:6:1";"Exp60_22_IS2834";"Exp60_22_IS2834";NA;"2023-10-09 20:46:00";74095,9
"887250";"27:6:1";"Exp60_22_IS2834";"Exp60_22_IS2834";NA;"2023-10-09 21:02:00";74094,3
"887251";"27:6:1";"Exp60_22_IS2834";"Exp60_22_IS2834";NA;"2023-10-09 21:16:00";74097
"887252";"27:6:1";"Exp60_22_IS2834";"Exp60_22_IS2834";NA;"2023-10-09 21:32:00";74095,5
"887253";"27:6:1";"Exp60_22_IS2834";"Exp60_22_IS2834";NA;"2023-10-09 21:46:00";74096,4
"887254";"27:6:1";"Exp60_22_IS2834";"Exp60_22_IS2834";NA;"2023-10-09 22:32:00";74089,8
"887255";"27:6:1";"Exp60_22_IS2834";"Exp60_22_IS2834";NA;"2023-10-09 22:46:00";74090,1
"887256";"27:6:1";"Exp60_22_IS2834";"Exp60_22_IS2834";NA;"2023-10-09 23:17:00";74090,5
"887257";"27:6:1";"Exp60_22_IS2834";"Exp60_22_IS2834";NA;"2023-10-09 23:31:00";74092,3
"887258";"27:6:1";"Exp60_22_IS2834";"Exp60_22_IS2834";NA;"2023-10-09 23:47:00";74090
"887259";"27:6:1";"Exp60_22_IS2834";"Exp60_22_IS2834";NA;"2023-10-10 00:16:00";74088,3
"887260";"27:6:1";"Exp60_22_IS2834";"Exp60_22_IS2834";NA;"2023-10-10 00:47:00";74087,8
"887261";"27:6:1";"Exp60_22_IS2834";"Exp60_22_IS2834";NA;"2023-10-10 01:01:00";74089,5
"887262";"27:6:1";"Exp60_22_IS2834";"Exp60_22_IS2834";NA;"2023-10-10 01:17:00";74082
"887263";"27:6:1";"Exp60_22_IS2834";"Exp60_22_IS2834";NA;"2023-10-10 01:31:00";74083
"887264";"27:6:1";"Exp60_22_IS2834";"Exp60_22_IS2834";NA;"2023-10-10 01:47:00";74084,3
"887265";"27:6:1";"Exp60_22_IS2834";"Exp60_22_IS2834";NA;"2023-10-10 02:01:00";74083,4
"887266";"27:6:1";"Exp60_22_IS2834";"Exp60_22_IS2834";NA;"2023-10-10 02:17:00";74085,8
"887267";"27:6:1";"Exp60_22_IS2834";"Exp60_22_IS2834";NA;"2023-10-10 02:31:00";74081,4
"887268";"27:6:1";"Exp60_22_IS2834";"Exp60_22_IS2834";NA;"2023-10-10 02:47:00";74081,8
"887269";"27:6:1";"Exp60_22_IS2834";"Exp60_22_IS2834";NA;"2023-10-10 03:01:00";74079,4
"887270";"27:6:1";"Exp60_22_IS2834";"Exp60_22_IS2834";NA;"2023-10-10 03:17:00";74076,1
"887271";"27:6:1";"Exp60_22_IS2834";"Exp60_22_IS2834";NA;"2023-10-10 03:31:00";74078
"887272";"27:6:1";"Exp60_22_IS2834";"Exp60_22_IS2834";NA;"2023-10-10 03:47:00";74079,8
"887273";"27:6:1";"Exp60_22_IS2834";"Exp60_22_IS2834";NA;"2023-10-10 04:01:00";74080,8
"887274";"27:6:1";"Exp60_22_IS2834";"Exp60_22_IS2834";NA;"2023-10-10 04:17:00";74073,6
"887275";"27:6:1";"Exp60_22_IS2834";"Exp60_22_IS2834";NA;"2023-10-10 04:31:00";74074,8
"887276";"27:6:1";"Exp60_22_IS2834";"Exp60_22_IS2834";NA;"2023-10-10 04:47:00";74076,4
"887277";"27:6:1";"Exp60_22_IS2834";"Exp60_22_IS2834";NA;"2023-10-10 05:01:00";74072,3
"887278";"27:6:1";"Exp60_22_IS2834";"Exp60_22_IS2834";NA;"2023-10-10 05:17:00";74073,8
"887279";"27:6:1";"Exp60_22_IS2834";"Exp60_22_IS2834";NA;"2023-10-10 05:31:00";74074,6
"887280";"27:6:1";"Exp60_22_IS2834";"Exp60_22_IS2834";NA;"2023-10-10 05:47:00";74073,2
"887281";"27:6:1";"Exp60_22_IS2834";"Exp60_22_IS2834";NA;"2023-10-10 06:01:00";74074
"887282";"27:6:1";"Exp60_22_IS2834";"Exp60_22_IS2834";NA;"2023-10-10 06:17:00";74072,7
"887283";"27:6:1";"Exp60_22_IS2834";"Exp60_22_IS2834";NA;"2023-10-10 06:46:00";74068,3
"887284";"27:6:1";"Exp60_22_IS2834";"Exp60_22_IS2834";NA;"2023-10-10 07:17:00";74066,1
"887285";"27:6:1";"Exp60_22_IS2834";"Exp60_22_IS2834";NA;"2023-10-10 07:31:00";74063
"887286";"27:6:1";"Exp60_22_IS2834";"Exp60_22_IS2834";NA;"2023-10-10 08:02:00";74050,2
"887287";"27:6:1";"Exp60_22_IS2834";"Exp60_22_IS2834";NA;"2023-10-10 08:16:00";74041,2
"887288";"27:6:1";"Exp60_22_IS2834";"Exp60_22_IS2834";NA;"2023-10-10 08:32:00";74036,1
"887289";"27:6:1";"Exp60_22_IS2834";"Exp60_22_IS2834";NA;"2023-10-10 08:46:00";74027,2
"887290";"27:6:1";"Exp60_22_IS2834";"Exp60_22_IS2834";NA;"2023-10-10 09:02:00";74015,2
"887291";"27:6:1";"Exp60_22_IS2834";"Exp60_22_IS2834";NA;"2023-10-10 09:16:00";73996,5
"887292";"27:6:1";"Exp60_22_IS2834";"Exp60_22_IS2834";NA;"2023-10-10 09:32:00";73983,1
"887293";"27:6:1";"Exp60_22_IS2834";"Exp60_22_IS2834";NA;"2023-10-10 09:46:00";73970,9
"887294";"27:6:1";"Exp60_22_IS2834";"Exp60_22_IS2834";NA;"2023-10-10 10:02:00";73953,4
"887295";"27:6:1";"Exp60_22_IS2834";"Exp60_22_IS2834";NA;"2023-10-10 10:16:00";73932,2
"887296";"27:6:1";"Exp60_22_IS2834";"Exp60_22_IS2834";NA;"2023-10-10 10:32:00";73912,9
"887297";"27:6:1";"Exp60_22_IS2834";"Exp60_22_IS2834";NA;"2023-10-10 10:46:00";73889,6
"887298";"27:6:1";"Exp60_22_IS2834";"Exp60_22_IS2834";NA;"2023-10-10 11:02:00";73868,9
"887299";"27:6:1";"Exp60_22_IS2834";"Exp60_22_IS2834";NA;"2023-10-10 11:16:00";73850,8
"887300";"27:6:1";"Exp60_22_IS2834";"Exp60_22_IS2834";NA;"2023-10-10 15:46:00";73558,9
"887301";"27:6:1";"Exp60_22_IS2834";"Exp60_22_IS2834";NA;"2023-10-10 18:01:00";75692,7
"887302";"27:6:1";"Exp60_22_IS2834";"Exp60_22_IS2834";NA;"2023-10-10 18:17:00";75691,6
"887303";"27:6:1";"Exp60_22_IS2834";"Exp60_22_IS2834";NA;"2023-10-10 18:31:00";75687,9
"887304";"27:6:1";"Exp60_22_IS2834";"Exp60_22_IS2834";NA;"2023-10-10 18:47:00";75689,1
"887305";"27:6:1";"Exp60_22_IS2834";"Exp60_22_IS2834";NA;"2023-10-10 19:01:00";75685
"887306";"27:6:1";"Exp60_22_IS2834";"Exp60_22_IS2834";NA;"2023-10-10 19:17:00";75682,8
"887307";"27:6:1";"Exp60_22_IS2834";"Exp60_22_IS2834";NA;"2023-10-10 19:31:00";75680,8
"887308";"27:6:1";"Exp60_22_IS2834";"Exp60_22_IS2834";NA;"2023-10-10 19:47:00";75675,9
"887309";"27:6:1";"Exp60_22_IS2834";"Exp60_22_IS2834";NA;"2023-10-10 20:01:00";75675,9
"887310";"27:6:1";"Exp60_22_IS2834";"Exp60_22_IS2834";NA;"2023-10-10 20:17:00";75672,9
"887311";"27:6:1";"Exp60_22_IS2834";"Exp60_22_IS2834";NA;"2023-10-10 20:31:00";75669,8
"887312";"27:6:1";"Exp60_22_IS2834";"Exp60_22_IS2834";NA;"2023-10-10 20:47:00";75670
"887313";"27:6:1";"Exp60_22_IS2834";"Exp60_22_IS2834";NA;"2023-10-10 21:01:00";75664,9
"887314";"27:6:1";"Exp60_22_IS2834";"Exp60_22_IS2834";NA;"2023-10-10 21:17:00";75661,6
"887315";"27:6:1";"Exp60_22_IS2834";"Exp60_22_IS2834";NA;"2023-10-10 21:31:00";75662,7
"887316";"27:6:1";"Exp60_22_IS2834";"Exp60_22_IS2834";NA;"2023-10-10 21:47:00";75657
"887317";"27:6:1";"Exp60_22_IS2834";"Exp60_22_IS2834";NA;"2023-10-10 22:01:00";75657,1
"887318";"27:6:1";"Exp60_22_IS2834";"Exp60_22_IS2834";NA;"2023-10-10 22:32:00";75654,8
"887319";"27:6:1";"Exp60_22_IS2834";"Exp60_22_IS2834";NA;"2023-10-10 22:46:00";75653
"887320";"27:6:1";"Exp60_22_IS2834";"Exp60_22_IS2834";NA;"2023-10-10 23:02:00";75653,1
"887321";"27:6:1";"Exp60_22_IS2834";"Exp60_22_IS2834";NA;"2023-10-10 23:16:00";75645,7
"887322";"27:6:1";"Exp60_22_IS2834";"Exp60_22_IS2834";NA;"2023-10-10 23:32:00";75650,1
"887323";"27:6:1";"Exp60_22_IS2834";"Exp60_22_IS2834";NA;"2023-10-10 23:46:00";75647,9
"887324";"27:6:1";"Exp60_22_IS2834";"Exp60_22_IS2834";NA;"2023-10-11 00:02:00";75641,5
"887325";"27:6:1";"Exp60_22_IS2834";"Exp60_22_IS2834";NA;"2023-10-11 00:16:00";75645,4
"887326";"27:6:1";"Exp60_22_IS2834";"Exp60_22_IS2834";NA;"2023-10-11 00:32:00";75644,2
"887327";"27:6:1";"Exp60_22_IS2834";"Exp60_22_IS2834";NA;"2023-10-11 00:46:00";75640,5
"887328";"27:6:1";"Exp60_22_IS2834";"Exp60_22_IS2834";NA;"2023-10-11 06:31:00";75623,3
"887329";"27:6:1";"Exp60_22_IS2834";"Exp60_22_IS2834";NA;"2023-10-11 07:17:00";75615,8
"887330";"27:6:1";"Exp60_22_IS2834";"Exp60_22_IS2834";NA;"2023-10-11 07:31:00";75609,3
"887331";"27:6:1";"Exp60_22_IS2834";"Exp60_22_IS2834";NA;"2023-10-11 07:47:00";75603,8
"887332";"27:6:1";"Exp60_22_IS2834";"Exp60_22_IS2834";NA;"2023-10-11 08:01:00";75600,5
"887333";"27:6:1";"Exp60_22_IS2834";"Exp60_22_IS2834";NA;"2023-10-11 08:17:00";75591,9
"887334";"27:6:1";"Exp60_22_IS2834";"Exp60_22_IS2834";NA;"2023-10-11 08:31:00";75577,4
"887335";"27:6:1";"Exp60_22_IS2834";"Exp60_22_IS2834";NA;"2023-10-11 08:47:00";75571
"887336";"27:6:1";"Exp60_22_IS2834";"Exp60_22_IS2834";NA;"2023-10-11 09:01:00";75554
"887337";"27:6:1";"Exp60_22_IS2834";"Exp60_22_IS2834";NA;"2023-10-11 16:16:00";74922
"887338";"27:6:1";"Exp60_22_IS2834";"Exp60_22_IS2834";NA;"2023-10-11 16:32:00";74921,6
"887339";"27:6:1";"Exp60_22_IS2834";"Exp60_22_IS2834";NA;"2023-10-11 16:46:00";74912,6
"887340";"27:6:1";"Exp60_22_IS2834";"Exp60_22_IS2834";NA;"2023-10-11 17:02:00";74906,3
"887341";"27:6:1";"Exp60_22_IS2834";"Exp60_22_IS2834";NA;"2023-10-11 17:16:00";74897,3
"887342";"27:6:1";"Exp60_22_IS2834";"Exp60_22_IS2834";NA;"2023-10-11 17:32:00";74902,4
"887343";"27:6:1";"Exp60_22_IS2834";"Exp60_22_IS2834";NA;"2023-10-11 17:46:00";74893,2
"887344";"27:6:1";"Exp60_22_IS2834";"Exp60_22_IS2834";NA;"2023-10-11 18:02:00";74894,4
"887345";"27:6:1";"Exp60_22_IS2834";"Exp60_22_IS2834";NA;"2023-10-11 18:16:00";74894,8
"887346";"27:6:1";"Exp60_22_IS2834";"Exp60_22_IS2834";NA;"2023-10-11 18:32:00";74891
"887347";"27:6:1";"Exp60_22_IS2834";"Exp60_22_IS2834";NA;"2023-10-11 18:46:00";74889,5
"887348";"27:6:1";"Exp60_22_IS2834";"Exp60_22_IS2834";NA;"2023-10-11 19:02:00";74891,7
"887349";"27:6:1";"Exp60_22_IS2834";"Exp60_22_IS2834";NA;"2023-10-11 19:16:00";74887,2
"887350";"27:6:1";"Exp60_22_IS2834";"Exp60_22_IS2834";NA;"2023-10-11 19:32:00";74887
"887351";"27:6:1";"Exp60_22_IS2834";"Exp60_22_IS2834";NA;"2023-10-11 19:46:00";74885,6
"887352";"27:6:1";"Exp60_22_IS2834";"Exp60_22_IS2834";NA;"2023-10-11 20:02:00";74882,3
"887353";"27:6:1";"Exp60_22_IS2834";"Exp60_22_IS2834";NA;"2023-10-11 20:46:00";74878,7
"887354";"27:6:1";"Exp60_22_IS2834";"Exp60_22_IS2834";NA;"2023-10-11 21:02:00";74880,3
"887355";"27:6:1";"Exp60_22_IS2834";"Exp60_22_IS2834";NA;"2023-10-11 21:16:00";74877,1
"887356";"27:6:1";"Exp60_22_IS2834";"Exp60_22_IS2834";NA;"2023-10-11 21:32:00";74875,8
"887357";"27:6:1";"Exp60_22_IS2834";"Exp60_22_IS2834";NA;"2023-10-11 21:46:00";74872,6
"887358";"27:6:1";"Exp60_22_IS2834";"Exp60_22_IS2834";NA;"2023-10-11 22:17:00";74871,2
"887359";"27:6:1";"Exp60_22_IS2834";"Exp60_22_IS2834";NA;"2023-10-11 22:31:00";74867,4
"887360";"27:6:1";"Exp60_22_IS2834";"Exp60_22_IS2834";NA;"2023-10-11 22:47:00";74867,9
"887361";"27:6:1";"Exp60_22_IS2834";"Exp60_22_IS2834";NA;"2023-10-11 23:01:00";74866,9
"887362";"27:6:1";"Exp60_22_IS2834";"Exp60_22_IS2834";NA;"2023-10-11 23:17:00";74866,9
"887363";"27:6:1";"Exp60_22_IS2834";"Exp60_22_IS2834";NA;"2023-10-11 23:31:00";74864,5
"887364";"27:6:1";"Exp60_22_IS2834";"Exp60_22_IS2834";NA;"2023-10-11 23:47:00";74863,9
"887365";"27:6:1";"Exp60_22_IS2834";"Exp60_22_IS2834";NA;"2023-10-12 00:01:00";74862
"887366";"27:6:1";"Exp60_22_IS2834";"Exp60_22_IS2834";NA;"2023-10-12 00:17:00";74860,7
"887367";"27:6:1";"Exp60_22_IS2834";"Exp60_22_IS2834";NA;"2023-10-12 00:31:00";74861
"887368";"27:6:1";"Exp60_22_IS2834";"Exp60_22_IS2834";NA;"2023-10-12 00:47:00";74860,2
"887369";"27:6:1";"Exp60_22_IS2834";"Exp60_22_IS2834";NA;"2023-10-12 01:01:00";74857,8
"887370";"27:6:1";"Exp60_22_IS2834";"Exp60_22_IS2834";NA;"2023-10-12 01:17:00";74858,3
"887371";"27:6:1";"Exp60_22_IS2834";"Exp60_22_IS2834";NA;"2023-10-12 01:31:00";74858,2
"887372";"27:6:1";"Exp60_22_IS2834";"Exp60_22_IS2834";NA;"2023-10-12 01:47:00";74857,6
"887373";"27:6:1";"Exp60_22_IS2834";"Exp60_22_IS2834";NA;"2023-10-12 02:01:00";74855,6
"887374";"27:6:1";"Exp60_22_IS2834";"Exp60_22_IS2834";NA;"2023-10-12 02:17:00";74851,8
"887375";"27:6:1";"Exp60_22_IS2834";"Exp60_22_IS2834";NA;"2023-10-12 02:31:00";74853,3
"887376";"27:6:1";"Exp60_22_IS2834";"Exp60_22_IS2834";NA;"2023-10-12 02:47:00";74855,5
"887377";"27:6:1";"Exp60_22_IS2834";"Exp60_22_IS2834";NA;"2023-10-12 03:01:00";74855,6
"887378";"27:6:1";"Exp60_22_IS2834";"Exp60_22_IS2834";NA;"2023-10-12 03:17:00";74855,1
"887379";"27:6:1";"Exp60_22_IS2834";"Exp60_22_IS2834";NA;"2023-10-12 03:31:00";74857,3
"887380";"27:6:1";"Exp60_22_IS2834";"Exp60_22_IS2834";NA;"2023-10-12 03:47:00";74857,6
"887381";"27:6:1";"Exp60_22_IS2834";"Exp60_22_IS2834";NA;"2023-10-12 04:01:00";74854,7
"887382";"27:6:1";"Exp60_22_IS2834";"Exp60_22_IS2834";NA;"2023-10-12 04:17:00";74851,8
"887383";"27:6:1";"Exp60_22_IS2834";"Exp60_22_IS2834";NA;"2023-10-12 04:31:00";74850,5
"887384";"27:6:1";"Exp60_22_IS2834";"Exp60_22_IS2834";NA;"2023-10-12 04:47:00";74848,5
"887385";"27:6:1";"Exp60_22_IS2834";"Exp60_22_IS2834";NA;"2023-10-12 05:01:00";74847
"887386";"27:6:1";"Exp60_22_IS2834";"Exp60_22_IS2834";NA;"2023-10-12 05:32:00";74843,5
"887387";"27:6:1";"Exp60_22_IS2834";"Exp60_22_IS2834";NA;"2023-10-12 05:46:00";74845,7
"887388";"27:6:1";"Exp60_22_IS2834";"Exp60_22_IS2834";NA;"2023-10-12 06:02:00";74847,4
"887389";"27:6:1";"Exp60_22_IS2834";"Exp60_22_IS2834";NA;"2023-10-12 06:16:00";74847,4
"887390";"27:6:1";"Exp60_22_IS2834";"Exp60_22_IS2834";NA;"2023-10-12 06:47:00";74842,1
"887391";"27:6:1";"Exp60_22_IS2834";"Exp60_22_IS2834";NA;"2023-10-12 07:01:00";74842
"887392";"27:6:1";"Exp60_22_IS2834";"Exp60_22_IS2834";NA;"2023-10-12 07:17:00";74837,1
"887393";"27:6:1";"Exp60_22_IS2834";"Exp60_22_IS2834";NA;"2023-10-12 07:31:00";74834,6
"887394";"27:6:1";"Exp60_22_IS2834";"Exp60_22_IS2834";NA;"2023-10-12 07:47:00";74826,3
"887395";"27:6:1";"Exp60_22_IS2834";"Exp60_22_IS2834";NA;"2023-10-12 08:01:00";74822,3
"887396";"27:6:1";"Exp60_22_IS2834";"Exp60_22_IS2834";NA;"2023-10-12 08:17:00";74810,5
"887397";"27:6:1";"Exp60_22_IS2834";"Exp60_22_IS2834";NA;"2023-10-12 08:31:00";74799
"887398";"27:6:1";"Exp60_22_IS2834";"Exp60_22_IS2834";NA;"2023-10-12 08:47:00";74789,4
"887399";"27:6:1";"Exp60_22_IS2834";"Exp60_22_IS2834";NA;"2023-10-12 09:01:00";74771,2
"887400";"27:6:1";"Exp60_22_IS2834";"Exp60_22_IS2834";NA;"2023-10-12 09:17:00";74755
"887401";"27:6:1";"Exp60_22_IS2834";"Exp60_22_IS2834";NA;"2023-10-12 09:31:00";74734,4
"887402";"27:6:1";"Exp60_22_IS2834";"Exp60_22_IS2834";NA;"2023-10-12 09:47:00";74727
"887403";"27:6:1";"Exp60_22_IS2834";"Exp60_22_IS2834";NA;"2023-10-12 10:01:00";74706,1
"887404";"27:6:1";"Exp60_22_IS2834";"Exp60_22_IS2834";NA;"2023-10-12 15:01:00";74251,7
"887405";"27:6:1";"Exp60_22_IS2834";"Exp60_22_IS2834";NA;"2023-10-12 15:17:00";74239,3
"887406";"27:6:1";"Exp60_22_IS2834";"Exp60_22_IS2834";NA;"2023-10-12 15:31:00";74230,8
"887407";"27:6:1";"Exp60_22_IS2834";"Exp60_22_IS2834";NA;"2023-10-12 15:47:00";74209,3
"887408";"27:6:1";"Exp60_22_IS2834";"Exp60_22_IS2834";NA;"2023-10-12 16:01:00";74202
"887409";"27:6:1";"Exp60_22_IS2834";"Exp60_22_IS2834";NA;"2023-10-12 16:17:00";74188,7
"887410";"27:6:1";"Exp60_22_IS2834";"Exp60_22_IS2834";NA;"2023-10-12 16:31:00";74187,8
"887411";"27:6:1";"Exp60_22_IS2834";"Exp60_22_IS2834";NA;"2023-10-12 16:47:00";74182,2
"887412";"27:6:1";"Exp60_22_IS2834";"Exp60_22_IS2834";NA;"2023-10-12 17:01:00";74168,7
"887413";"27:6:1";"Exp60_22_IS2834";"Exp60_22_IS2834";NA;"2023-10-12 17:17:00";74164,7
"887414";"27:6:1";"Exp60_22_IS2834";"Exp60_22_IS2834";NA;"2023-10-12 17:31:00";74161
"887415";"27:6:1";"Exp60_22_IS2834";"Exp60_22_IS2834";NA;"2023-10-12 17:47:00";74162,3
"887416";"27:6:1";"Exp60_22_IS2834";"Exp60_22_IS2834";NA;"2023-10-12 18:01:00";74166,3
"887417";"27:6:1";"Exp60_22_IS2834";"Exp60_22_IS2834";NA;"2023-10-12 18:17:00";74163,6
"887418";"27:6:1";"Exp60_22_IS2834";"Exp60_22_IS2834";NA;"2023-10-12 18:31:00";74160,4
"887419";"27:6:1";"Exp60_22_IS2834";"Exp60_22_IS2834";NA;"2023-10-12 18:47:00";74159,6
"887420";"27:6:1";"Exp60_22_IS2834";"Exp60_22_IS2834";NA;"2023-10-12 19:01:00";74158,4
"887421";"27:6:1";"Exp60_22_IS2834";"Exp60_22_IS2834";NA;"2023-10-12 19:17:00";74159,6
"887422";"27:6:1";"Exp60_22_IS2834";"Exp60_22_IS2834";NA;"2023-10-12 19:31:00";74157,7
"887423";"27:6:1";"Exp60_22_IS2834";"Exp60_22_IS2834";NA;"2023-10-12 20:02:00";74152,3
"887424";"27:6:1";"Exp60_22_IS2834";"Exp60_22_IS2834";NA;"2023-10-12 20:16:00";74153,2
"887425";"27:6:1";"Exp60_22_IS2834";"Exp60_22_IS2834";NA;"2023-10-13 03:16:00";74137
"887426";"27:6:1";"Exp60_22_IS2834";"Exp60_22_IS2834";NA;"2023-10-13 03:32:00";74135,2
"887427";"27:6:1";"Exp60_22_IS2834";"Exp60_22_IS2834";NA;"2023-10-13 03:46:00";74136
"887428";"27:6:1";"Exp60_22_IS2834";"Exp60_22_IS2834";NA;"2023-10-13 04:02:00";74132,1
"887429";"27:6:1";"Exp60_22_IS2834";"Exp60_22_IS2834";NA;"2023-10-13 04:16:00";74131,8
"887430";"27:6:1";"Exp60_22_IS2834";"Exp60_22_IS2834";NA;"2023-10-13 04:32:00";74133
"887431";"27:6:1";"Exp60_22_IS2834";"Exp60_22_IS2834";NA;"2023-10-13 04:46:00";74129,2
"887432";"27:6:1";"Exp60_22_IS2834";"Exp60_22_IS2834";NA;"2023-10-13 05:02:00";74132,9
"887433";"27:6:1";"Exp60_22_IS2834";"Exp60_22_IS2834";NA;"2023-10-13 05:16:00";74133,7
"887434";"27:6:1";"Exp60_22_IS2834";"Exp60_22_IS2834";NA;"2023-10-13 05:32:00";74133,6
"887435";"27:6:1";"Exp60_22_IS2834";"Exp60_22_IS2834";NA;"2023-10-13 05:46:00";74130,3
"887436";"27:6:1";"Exp60_22_IS2834";"Exp60_22_IS2834";NA;"2023-10-13 06:02:00";74130,7
"887437";"27:6:1";"Exp60_22_IS2834";"Exp60_22_IS2834";NA;"2023-10-13 06:16:00";74127,5
"887438";"27:6:1";"Exp60_22_IS2834";"Exp60_22_IS2834";NA;"2023-10-13 06:32:00";74126,6
"887439";"27:6:1";"Exp60_22_IS2834";"Exp60_22_IS2834";NA;"2023-10-13 06:46:00";74125,5
"887440";"27:6:1";"Exp60_22_IS2834";"Exp60_22_IS2834";NA;"2023-10-13 12:46:00";73785,4
"887441";"27:6:1";"Exp60_22_IS2834";"Exp60_22_IS2834";NA;"2023-10-13 13:02:00";73753
"887442";"27:6:1";"Exp60_22_IS2834";"Exp60_22_IS2834";NA;"2023-10-13 13:16:00";73740,1
"887443";"27:6:1";"Exp60_22_IS2834";"Exp60_22_IS2834";NA;"2023-10-13 13:32:00";73709,7
"887444";"27:6:1";"Exp60_22_IS2834";"Exp60_22_IS2834";NA;"2023-10-13 13:46:00";73697,4
"887445";"27:6:1";"Exp60_22_IS2834";"Exp60_22_IS2834";NA;"2023-10-13 19:46:00";76944,2
"887446";"27:6:1";"Exp60_22_IS2834";"Exp60_22_IS2834";NA;"2023-10-13 20:02:00";76884,5
"887447";"27:6:1";"Exp60_22_IS2834";"Exp60_22_IS2834";NA;"2023-10-13 20:16:00";76840,8
"887448";"27:6:1";"Exp60_22_IS2834";"Exp60_22_IS2834";NA;"2023-10-13 20:32:00";76799,1
"887449";"27:6:1";"Exp60_22_IS2834";"Exp60_22_IS2834";NA;"2023-10-13 20:46:00";76764,1
"887450";"27:6:1";"Exp60_22_IS2834";"Exp60_22_IS2834";NA;"2023-10-13 21:02:00";76733,1
"887451";"27:6:1";"Exp60_22_IS2834";"Exp60_22_IS2834";NA;"2023-10-13 21:16:00";76706,9
"887452";"27:6:1";"Exp60_22_IS2834";"Exp60_22_IS2834";NA;"2023-10-13 21:32:00";76686
"887453";"27:6:1";"Exp60_22_IS2834";"Exp60_22_IS2834";NA;"2023-10-13 21:46:00";76667,3
"887454";"27:6:1";"Exp60_22_IS2834";"Exp60_22_IS2834";NA;"2023-10-13 22:02:00";76650,5
"887455";"27:6:1";"Exp60_22_IS2834";"Exp60_22_IS2834";NA;"2023-10-13 22:16:00";76631
"887456";"27:6:1";"Exp60_22_IS2834";"Exp60_22_IS2834";NA;"2023-10-13 22:32:00";76615,2
"887457";"27:6:1";"Exp60_22_IS2834";"Exp60_22_IS2834";NA;"2023-10-13 22:46:00";76602,9
"887458";"27:6:1";"Exp60_22_IS2834";"Exp60_22_IS2834";NA;"2023-10-13 23:02:00";76593,6
"887459";"27:6:1";"Exp60_22_IS2834";"Exp60_22_IS2834";NA;"2023-10-13 23:16:00";76583,6
"887460";"27:6:1";"Exp60_22_IS2834";"Exp60_22_IS2834";NA;"2023-10-13 23:47:00";76567,9
"887461";"27:6:1";"Exp60_22_IS2834";"Exp60_22_IS2834";NA;"2023-10-14 00:01:00";76555,3
"887462";"27:6:1";"Exp60_22_IS2834";"Exp60_22_IS2834";NA;"2023-10-14 00:17:00";76547,1
"887463";"27:6:1";"Exp60_22_IS2834";"Exp60_22_IS2834";NA;"2023-10-14 00:31:00";76551,2
"887464";"27:6:1";"Exp60_22_IS2834";"Exp60_22_IS2834";NA;"2023-10-14 00:47:00";76544,6
"887465";"27:6:1";"Exp60_22_IS2834";"Exp60_22_IS2834";NA;"2023-10-14 01:01:00";76534,6
"887466";"27:6:1";"Exp60_22_IS2834";"Exp60_22_IS2834";NA;"2023-10-14 01:17:00";76530,3
"887467";"27:6:1";"Exp60_22_IS2834";"Exp60_22_IS2834";NA;"2023-10-14 01:31:00";76530,3
"887468";"27:6:1";"Exp60_22_IS2834";"Exp60_22_IS2834";NA;"2023-10-14 01:47:00";76524,6
"887469";"27:6:1";"Exp60_22_IS2834";"Exp60_22_IS2834";NA;"2023-10-14 02:01:00";76512,8
"887470";"27:6:1";"Exp60_22_IS2834";"Exp60_22_IS2834";NA;"2023-10-14 02:17:00";76516,4
"887471";"27:6:1";"Exp60_22_IS2834";"Exp60_22_IS2834";NA;"2023-10-14 02:31:00";76505,6
"887472";"27:6:1";"Exp60_22_IS2834";"Exp60_22_IS2834";NA;"2023-10-14 02:47:00";76510,9
"887473";"27:6:1";"Exp60_22_IS2834";"Exp60_22_IS2834";NA;"2023-10-14 03:01:00";76501,8
"887474";"27:6:1";"Exp60_22_IS2834";"Exp60_22_IS2834";NA;"2023-10-14 03:17:00";76498,9
"887475";"27:6:1";"Exp60_22_IS2834";"Exp60_22_IS2834";NA;"2023-10-14 03:31:00";76495,6
"887476";"27:6:1";"Exp60_22_IS2834";"Exp60_22_IS2834";NA;"2023-10-14 04:17:00";76490,6
"887477";"27:6:1";"Exp60_22_IS2834";"Exp60_22_IS2834";NA;"2023-10-14 04:31:00";76489,2
"887478";"27:6:1";"Exp60_22_IS2834";"Exp60_22_IS2834";NA;"2023-10-14 04:47:00";76486,3
"887479";"27:6:1";"Exp60_22_IS2834";"Exp60_22_IS2834";NA;"2023-10-14 05:01:00";76489,7
"887480";"27:6:1";"Exp60_22_IS2834";"Exp60_22_IS2834";NA;"2023-10-14 05:17:00";76487,1
"887481";"27:6:1";"Exp60_22_IS2834";"Exp60_22_IS2834";NA;"2023-10-14 05:31:00";76494,4
"887482";"27:6:1";"Exp60_22_IS2834";"Exp60_22_IS2834";NA;"2023-10-14 05:47:00";76483,7
"887483";"27:6:1";"Exp60_22_IS2834";"Exp60_22_IS2834";NA;"2023-10-14 06:01:00";76490,1
"887484";"27:6:1";"Exp60_22_IS2834";"Exp60_22_IS2834";NA;"2023-10-14 06:17:00";76488,5
"887485";"27:6:1";"Exp60_22_IS2834";"Exp60_22_IS2834";NA;"2023-10-14 06:31:00";76485,6
"887486";"27:6:1";"Exp60_22_IS2834";"Exp60_22_IS2834";NA;"2023-10-14 07:02:00";76480
"887487";"27:6:1";"Exp60_22_IS2834";"Exp60_22_IS2834";NA;"2023-10-14 07:16:00";76474,7
"887488";"27:6:1";"Exp60_22_IS2834";"Exp60_22_IS2834";NA;"2023-10-14 07:32:00";76460,8
"887489";"27:6:1";"Exp60_22_IS2834";"Exp60_22_IS2834";NA;"2023-10-14 08:16:00";76430,1
"887490";"27:6:1";"Exp60_22_IS2834";"Exp60_22_IS2834";NA;"2023-10-14 08:32:00";76432,7
"887491";"27:6:1";"Exp60_22_IS2834";"Exp60_22_IS2834";NA;"2023-10-14 08:46:00";76410,5
"887492";"27:6:1";"Exp60_22_IS2834";"Exp60_22_IS2834";NA;"2023-10-14 09:02:00";76396,7
"887493";"27:6:1";"Exp60_22_IS2834";"Exp60_22_IS2834";NA;"2023-10-14 09:16:00";76376,7
"887494";"27:6:1";"Exp60_22_IS2834";"Exp60_22_IS2834";NA;"2023-10-14 09:32:00";76357,8
"887495";"27:6:1";"Exp60_22_IS2834";"Exp60_22_IS2834";NA;"2023-10-14 09:46:00";76339,5
"887496";"27:6:1";"Exp60_22_IS2834";"Exp60_22_IS2834";NA;"2023-10-14 10:02:00";76312,1
"887497";"27:6:1";"Exp60_22_IS2834";"Exp60_22_IS2834";NA;"2023-10-14 10:16:00";76288,1
"887498";"27:6:1";"Exp60_22_IS2834";"Exp60_22_IS2834";NA;"2023-10-14 10:32:00";76242,8
"887499";"27:6:1";"Exp60_22_IS2834";"Exp60_22_IS2834";NA;"2023-10-14 10:46:00";76245
"887500";"27:6:1";"Exp60_22_IS2834";"Exp60_22_IS2834";NA;"2023-10-14 11:02:00";76192,6
"887501";"27:6:1";"Exp60_22_IS2834";"Exp60_22_IS2834";NA;"2023-10-14 11:16:00";76158,7
"887502";"27:6:1";"Exp60_22_IS2834";"Exp60_22_IS2834";NA;"2023-10-14 11:32:00";76112,6
"887503";"27:6:1";"Exp60_22_IS2834";"Exp60_22_IS2834";NA;"2023-10-14 11:46:00";76082,3
"887504";"27:6:1";"Exp60_22_IS2834";"Exp60_22_IS2834";NA;"2023-10-14 12:02:00";76054,6
"887505";"27:6:1";"Exp60_22_IS2834";"Exp60_22_IS2834";NA;"2023-10-14 12:16:00";76028,8
"887506";"27:6:1";"Exp60_22_IS2834";"Exp60_22_IS2834";NA;"2023-10-14 12:32:00";75998,7
"887507";"27:6:1";"Exp60_22_IS2834";"Exp60_22_IS2834";NA;"2023-10-14 12:46:00";75971,9
"887508";"27:6:1";"Exp60_22_IS2834";"Exp60_22_IS2834";NA;"2023-10-14 13:02:00";75951,3
"887509";"27:6:1";"Exp60_22_IS2834";"Exp60_22_IS2834";NA;"2023-10-14 13:16:00";75926,2
"887510";"27:6:1";"Exp60_22_IS2834";"Exp60_22_IS2834";NA;"2023-10-14 13:32:00";75909,2
"887511";"27:6:1";"Exp60_22_IS2834";"Exp60_22_IS2834";NA;"2023-10-14 13:46:00";75885,8
"887512";"27:6:1";"Exp60_22_IS2834";"Exp60_22_IS2834";NA;"2023-10-14 19:31:00";75652,8
"887513";"27:6:1";"Exp60_22_IS2834";"Exp60_22_IS2834";NA;"2023-10-15 02:01:00";75620,2
"887514";"27:6:1";"Exp60_22_IS2834";"Exp60_22_IS2834";NA;"2023-10-15 02:17:00";75619,5
"887515";"27:6:1";"Exp60_22_IS2834";"Exp60_22_IS2834";NA;"2023-10-15 02:31:00";75620,2
"887516";"27:6:1";"Exp60_22_IS2834";"Exp60_22_IS2834";NA;"2023-10-15 02:47:00";75619,5
"887517";"27:6:1";"Exp60_22_IS2834";"Exp60_22_IS2834";NA;"2023-10-15 03:01:00";75618,5
"887518";"27:6:1";"Exp60_22_IS2834";"Exp60_22_IS2834";NA;"2023-10-15 03:17:00";75615,8
"887519";"27:6:1";"Exp60_22_IS2834";"Exp60_22_IS2834";NA;"2023-10-15 03:31:00";75615,3
"887520";"27:6:1";"Exp60_22_IS2834";"Exp60_22_IS2834";NA;"2023-10-15 03:47:00";75615,1
"887521";"27:6:1";"Exp60_22_IS2834";"Exp60_22_IS2834";NA;"2023-10-15 04:01:00";75612,7
"887522";"27:6:1";"Exp60_22_IS2834";"Exp60_22_IS2834";NA;"2023-10-15 04:32:00";75611,5
"887523";"27:6:1";"Exp60_22_IS2834";"Exp60_22_IS2834";NA;"2023-10-15 04:46:00";75610,4
"887524";"27:6:1";"Exp60_22_IS2834";"Exp60_22_IS2834";NA;"2023-10-15 05:32:00";75608,3
"887525";"27:6:1";"Exp60_22_IS2834";"Exp60_22_IS2834";NA;"2023-10-15 05:46:00";75605,6
"887526";"27:6:1";"Exp60_22_IS2834";"Exp60_22_IS2834";NA;"2023-10-15 06:17:00";75603,9
"887527";"27:6:1";"Exp60_22_IS2834";"Exp60_22_IS2834";NA;"2023-10-15 06:31:00";75603,9
"887528";"27:6:1";"Exp60_22_IS2834";"Exp60_22_IS2834";NA;"2023-10-15 07:02:00";75600,8
"887529";"27:6:1";"Exp60_22_IS2834";"Exp60_22_IS2834";NA;"2023-10-15 07:16:00";75600,5
"887530";"27:6:1";"Exp60_22_IS2834";"Exp60_22_IS2834";NA;"2023-10-15 07:32:00";75595,9
"887531";"27:6:1";"Exp60_22_IS2834";"Exp60_22_IS2834";NA;"2023-10-15 07:46:00";75589,4
"887532";"27:6:1";"Exp60_22_IS2834";"Exp60_22_IS2834";NA;"2023-10-15 08:17:00";75577,4
"887533";"27:6:1";"Exp60_22_IS2834";"Exp60_22_IS2834";NA;"2023-10-15 08:31:00";75569
"887534";"27:6:1";"Exp60_22_IS2834";"Exp60_22_IS2834";NA;"2023-10-15 08:47:00";75556,8
"887535";"27:6:1";"Exp60_22_IS2834";"Exp60_22_IS2834";NA;"2023-10-15 09:01:00";75548,6
"887536";"27:6:1";"Exp60_22_IS2834";"Exp60_22_IS2834";NA;"2023-10-15 09:17:00";75534,6
"887537";"27:6:1";"Exp60_22_IS2834";"Exp60_22_IS2834";NA;"2023-10-15 09:31:00";75517,8
"887538";"27:6:1";"Exp60_22_IS2834";"Exp60_22_IS2834";NA;"2023-10-15 09:47:00";75510,5
"887539";"27:6:1";"Exp60_22_IS2834";"Exp60_22_IS2834";NA;"2023-10-15 10:01:00";75493,5
"887540";"27:6:1";"Exp60_22_IS2834";"Exp60_22_IS2834";NA;"2023-10-15 10:17:00";75484,7
"887541";"27:6:1";"Exp60_22_IS2834";"Exp60_22_IS2834";NA;"2023-10-15 10:31:00";75442,1
"887542";"27:6:1";"Exp60_22_IS2834";"Exp60_22_IS2834";NA;"2023-10-15 10:47:00";75448,1
"887543";"27:6:1";"Exp60_22_IS2834";"Exp60_22_IS2834";NA;"2023-10-15 11:01:00";75409,7
"887544";"27:6:1";"Exp60_22_IS2834";"Exp60_22_IS2834";NA;"2023-10-15 18:01:00";75006,1
"887545";"27:6:1";"Exp60_22_IS2834";"Exp60_22_IS2834";NA;"2023-10-15 18:17:00";75002,8
"887546";"27:6:1";"Exp60_22_IS2834";"Exp60_22_IS2834";NA;"2023-10-15 18:31:00";75003,6
"887547";"27:6:1";"Exp60_22_IS2834";"Exp60_22_IS2834";NA;"2023-10-15 18:47:00";75001,1
"887548";"27:6:1";"Exp60_22_IS2834";"Exp60_22_IS2834";NA;"2023-10-15 19:01:00";74999
"887549";"27:6:1";"Exp60_22_IS2834";"Exp60_22_IS2834";NA;"2023-10-15 19:17:00";74998,1
"887550";"27:6:1";"Exp60_22_IS2834";"Exp60_22_IS2834";NA;"2023-10-15 19:31:00";74997
"887551";"27:6:1";"Exp60_22_IS2834";"Exp60_22_IS2834";NA;"2023-10-16 03:46:00";74971,2
"887552";"27:6:1";"Exp60_22_IS2834";"Exp60_22_IS2834";NA;"2023-10-16 04:02:00";74970,6
"887553";"27:6:1";"Exp60_22_IS2834";"Exp60_22_IS2834";NA;"2023-10-16 04:16:00";74970,7
"887554";"27:6:1";"Exp60_22_IS2834";"Exp60_22_IS2834";NA;"2023-10-16 04:32:00";74967,5
"887555";"27:6:1";"Exp60_22_IS2834";"Exp60_22_IS2834";NA;"2023-10-16 04:46:00";74967,4
"887556";"27:6:1";"Exp60_22_IS2834";"Exp60_22_IS2834";NA;"2023-10-16 05:02:00";74966,4
"887557";"27:6:1";"Exp60_22_IS2834";"Exp60_22_IS2834";NA;"2023-10-16 05:16:00";74967,1
"887558";"27:6:1";"Exp60_22_IS2834";"Exp60_22_IS2834";NA;"2023-10-16 05:32:00";74967,2
"887559";"27:6:1";"Exp60_22_IS2834";"Exp60_22_IS2834";NA;"2023-10-16 05:46:00";74966
"887560";"27:6:1";"Exp60_22_IS2834";"Exp60_22_IS2834";NA;"2023-10-16 06:02:00";74965,3
"887561";"27:6:1";"Exp60_22_IS2834";"Exp60_22_IS2834";NA;"2023-10-16 06:16:00";74963,7
"887562";"27:6:1";"Exp60_22_IS2834";"Exp60_22_IS2834";NA;"2023-10-16 06:32:00";74964,7
"887563";"27:6:1";"Exp60_22_IS2834";"Exp60_22_IS2834";NA;"2023-10-16 06:46:00";74962,2
"887564";"27:6:1";"Exp60_22_IS2834";"Exp60_22_IS2834";NA;"2023-10-16 07:02:00";74959,2
"887565";"27:6:1";"Exp60_22_IS2834";"Exp60_22_IS2834";NA;"2023-10-16 07:16:00";74957,3
"887566";"27:6:1";"Exp60_22_IS2834";"Exp60_22_IS2834";NA;"2023-10-16 07:47:00";74951
"887567";"27:6:1";"Exp60_22_IS2834";"Exp60_22_IS2834";NA;"2023-10-16 08:01:00";74946,9
"887568";"27:6:1";"Exp60_22_IS2834";"Exp60_22_IS2834";NA;"2023-10-16 08:17:00";74936,1
"887569";"27:6:1";"Exp60_22_IS2834";"Exp60_22_IS2834";NA;"2023-10-16 08:31:00";74933,2
"887570";"27:6:1";"Exp60_22_IS2834";"Exp60_22_IS2834";NA;"2023-10-16 08:47:00";74923,4
"887571";"27:6:1";"Exp60_22_IS2834";"Exp60_22_IS2834";NA;"2023-10-16 09:01:00";74915,4
"887572";"27:6:1";"Exp60_22_IS2834";"Exp60_22_IS2834";NA;"2023-10-16 09:17:00";74900,7
"887573";"27:6:1";"Exp60_22_IS2834";"Exp60_22_IS2834";NA;"2023-10-16 09:31:00";74888,6
"887574";"27:6:1";"Exp60_22_IS2834";"Exp60_22_IS2834";NA;"2023-10-16 09:47:00";74874,8
"887575";"27:6:1";"Exp60_22_IS2834";"Exp60_22_IS2834";NA;"2023-10-16 10:01:00";74859,6
"887576";"27:6:1";"Exp60_22_IS2834";"Exp60_22_IS2834";NA;"2023-10-16 10:17:00";74848,3
"887577";"27:6:1";"Exp60_22_IS2834";"Exp60_22_IS2834";NA;"2023-10-16 10:31:00";74825,9
"887578";"27:6:1";"Exp60_22_IS2834";"Exp60_22_IS2834";NA;"2023-10-16 10:47:00";74821,4
"887579";"27:6:1";"Exp60_22_IS2834";"Exp60_22_IS2834";NA;"2023-10-16 11:01:00";74782,7
"887580";"27:6:1";"Exp60_22_IS2834";"Exp60_22_IS2834";NA;"2023-10-16 11:32:00";74740,3
"887581";"27:6:1";"Exp60_22_IS2834";"Exp60_22_IS2834";NA;"2023-10-16 11:46:00";74725,7
"887582";"27:6:1";"Exp60_22_IS2834";"Exp60_22_IS2834";NA;"2023-10-16 12:17:00";74681,2
"887583";"27:6:1";"Exp60_22_IS2834";"Exp60_22_IS2834";NA;"2023-10-16 12:31:00";74667,5
"887584";"27:6:1";"Exp60_22_IS2834";"Exp60_22_IS2834";NA;"2023-10-16 13:02:00";74625,5
"887585";"27:6:1";"Exp60_22_IS2834";"Exp60_22_IS2834";NA;"2023-10-16 13:16:00";74614,3
"887586";"27:6:1";"Exp60_22_IS2834";"Exp60_22_IS2834";NA;"2023-10-16 13:32:00";74584,5
"887587";"27:6:1";"Exp60_22_IS2834";"Exp60_22_IS2834";NA;"2023-10-16 13:46:00";74570,2
"887588";"27:6:1";"Exp60_22_IS2834";"Exp60_22_IS2834";NA;"2023-10-16 14:02:00";74562,4
"887589";"27:6:1";"Exp60_22_IS2834";"Exp60_22_IS2834";NA;"2023-10-16 14:16:00";74570,5
"887590";"27:6:1";"Exp60_22_IS2834";"Exp60_22_IS2834";NA;"2023-10-16 14:32:00";74545,5
"887591";"27:6:1";"Exp60_22_IS2834";"Exp60_22_IS2834";NA;"2023-10-16 14:46:00";74529,6
"887592";"27:6:1";"Exp60_22_IS2834";"Exp60_22_IS2834";NA;"2023-10-16 22:16:00";74441,9
"887593";"27:6:1";"Exp60_22_IS2834";"Exp60_22_IS2834";NA;"2023-10-16 22:32:00";74441,6
"887594";"27:6:1";"Exp60_22_IS2834";"Exp60_22_IS2834";NA;"2023-10-16 22:46:00";74436,7
"887595";"27:6:1";"Exp60_22_IS2834";"Exp60_22_IS2834";NA;"2023-10-17 05:46:00";74421,3
"887596";"27:6:1";"Exp60_22_IS2834";"Exp60_22_IS2834";NA;"2023-10-17 06:02:00";74420,7
"887597";"27:6:1";"Exp60_22_IS2834";"Exp60_22_IS2834";NA;"2023-10-17 06:16:00";74420,2
"887598";"27:6:1";"Exp60_22_IS2834";"Exp60_22_IS2834";NA;"2023-10-17 06:32:00";74418,2
"887599";"27:6:1";"Exp60_22_IS2834";"Exp60_22_IS2834";NA;"2023-10-17 06:46:00";74417,1
"887600";"27:6:1";"Exp60_22_IS2834";"Exp60_22_IS2834";NA;"2023-10-17 12:46:00";74014,4
"887601";"27:6:1";"Exp60_22_IS2834";"Exp60_22_IS2834";NA;"2023-10-17 13:02:00";73996,2
"887602";"27:6:1";"Exp60_22_IS2834";"Exp60_22_IS2834";NA;"2023-10-17 13:16:00";73980
"887603";"27:6:1";"Exp60_22_IS2834";"Exp60_22_IS2834";NA;"2023-10-17 13:32:00";73969,1
"887604";"27:6:1";"Exp60_22_IS2834";"Exp60_22_IS2834";NA;"2023-10-17 13:46:00";73955
"887605";"27:6:1";"Exp60_22_IS2834";"Exp60_22_IS2834";NA;"2023-10-17 14:02:00";73926,9
"887606";"27:6:1";"Exp60_22_IS2834";"Exp60_22_IS2834";NA;"2023-10-17 14:16:00";73920,6
"887607";"27:6:1";"Exp60_22_IS2834";"Exp60_22_IS2834";NA;"2023-10-17 14:32:00";73907,2
"887608";"27:6:1";"Exp60_22_IS2834";"Exp60_22_IS2834";NA;"2023-10-17 14:46:00";73904
"887609";"27:6:1";"Exp60_22_IS2834";"Exp60_22_IS2834";NA;"2023-10-17 15:17:00";73877
"887610";"27:6:1";"Exp60_22_IS2834";"Exp60_22_IS2834";NA;"2023-10-17 15:31:00";73867,2
"887611";"27:6:1";"Exp60_22_IS2834";"Exp60_22_IS2834";NA;"2023-10-17 16:17:00";73843,9
"887612";"27:6:1";"Exp60_22_IS2834";"Exp60_22_IS2834";NA;"2023-10-17 16:31:00";73842
"887613";"27:6:1";"Exp60_22_IS2834";"Exp60_22_IS2834";NA;"2023-10-17 16:47:00";73837,4
"887614";"27:6:1";"Exp60_22_IS2834";"Exp60_22_IS2834";NA;"2023-10-17 17:01:00";73833,2
"887615";"27:6:1";"Exp60_22_IS2834";"Exp60_22_IS2834";NA;"2023-10-17 18:32:00";73832,7
"887616";"27:6:1";"Exp60_22_IS2834";"Exp60_22_IS2834";NA;"2023-10-17 18:46:00";73834,6
"887617";"27:6:1";"Exp60_22_IS2834";"Exp60_22_IS2834";NA;"2023-10-17 19:02:00";73836,3
"887618";"27:6:1";"Exp60_22_IS2834";"Exp60_22_IS2834";NA;"2023-10-17 19:16:00";73833,6
"887619";"27:6:1";"Exp60_22_IS2834";"Exp60_22_IS2834";NA;"2023-10-17 19:32:00";73833,3
"887620";"27:6:1";"Exp60_22_IS2834";"Exp60_22_IS2834";NA;"2023-10-17 19:46:00";73835,8
"887621";"27:6:1";"Exp60_22_IS2834";"Exp60_22_IS2834";NA;"2023-10-18 01:31:00";73836,4
"887622";"27:6:1";"Exp60_22_IS2834";"Exp60_22_IS2834";NA;"2023-10-18 02:02:00";73835,3
"887623";"27:6:1";"Exp60_22_IS2834";"Exp60_22_IS2834";NA;"2023-10-18 02:16:00";73837,3
"887624";"27:6:1";"Exp60_22_IS2834";"Exp60_22_IS2834";NA;"2023-10-18 02:32:00";73835,4
"887625";"27:6:1";"Exp60_22_IS2834";"Exp60_22_IS2834";NA;"2023-10-18 02:46:00";73834,8
"887626";"27:6:1";"Exp60_22_IS2834";"Exp60_22_IS2834";NA;"2023-10-18 03:02:00";73831,5
"887627";"27:6:1";"Exp60_22_IS2834";"Exp60_22_IS2834";NA;"2023-10-18 03:16:00";73836,6
"887628";"27:6:1";"Exp60_22_IS2834";"Exp60_22_IS2834";NA;"2023-10-18 03:32:00";73836,4
"887629";"27:6:1";"Exp60_22_IS2834";"Exp60_22_IS2834";NA;"2023-10-18 04:01:00";73836,8
"887630";"27:6:1";"Exp60_22_IS2834";"Exp60_22_IS2834";NA;"2023-10-18 04:17:00";73835
"887631";"27:6:1";"Exp60_22_IS2834";"Exp60_22_IS2834";NA;"2023-10-18 04:31:00";73833,9
"887632";"27:6:1";"Exp60_22_IS2834";"Exp60_22_IS2834";NA;"2023-10-18 04:47:00";73832,5
"887633";"27:6:1";"Exp60_22_IS2834";"Exp60_22_IS2834";NA;"2023-10-18 05:01:00";73834,2
"887634";"27:6:1";"Exp60_22_IS2834";"Exp60_22_IS2834";NA;"2023-10-18 05:17:00";73832,9
"887635";"27:6:1";"Exp60_22_IS2834";"Exp60_22_IS2834";NA;"2023-10-18 05:31:00";73836,7
"887636";"27:6:1";"Exp60_22_IS2834";"Exp60_22_IS2834";NA;"2023-10-18 05:47:00";73832,8
"887637";"27:6:1";"Exp60_22_IS2834";"Exp60_22_IS2834";NA;"2023-10-18 06:01:00";73834,8
"887638";"27:6:1";"Exp60_22_IS2834";"Exp60_22_IS2834";NA;"2023-10-18 06:17:00";73834
"887639";"27:6:1";"Exp60_22_IS2834";"Exp60_22_IS2834";NA;"2023-10-18 06:31:00";73837,1
"887640";"27:6:1";"Exp60_22_IS2834";"Exp60_22_IS2834";NA;"2023-10-18 07:32:00";73823
"887641";"27:6:1";"Exp60_22_IS2834";"Exp60_22_IS2834";NA;"2023-10-18 07:46:00";73821,4
"887642";"27:6:1";"Exp60_22_IS2834";"Exp60_22_IS2834";NA;"2023-10-18 08:02:00";73819,2
"887643";"27:6:1";"Exp60_22_IS2834";"Exp60_22_IS2834";NA;"2023-10-18 08:16:00";73809,8
"887644";"27:6:1";"Exp60_22_IS2834";"Exp60_22_IS2834";NA;"2023-10-18 08:47:00";73792,3
"887645";"27:6:1";"Exp60_22_IS2834";"Exp60_22_IS2834";NA;"2023-10-18 09:01:00";73780,5
"887646";"27:6:1";"Exp60_22_IS2834";"Exp60_22_IS2834";NA;"2023-10-18 09:17:00";73762,8
"887647";"27:6:1";"Exp60_22_IS2834";"Exp60_22_IS2834";NA;"2023-10-18 09:31:00";73760,2
"887648";"27:6:1";"Exp60_22_IS2834";"Exp60_22_IS2834";NA;"2023-10-18 15:31:00";73406,9
"887649";"27:6:1";"Exp60_22_IS2834";"Exp60_22_IS2834";NA;"2023-10-18 16:32:00";73384,8
"887650";"27:6:1";"Exp60_22_IS2834";"Exp60_22_IS2834";NA;"2023-10-18 16:46:00";73384,9
"887651";"27:6:1";"Exp60_22_IS2834";"Exp60_22_IS2834";NA;"2023-10-18 17:02:00";73379,5
"887652";"27:6:1";"Exp60_22_IS2834";"Exp60_22_IS2834";NA;"2023-10-18 17:16:00";73378,8
"887653";"27:6:1";"Exp60_22_IS2834";"Exp60_22_IS2834";NA;"2023-10-18 17:32:00";73379,3
"887654";"27:6:1";"Exp60_22_IS2834";"Exp60_22_IS2834";NA;"2023-10-18 17:46:00";73383,2
"887655";"27:6:1";"Exp60_22_IS2834";"Exp60_22_IS2834";NA;"2023-10-18 18:02:00";73384,1
"887656";"27:6:1";"Exp60_22_IS2834";"Exp60_22_IS2834";NA;"2023-10-18 18:16:00";73384,4
"887657";"27:6:1";"Exp60_22_IS2834";"Exp60_22_IS2834";NA;"2023-10-18 18:32:00";73383,4
"887658";"27:6:1";"Exp60_22_IS2834";"Exp60_22_IS2834";NA;"2023-10-18 18:46:00";73385,2
"887659";"27:6:1";"Exp60_22_IS2834";"Exp60_22_IS2834";NA;"2023-10-19 01:16:00";73386
"887660";"27:6:1";"Exp60_22_IS2834";"Exp60_22_IS2834";NA;"2023-10-19 01:32:00";73382,6
"887661";"27:6:1";"Exp60_22_IS2834";"Exp60_22_IS2834";NA;"2023-10-19 01:46:00";73381,3
"887662";"27:6:1";"Exp60_22_IS2834";"Exp60_22_IS2834";NA;"2023-10-19 02:02:00";73381,6
"887663";"27:6:1";"Exp60_22_IS2834";"Exp60_22_IS2834";NA;"2023-10-19 02:16:00";73383,1
"887664";"27:6:1";"Exp60_22_IS2834";"Exp60_22_IS2834";NA;"2023-10-19 02:32:00";73383,9
"887665";"27:6:1";"Exp60_22_IS2834";"Exp60_22_IS2834";NA;"2023-10-19 02:46:00";73385,9
"887666";"27:6:1";"Exp60_22_IS2834";"Exp60_22_IS2834";NA;"2023-10-19 03:17:00";73386,9
"887667";"27:6:1";"Exp60_22_IS2834";"Exp60_22_IS2834";NA;"2023-10-19 03:31:00";73384,3
"887668";"27:6:1";"Exp60_22_IS2834";"Exp60_22_IS2834";NA;"2023-10-19 03:47:00";73381,5
"887669";"27:6:1";"Exp60_22_IS2834";"Exp60_22_IS2834";NA;"2023-10-19 04:01:00";73383,4
"887670";"27:6:1";"Exp60_22_IS2834";"Exp60_22_IS2834";NA;"2023-10-19 04:17:00";73382,2
"887671";"27:6:1";"Exp60_22_IS2834";"Exp60_22_IS2834";NA;"2023-10-19 04:31:00";73383,2
"887672";"27:6:1";"Exp60_22_IS2834";"Exp60_22_IS2834";NA;"2023-10-19 04:47:00";73382
"887673";"27:6:1";"Exp60_22_IS2834";"Exp60_22_IS2834";NA;"2023-10-19 05:01:00";73384,8
"887674";"27:6:1";"Exp60_22_IS2834";"Exp60_22_IS2834";NA;"2023-10-19 05:17:00";73383,9
"887675";"27:6:1";"Exp60_22_IS2834";"Exp60_22_IS2834";NA;"2023-10-19 05:31:00";73385,6
"887676";"27:6:1";"Exp60_22_IS2834";"Exp60_22_IS2834";NA;"2023-10-19 05:47:00";73383,5
"887677";"27:6:1";"Exp60_22_IS2834";"Exp60_22_IS2834";NA;"2023-10-19 06:01:00";73382
"887678";"27:6:1";"Exp60_22_IS2834";"Exp60_22_IS2834";NA;"2023-10-19 06:17:00";73383,8
"887679";"27:6:1";"Exp60_22_IS2834";"Exp60_22_IS2834";NA;"2023-10-19 06:31:00";73386,1
"887680";"27:6:1";"Exp60_22_IS2834";"Exp60_22_IS2834";NA;"2023-10-19 06:47:00";73384,1
"887681";"27:6:1";"Exp60_22_IS2834";"Exp60_22_IS2834";NA;"2023-10-19 07:01:00";73382,4
"887682";"27:6:1";"Exp60_22_IS2834";"Exp60_22_IS2834";NA;"2023-10-19 13:46:00";73050,3
"887683";"27:6:1";"Exp60_22_IS2834";"Exp60_22_IS2834";NA;"2023-10-19 14:02:00";73038,3
"887684";"27:6:1";"Exp60_22_IS2834";"Exp60_22_IS2834";NA;"2023-10-19 14:16:00";73031,2
"887685";"27:6:1";"Exp60_22_IS2834";"Exp60_22_IS2834";NA;"2023-10-19 14:32:00";73021,4
"887686";"27:6:1";"Exp60_22_IS2834";"Exp60_22_IS2834";NA;"2023-10-19 14:46:00";72999,8
"887687";"27:6:1";"Exp60_22_IS2834";"Exp60_22_IS2834";NA;"2023-10-19 15:02:00";72999,3
"887688";"27:6:1";"Exp60_22_IS2834";"Exp60_22_IS2834";NA;"2023-10-19 15:16:00";72987,5
"887689";"27:6:1";"Exp60_22_IS2834";"Exp60_22_IS2834";NA;"2023-10-19 15:32:00";73128,1
"887690";"27:6:1";"Exp60_22_IS2834";"Exp60_22_IS2834";NA;"2023-10-19 15:46:00";74103,8
"887691";"27:6:1";"Exp60_22_IS2834";"Exp60_22_IS2834";NA;"2023-10-19 16:02:00";75168,3
"887692";"27:6:1";"Exp60_22_IS2834";"Exp60_22_IS2834";NA;"2023-10-19 16:16:00";76100,9
"887693";"27:6:1";"Exp60_22_IS2834";"Exp60_22_IS2834";NA;"2023-10-19 16:47:00";76855,7
"887694";"27:6:1";"Exp60_22_IS2834";"Exp60_22_IS2834";NA;"2023-10-19 17:01:00";76803,4
"887695";"27:6:1";"Exp60_22_IS2834";"Exp60_22_IS2834";NA;"2023-10-19 17:17:00";76741,7
"887696";"27:6:1";"Exp60_22_IS2834";"Exp60_22_IS2834";NA;"2023-10-19 17:31:00";76680,7
"887697";"27:6:1";"Exp60_22_IS2834";"Exp60_22_IS2834";NA;"2023-10-19 17:47:00";76619,9
"887698";"27:6:1";"Exp60_22_IS2834";"Exp60_22_IS2834";NA;"2023-10-19 18:01:00";76570,8
"887699";"27:6:1";"Exp60_22_IS2834";"Exp60_22_IS2834";NA;"2023-10-20 01:31:00";76111,1
"887700";"27:6:1";"Exp60_22_IS2834";"Exp60_22_IS2834";NA;"2023-10-20 01:47:00";76109,5
"887701";"27:6:1";"Exp60_22_IS2834";"Exp60_22_IS2834";NA;"2023-10-20 02:01:00";76104,1
"887702";"27:6:1";"Exp60_22_IS2834";"Exp60_22_IS2834";NA;"2023-10-20 02:17:00";76105,8
"887703";"27:6:1";"Exp60_22_IS2834";"Exp60_22_IS2834";NA;"2023-10-20 02:31:00";76103,8
"887704";"27:6:1";"Exp60_22_IS2834";"Exp60_22_IS2834";NA;"2023-10-20 02:47:00";76101,1
"887705";"27:6:1";"Exp60_22_IS2834";"Exp60_22_IS2834";NA;"2023-10-20 03:01:00";76104,2
"887706";"27:6:1";"Exp60_22_IS2834";"Exp60_22_IS2834";NA;"2023-10-20 03:47:00";76098,4
"887707";"27:6:1";"Exp60_22_IS2834";"Exp60_22_IS2834";NA;"2023-10-20 04:01:00";76097,6
"887708";"27:6:1";"Exp60_22_IS2834";"Exp60_22_IS2834";NA;"2023-10-20 04:32:00";76094,3
"887709";"27:6:1";"Exp60_22_IS2834";"Exp60_22_IS2834";NA;"2023-10-20 04:46:00";76095,2
"887710";"27:6:1";"Exp60_22_IS2834";"Exp60_22_IS2834";NA;"2023-10-20 05:02:00";76093,7
"887711";"27:6:1";"Exp60_22_IS2834";"Exp60_22_IS2834";NA;"2023-10-20 05:16:00";76093,2
"887712";"27:6:1";"Exp60_22_IS2834";"Exp60_22_IS2834";NA;"2023-10-20 05:32:00";76092,2
"887713";"27:6:1";"Exp60_22_IS2834";"Exp60_22_IS2834";NA;"2023-10-20 05:46:00";76087,9
"887714";"27:6:1";"Exp60_22_IS2834";"Exp60_22_IS2834";NA;"2023-10-20 06:02:00";76089,2
"887715";"27:6:1";"Exp60_22_IS2834";"Exp60_22_IS2834";NA;"2023-10-20 06:16:00";76089,2
"887716";"27:6:1";"Exp60_22_IS2834";"Exp60_22_IS2834";NA;"2023-10-20 06:32:00";76086,2
"887717";"27:6:1";"Exp60_22_IS2834";"Exp60_22_IS2834";NA;"2023-10-20 06:46:00";76084,6
"887718";"27:6:1";"Exp60_22_IS2834";"Exp60_22_IS2834";NA;"2023-10-20 07:02:00";76082,1
"887719";"27:6:1";"Exp60_22_IS2834";"Exp60_22_IS2834";NA;"2023-10-20 07:16:00";76080,5
"887720";"27:6:1";"Exp60_22_IS2834";"Exp60_22_IS2834";NA;"2023-10-20 07:47:00";76069,1
"887721";"27:6:1";"Exp60_22_IS2834";"Exp60_22_IS2834";NA;"2023-10-20 08:01:00";76065,3
"887722";"27:6:1";"Exp60_22_IS2834";"Exp60_22_IS2834";NA;"2023-10-20 08:17:00";76056,3
"887723";"27:6:1";"Exp60_22_IS2834";"Exp60_22_IS2834";NA;"2023-10-20 08:31:00";76042,1
"887724";"27:6:1";"Exp60_22_IS2834";"Exp60_22_IS2834";NA;"2023-10-20 08:47:00";76025,3
"887725";"27:6:1";"Exp60_22_IS2834";"Exp60_22_IS2834";NA;"2023-10-20 09:01:00";76014,5
"887726";"27:6:1";"Exp60_22_IS2834";"Exp60_22_IS2834";NA;"2023-10-20 13:46:00";75576,6
"887727";"27:6:1";"Exp60_22_IS2834";"Exp60_22_IS2834";NA;"2023-10-20 15:31:00";75460,7
"887728";"27:6:1";"Exp60_22_IS2834";"Exp60_22_IS2834";NA;"2023-10-20 15:47:00";75448
"887729";"27:6:1";"Exp60_22_IS2834";"Exp60_22_IS2834";NA;"2023-10-20 16:01:00";75434,8
"887730";"27:6:1";"Exp60_22_IS2834";"Exp60_22_IS2834";NA;"2023-10-20 16:17:00";75419,6
"887731";"27:6:1";"Exp60_22_IS2834";"Exp60_22_IS2834";NA;"2023-10-20 16:31:00";75415,4
"887732";"27:6:1";"Exp60_22_IS2834";"Exp60_22_IS2834";NA;"2023-10-20 16:47:00";75406
"887733";"27:6:1";"Exp60_22_IS2834";"Exp60_22_IS2834";NA;"2023-10-20 17:01:00";75407,4
"887734";"27:6:1";"Exp60_22_IS2834";"Exp60_22_IS2834";NA;"2023-10-20 23:31:00";75365
"887735";"27:6:1";"Exp60_22_IS2834";"Exp60_22_IS2834";NA;"2023-10-20 23:47:00";75371,3
"887736";"27:6:1";"Exp60_22_IS2834";"Exp60_22_IS2834";NA;"2023-10-21 00:01:00";75362,9
"887737";"27:6:1";"Exp60_22_IS2834";"Exp60_22_IS2834";NA;"2023-10-21 00:17:00";75365,5
"887738";"27:6:1";"Exp60_22_IS2834";"Exp60_22_IS2834";NA;"2023-10-21 00:31:00";75364,4
"887739";"27:6:1";"Exp60_22_IS2834";"Exp60_22_IS2834";NA;"2023-10-21 01:17:00";75355,6
"887740";"27:6:1";"Exp60_22_IS2834";"Exp60_22_IS2834";NA;"2023-10-21 01:31:00";75358
"887741";"27:6:1";"Exp60_22_IS2834";"Exp60_22_IS2834";NA;"2023-10-21 01:47:00";75358,1
"887742";"27:6:1";"Exp60_22_IS2834";"Exp60_22_IS2834";NA;"2023-10-21 02:01:00";75353,8
"887743";"27:6:1";"Exp60_22_IS2834";"Exp60_22_IS2834";NA;"2023-10-21 08:31:00";75320,9
"887744";"27:6:1";"Exp60_22_IS2834";"Exp60_22_IS2834";NA;"2023-10-21 08:47:00";75310,9
"887745";"27:6:1";"Exp60_22_IS2834";"Exp60_22_IS2834";NA;"2023-10-21 09:01:00";75302,4
"887746";"27:6:1";"Exp60_22_IS2834";"Exp60_22_IS2834";NA;"2023-10-21 09:17:00";75292,6
"887747";"27:6:1";"Exp60_22_IS2834";"Exp60_22_IS2834";NA;"2023-10-21 09:31:00";75284,5
"887748";"27:6:1";"Exp60_22_IS2834";"Exp60_22_IS2834";NA;"2023-10-21 09:47:00";75272
"887749";"27:6:1";"Exp60_22_IS2834";"Exp60_22_IS2834";NA;"2023-10-21 10:01:00";75261,8
"887750";"27:6:1";"Exp60_22_IS2834";"Exp60_22_IS2834";NA;"2023-10-21 10:32:00";75221,4
"887751";"27:6:1";"Exp60_22_IS2834";"Exp60_22_IS2834";NA;"2023-10-21 10:46:00";75205,8
"887752";"27:6:1";"Exp60_22_IS2834";"Exp60_22_IS2834";NA;"2023-10-21 17:01:00";76984,1
"887753";"27:6:1";"Exp60_22_IS2834";"Exp60_22_IS2834";NA;"2023-10-21 17:32:00";76883,6
"887754";"27:6:1";"Exp60_22_IS2834";"Exp60_22_IS2834";NA;"2023-10-21 17:46:00";76841,8
"887755";"27:6:1";"Exp60_22_IS2834";"Exp60_22_IS2834";NA;"2023-10-21 18:02:00";76801,3
"887756";"27:6:1";"Exp60_22_IS2834";"Exp60_22_IS2834";NA;"2023-10-21 18:16:00";76761,9
"887757";"27:6:1";"Exp60_22_IS2834";"Exp60_22_IS2834";NA;"2023-10-21 18:32:00";76729,5
"887758";"27:6:1";"Exp60_22_IS2834";"Exp60_22_IS2834";NA;"2023-10-21 18:46:00";76696,4
"887759";"27:6:1";"Exp60_22_IS2834";"Exp60_22_IS2834";NA;"2023-10-21 19:02:00";76672,1
"887760";"27:6:1";"Exp60_22_IS2834";"Exp60_22_IS2834";NA;"2023-10-21 19:16:00";76647,3
"887761";"27:6:1";"Exp60_22_IS2834";"Exp60_22_IS2834";NA;"2023-10-21 19:32:00";76620,2
"887762";"27:6:1";"Exp60_22_IS2834";"Exp60_22_IS2834";NA;"2023-10-21 19:46:00";76601,8
"887763";"27:6:1";"Exp60_22_IS2834";"Exp60_22_IS2834";NA;"2023-10-21 20:02:00";76581,5
"887764";"27:6:1";"Exp60_22_IS2834";"Exp60_22_IS2834";NA;"2023-10-21 20:16:00";76562,1
"887765";"27:6:1";"Exp60_22_IS2834";"Exp60_22_IS2834";NA;"2023-10-21 20:32:00";76543,1
"887766";"27:6:1";"Exp60_22_IS2834";"Exp60_22_IS2834";NA;"2023-10-21 20:46:00";76523,3
"887767";"27:6:2";"Exp60_185_IS22040";"Exp60_185_IS22040";NA;"2023-09-22 10:17:00";67957,9
"887768";"27:6:2";"Exp60_185_IS22040";"Exp60_185_IS22040";NA;"2023-09-22 10:31:00";67933,7
"887769";"27:6:2";"Exp60_185_IS22040";"Exp60_185_IS22040";NA;"2023-09-22 10:47:00";67914,2
"887770";"27:6:2";"Exp60_185_IS22040";"Exp60_185_IS22040";NA;"2023-09-22 11:01:00";67894,1
"887771";"27:6:2";"Exp60_185_IS22040";"Exp60_185_IS22040";NA;"2023-09-22 11:32:00";67853,3
"887772";"27:6:2";"Exp60_185_IS22040";"Exp60_185_IS22040";NA;"2023-09-22 11:46:00";67833,7
"887773";"27:6:2";"Exp60_185_IS22040";"Exp60_185_IS22040";NA;"2023-09-22 12:02:00";67809,7
"887774";"27:6:2";"Exp60_185_IS22040";"Exp60_185_IS22040";NA;"2023-09-22 12:16:00";67792,1
"887775";"27:6:2";"Exp60_185_IS22040";"Exp60_185_IS22040";NA;"2023-09-22 12:32:00";67765,8
"887776";"27:6:2";"Exp60_185_IS22040";"Exp60_185_IS22040";NA;"2023-09-22 12:46:00";67740,1
"887777";"27:6:2";"Exp60_185_IS22040";"Exp60_185_IS22040";NA;"2023-09-22 13:02:00";67724,8
"887778";"27:6:2";"Exp60_185_IS22040";"Exp60_185_IS22040";NA;"2023-09-22 13:16:00";67704,3
"887779";"27:6:2";"Exp60_185_IS22040";"Exp60_185_IS22040";NA;"2023-09-22 13:32:00";67681,3
"887780";"27:6:2";"Exp60_185_IS22040";"Exp60_185_IS22040";NA;"2023-09-22 13:46:00";67670
"887781";"27:6:2";"Exp60_185_IS22040";"Exp60_185_IS22040";NA;"2023-09-22 20:31:00";67502,3
"887782";"27:6:2";"Exp60_185_IS22040";"Exp60_185_IS22040";NA;"2023-09-22 20:47:00";67502,1
"887783";"27:6:2";"Exp60_185_IS22040";"Exp60_185_IS22040";NA;"2023-09-22 21:01:00";67501,2
"887784";"27:6:2";"Exp60_185_IS22040";"Exp60_185_IS22040";NA;"2023-09-22 21:17:00";67500,5
"887785";"27:6:2";"Exp60_185_IS22040";"Exp60_185_IS22040";NA;"2023-09-22 21:31:00";67499,6
"887786";"27:6:2";"Exp60_185_IS22040";"Exp60_185_IS22040";NA;"2023-09-22 21:47:00";67501,5
"887787";"27:6:2";"Exp60_185_IS22040";"Exp60_185_IS22040";NA;"2023-09-22 22:01:00";67503,5
"887788";"27:6:2";"Exp60_185_IS22040";"Exp60_185_IS22040";NA;"2023-09-22 22:17:00";67502,4
"887789";"27:6:2";"Exp60_185_IS22040";"Exp60_185_IS22040";NA;"2023-09-22 22:31:00";67502,4
"887790";"27:6:2";"Exp60_185_IS22040";"Exp60_185_IS22040";NA;"2023-09-22 22:47:00";67501,2
"887791";"27:6:2";"Exp60_185_IS22040";"Exp60_185_IS22040";NA;"2023-09-22 23:01:00";67501,8
"887792";"27:6:2";"Exp60_185_IS22040";"Exp60_185_IS22040";NA;"2023-09-22 23:17:00";67500,8
"887793";"27:6:2";"Exp60_185_IS22040";"Exp60_185_IS22040";NA;"2023-09-22 23:31:00";67500,8
"887794";"27:6:2";"Exp60_185_IS22040";"Exp60_185_IS22040";NA;"2023-09-22 23:47:00";67501,7
"887795";"27:6:2";"Exp60_185_IS22040";"Exp60_185_IS22040";NA;"2023-09-23 00:01:00";67500,6
"887796";"27:6:2";"Exp60_185_IS22040";"Exp60_185_IS22040";NA;"2023-09-23 00:17:00";67501,4
"887797";"27:6:2";"Exp60_185_IS22040";"Exp60_185_IS22040";NA;"2023-09-23 01:01:00";67498,8
"887798";"27:6:2";"Exp60_185_IS22040";"Exp60_185_IS22040";NA;"2023-09-23 01:17:00";67499,7
"887799";"27:6:2";"Exp60_185_IS22040";"Exp60_185_IS22040";NA;"2023-09-23 01:31:00";67501,1
"887800";"27:6:2";"Exp60_185_IS22040";"Exp60_185_IS22040";NA;"2023-09-23 01:47:00";67501,6
"887801";"27:6:2";"Exp60_185_IS22040";"Exp60_185_IS22040";NA;"2023-09-23 02:01:00";67497,9
"887802";"27:6:2";"Exp60_185_IS22040";"Exp60_185_IS22040";NA;"2023-09-23 02:17:00";67496,9
"887803";"27:6:2";"Exp60_185_IS22040";"Exp60_185_IS22040";NA;"2023-09-23 02:31:00";67495,5
"887804";"27:6:2";"Exp60_185_IS22040";"Exp60_185_IS22040";NA;"2023-09-23 02:47:00";67493,3
"887805";"27:6:2";"Exp60_185_IS22040";"Exp60_185_IS22040";NA;"2023-09-23 03:01:00";67490,9
"887806";"27:6:2";"Exp60_185_IS22040";"Exp60_185_IS22040";NA;"2023-09-23 03:17:00";67491,8
"887807";"27:6:2";"Exp60_185_IS22040";"Exp60_185_IS22040";NA;"2023-09-23 03:31:00";67487,7
"887808";"27:6:2";"Exp60_185_IS22040";"Exp60_185_IS22040";NA;"2023-09-23 03:47:00";67493,2
"887809";"27:6:2";"Exp60_185_IS22040";"Exp60_185_IS22040";NA;"2023-09-23 04:16:00";67490,8
"887810";"27:6:2";"Exp60_185_IS22040";"Exp60_185_IS22040";NA;"2023-09-23 04:32:00";67488,4
"887811";"27:6:2";"Exp60_185_IS22040";"Exp60_185_IS22040";NA;"2023-09-23 04:46:00";67486,9
"887812";"27:6:2";"Exp60_185_IS22040";"Exp60_185_IS22040";NA;"2023-09-23 05:02:00";67486
"887813";"27:6:2";"Exp60_185_IS22040";"Exp60_185_IS22040";NA;"2023-09-23 05:16:00";67484,6
"887814";"27:6:2";"Exp60_185_IS22040";"Exp60_185_IS22040";NA;"2023-09-23 05:32:00";67474,4
"887815";"27:6:2";"Exp60_185_IS22040";"Exp60_185_IS22040";NA;"2023-09-23 05:46:00";67479
"887816";"27:6:2";"Exp60_185_IS22040";"Exp60_185_IS22040";NA;"2023-09-23 06:02:00";67480,7
"887817";"27:6:2";"Exp60_185_IS22040";"Exp60_185_IS22040";NA;"2023-09-23 06:16:00";67479,7
"887818";"27:6:2";"Exp60_185_IS22040";"Exp60_185_IS22040";NA;"2023-09-23 06:32:00";67479,3
"887819";"27:6:2";"Exp60_185_IS22040";"Exp60_185_IS22040";NA;"2023-09-23 06:46:00";67474
"887820";"27:6:2";"Exp60_185_IS22040";"Exp60_185_IS22040";NA;"2023-09-23 07:02:00";67472
"887821";"27:6:2";"Exp60_185_IS22040";"Exp60_185_IS22040";NA;"2023-09-23 07:16:00";67466,4
"887822";"27:6:2";"Exp60_185_IS22040";"Exp60_185_IS22040";NA;"2023-09-23 07:32:00";67461,5
"887823";"27:6:2";"Exp60_185_IS22040";"Exp60_185_IS22040";NA;"2023-09-23 07:46:00";67449,9
"887824";"27:6:2";"Exp60_185_IS22040";"Exp60_185_IS22040";NA;"2023-09-23 08:02:00";67441,4
"887825";"27:6:2";"Exp60_185_IS22040";"Exp60_185_IS22040";NA;"2023-09-23 08:16:00";67430,2
"887826";"27:6:2";"Exp60_185_IS22040";"Exp60_185_IS22040";NA;"2023-09-23 08:32:00";67423,2
"887827";"27:6:2";"Exp60_185_IS22040";"Exp60_185_IS22040";NA;"2023-09-23 08:46:00";67410,6
"887828";"27:6:2";"Exp60_185_IS22040";"Exp60_185_IS22040";NA;"2023-09-23 09:02:00";67403,9
"887829";"27:6:2";"Exp60_185_IS22040";"Exp60_185_IS22040";NA;"2023-09-23 09:16:00";67400,2
"887830";"27:6:2";"Exp60_185_IS22040";"Exp60_185_IS22040";NA;"2023-09-23 14:01:00";67036,5
"887831";"27:6:2";"Exp60_185_IS22040";"Exp60_185_IS22040";NA;"2023-09-23 14:17:00";67014,2
"887832";"27:6:2";"Exp60_185_IS22040";"Exp60_185_IS22040";NA;"2023-09-23 14:31:00";67001,2
"887833";"27:6:2";"Exp60_185_IS22040";"Exp60_185_IS22040";NA;"2023-09-23 14:47:00";66986,9
"887834";"27:6:2";"Exp60_185_IS22040";"Exp60_185_IS22040";NA;"2023-09-23 15:01:00";66971,3
"887835";"27:6:2";"Exp60_185_IS22040";"Exp60_185_IS22040";NA;"2023-09-23 15:32:00";66952,5
"887836";"27:6:2";"Exp60_185_IS22040";"Exp60_185_IS22040";NA;"2023-09-23 15:46:00";66944
"887837";"27:6:2";"Exp60_185_IS22040";"Exp60_185_IS22040";NA;"2023-09-23 16:17:00";66929,4
"887838";"27:6:2";"Exp60_185_IS22040";"Exp60_185_IS22040";NA;"2023-09-23 16:31:00";66919
"887839";"27:6:2";"Exp60_185_IS22040";"Exp60_185_IS22040";NA;"2023-09-23 16:47:00";66917,7
"887840";"27:6:2";"Exp60_185_IS22040";"Exp60_185_IS22040";NA;"2023-09-23 17:01:00";66910,4
"887841";"27:6:2";"Exp60_185_IS22040";"Exp60_185_IS22040";NA;"2023-09-23 17:17:00";66908,9
"887842";"27:6:2";"Exp60_185_IS22040";"Exp60_185_IS22040";NA;"2023-09-23 17:31:00";66905,6
"887843";"27:6:2";"Exp60_185_IS22040";"Exp60_185_IS22040";NA;"2023-09-23 17:47:00";66904
"887844";"27:6:2";"Exp60_185_IS22040";"Exp60_185_IS22040";NA;"2023-09-23 18:01:00";66904,6
"887845";"27:6:2";"Exp60_185_IS22040";"Exp60_185_IS22040";NA;"2023-09-23 18:17:00";66906,3
"887846";"27:6:2";"Exp60_185_IS22040";"Exp60_185_IS22040";NA;"2023-09-23 18:31:00";66905,7
"887847";"27:6:2";"Exp60_185_IS22040";"Exp60_185_IS22040";NA;"2023-09-23 18:47:00";66904,9
"887848";"27:6:2";"Exp60_185_IS22040";"Exp60_185_IS22040";NA;"2023-09-23 19:01:00";66906,2
"887849";"27:6:2";"Exp60_185_IS22040";"Exp60_185_IS22040";NA;"2023-09-23 19:17:00";66906,2
"887850";"27:6:2";"Exp60_185_IS22040";"Exp60_185_IS22040";NA;"2023-09-23 19:31:00";66906,8
"887851";"27:6:2";"Exp60_185_IS22040";"Exp60_185_IS22040";NA;"2023-09-23 20:02:00";66904,6
"887852";"27:6:2";"Exp60_185_IS22040";"Exp60_185_IS22040";NA;"2023-09-23 20:16:00";66907,6
"887853";"27:6:2";"Exp60_185_IS22040";"Exp60_185_IS22040";NA;"2023-09-23 20:32:00";66906,9
"887854";"27:6:2";"Exp60_185_IS22040";"Exp60_185_IS22040";NA;"2023-09-23 20:46:00";66906,6
"887855";"27:6:2";"Exp60_185_IS22040";"Exp60_185_IS22040";NA;"2023-09-23 21:02:00";66904,9
"887856";"27:6:2";"Exp60_185_IS22040";"Exp60_185_IS22040";NA;"2023-09-23 21:16:00";66906,5
"887857";"27:6:2";"Exp60_185_IS22040";"Exp60_185_IS22040";NA;"2023-09-23 21:32:00";66904,3
"887858";"27:6:2";"Exp60_185_IS22040";"Exp60_185_IS22040";NA;"2023-09-23 21:46:00";66905,6
"887859";"27:6:2";"Exp60_185_IS22040";"Exp60_185_IS22040";NA;"2023-09-23 22:02:00";66907,2
"887860";"27:6:2";"Exp60_185_IS22040";"Exp60_185_IS22040";NA;"2023-09-23 22:16:00";66907,1
"887861";"27:6:2";"Exp60_185_IS22040";"Exp60_185_IS22040";NA;"2023-09-23 23:17:00";66908
"887862";"27:6:2";"Exp60_185_IS22040";"Exp60_185_IS22040";NA;"2023-09-23 23:31:00";66906,3
"887863";"27:6:2";"Exp60_185_IS22040";"Exp60_185_IS22040";NA;"2023-09-23 23:47:00";66908,4
"887864";"27:6:2";"Exp60_185_IS22040";"Exp60_185_IS22040";NA;"2023-09-24 00:01:00";66909,8
"887865";"27:6:2";"Exp60_185_IS22040";"Exp60_185_IS22040";NA;"2023-09-24 00:17:00";66908,2
"887866";"27:6:2";"Exp60_185_IS22040";"Exp60_185_IS22040";NA;"2023-09-24 00:31:00";66907,4
"887867";"27:6:2";"Exp60_185_IS22040";"Exp60_185_IS22040";NA;"2023-09-24 00:47:00";66908
"887868";"27:6:2";"Exp60_185_IS22040";"Exp60_185_IS22040";NA;"2023-09-24 01:01:00";66908,7
"887869";"27:6:2";"Exp60_185_IS22040";"Exp60_185_IS22040";NA;"2023-09-24 01:17:00";66909
"887870";"27:6:2";"Exp60_185_IS22040";"Exp60_185_IS22040";NA;"2023-09-24 01:31:00";66906,1
"887871";"27:6:2";"Exp60_185_IS22040";"Exp60_185_IS22040";NA;"2023-09-24 01:47:00";66909,5
"887872";"27:6:2";"Exp60_185_IS22040";"Exp60_185_IS22040";NA;"2023-09-24 02:01:00";66908,9
"887873";"27:6:2";"Exp60_185_IS22040";"Exp60_185_IS22040";NA;"2023-09-24 02:17:00";66907,3
"887874";"27:6:2";"Exp60_185_IS22040";"Exp60_185_IS22040";NA;"2023-09-24 02:31:00";66907,3
"887875";"27:6:2";"Exp60_185_IS22040";"Exp60_185_IS22040";NA;"2023-09-24 02:47:00";66907,2
"887876";"27:6:2";"Exp60_185_IS22040";"Exp60_185_IS22040";NA;"2023-09-24 03:01:00";66906,6
"887877";"27:6:2";"Exp60_185_IS22040";"Exp60_185_IS22040";NA;"2023-09-24 10:01:00";66847,7
"887878";"27:6:2";"Exp60_185_IS22040";"Exp60_185_IS22040";NA;"2023-09-24 10:17:00";66833,6
"887879";"27:6:2";"Exp60_185_IS22040";"Exp60_185_IS22040";NA;"2023-09-24 10:31:00";66825,3
"887880";"27:6:2";"Exp60_185_IS22040";"Exp60_185_IS22040";NA;"2023-09-24 10:47:00";66805,3
"887881";"27:6:2";"Exp60_185_IS22040";"Exp60_185_IS22040";NA;"2023-09-24 11:01:00";66788,7
"887882";"27:6:2";"Exp60_185_IS22040";"Exp60_185_IS22040";NA;"2023-09-24 11:17:00";66779,4
"887883";"27:6:2";"Exp60_185_IS22040";"Exp60_185_IS22040";NA;"2023-09-24 11:31:00";66765,8
"887884";"27:6:2";"Exp60_185_IS22040";"Exp60_185_IS22040";NA;"2023-09-24 11:47:00";66746,6
"887885";"27:6:2";"Exp60_185_IS22040";"Exp60_185_IS22040";NA;"2023-09-24 12:01:00";66732,9
"887886";"27:6:2";"Exp60_185_IS22040";"Exp60_185_IS22040";NA;"2023-09-24 12:17:00";66717,4
"887887";"27:6:2";"Exp60_185_IS22040";"Exp60_185_IS22040";NA;"2023-09-24 12:31:00";66704
"887888";"27:6:2";"Exp60_185_IS22040";"Exp60_185_IS22040";NA;"2023-09-24 12:47:00";66695,5
"887889";"27:6:2";"Exp60_185_IS22040";"Exp60_185_IS22040";NA;"2023-09-24 13:01:00";66683,6
"887890";"27:6:2";"Exp60_185_IS22040";"Exp60_185_IS22040";NA;"2023-09-24 13:17:00";66675
"887891";"27:6:2";"Exp60_185_IS22040";"Exp60_185_IS22040";NA;"2023-09-24 13:31:00";66662,3
"887892";"27:6:2";"Exp60_185_IS22040";"Exp60_185_IS22040";NA;"2023-09-24 13:47:00";66651,4
"887893";"27:6:2";"Exp60_185_IS22040";"Exp60_185_IS22040";NA;"2023-09-24 14:01:00";66653,2
"887894";"27:6:2";"Exp60_185_IS22040";"Exp60_185_IS22040";NA;"2023-09-24 14:17:00";66645,7
"887895";"27:6:2";"Exp60_185_IS22040";"Exp60_185_IS22040";NA;"2023-09-24 14:31:00";66732,6
"887896";"27:6:2";"Exp60_185_IS22040";"Exp60_185_IS22040";NA;"2023-09-24 14:47:00";66756
"887897";"27:6:2";"Exp60_185_IS22040";"Exp60_185_IS22040";NA;"2023-09-24 15:01:00";66751,4
"887898";"27:6:2";"Exp60_185_IS22040";"Exp60_185_IS22040";NA;"2023-09-24 15:17:00";66745,2
"887899";"27:6:2";"Exp60_185_IS22040";"Exp60_185_IS22040";NA;"2023-09-24 15:31:00";66737,5
"887900";"27:6:2";"Exp60_185_IS22040";"Exp60_185_IS22040";NA;"2023-09-24 15:47:00";66730,7
"887901";"27:6:2";"Exp60_185_IS22040";"Exp60_185_IS22040";NA;"2023-09-24 16:01:00";66722
"887902";"27:6:2";"Exp60_185_IS22040";"Exp60_185_IS22040";NA;"2023-09-24 22:31:00";66842,1
"887903";"27:6:2";"Exp60_185_IS22040";"Exp60_185_IS22040";NA;"2023-09-24 22:47:00";66839,2
"887904";"27:6:2";"Exp60_185_IS22040";"Exp60_185_IS22040";NA;"2023-09-24 23:01:00";66837,5
"887905";"27:6:2";"Exp60_185_IS22040";"Exp60_185_IS22040";NA;"2023-09-24 23:17:00";66837,9
"887906";"27:6:2";"Exp60_185_IS22040";"Exp60_185_IS22040";NA;"2023-09-24 23:31:00";66837,3
"887907";"27:6:2";"Exp60_185_IS22040";"Exp60_185_IS22040";NA;"2023-09-24 23:47:00";66837,5
"887908";"27:6:2";"Exp60_185_IS22040";"Exp60_185_IS22040";NA;"2023-09-25 00:01:00";66839,3
"887909";"27:6:2";"Exp60_185_IS22040";"Exp60_185_IS22040";NA;"2023-09-25 00:17:00";66839,3
"887910";"27:6:2";"Exp60_185_IS22040";"Exp60_185_IS22040";NA;"2023-09-25 00:31:00";66839,2
"887911";"27:6:2";"Exp60_185_IS22040";"Exp60_185_IS22040";NA;"2023-09-25 00:47:00";66838,9
"887912";"27:6:2";"Exp60_185_IS22040";"Exp60_185_IS22040";NA;"2023-09-25 01:01:00";66836,6
"887913";"27:6:2";"Exp60_185_IS22040";"Exp60_185_IS22040";NA;"2023-09-25 01:17:00";66837,5
"887914";"27:6:2";"Exp60_185_IS22040";"Exp60_185_IS22040";NA;"2023-09-25 01:31:00";66837
"887915";"27:6:2";"Exp60_185_IS22040";"Exp60_185_IS22040";NA;"2023-09-25 01:47:00";66834,7
"887916";"27:6:2";"Exp60_185_IS22040";"Exp60_185_IS22040";NA;"2023-09-25 02:01:00";66835,6
"887917";"27:6:2";"Exp60_185_IS22040";"Exp60_185_IS22040";NA;"2023-09-25 03:02:00";66833,8
"887918";"27:6:2";"Exp60_185_IS22040";"Exp60_185_IS22040";NA;"2023-09-25 03:16:00";66831,9
"887919";"27:6:2";"Exp60_185_IS22040";"Exp60_185_IS22040";NA;"2023-09-25 04:32:00";66832,5
"887920";"27:6:2";"Exp60_185_IS22040";"Exp60_185_IS22040";NA;"2023-09-25 04:46:00";66830,4
"887921";"27:6:2";"Exp60_185_IS22040";"Exp60_185_IS22040";NA;"2023-09-25 05:17:00";66830,9
"887922";"27:6:2";"Exp60_185_IS22040";"Exp60_185_IS22040";NA;"2023-09-25 05:31:00";66831,6
"887923";"27:6:2";"Exp60_185_IS22040";"Exp60_185_IS22040";NA;"2023-09-25 05:47:00";66830
"887924";"27:6:2";"Exp60_185_IS22040";"Exp60_185_IS22040";NA;"2023-09-25 06:01:00";66831,3
"887925";"27:6:2";"Exp60_185_IS22040";"Exp60_185_IS22040";NA;"2023-09-25 06:17:00";66830,8
"887926";"27:6:2";"Exp60_185_IS22040";"Exp60_185_IS22040";NA;"2023-09-25 06:31:00";66829,6
"887927";"27:6:2";"Exp60_185_IS22040";"Exp60_185_IS22040";NA;"2023-09-25 06:47:00";66826,3
"887928";"27:6:2";"Exp60_185_IS22040";"Exp60_185_IS22040";NA;"2023-09-25 07:01:00";66824,6
"887929";"27:6:2";"Exp60_185_IS22040";"Exp60_185_IS22040";NA;"2023-09-25 07:17:00";66818,9
"887930";"27:6:2";"Exp60_185_IS22040";"Exp60_185_IS22040";NA;"2023-09-25 07:31:00";66816,8
"887931";"27:6:2";"Exp60_185_IS22040";"Exp60_185_IS22040";NA;"2023-09-25 07:47:00";66815,2
"887932";"27:6:2";"Exp60_185_IS22040";"Exp60_185_IS22040";NA;"2023-09-25 08:01:00";66813,2
"887933";"27:6:2";"Exp60_185_IS22040";"Exp60_185_IS22040";NA;"2023-09-25 14:46:00";66477,2
"887934";"27:6:2";"Exp60_185_IS22040";"Exp60_185_IS22040";NA;"2023-09-25 15:02:00";66475,8
"887935";"27:6:2";"Exp60_185_IS22040";"Exp60_185_IS22040";NA;"2023-09-25 15:16:00";66464
"887936";"27:6:2";"Exp60_185_IS22040";"Exp60_185_IS22040";NA;"2023-09-25 15:32:00";66455,1
"887937";"27:6:2";"Exp60_185_IS22040";"Exp60_185_IS22040";NA;"2023-09-25 15:46:00";66436,9
"887938";"27:6:2";"Exp60_185_IS22040";"Exp60_185_IS22040";NA;"2023-09-25 16:02:00";66437,7
"887939";"27:6:2";"Exp60_185_IS22040";"Exp60_185_IS22040";NA;"2023-09-25 17:16:00";66430,2
"887940";"27:6:2";"Exp60_185_IS22040";"Exp60_185_IS22040";NA;"2023-09-25 17:32:00";66428,1
"887941";"27:6:2";"Exp60_185_IS22040";"Exp60_185_IS22040";NA;"2023-09-25 17:46:00";66431,1
"887942";"27:6:2";"Exp60_185_IS22040";"Exp60_185_IS22040";NA;"2023-09-25 18:02:00";66429,4
"887943";"27:6:2";"Exp60_185_IS22040";"Exp60_185_IS22040";NA;"2023-09-25 19:01:00";66433,4
"887944";"27:6:2";"Exp60_185_IS22040";"Exp60_185_IS22040";NA;"2023-09-25 19:17:00";66434,5
"887945";"27:6:2";"Exp60_185_IS22040";"Exp60_185_IS22040";NA;"2023-09-25 19:31:00";66438
"887946";"27:6:2";"Exp60_185_IS22040";"Exp60_185_IS22040";NA;"2023-09-25 19:47:00";66435,7
"887947";"27:6:2";"Exp60_185_IS22040";"Exp60_185_IS22040";NA;"2023-09-25 20:01:00";66437,3
"887948";"27:6:2";"Exp60_185_IS22040";"Exp60_185_IS22040";NA;"2023-09-25 20:17:00";66437,8
"887949";"27:6:2";"Exp60_185_IS22040";"Exp60_185_IS22040";NA;"2023-09-25 20:31:00";66435,8
"887950";"27:6:2";"Exp60_185_IS22040";"Exp60_185_IS22040";NA;"2023-09-25 20:47:00";66439,1
"887951";"27:6:2";"Exp60_185_IS22040";"Exp60_185_IS22040";NA;"2023-09-25 21:16:00";66438,5
"887952";"27:6:2";"Exp60_185_IS22040";"Exp60_185_IS22040";NA;"2023-09-25 21:32:00";66438,2
"887953";"27:6:2";"Exp60_185_IS22040";"Exp60_185_IS22040";NA;"2023-09-25 21:46:00";66440,5
"887954";"27:6:2";"Exp60_185_IS22040";"Exp60_185_IS22040";NA;"2023-09-25 22:02:00";66438,5
"887955";"27:6:2";"Exp60_185_IS22040";"Exp60_185_IS22040";NA;"2023-09-25 22:16:00";66438,4
"887956";"27:6:2";"Exp60_185_IS22040";"Exp60_185_IS22040";NA;"2023-09-25 22:32:00";66439,1
"887957";"27:6:2";"Exp60_185_IS22040";"Exp60_185_IS22040";NA;"2023-09-25 22:46:00";66438
"887958";"27:6:2";"Exp60_185_IS22040";"Exp60_185_IS22040";NA;"2023-09-25 23:02:00";66437,2
"887959";"27:6:2";"Exp60_185_IS22040";"Exp60_185_IS22040";NA;"2023-09-25 23:16:00";66440,6
"887960";"27:6:2";"Exp60_185_IS22040";"Exp60_185_IS22040";NA;"2023-09-25 23:32:00";66440,9
"887961";"27:6:2";"Exp60_185_IS22040";"Exp60_185_IS22040";NA;"2023-09-25 23:46:00";66441,5
"887962";"27:6:2";"Exp60_185_IS22040";"Exp60_185_IS22040";NA;"2023-09-26 00:02:00";66438
"887963";"27:6:2";"Exp60_185_IS22040";"Exp60_185_IS22040";NA;"2023-09-26 00:16:00";66440,2
"887964";"27:6:2";"Exp60_185_IS22040";"Exp60_185_IS22040";NA;"2023-09-26 00:32:00";66437,7
"887965";"27:6:2";"Exp60_185_IS22040";"Exp60_185_IS22040";NA;"2023-09-26 00:46:00";66435
"887966";"27:6:2";"Exp60_185_IS22040";"Exp60_185_IS22040";NA;"2023-09-26 01:02:00";66433
"887967";"27:6:2";"Exp60_185_IS22040";"Exp60_185_IS22040";NA;"2023-09-26 01:16:00";66432,4
"887968";"27:6:2";"Exp60_185_IS22040";"Exp60_185_IS22040";NA;"2023-09-26 01:32:00";66432
"887969";"27:6:2";"Exp60_185_IS22040";"Exp60_185_IS22040";NA;"2023-09-26 01:46:00";66431,6
"887970";"27:6:2";"Exp60_185_IS22040";"Exp60_185_IS22040";NA;"2023-09-26 02:02:00";66430,1
"887971";"27:6:2";"Exp60_185_IS22040";"Exp60_185_IS22040";NA;"2023-09-26 02:16:00";66429,8
"887972";"27:6:2";"Exp60_185_IS22040";"Exp60_185_IS22040";NA;"2023-09-26 02:32:00";66428,9
"887973";"27:6:2";"Exp60_185_IS22040";"Exp60_185_IS22040";NA;"2023-09-26 02:46:00";66425,4
"887974";"27:6:2";"Exp60_185_IS22040";"Exp60_185_IS22040";NA;"2023-09-26 03:02:00";66424,7
"887975";"27:6:2";"Exp60_185_IS22040";"Exp60_185_IS22040";NA;"2023-09-26 03:16:00";66424,5
"887976";"27:6:2";"Exp60_185_IS22040";"Exp60_185_IS22040";NA;"2023-09-26 03:32:00";66422,7
"887977";"27:6:2";"Exp60_185_IS22040";"Exp60_185_IS22040";NA;"2023-09-26 03:46:00";66424,7
"887978";"27:6:2";"Exp60_185_IS22040";"Exp60_185_IS22040";NA;"2023-09-26 04:02:00";66421,4
"887979";"27:6:2";"Exp60_185_IS22040";"Exp60_185_IS22040";NA;"2023-09-26 04:16:00";66421
"887980";"27:6:2";"Exp60_185_IS22040";"Exp60_185_IS22040";NA;"2023-09-26 04:32:00";66418,1
"887981";"27:6:2";"Exp60_185_IS22040";"Exp60_185_IS22040";NA;"2023-09-26 04:46:00";66420,1
"887982";"27:6:2";"Exp60_185_IS22040";"Exp60_185_IS22040";NA;"2023-09-26 05:02:00";66419,8
"887983";"27:6:2";"Exp60_185_IS22040";"Exp60_185_IS22040";NA;"2023-09-26 05:16:00";66418,6
"887984";"27:6:2";"Exp60_185_IS22040";"Exp60_185_IS22040";NA;"2023-09-26 05:32:00";66416
"887985";"27:6:2";"Exp60_185_IS22040";"Exp60_185_IS22040";NA;"2023-09-26 05:46:00";66415
"887986";"27:6:2";"Exp60_185_IS22040";"Exp60_185_IS22040";NA;"2023-09-26 06:02:00";66411,7
"887987";"27:6:2";"Exp60_185_IS22040";"Exp60_185_IS22040";NA;"2023-09-26 06:16:00";66411,8
"887988";"27:6:2";"Exp60_185_IS22040";"Exp60_185_IS22040";NA;"2023-09-26 06:32:00";66412,1
"887989";"27:6:2";"Exp60_185_IS22040";"Exp60_185_IS22040";NA;"2023-09-26 06:46:00";66409
"887990";"27:6:2";"Exp60_185_IS22040";"Exp60_185_IS22040";NA;"2023-09-26 07:02:00";66409
"887991";"27:6:2";"Exp60_185_IS22040";"Exp60_185_IS22040";NA;"2023-09-26 07:16:00";66407,4
"887992";"27:6:2";"Exp60_185_IS22040";"Exp60_185_IS22040";NA;"2023-09-26 07:47:00";66403
"887993";"27:6:2";"Exp60_185_IS22040";"Exp60_185_IS22040";NA;"2023-09-26 08:01:00";66398,2
"887994";"27:6:2";"Exp60_185_IS22040";"Exp60_185_IS22040";NA;"2023-09-26 08:17:00";66394,9
"887995";"27:6:2";"Exp60_185_IS22040";"Exp60_185_IS22040";NA;"2023-09-26 08:31:00";66388,9
"887996";"27:6:2";"Exp60_185_IS22040";"Exp60_185_IS22040";NA;"2023-09-26 09:02:00";66376,6
"887997";"27:6:2";"Exp60_185_IS22040";"Exp60_185_IS22040";NA;"2023-09-26 09:16:00";66369,3
"887998";"27:6:2";"Exp60_185_IS22040";"Exp60_185_IS22040";NA;"2023-09-26 09:32:00";66361,4
"887999";"27:6:2";"Exp60_185_IS22040";"Exp60_185_IS22040";NA;"2023-09-26 09:46:00";66349,9
"888000";"27:6:2";"Exp60_185_IS22040";"Exp60_185_IS22040";NA;"2023-09-26 10:02:00";66342,1
"888001";"27:6:2";"Exp60_185_IS22040";"Exp60_185_IS22040";NA;"2023-09-26 10:16:00";66329,3
"888002";"27:6:2";"Exp60_185_IS22040";"Exp60_185_IS22040";NA;"2023-09-26 10:32:00";66317,4
"888003";"27:6:2";"Exp60_185_IS22040";"Exp60_185_IS22040";NA;"2023-09-26 10:46:00";66305
"888004";"27:6:2";"Exp60_185_IS22040";"Exp60_185_IS22040";NA;"2023-09-26 11:02:00";66269,2
"888005";"27:6:2";"Exp60_185_IS22040";"Exp60_185_IS22040";NA;"2023-09-26 11:16:00";66251,6
"888006";"27:6:2";"Exp60_185_IS22040";"Exp60_185_IS22040";NA;"2023-09-26 11:47:00";66201,4
"888007";"27:6:2";"Exp60_185_IS22040";"Exp60_185_IS22040";NA;"2023-09-26 12:01:00";66185,9
"888008";"27:6:2";"Exp60_185_IS22040";"Exp60_185_IS22040";NA;"2023-09-26 12:17:00";66177,7
"888009";"27:6:2";"Exp60_185_IS22040";"Exp60_185_IS22040";NA;"2023-09-26 12:31:00";66165,4
"888010";"27:6:2";"Exp60_185_IS22040";"Exp60_185_IS22040";NA;"2023-09-26 12:47:00";66140
"888011";"27:6:2";"Exp60_185_IS22040";"Exp60_185_IS22040";NA;"2023-09-26 13:01:00";66127,3
"888012";"27:6:2";"Exp60_185_IS22040";"Exp60_185_IS22040";NA;"2023-09-26 13:32:00";66106,1
"888013";"27:6:2";"Exp60_185_IS22040";"Exp60_185_IS22040";NA;"2023-09-26 13:46:00";66091,7
"888014";"27:6:2";"Exp60_185_IS22040";"Exp60_185_IS22040";NA;"2023-09-26 14:02:00";66083,7
"888015";"27:6:2";"Exp60_185_IS22040";"Exp60_185_IS22040";NA;"2023-09-26 14:16:00";66066,5
"888016";"27:6:2";"Exp60_185_IS22040";"Exp60_185_IS22040";NA;"2023-09-26 14:32:00";66050
"888017";"27:6:2";"Exp60_185_IS22040";"Exp60_185_IS22040";NA;"2023-09-26 14:46:00";66038,5
"888018";"27:6:2";"Exp60_185_IS22040";"Exp60_185_IS22040";NA;"2023-09-26 15:02:00";66029
"888019";"27:6:2";"Exp60_185_IS22040";"Exp60_185_IS22040";NA;"2023-09-26 15:16:00";66015,7
"888020";"27:6:2";"Exp60_185_IS22040";"Exp60_185_IS22040";NA;"2023-09-26 15:32:00";66011
"888021";"27:6:2";"Exp60_185_IS22040";"Exp60_185_IS22040";NA;"2023-09-26 15:46:00";66128,4
"888022";"27:6:2";"Exp60_185_IS22040";"Exp60_185_IS22040";NA;"2023-09-26 16:02:00";66829,6
"888023";"27:6:2";"Exp60_185_IS22040";"Exp60_185_IS22040";NA;"2023-09-26 16:16:00";67218,7
"888024";"27:6:2";"Exp60_185_IS22040";"Exp60_185_IS22040";NA;"2023-09-26 22:01:00";67176,9
"888025";"27:6:2";"Exp60_185_IS22040";"Exp60_185_IS22040";NA;"2023-09-26 22:17:00";67175,3
"888026";"27:6:2";"Exp60_185_IS22040";"Exp60_185_IS22040";NA;"2023-09-26 22:31:00";67176,7
"888027";"27:6:2";"Exp60_185_IS22040";"Exp60_185_IS22040";NA;"2023-09-26 22:47:00";67177,6
"888028";"27:6:2";"Exp60_185_IS22040";"Exp60_185_IS22040";NA;"2023-09-26 23:01:00";67177,4
"888029";"27:6:2";"Exp60_185_IS22040";"Exp60_185_IS22040";NA;"2023-09-26 23:17:00";67176,9
"888030";"27:6:2";"Exp60_185_IS22040";"Exp60_185_IS22040";NA;"2023-09-26 23:31:00";67173,4
"888031";"27:6:2";"Exp60_185_IS22040";"Exp60_185_IS22040";NA;"2023-09-26 23:47:00";67176,3
"888032";"27:6:2";"Exp60_185_IS22040";"Exp60_185_IS22040";NA;"2023-09-27 00:31:00";67173,4
"888033";"27:6:2";"Exp60_185_IS22040";"Exp60_185_IS22040";NA;"2023-09-27 00:47:00";67174,9
"888034";"27:6:2";"Exp60_185_IS22040";"Exp60_185_IS22040";NA;"2023-09-27 01:01:00";67174,8
"888035";"27:6:2";"Exp60_185_IS22040";"Exp60_185_IS22040";NA;"2023-09-27 01:17:00";67172,8
"888036";"27:6:2";"Exp60_185_IS22040";"Exp60_185_IS22040";NA;"2023-09-27 01:31:00";67170,6
"888037";"27:6:2";"Exp60_185_IS22040";"Exp60_185_IS22040";NA;"2023-09-27 01:47:00";67171,8
"888038";"27:6:2";"Exp60_185_IS22040";"Exp60_185_IS22040";NA;"2023-09-27 02:01:00";67172,6
"888039";"27:6:2";"Exp60_185_IS22040";"Exp60_185_IS22040";NA;"2023-09-27 02:17:00";67173,4
"888040";"27:6:2";"Exp60_185_IS22040";"Exp60_185_IS22040";NA;"2023-09-27 02:31:00";67172,5
"888041";"27:6:2";"Exp60_185_IS22040";"Exp60_185_IS22040";NA;"2023-09-27 02:47:00";67171,4
"888042";"27:6:2";"Exp60_185_IS22040";"Exp60_185_IS22040";NA;"2023-09-27 03:01:00";67172,1
"888043";"27:6:2";"Exp60_185_IS22040";"Exp60_185_IS22040";NA;"2023-09-27 03:17:00";67170,6
"888044";"27:6:2";"Exp60_185_IS22040";"Exp60_185_IS22040";NA;"2023-09-27 03:31:00";67172,2
"888045";"27:6:2";"Exp60_185_IS22040";"Exp60_185_IS22040";NA;"2023-09-27 03:47:00";67171,5
"888046";"27:6:2";"Exp60_185_IS22040";"Exp60_185_IS22040";NA;"2023-09-27 04:01:00";67168,8
"888047";"27:6:2";"Exp60_185_IS22040";"Exp60_185_IS22040";NA;"2023-09-27 04:17:00";67169
"888048";"27:6:2";"Exp60_185_IS22040";"Exp60_185_IS22040";NA;"2023-09-27 04:31:00";67170,1
"888049";"27:6:2";"Exp60_185_IS22040";"Exp60_185_IS22040";NA;"2023-09-27 04:47:00";67169,3
"888050";"27:6:2";"Exp60_185_IS22040";"Exp60_185_IS22040";NA;"2023-09-27 05:01:00";67170,3
"888051";"27:6:2";"Exp60_185_IS22040";"Exp60_185_IS22040";NA;"2023-09-27 05:17:00";67169
"888052";"27:6:2";"Exp60_185_IS22040";"Exp60_185_IS22040";NA;"2023-09-27 05:31:00";67165,8
"888053";"27:6:2";"Exp60_185_IS22040";"Exp60_185_IS22040";NA;"2023-09-27 05:47:00";67165,4
"888054";"27:6:2";"Exp60_185_IS22040";"Exp60_185_IS22040";NA;"2023-09-27 06:01:00";67166,4
"888055";"27:6:2";"Exp60_185_IS22040";"Exp60_185_IS22040";NA;"2023-09-27 06:17:00";67168,5
"888056";"27:6:2";"Exp60_185_IS22040";"Exp60_185_IS22040";NA;"2023-09-27 06:31:00";67167,9
"888057";"27:6:2";"Exp60_185_IS22040";"Exp60_185_IS22040";NA;"2023-09-27 06:47:00";67166,4
"888058";"27:6:2";"Exp60_185_IS22040";"Exp60_185_IS22040";NA;"2023-09-27 07:01:00";67163,7
"888059";"27:6:2";"Exp60_185_IS22040";"Exp60_185_IS22040";NA;"2023-09-27 07:32:00";67155,3
"888060";"27:6:2";"Exp60_185_IS22040";"Exp60_185_IS22040";NA;"2023-09-27 07:46:00";67145,5
"888061";"27:6:2";"Exp60_185_IS22040";"Exp60_185_IS22040";NA;"2023-09-27 08:02:00";67140,6
"888062";"27:6:2";"Exp60_185_IS22040";"Exp60_185_IS22040";NA;"2023-09-27 08:16:00";67130,1
"888063";"27:6:2";"Exp60_185_IS22040";"Exp60_185_IS22040";NA;"2023-09-27 08:32:00";67122
"888064";"27:6:2";"Exp60_185_IS22040";"Exp60_185_IS22040";NA;"2023-09-27 08:46:00";67106
"888065";"27:6:2";"Exp60_185_IS22040";"Exp60_185_IS22040";NA;"2023-09-27 09:02:00";67092,7
"888066";"27:6:2";"Exp60_185_IS22040";"Exp60_185_IS22040";NA;"2023-09-27 09:16:00";67076
"888067";"27:6:2";"Exp60_185_IS22040";"Exp60_185_IS22040";NA;"2023-09-27 15:46:00";67449,1
"888068";"27:6:2";"Exp60_185_IS22040";"Exp60_185_IS22040";NA;"2023-09-27 16:02:00";68140,6
"888069";"27:6:2";"Exp60_185_IS22040";"Exp60_185_IS22040";NA;"2023-09-27 16:16:00";68298,6
"888070";"27:6:2";"Exp60_185_IS22040";"Exp60_185_IS22040";NA;"2023-09-27 16:32:00";68118,3
"888071";"27:6:2";"Exp60_185_IS22040";"Exp60_185_IS22040";NA;"2023-09-27 16:46:00";68004,8
"888072";"27:6:2";"Exp60_185_IS22040";"Exp60_185_IS22040";NA;"2023-09-27 17:17:00";67851,7
"888073";"27:6:2";"Exp60_185_IS22040";"Exp60_185_IS22040";NA;"2023-09-27 17:31:00";67806,8
"888074";"27:6:2";"Exp60_185_IS22040";"Exp60_185_IS22040";NA;"2023-09-27 17:47:00";67762,6
"888075";"27:6:2";"Exp60_185_IS22040";"Exp60_185_IS22040";NA;"2023-09-27 18:01:00";67727,5
"888076";"27:6:2";"Exp60_185_IS22040";"Exp60_185_IS22040";NA;"2023-09-27 18:17:00";67693,1
"888077";"27:6:2";"Exp60_185_IS22040";"Exp60_185_IS22040";NA;"2023-09-27 18:31:00";67660,2
"888078";"27:6:2";"Exp60_185_IS22040";"Exp60_185_IS22040";NA;"2023-09-27 18:47:00";67653,3
"888079";"27:6:2";"Exp60_185_IS22040";"Exp60_185_IS22040";NA;"2023-09-27 19:01:00";67632,7
"888080";"27:6:2";"Exp60_185_IS22040";"Exp60_185_IS22040";NA;"2023-09-27 19:17:00";67622
"888081";"27:6:2";"Exp60_185_IS22040";"Exp60_185_IS22040";NA;"2023-09-27 19:31:00";67622,7
"888082";"27:6:2";"Exp60_185_IS22040";"Exp60_185_IS22040";NA;"2023-09-27 19:47:00";67641,2
"888083";"27:6:2";"Exp60_185_IS22040";"Exp60_185_IS22040";NA;"2023-09-27 20:01:00";67639,1
"888084";"27:6:2";"Exp60_185_IS22040";"Exp60_185_IS22040";NA;"2023-09-27 20:17:00";67639,7
"888085";"27:6:2";"Exp60_185_IS22040";"Exp60_185_IS22040";NA;"2023-09-27 20:31:00";67631,7
"888086";"27:6:2";"Exp60_185_IS22040";"Exp60_185_IS22040";NA;"2023-09-27 20:47:00";67619,7
"888087";"27:6:2";"Exp60_185_IS22040";"Exp60_185_IS22040";NA;"2023-09-27 21:01:00";67616
"888088";"27:6:2";"Exp60_185_IS22040";"Exp60_185_IS22040";NA;"2023-09-28 01:31:00";67534,5
"888089";"27:6:2";"Exp60_185_IS22040";"Exp60_185_IS22040";NA;"2023-09-28 01:47:00";67531,7
"888090";"27:6:2";"Exp60_185_IS22040";"Exp60_185_IS22040";NA;"2023-09-28 02:01:00";67530,6
"888091";"27:6:2";"Exp60_185_IS22040";"Exp60_185_IS22040";NA;"2023-09-28 02:17:00";67527,5
"888092";"27:6:2";"Exp60_185_IS22040";"Exp60_185_IS22040";NA;"2023-09-28 02:31:00";67527,9
"888093";"27:6:2";"Exp60_185_IS22040";"Exp60_185_IS22040";NA;"2023-09-28 03:17:00";67522,8
"888094";"27:6:2";"Exp60_185_IS22040";"Exp60_185_IS22040";NA;"2023-09-28 03:31:00";67522,9
"888095";"27:6:2";"Exp60_185_IS22040";"Exp60_185_IS22040";NA;"2023-09-28 03:47:00";67519,1
"888096";"27:6:2";"Exp60_185_IS22040";"Exp60_185_IS22040";NA;"2023-09-28 04:01:00";67517,9
"888097";"27:6:2";"Exp60_185_IS22040";"Exp60_185_IS22040";NA;"2023-09-28 04:17:00";67515,6
"888098";"27:6:2";"Exp60_185_IS22040";"Exp60_185_IS22040";NA;"2023-09-28 04:31:00";67513,4
"888099";"27:6:2";"Exp60_185_IS22040";"Exp60_185_IS22040";NA;"2023-09-28 04:47:00";67511,8
"888100";"27:6:2";"Exp60_185_IS22040";"Exp60_185_IS22040";NA;"2023-09-28 05:01:00";67508,7
"888101";"27:6:2";"Exp60_185_IS22040";"Exp60_185_IS22040";NA;"2023-09-28 05:17:00";67509,1
"888102";"27:6:2";"Exp60_185_IS22040";"Exp60_185_IS22040";NA;"2023-09-28 05:31:00";67511
"888103";"27:6:2";"Exp60_185_IS22040";"Exp60_185_IS22040";NA;"2023-09-28 05:47:00";67510,1
"888104";"27:6:2";"Exp60_185_IS22040";"Exp60_185_IS22040";NA;"2023-09-28 06:01:00";67508,3
"888105";"27:6:2";"Exp60_185_IS22040";"Exp60_185_IS22040";NA;"2023-09-28 06:17:00";67506,9
"888106";"27:6:2";"Exp60_185_IS22040";"Exp60_185_IS22040";NA;"2023-09-28 07:16:00";67491,2
"888107";"27:6:2";"Exp60_185_IS22040";"Exp60_185_IS22040";NA;"2023-09-28 07:32:00";67478,6
"888108";"27:6:2";"Exp60_185_IS22040";"Exp60_185_IS22040";NA;"2023-09-28 08:16:00";67454,3
"888109";"27:6:2";"Exp60_185_IS22040";"Exp60_185_IS22040";NA;"2023-09-28 08:47:00";67425,2
"888110";"27:6:2";"Exp60_185_IS22040";"Exp60_185_IS22040";NA;"2023-09-28 09:01:00";67417
"888111";"27:6:2";"Exp60_185_IS22040";"Exp60_185_IS22040";NA;"2023-09-28 16:16:00";66810,9
"888112";"27:6:2";"Exp60_185_IS22040";"Exp60_185_IS22040";NA;"2023-09-28 16:47:00";66793,3
"888113";"27:6:2";"Exp60_185_IS22040";"Exp60_185_IS22040";NA;"2023-09-28 17:01:00";66800
"888114";"27:6:2";"Exp60_185_IS22040";"Exp60_185_IS22040";NA;"2023-09-28 17:17:00";66794
"888115";"27:6:2";"Exp60_185_IS22040";"Exp60_185_IS22040";NA;"2023-09-28 17:31:00";66788,9
"888116";"27:6:2";"Exp60_185_IS22040";"Exp60_185_IS22040";NA;"2023-09-28 18:02:00";66789,9
"888117";"27:6:2";"Exp60_185_IS22040";"Exp60_185_IS22040";NA;"2023-09-28 18:16:00";66862,2
"888118";"27:6:2";"Exp60_185_IS22040";"Exp60_185_IS22040";NA;"2023-09-28 18:32:00";66939,7
"888119";"27:6:2";"Exp60_185_IS22040";"Exp60_185_IS22040";NA;"2023-09-28 18:46:00";66955,4
"888120";"27:6:2";"Exp60_185_IS22040";"Exp60_185_IS22040";NA;"2023-09-28 19:02:00";66956
"888121";"27:6:2";"Exp60_185_IS22040";"Exp60_185_IS22040";NA;"2023-09-28 19:16:00";66953,2
"888122";"27:6:2";"Exp60_185_IS22040";"Exp60_185_IS22040";NA;"2023-09-28 19:32:00";66945,3
"888123";"27:6:2";"Exp60_185_IS22040";"Exp60_185_IS22040";NA;"2023-09-28 19:46:00";66939,3
"888124";"27:6:2";"Exp60_185_IS22040";"Exp60_185_IS22040";NA;"2023-09-28 20:02:00";66936,8
"888125";"27:6:2";"Exp60_185_IS22040";"Exp60_185_IS22040";NA;"2023-09-28 20:16:00";66933,4
"888126";"27:6:2";"Exp60_185_IS22040";"Exp60_185_IS22040";NA;"2023-09-28 20:32:00";66930,7
"888127";"27:6:2";"Exp60_185_IS22040";"Exp60_185_IS22040";NA;"2023-09-28 20:46:00";66927,6
"888128";"27:6:2";"Exp60_185_IS22040";"Exp60_185_IS22040";NA;"2023-09-28 21:02:00";66925,5
"888129";"27:6:2";"Exp60_185_IS22040";"Exp60_185_IS22040";NA;"2023-09-28 21:16:00";66921,4
"888130";"27:6:2";"Exp60_185_IS22040";"Exp60_185_IS22040";NA;"2023-09-28 21:32:00";66919
"888131";"27:6:2";"Exp60_185_IS22040";"Exp60_185_IS22040";NA;"2023-09-28 21:46:00";66918,6
"888132";"27:6:2";"Exp60_185_IS22040";"Exp60_185_IS22040";NA;"2023-09-28 22:17:00";66915,4
"888133";"27:6:2";"Exp60_185_IS22040";"Exp60_185_IS22040";NA;"2023-09-28 22:31:00";66914
"888134";"27:6:2";"Exp60_185_IS22040";"Exp60_185_IS22040";NA;"2023-09-28 22:47:00";66910,6
"888135";"27:6:2";"Exp60_185_IS22040";"Exp60_185_IS22040";NA;"2023-09-28 23:01:00";66910,9
"888136";"27:6:2";"Exp60_185_IS22040";"Exp60_185_IS22040";NA;"2023-09-28 23:17:00";66911
"888137";"27:6:2";"Exp60_185_IS22040";"Exp60_185_IS22040";NA;"2023-09-28 23:31:00";66909,2
"888138";"27:6:2";"Exp60_185_IS22040";"Exp60_185_IS22040";NA;"2023-09-29 00:17:00";66906
"888139";"27:6:2";"Exp60_185_IS22040";"Exp60_185_IS22040";NA;"2023-09-29 00:31:00";66907,5
"888140";"27:6:2";"Exp60_185_IS22040";"Exp60_185_IS22040";NA;"2023-09-29 00:47:00";66906,1
"888141";"27:6:2";"Exp60_185_IS22040";"Exp60_185_IS22040";NA;"2023-09-29 01:01:00";66905,1
"888142";"27:6:2";"Exp60_185_IS22040";"Exp60_185_IS22040";NA;"2023-09-29 01:17:00";66901,1
"888143";"27:6:2";"Exp60_185_IS22040";"Exp60_185_IS22040";NA;"2023-09-29 01:31:00";66902,5
"888144";"27:6:2";"Exp60_185_IS22040";"Exp60_185_IS22040";NA;"2023-09-29 01:47:00";66904,6
"888145";"27:6:2";"Exp60_185_IS22040";"Exp60_185_IS22040";NA;"2023-09-29 02:01:00";66903,5
"888146";"27:6:2";"Exp60_185_IS22040";"Exp60_185_IS22040";NA;"2023-09-29 02:17:00";66902,2
"888147";"27:6:2";"Exp60_185_IS22040";"Exp60_185_IS22040";NA;"2023-09-29 02:31:00";66901,1
"888148";"27:6:2";"Exp60_185_IS22040";"Exp60_185_IS22040";NA;"2023-09-29 02:47:00";66900,7
"888149";"27:6:2";"Exp60_185_IS22040";"Exp60_185_IS22040";NA;"2023-09-29 03:01:00";66900,9
"888150";"27:6:2";"Exp60_185_IS22040";"Exp60_185_IS22040";NA;"2023-09-29 03:47:00";66897,2
"888151";"27:6:2";"Exp60_185_IS22040";"Exp60_185_IS22040";NA;"2023-09-29 04:01:00";66899,4
"888152";"27:6:2";"Exp60_185_IS22040";"Exp60_185_IS22040";NA;"2023-09-29 04:17:00";66899,8
"888153";"27:6:2";"Exp60_185_IS22040";"Exp60_185_IS22040";NA;"2023-09-29 04:31:00";66899,3
"888154";"27:6:2";"Exp60_185_IS22040";"Exp60_185_IS22040";NA;"2023-09-29 12:31:00";66589,2
"888155";"27:6:2";"Exp60_185_IS22040";"Exp60_185_IS22040";NA;"2023-09-29 18:46:00";66410,9
"888156";"27:6:2";"Exp60_185_IS22040";"Exp60_185_IS22040";NA;"2023-09-29 19:17:00";66411
"888157";"27:6:2";"Exp60_185_IS22040";"Exp60_185_IS22040";NA;"2023-09-29 19:31:00";66409,4
"888158";"27:6:2";"Exp60_185_IS22040";"Exp60_185_IS22040";NA;"2023-09-29 19:47:00";66443,3
"888159";"27:6:2";"Exp60_185_IS22040";"Exp60_185_IS22040";NA;"2023-09-29 20:01:00";66411,7
"888160";"27:6:2";"Exp60_185_IS22040";"Exp60_185_IS22040";NA;"2023-09-29 20:17:00";66414,6
"888161";"27:6:2";"Exp60_185_IS22040";"Exp60_185_IS22040";NA;"2023-09-29 20:31:00";66409,6
"888162";"27:6:2";"Exp60_185_IS22040";"Exp60_185_IS22040";NA;"2023-09-29 21:02:00";66410,2
"888163";"27:6:2";"Exp60_185_IS22040";"Exp60_185_IS22040";NA;"2023-09-29 21:16:00";66409
"888164";"27:6:2";"Exp60_185_IS22040";"Exp60_185_IS22040";NA;"2023-09-29 21:32:00";66411,2
"888165";"27:6:2";"Exp60_185_IS22040";"Exp60_185_IS22040";NA;"2023-09-29 21:46:00";66411,8
"888166";"27:6:2";"Exp60_185_IS22040";"Exp60_185_IS22040";NA;"2023-09-29 22:02:00";66411,5
"888167";"27:6:2";"Exp60_185_IS22040";"Exp60_185_IS22040";NA;"2023-09-29 22:16:00";66411,2
"888168";"27:6:2";"Exp60_185_IS22040";"Exp60_185_IS22040";NA;"2023-09-29 22:32:00";66412,1
"888169";"27:6:2";"Exp60_185_IS22040";"Exp60_185_IS22040";NA;"2023-09-29 22:46:00";66411,1
"888170";"27:6:2";"Exp60_185_IS22040";"Exp60_185_IS22040";NA;"2023-09-29 23:02:00";66410,4
"888171";"27:6:2";"Exp60_185_IS22040";"Exp60_185_IS22040";NA;"2023-09-29 23:16:00";66406,2
"888172";"27:6:2";"Exp60_185_IS22040";"Exp60_185_IS22040";NA;"2023-09-29 23:32:00";66409,5
"888173";"27:6:2";"Exp60_185_IS22040";"Exp60_185_IS22040";NA;"2023-09-29 23:46:00";66409,7
"888174";"27:6:2";"Exp60_185_IS22040";"Exp60_185_IS22040";NA;"2023-09-30 00:02:00";66412,4
"888175";"27:6:2";"Exp60_185_IS22040";"Exp60_185_IS22040";NA;"2023-09-30 00:16:00";66412,8
"888176";"27:6:2";"Exp60_185_IS22040";"Exp60_185_IS22040";NA;"2023-09-30 00:32:00";66411
"888177";"27:6:2";"Exp60_185_IS22040";"Exp60_185_IS22040";NA;"2023-09-30 00:46:00";66411,5
"888178";"27:6:2";"Exp60_185_IS22040";"Exp60_185_IS22040";NA;"2023-09-30 01:02:00";66409,5
"888179";"27:6:2";"Exp60_185_IS22040";"Exp60_185_IS22040";NA;"2023-09-30 01:16:00";66406,9
"888180";"27:6:2";"Exp60_185_IS22040";"Exp60_185_IS22040";NA;"2023-09-30 01:32:00";66415,1
"888181";"27:6:2";"Exp60_185_IS22040";"Exp60_185_IS22040";NA;"2023-09-30 01:46:00";66547,1
"888182";"27:6:2";"Exp60_185_IS22040";"Exp60_185_IS22040";NA;"2023-09-30 08:46:00";66540,9
"888183";"27:6:2";"Exp60_185_IS22040";"Exp60_185_IS22040";NA;"2023-09-30 09:02:00";66528,2
"888184";"27:6:2";"Exp60_185_IS22040";"Exp60_185_IS22040";NA;"2023-09-30 09:16:00";66492,7
"888185";"27:6:2";"Exp60_185_IS22040";"Exp60_185_IS22040";NA;"2023-09-30 09:32:00";66479,7
"888186";"27:6:2";"Exp60_185_IS22040";"Exp60_185_IS22040";NA;"2023-09-30 09:46:00";66450,9
"888187";"27:6:2";"Exp60_185_IS22040";"Exp60_185_IS22040";NA;"2023-09-30 10:02:00";66430
"888188";"27:6:2";"Exp60_185_IS22040";"Exp60_185_IS22040";NA;"2023-09-30 10:16:00";66412,9
"888189";"27:6:2";"Exp60_185_IS22040";"Exp60_185_IS22040";NA;"2023-09-30 10:32:00";66392,5
"888190";"27:6:2";"Exp60_185_IS22040";"Exp60_185_IS22040";NA;"2023-09-30 10:46:00";66362
"888191";"27:6:2";"Exp60_185_IS22040";"Exp60_185_IS22040";NA;"2023-09-30 11:02:00";66348,8
"888192";"27:6:2";"Exp60_185_IS22040";"Exp60_185_IS22040";NA;"2023-09-30 11:16:00";66332,7
"888193";"27:6:2";"Exp60_185_IS22040";"Exp60_185_IS22040";NA;"2023-09-30 11:32:00";66301,4
"888194";"27:6:2";"Exp60_185_IS22040";"Exp60_185_IS22040";NA;"2023-09-30 11:46:00";66287
"888195";"27:6:2";"Exp60_185_IS22040";"Exp60_185_IS22040";NA;"2023-09-30 19:01:00";67754
"888196";"27:6:2";"Exp60_185_IS22040";"Exp60_185_IS22040";NA;"2023-09-30 19:17:00";67733,8
"888197";"27:6:2";"Exp60_185_IS22040";"Exp60_185_IS22040";NA;"2023-09-30 19:31:00";67717,6
"888198";"27:6:2";"Exp60_185_IS22040";"Exp60_185_IS22040";NA;"2023-09-30 19:47:00";67702,8
"888199";"27:6:2";"Exp60_185_IS22040";"Exp60_185_IS22040";NA;"2023-09-30 20:01:00";67689,5
"888200";"27:6:2";"Exp60_185_IS22040";"Exp60_185_IS22040";NA;"2023-09-30 20:17:00";67676,3
"888201";"27:6:2";"Exp60_185_IS22040";"Exp60_185_IS22040";NA;"2023-09-30 20:31:00";67665,1
"888202";"27:6:2";"Exp60_185_IS22040";"Exp60_185_IS22040";NA;"2023-09-30 20:47:00";67656,7
"888203";"27:6:2";"Exp60_185_IS22040";"Exp60_185_IS22040";NA;"2023-09-30 21:01:00";67648,4
"888204";"27:6:2";"Exp60_185_IS22040";"Exp60_185_IS22040";NA;"2023-09-30 21:32:00";67635,1
"888205";"27:6:2";"Exp60_185_IS22040";"Exp60_185_IS22040";NA;"2023-09-30 21:46:00";67627,6
"888206";"27:6:2";"Exp60_185_IS22040";"Exp60_185_IS22040";NA;"2023-09-30 22:02:00";67620,8
"888207";"27:6:2";"Exp60_185_IS22040";"Exp60_185_IS22040";NA;"2023-09-30 22:16:00";67616,1
"888208";"27:6:2";"Exp60_185_IS22040";"Exp60_185_IS22040";NA;"2023-09-30 22:32:00";67610,2
"888209";"27:6:2";"Exp60_185_IS22040";"Exp60_185_IS22040";NA;"2023-09-30 22:46:00";67608,7
"888210";"27:6:2";"Exp60_185_IS22040";"Exp60_185_IS22040";NA;"2023-09-30 23:02:00";67600,1
"888211";"27:6:2";"Exp60_185_IS22040";"Exp60_185_IS22040";NA;"2023-09-30 23:16:00";67593,9
"888212";"27:6:2";"Exp60_185_IS22040";"Exp60_185_IS22040";NA;"2023-09-30 23:32:00";67589,9
"888213";"27:6:2";"Exp60_185_IS22040";"Exp60_185_IS22040";NA;"2023-09-30 23:46:00";67588,4
"888214";"27:6:2";"Exp60_185_IS22040";"Exp60_185_IS22040";NA;"2023-10-01 00:02:00";67583,3
"888215";"27:6:2";"Exp60_185_IS22040";"Exp60_185_IS22040";NA;"2023-10-01 00:16:00";67579,7
"888216";"27:6:2";"Exp60_185_IS22040";"Exp60_185_IS22040";NA;"2023-10-01 00:32:00";67573,1
"888217";"27:6:2";"Exp60_185_IS22040";"Exp60_185_IS22040";NA;"2023-10-01 01:16:00";67570,3
"888218";"27:6:2";"Exp60_185_IS22040";"Exp60_185_IS22040";NA;"2023-10-01 01:32:00";67565,5
"888219";"27:6:2";"Exp60_185_IS22040";"Exp60_185_IS22040";NA;"2023-10-01 01:46:00";67564,9
"888220";"27:6:2";"Exp60_185_IS22040";"Exp60_185_IS22040";NA;"2023-10-01 02:02:00";67563,2
"888221";"27:6:2";"Exp60_185_IS22040";"Exp60_185_IS22040";NA;"2023-10-01 02:16:00";67562,7
"888222";"27:6:2";"Exp60_185_IS22040";"Exp60_185_IS22040";NA;"2023-10-01 02:32:00";67561,6
"888223";"27:6:2";"Exp60_185_IS22040";"Exp60_185_IS22040";NA;"2023-10-01 02:46:00";67556,9
"888224";"27:6:2";"Exp60_185_IS22040";"Exp60_185_IS22040";NA;"2023-10-01 09:31:00";67414,4
"888225";"27:6:2";"Exp60_185_IS22040";"Exp60_185_IS22040";NA;"2023-10-01 09:47:00";67391,1
"888226";"27:6:2";"Exp60_185_IS22040";"Exp60_185_IS22040";NA;"2023-10-01 10:01:00";67366,9
"888227";"27:6:2";"Exp60_185_IS22040";"Exp60_185_IS22040";NA;"2023-10-01 10:17:00";67347,9
"888228";"27:6:2";"Exp60_185_IS22040";"Exp60_185_IS22040";NA;"2023-10-01 10:31:00";67308,8
"888229";"27:6:2";"Exp60_185_IS22040";"Exp60_185_IS22040";NA;"2023-10-01 10:47:00";67282,2
"888230";"27:6:2";"Exp60_185_IS22040";"Exp60_185_IS22040";NA;"2023-10-01 11:01:00";67263,1
"888231";"27:6:2";"Exp60_185_IS22040";"Exp60_185_IS22040";NA;"2023-10-01 17:46:00";66890,7
"888232";"27:6:2";"Exp60_185_IS22040";"Exp60_185_IS22040";NA;"2023-10-01 18:02:00";66892,1
"888233";"27:6:2";"Exp60_185_IS22040";"Exp60_185_IS22040";NA;"2023-10-01 18:16:00";66889,7
"888234";"27:6:2";"Exp60_185_IS22040";"Exp60_185_IS22040";NA;"2023-10-01 18:32:00";66890,1
"888235";"27:6:2";"Exp60_185_IS22040";"Exp60_185_IS22040";NA;"2023-10-01 18:46:00";66889,3
"888236";"27:6:2";"Exp60_185_IS22040";"Exp60_185_IS22040";NA;"2023-10-01 19:02:00";66886,3
"888237";"27:6:2";"Exp60_185_IS22040";"Exp60_185_IS22040";NA;"2023-10-01 19:16:00";66885,1
"888238";"27:6:2";"Exp60_185_IS22040";"Exp60_185_IS22040";NA;"2023-10-01 19:32:00";66882,1
"888239";"27:6:2";"Exp60_185_IS22040";"Exp60_185_IS22040";NA;"2023-10-01 19:46:00";66882,1
"888240";"27:6:2";"Exp60_185_IS22040";"Exp60_185_IS22040";NA;"2023-10-01 20:02:00";66880,6
"888241";"27:6:2";"Exp60_185_IS22040";"Exp60_185_IS22040";NA;"2023-10-01 20:16:00";66879
"888242";"27:6:2";"Exp60_185_IS22040";"Exp60_185_IS22040";NA;"2023-10-01 20:32:00";66875,9
"888243";"27:6:2";"Exp60_185_IS22040";"Exp60_185_IS22040";NA;"2023-10-01 20:46:00";66875,9
"888244";"27:6:2";"Exp60_185_IS22040";"Exp60_185_IS22040";NA;"2023-10-01 21:02:00";66872,3
"888245";"27:6:2";"Exp60_185_IS22040";"Exp60_185_IS22040";NA;"2023-10-01 21:16:00";66872,7
"888246";"27:6:2";"Exp60_185_IS22040";"Exp60_185_IS22040";NA;"2023-10-01 21:32:00";66872,8
"888247";"27:6:2";"Exp60_185_IS22040";"Exp60_185_IS22040";NA;"2023-10-01 21:46:00";66868,7
"888248";"27:6:2";"Exp60_185_IS22040";"Exp60_185_IS22040";NA;"2023-10-01 22:02:00";66870,4
"888249";"27:6:2";"Exp60_185_IS22040";"Exp60_185_IS22040";NA;"2023-10-01 22:16:00";66866
"888250";"27:6:2";"Exp60_185_IS22040";"Exp60_185_IS22040";NA;"2023-10-01 22:32:00";66864,4
"888251";"27:6:2";"Exp60_185_IS22040";"Exp60_185_IS22040";NA;"2023-10-01 22:46:00";66864,2
"888252";"27:6:2";"Exp60_185_IS22040";"Exp60_185_IS22040";NA;"2023-10-01 23:17:00";66860,5
"888253";"27:6:2";"Exp60_185_IS22040";"Exp60_185_IS22040";NA;"2023-10-01 23:31:00";66859
"888254";"27:6:2";"Exp60_185_IS22040";"Exp60_185_IS22040";NA;"2023-10-02 07:01:00";66831,6
"888255";"27:6:2";"Exp60_185_IS22040";"Exp60_185_IS22040";NA;"2023-10-02 07:17:00";66826,2
"888256";"27:6:2";"Exp60_185_IS22040";"Exp60_185_IS22040";NA;"2023-10-02 07:31:00";66818,5
"888257";"27:6:2";"Exp60_185_IS22040";"Exp60_185_IS22040";NA;"2023-10-02 07:47:00";66809,9
"888258";"27:6:2";"Exp60_185_IS22040";"Exp60_185_IS22040";NA;"2023-10-02 08:01:00";66800,6
"888259";"27:6:2";"Exp60_185_IS22040";"Exp60_185_IS22040";NA;"2023-10-02 08:17:00";66793,1
"888260";"27:6:2";"Exp60_185_IS22040";"Exp60_185_IS22040";NA;"2023-10-02 08:31:00";66786,2
"888261";"27:6:2";"Exp60_185_IS22040";"Exp60_185_IS22040";NA;"2023-10-02 08:47:00";66777,2
"888262";"27:6:2";"Exp60_185_IS22040";"Exp60_185_IS22040";NA;"2023-10-02 09:01:00";66772,6
"888263";"27:6:2";"Exp60_185_IS22040";"Exp60_185_IS22040";NA;"2023-10-02 09:17:00";66762,2
"888264";"27:6:2";"Exp60_185_IS22040";"Exp60_185_IS22040";NA;"2023-10-02 09:31:00";66755,1
"888265";"27:6:2";"Exp60_185_IS22040";"Exp60_185_IS22040";NA;"2023-10-02 09:47:00";66751,6
"888266";"27:6:2";"Exp60_185_IS22040";"Exp60_185_IS22040";NA;"2023-10-02 10:01:00";66744,2
"888267";"27:6:2";"Exp60_185_IS22040";"Exp60_185_IS22040";NA;"2023-10-02 10:32:00";66728,4
"888268";"27:6:2";"Exp60_185_IS22040";"Exp60_185_IS22040";NA;"2023-10-02 10:46:00";66719
"888269";"27:6:2";"Exp60_185_IS22040";"Exp60_185_IS22040";NA;"2023-10-02 11:17:00";66697,2
"888270";"27:6:2";"Exp60_185_IS22040";"Exp60_185_IS22040";NA;"2023-10-02 11:31:00";66690,3
"888271";"27:6:2";"Exp60_185_IS22040";"Exp60_185_IS22040";NA;"2023-10-02 11:47:00";66672,7
"888272";"27:6:2";"Exp60_185_IS22040";"Exp60_185_IS22040";NA;"2023-10-02 12:01:00";66661,4
"888273";"27:6:2";"Exp60_185_IS22040";"Exp60_185_IS22040";NA;"2023-10-02 12:17:00";66647,2
"888274";"27:6:2";"Exp60_185_IS22040";"Exp60_185_IS22040";NA;"2023-10-02 12:31:00";66638,9
"888275";"27:6:2";"Exp60_185_IS22040";"Exp60_185_IS22040";NA;"2023-10-02 12:47:00";66636,7
"888276";"27:6:2";"Exp60_185_IS22040";"Exp60_185_IS22040";NA;"2023-10-02 13:01:00";66609,8
"888277";"27:6:2";"Exp60_185_IS22040";"Exp60_185_IS22040";NA;"2023-10-02 13:17:00";66587
"888278";"27:6:2";"Exp60_185_IS22040";"Exp60_185_IS22040";NA;"2023-10-02 13:31:00";66582,2
"888279";"27:6:2";"Exp60_185_IS22040";"Exp60_185_IS22040";NA;"2023-10-02 13:47:00";66563,6
"888280";"27:6:2";"Exp60_185_IS22040";"Exp60_185_IS22040";NA;"2023-10-02 14:01:00";66553,4
"888281";"27:6:2";"Exp60_185_IS22040";"Exp60_185_IS22040";NA;"2023-10-02 14:17:00";66546,1
"888282";"27:6:2";"Exp60_185_IS22040";"Exp60_185_IS22040";NA;"2023-10-02 14:31:00";66536,7
"888283";"27:6:2";"Exp60_185_IS22040";"Exp60_185_IS22040";NA;"2023-10-02 14:47:00";66525,4
"888284";"27:6:2";"Exp60_185_IS22040";"Exp60_185_IS22040";NA;"2023-10-02 15:01:00";66513,2
"888285";"27:6:2";"Exp60_185_IS22040";"Exp60_185_IS22040";NA;"2023-10-02 15:32:00";66498
"888286";"27:6:2";"Exp60_185_IS22040";"Exp60_185_IS22040";NA;"2023-10-02 15:46:00";66494,3
"888287";"27:6:2";"Exp60_185_IS22040";"Exp60_185_IS22040";NA;"2023-10-02 16:02:00";66486
"888288";"27:6:2";"Exp60_185_IS22040";"Exp60_185_IS22040";NA;"2023-10-02 16:16:00";66482,6
"888289";"27:6:2";"Exp60_185_IS22040";"Exp60_185_IS22040";NA;"2023-10-02 23:01:00";66481,5
"888290";"27:6:2";"Exp60_185_IS22040";"Exp60_185_IS22040";NA;"2023-10-02 23:17:00";66481,5
"888291";"27:6:2";"Exp60_185_IS22040";"Exp60_185_IS22040";NA;"2023-10-02 23:31:00";66480
"888292";"27:6:2";"Exp60_185_IS22040";"Exp60_185_IS22040";NA;"2023-10-02 23:47:00";66480
"888293";"27:6:2";"Exp60_185_IS22040";"Exp60_185_IS22040";NA;"2023-10-03 00:01:00";66479,7
"888294";"27:6:2";"Exp60_185_IS22040";"Exp60_185_IS22040";NA;"2023-10-03 00:17:00";66477,6
"888295";"27:6:2";"Exp60_185_IS22040";"Exp60_185_IS22040";NA;"2023-10-03 00:31:00";66475,3
"888296";"27:6:2";"Exp60_185_IS22040";"Exp60_185_IS22040";NA;"2023-10-03 00:47:00";66474,2
"888297";"27:6:2";"Exp60_185_IS22040";"Exp60_185_IS22040";NA;"2023-10-03 01:01:00";66475,6
"888298";"27:6:2";"Exp60_185_IS22040";"Exp60_185_IS22040";NA;"2023-10-03 01:17:00";66474,4
"888299";"27:6:2";"Exp60_185_IS22040";"Exp60_185_IS22040";NA;"2023-10-03 01:31:00";66474
"888300";"27:6:2";"Exp60_185_IS22040";"Exp60_185_IS22040";NA;"2023-10-03 01:47:00";66472
"888301";"27:6:2";"Exp60_185_IS22040";"Exp60_185_IS22040";NA;"2023-10-03 02:01:00";66467,8
"888302";"27:6:2";"Exp60_185_IS22040";"Exp60_185_IS22040";NA;"2023-10-03 02:17:00";66468,6
"888303";"27:6:2";"Exp60_185_IS22040";"Exp60_185_IS22040";NA;"2023-10-03 02:31:00";66467,9
"888304";"27:6:2";"Exp60_185_IS22040";"Exp60_185_IS22040";NA;"2023-10-03 03:47:00";66466
"888305";"27:6:2";"Exp60_185_IS22040";"Exp60_185_IS22040";NA;"2023-10-03 04:01:00";66462,5
"888306";"27:6:2";"Exp60_185_IS22040";"Exp60_185_IS22040";NA;"2023-10-03 04:17:00";66461,2
"888307";"27:6:2";"Exp60_185_IS22040";"Exp60_185_IS22040";NA;"2023-10-03 04:31:00";66459,8
"888308";"27:6:2";"Exp60_185_IS22040";"Exp60_185_IS22040";NA;"2023-10-03 04:47:00";66459,2
"888309";"27:6:2";"Exp60_185_IS22040";"Exp60_185_IS22040";NA;"2023-10-03 05:01:00";66460
"888310";"27:6:2";"Exp60_185_IS22040";"Exp60_185_IS22040";NA;"2023-10-03 05:17:00";66458,1
"888311";"27:6:2";"Exp60_185_IS22040";"Exp60_185_IS22040";NA;"2023-10-03 06:01:00";66457
"888312";"27:6:2";"Exp60_185_IS22040";"Exp60_185_IS22040";NA;"2023-10-03 06:17:00";66455,3
"888313";"27:6:2";"Exp60_185_IS22040";"Exp60_185_IS22040";NA;"2023-10-03 06:31:00";66454,1
"888314";"27:6:2";"Exp60_185_IS22040";"Exp60_185_IS22040";NA;"2023-10-03 06:47:00";66453,5
"888315";"27:6:2";"Exp60_185_IS22040";"Exp60_185_IS22040";NA;"2023-10-03 07:01:00";66448,8
"888316";"27:6:2";"Exp60_185_IS22040";"Exp60_185_IS22040";NA;"2023-10-03 07:17:00";66445,3
"888317";"27:6:2";"Exp60_185_IS22040";"Exp60_185_IS22040";NA;"2023-10-03 07:31:00";66441,1
"888318";"27:6:2";"Exp60_185_IS22040";"Exp60_185_IS22040";NA;"2023-10-03 08:02:00";66425,8
"888319";"27:6:2";"Exp60_185_IS22040";"Exp60_185_IS22040";NA;"2023-10-03 08:16:00";66414,6
"888320";"27:6:2";"Exp60_185_IS22040";"Exp60_185_IS22040";NA;"2023-10-03 08:32:00";66407,1
"888321";"27:6:2";"Exp60_185_IS22040";"Exp60_185_IS22040";NA;"2023-10-03 08:46:00";66388,3
"888322";"27:6:2";"Exp60_185_IS22040";"Exp60_185_IS22040";NA;"2023-10-03 15:16:00";65982,1
"888323";"27:6:2";"Exp60_185_IS22040";"Exp60_185_IS22040";NA;"2023-10-03 21:16:00";67230
"888324";"27:6:2";"Exp60_185_IS22040";"Exp60_185_IS22040";NA;"2023-10-03 22:02:00";67231
"888325";"27:6:2";"Exp60_185_IS22040";"Exp60_185_IS22040";NA;"2023-10-03 22:16:00";67229,5
"888326";"27:6:2";"Exp60_185_IS22040";"Exp60_185_IS22040";NA;"2023-10-03 22:32:00";67229,1
"888327";"27:6:2";"Exp60_185_IS22040";"Exp60_185_IS22040";NA;"2023-10-03 22:46:00";67229
"888328";"27:6:2";"Exp60_185_IS22040";"Exp60_185_IS22040";NA;"2023-10-03 23:17:00";67226
"888329";"27:6:2";"Exp60_185_IS22040";"Exp60_185_IS22040";NA;"2023-10-03 23:31:00";67227,3
"888330";"27:6:2";"Exp60_185_IS22040";"Exp60_185_IS22040";NA;"2023-10-03 23:47:00";67223,8
"888331";"27:6:2";"Exp60_185_IS22040";"Exp60_185_IS22040";NA;"2023-10-04 00:16:00";67224
"888332";"27:6:2";"Exp60_185_IS22040";"Exp60_185_IS22040";NA;"2023-10-04 00:32:00";67222,9
"888333";"27:6:2";"Exp60_185_IS22040";"Exp60_185_IS22040";NA;"2023-10-04 00:46:00";67218,7
"888334";"27:6:2";"Exp60_185_IS22040";"Exp60_185_IS22040";NA;"2023-10-04 01:02:00";67218,7
"888335";"27:6:2";"Exp60_185_IS22040";"Exp60_185_IS22040";NA;"2023-10-04 01:16:00";67217,6
"888336";"27:6:2";"Exp60_185_IS22040";"Exp60_185_IS22040";NA;"2023-10-04 01:32:00";67215,9
"888337";"27:6:2";"Exp60_185_IS22040";"Exp60_185_IS22040";NA;"2023-10-04 01:46:00";67216,6
"888338";"27:6:2";"Exp60_185_IS22040";"Exp60_185_IS22040";NA;"2023-10-04 02:02:00";67216
"888339";"27:6:2";"Exp60_185_IS22040";"Exp60_185_IS22040";NA;"2023-10-04 02:16:00";67216,7
"888340";"27:6:2";"Exp60_185_IS22040";"Exp60_185_IS22040";NA;"2023-10-04 02:32:00";67215,3
"888341";"27:6:2";"Exp60_185_IS22040";"Exp60_185_IS22040";NA;"2023-10-04 02:46:00";67213
"888342";"27:6:2";"Exp60_185_IS22040";"Exp60_185_IS22040";NA;"2023-10-04 03:17:00";67210,4
"888343";"27:6:2";"Exp60_185_IS22040";"Exp60_185_IS22040";NA;"2023-10-04 03:31:00";67208,7
"888344";"27:6:2";"Exp60_185_IS22040";"Exp60_185_IS22040";NA;"2023-10-04 03:47:00";67207,4
"888345";"27:6:2";"Exp60_185_IS22040";"Exp60_185_IS22040";NA;"2023-10-04 04:01:00";67206,7
"888346";"27:6:2";"Exp60_185_IS22040";"Exp60_185_IS22040";NA;"2023-10-04 04:32:00";67204,7
"888347";"27:6:2";"Exp60_185_IS22040";"Exp60_185_IS22040";NA;"2023-10-04 04:46:00";67200,6
"888348";"27:6:2";"Exp60_185_IS22040";"Exp60_185_IS22040";NA;"2023-10-04 05:02:00";67200,3
"888349";"27:6:2";"Exp60_185_IS22040";"Exp60_185_IS22040";NA;"2023-10-04 05:16:00";67202,1
"888350";"27:6:2";"Exp60_185_IS22040";"Exp60_185_IS22040";NA;"2023-10-04 05:32:00";67201,7
"888351";"27:6:2";"Exp60_185_IS22040";"Exp60_185_IS22040";NA;"2023-10-04 05:46:00";67199,9
"888352";"27:6:2";"Exp60_185_IS22040";"Exp60_185_IS22040";NA;"2023-10-04 06:32:00";67195,8
"888353";"27:6:2";"Exp60_185_IS22040";"Exp60_185_IS22040";NA;"2023-10-04 06:46:00";67192,4
"888354";"27:6:2";"Exp60_185_IS22040";"Exp60_185_IS22040";NA;"2023-10-04 07:17:00";67180,1
"888355";"27:6:2";"Exp60_185_IS22040";"Exp60_185_IS22040";NA;"2023-10-04 07:31:00";67174,7
"888356";"27:6:2";"Exp60_185_IS22040";"Exp60_185_IS22040";NA;"2023-10-04 07:47:00";67164,5
"888357";"27:6:2";"Exp60_185_IS22040";"Exp60_185_IS22040";NA;"2023-10-04 08:01:00";67153,4
"888358";"27:6:2";"Exp60_185_IS22040";"Exp60_185_IS22040";NA;"2023-10-04 08:17:00";67138,4
"888359";"27:6:2";"Exp60_185_IS22040";"Exp60_185_IS22040";NA;"2023-10-04 08:31:00";67123,7
"888360";"27:6:2";"Exp60_185_IS22040";"Exp60_185_IS22040";NA;"2023-10-04 08:47:00";67107,9
"888361";"27:6:2";"Exp60_185_IS22040";"Exp60_185_IS22040";NA;"2023-10-04 09:01:00";67087,6
"888362";"27:6:2";"Exp60_185_IS22040";"Exp60_185_IS22040";NA;"2023-10-04 09:17:00";67067,1
"888363";"27:6:2";"Exp60_185_IS22040";"Exp60_185_IS22040";NA;"2023-10-04 09:31:00";67048,3
"888364";"27:6:2";"Exp60_185_IS22040";"Exp60_185_IS22040";NA;"2023-10-04 09:47:00";67024,6
"888365";"27:6:2";"Exp60_185_IS22040";"Exp60_185_IS22040";NA;"2023-10-04 10:01:00";67001,6
"888366";"27:6:2";"Exp60_185_IS22040";"Exp60_185_IS22040";NA;"2023-10-04 10:17:00";66970,9
"888367";"27:6:2";"Exp60_185_IS22040";"Exp60_185_IS22040";NA;"2023-10-04 10:31:00";66938,1
"888368";"27:6:2";"Exp60_185_IS22040";"Exp60_185_IS22040";NA;"2023-10-04 10:47:00";66911
"888369";"27:6:2";"Exp60_185_IS22040";"Exp60_185_IS22040";NA;"2023-10-04 11:01:00";66874,6
"888370";"27:6:2";"Exp60_185_IS22040";"Exp60_185_IS22040";NA;"2023-10-04 11:17:00";66847
"888371";"27:6:2";"Exp60_185_IS22040";"Exp60_185_IS22040";NA;"2023-10-04 11:31:00";66826,8
"888372";"27:6:2";"Exp60_185_IS22040";"Exp60_185_IS22040";NA;"2023-10-04 11:47:00";66808
"888373";"27:6:2";"Exp60_185_IS22040";"Exp60_185_IS22040";NA;"2023-10-04 12:01:00";66783,8
"888374";"27:6:2";"Exp60_185_IS22040";"Exp60_185_IS22040";NA;"2023-10-04 12:32:00";66727,8
"888375";"27:6:2";"Exp60_185_IS22040";"Exp60_185_IS22040";NA;"2023-10-04 12:46:00";66701,7
"888376";"27:6:2";"Exp60_185_IS22040";"Exp60_185_IS22040";NA;"2023-10-04 13:02:00";66683,1
"888377";"27:6:2";"Exp60_185_IS22040";"Exp60_185_IS22040";NA;"2023-10-04 13:16:00";66651,2
"888378";"27:6:2";"Exp60_185_IS22040";"Exp60_185_IS22040";NA;"2023-10-04 13:32:00";66632,3
"888379";"27:6:2";"Exp60_185_IS22040";"Exp60_185_IS22040";NA;"2023-10-04 13:46:00";66608,2
"888380";"27:6:2";"Exp60_185_IS22040";"Exp60_185_IS22040";NA;"2023-10-04 21:01:00";66424,7
"888381";"27:6:2";"Exp60_185_IS22040";"Exp60_185_IS22040";NA;"2023-10-05 03:31:00";66424,3
"888382";"27:6:2";"Exp60_185_IS22040";"Exp60_185_IS22040";NA;"2023-10-05 03:47:00";66424
"888383";"27:6:2";"Exp60_185_IS22040";"Exp60_185_IS22040";NA;"2023-10-05 04:01:00";66426,7
"888384";"27:6:2";"Exp60_185_IS22040";"Exp60_185_IS22040";NA;"2023-10-05 04:17:00";66427,4
"888385";"27:6:2";"Exp60_185_IS22040";"Exp60_185_IS22040";NA;"2023-10-05 04:31:00";66426,2
"888386";"27:6:2";"Exp60_185_IS22040";"Exp60_185_IS22040";NA;"2023-10-05 04:47:00";66427,3
"888387";"27:6:2";"Exp60_185_IS22040";"Exp60_185_IS22040";NA;"2023-10-05 05:01:00";66429,1
"888388";"27:6:2";"Exp60_185_IS22040";"Exp60_185_IS22040";NA;"2023-10-05 05:17:00";66429,9
"888389";"27:6:2";"Exp60_185_IS22040";"Exp60_185_IS22040";NA;"2023-10-05 05:31:00";66429,4
"888390";"27:6:2";"Exp60_185_IS22040";"Exp60_185_IS22040";NA;"2023-10-05 05:47:00";66430,7
"888391";"27:6:2";"Exp60_185_IS22040";"Exp60_185_IS22040";NA;"2023-10-05 06:01:00";66430,1
"888392";"27:6:2";"Exp60_185_IS22040";"Exp60_185_IS22040";NA;"2023-10-05 06:17:00";66430,9
"888393";"27:6:2";"Exp60_185_IS22040";"Exp60_185_IS22040";NA;"2023-10-05 06:31:00";66430,7
"888394";"27:6:2";"Exp60_185_IS22040";"Exp60_185_IS22040";NA;"2023-10-05 06:47:00";66425,3
"888395";"27:6:2";"Exp60_185_IS22040";"Exp60_185_IS22040";NA;"2023-10-05 07:01:00";66423,4
"888396";"27:6:2";"Exp60_185_IS22040";"Exp60_185_IS22040";NA;"2023-10-05 07:17:00";66414,8
"888397";"27:6:2";"Exp60_185_IS22040";"Exp60_185_IS22040";NA;"2023-10-05 07:31:00";66408,6
"888398";"27:6:2";"Exp60_185_IS22040";"Exp60_185_IS22040";NA;"2023-10-05 07:47:00";66399,7
"888399";"27:6:2";"Exp60_185_IS22040";"Exp60_185_IS22040";NA;"2023-10-05 08:01:00";66394,4
"888400";"27:6:2";"Exp60_185_IS22040";"Exp60_185_IS22040";NA;"2023-10-05 08:17:00";66371,3
"888401";"27:6:2";"Exp60_185_IS22040";"Exp60_185_IS22040";NA;"2023-10-05 08:31:00";66356
"888402";"27:6:2";"Exp60_185_IS22040";"Exp60_185_IS22040";NA;"2023-10-05 08:47:00";66338,2
"888403";"27:6:2";"Exp60_185_IS22040";"Exp60_185_IS22040";NA;"2023-10-05 09:01:00";66327,1
"888404";"27:6:2";"Exp60_185_IS22040";"Exp60_185_IS22040";NA;"2023-10-05 09:17:00";66307,2
"888405";"27:6:2";"Exp60_185_IS22040";"Exp60_185_IS22040";NA;"2023-10-05 09:31:00";66291,4
"888406";"27:6:2";"Exp60_185_IS22040";"Exp60_185_IS22040";NA;"2023-10-05 09:47:00";66271,6
"888407";"27:6:2";"Exp60_185_IS22040";"Exp60_185_IS22040";NA;"2023-10-05 10:01:00";66243
"888408";"27:6:2";"Exp60_185_IS22040";"Exp60_185_IS22040";NA;"2023-10-05 10:17:00";66222
"888409";"27:6:2";"Exp60_185_IS22040";"Exp60_185_IS22040";NA;"2023-10-05 10:31:00";66191,5
"888410";"27:6:2";"Exp60_185_IS22040";"Exp60_185_IS22040";NA;"2023-10-05 10:47:00";66176,4
"888411";"27:6:2";"Exp60_185_IS22040";"Exp60_185_IS22040";NA;"2023-10-05 11:01:00";66142,9
"888412";"27:6:2";"Exp60_185_IS22040";"Exp60_185_IS22040";NA;"2023-10-05 11:17:00";66121,2
"888413";"27:6:2";"Exp60_185_IS22040";"Exp60_185_IS22040";NA;"2023-10-05 11:31:00";66098,1
"888414";"27:6:2";"Exp60_185_IS22040";"Exp60_185_IS22040";NA;"2023-10-05 11:47:00";66063,5
"888415";"27:6:2";"Exp60_185_IS22040";"Exp60_185_IS22040";NA;"2023-10-05 12:01:00";66039,3
"888416";"27:6:2";"Exp60_185_IS22040";"Exp60_185_IS22040";NA;"2023-10-05 18:01:00";65612,3
"888417";"27:6:2";"Exp60_185_IS22040";"Exp60_185_IS22040";NA;"2023-10-05 18:17:00";65614,9
"888418";"27:6:2";"Exp60_185_IS22040";"Exp60_185_IS22040";NA;"2023-10-05 18:31:00";65616,4
"888419";"27:6:2";"Exp60_185_IS22040";"Exp60_185_IS22040";NA;"2023-10-06 00:31:00";65630,1
"888420";"27:6:2";"Exp60_185_IS22040";"Exp60_185_IS22040";NA;"2023-10-06 00:47:00";65630,3
"888421";"27:6:2";"Exp60_185_IS22040";"Exp60_185_IS22040";NA;"2023-10-06 01:01:00";65629,5
"888422";"27:6:2";"Exp60_185_IS22040";"Exp60_185_IS22040";NA;"2023-10-06 01:17:00";65632,2
"888423";"27:6:2";"Exp60_185_IS22040";"Exp60_185_IS22040";NA;"2023-10-06 01:31:00";65632,1
"888424";"27:6:2";"Exp60_185_IS22040";"Exp60_185_IS22040";NA;"2023-10-06 01:47:00";65634,5
"888425";"27:6:2";"Exp60_185_IS22040";"Exp60_185_IS22040";NA;"2023-10-06 02:01:00";65633,3
"888426";"27:6:2";"Exp60_185_IS22040";"Exp60_185_IS22040";NA;"2023-10-06 02:17:00";65631,5
"888427";"27:6:2";"Exp60_185_IS22040";"Exp60_185_IS22040";NA;"2023-10-06 02:31:00";65632,5
"888428";"27:6:2";"Exp60_185_IS22040";"Exp60_185_IS22040";NA;"2023-10-06 02:47:00";65634
"888429";"27:6:2";"Exp60_185_IS22040";"Exp60_185_IS22040";NA;"2023-10-06 03:16:00";65630,1
"888430";"27:6:2";"Exp60_185_IS22040";"Exp60_185_IS22040";NA;"2023-10-06 03:32:00";65627,8
"888431";"27:6:2";"Exp60_185_IS22040";"Exp60_185_IS22040";NA;"2023-10-06 03:46:00";65625,2
"888432";"27:6:2";"Exp60_185_IS22040";"Exp60_185_IS22040";NA;"2023-10-06 10:46:00";65381,6
"888433";"27:6:2";"Exp60_185_IS22040";"Exp60_185_IS22040";NA;"2023-10-06 11:02:00";65354,9
"888434";"27:6:2";"Exp60_185_IS22040";"Exp60_185_IS22040";NA;"2023-10-06 11:16:00";65327,6
"888435";"27:6:2";"Exp60_185_IS22040";"Exp60_185_IS22040";NA;"2023-10-06 11:47:00";65317,9
"888436";"27:6:2";"Exp60_185_IS22040";"Exp60_185_IS22040";NA;"2023-10-06 12:01:00";65268,8
"888437";"27:6:2";"Exp60_185_IS22040";"Exp60_185_IS22040";NA;"2023-10-06 20:01:00";67479,3
"888438";"27:6:2";"Exp60_185_IS22040";"Exp60_185_IS22040";NA;"2023-10-06 20:17:00";67476,4
"888439";"27:6:2";"Exp60_185_IS22040";"Exp60_185_IS22040";NA;"2023-10-06 20:31:00";67473,6
"888440";"27:6:2";"Exp60_185_IS22040";"Exp60_185_IS22040";NA;"2023-10-07 03:01:00";67454,5
"888441";"27:6:2";"Exp60_185_IS22040";"Exp60_185_IS22040";NA;"2023-10-07 03:17:00";67452,6
"888442";"27:6:2";"Exp60_185_IS22040";"Exp60_185_IS22040";NA;"2023-10-07 03:31:00";67454
"888443";"27:6:2";"Exp60_185_IS22040";"Exp60_185_IS22040";NA;"2023-10-07 03:47:00";67452,1
"888444";"27:6:2";"Exp60_185_IS22040";"Exp60_185_IS22040";NA;"2023-10-07 04:01:00";67453,2
"888445";"27:6:2";"Exp60_185_IS22040";"Exp60_185_IS22040";NA;"2023-10-07 11:01:00";67044,2
"888446";"27:6:2";"Exp60_185_IS22040";"Exp60_185_IS22040";NA;"2023-10-07 11:17:00";67006
"888447";"27:6:2";"Exp60_185_IS22040";"Exp60_185_IS22040";NA;"2023-10-07 11:31:00";66977,8
"888448";"27:6:2";"Exp60_185_IS22040";"Exp60_185_IS22040";NA;"2023-10-07 11:47:00";66941,3
"888449";"27:6:2";"Exp60_185_IS22040";"Exp60_185_IS22040";NA;"2023-10-07 12:01:00";66910,3
"888450";"27:6:2";"Exp60_185_IS22040";"Exp60_185_IS22040";NA;"2023-10-07 12:47:00";66814,1
"888451";"27:6:2";"Exp60_185_IS22040";"Exp60_185_IS22040";NA;"2023-10-07 13:01:00";66780,5
"888452";"27:6:2";"Exp60_185_IS22040";"Exp60_185_IS22040";NA;"2023-10-07 13:17:00";66745,2
"888453";"27:6:2";"Exp60_185_IS22040";"Exp60_185_IS22040";NA;"2023-10-07 13:31:00";66709,6
"888454";"27:6:2";"Exp60_185_IS22040";"Exp60_185_IS22040";NA;"2023-10-07 13:47:00";66677,7
"888455";"27:6:2";"Exp60_185_IS22040";"Exp60_185_IS22040";NA;"2023-10-07 14:01:00";66655,2
"888456";"27:6:2";"Exp60_185_IS22040";"Exp60_185_IS22040";NA;"2023-10-07 14:17:00";66623,3
"888457";"27:6:2";"Exp60_185_IS22040";"Exp60_185_IS22040";NA;"2023-10-07 14:31:00";66612,4
"888458";"27:6:2";"Exp60_185_IS22040";"Exp60_185_IS22040";NA;"2023-10-07 20:46:00";66468,9
"888459";"27:6:2";"Exp60_185_IS22040";"Exp60_185_IS22040";NA;"2023-10-07 21:02:00";66469,1
"888460";"27:6:2";"Exp60_185_IS22040";"Exp60_185_IS22040";NA;"2023-10-07 21:16:00";66468,6
"888461";"27:6:2";"Exp60_185_IS22040";"Exp60_185_IS22040";NA;"2023-10-07 21:32:00";66466,7
"888462";"27:6:2";"Exp60_185_IS22040";"Exp60_185_IS22040";NA;"2023-10-07 21:46:00";66465,5
"888463";"27:6:2";"Exp60_185_IS22040";"Exp60_185_IS22040";NA;"2023-10-07 22:02:00";66467,1
"888464";"27:6:2";"Exp60_185_IS22040";"Exp60_185_IS22040";NA;"2023-10-07 22:16:00";66467,5
"888465";"27:6:2";"Exp60_185_IS22040";"Exp60_185_IS22040";NA;"2023-10-07 22:32:00";66464,5
"888466";"27:6:2";"Exp60_185_IS22040";"Exp60_185_IS22040";NA;"2023-10-07 22:46:00";66463,6
"888467";"27:6:2";"Exp60_185_IS22040";"Exp60_185_IS22040";NA;"2023-10-07 23:02:00";66464,2
"888468";"27:6:2";"Exp60_185_IS22040";"Exp60_185_IS22040";NA;"2023-10-07 23:16:00";66468
"888469";"27:6:2";"Exp60_185_IS22040";"Exp60_185_IS22040";NA;"2023-10-07 23:32:00";66468,4
"888470";"27:6:2";"Exp60_185_IS22040";"Exp60_185_IS22040";NA;"2023-10-07 23:46:00";66469,1
"888471";"27:6:2";"Exp60_185_IS22040";"Exp60_185_IS22040";NA;"2023-10-08 00:02:00";66468,5
"888472";"27:6:2";"Exp60_185_IS22040";"Exp60_185_IS22040";NA;"2023-10-08 00:16:00";66469,3
"888473";"27:6:2";"Exp60_185_IS22040";"Exp60_185_IS22040";NA;"2023-10-08 00:32:00";66471,1
"888474";"27:6:2";"Exp60_185_IS22040";"Exp60_185_IS22040";NA;"2023-10-08 00:46:00";66474,2
"888475";"27:6:2";"Exp60_185_IS22040";"Exp60_185_IS22040";NA;"2023-10-08 01:02:00";66471,7
"888476";"27:6:2";"Exp60_185_IS22040";"Exp60_185_IS22040";NA;"2023-10-08 01:16:00";66473,1
"888477";"27:6:2";"Exp60_185_IS22040";"Exp60_185_IS22040";NA;"2023-10-08 01:32:00";66476,9
"888478";"27:6:2";"Exp60_185_IS22040";"Exp60_185_IS22040";NA;"2023-10-08 01:46:00";66476,6
"888479";"27:6:2";"Exp60_185_IS22040";"Exp60_185_IS22040";NA;"2023-10-08 02:02:00";66478,6
"888480";"27:6:2";"Exp60_185_IS22040";"Exp60_185_IS22040";NA;"2023-10-08 02:16:00";66480,2
"888481";"27:6:2";"Exp60_185_IS22040";"Exp60_185_IS22040";NA;"2023-10-08 02:32:00";66480
"888482";"27:6:2";"Exp60_185_IS22040";"Exp60_185_IS22040";NA;"2023-10-08 02:46:00";66475,5
"888483";"27:6:2";"Exp60_185_IS22040";"Exp60_185_IS22040";NA;"2023-10-08 03:02:00";66480
"888484";"27:6:2";"Exp60_185_IS22040";"Exp60_185_IS22040";NA;"2023-10-08 03:16:00";66480,9
"888485";"27:6:2";"Exp60_185_IS22040";"Exp60_185_IS22040";NA;"2023-10-08 03:32:00";66480,3
"888486";"27:6:2";"Exp60_185_IS22040";"Exp60_185_IS22040";NA;"2023-10-08 03:46:00";66480
"888487";"27:6:2";"Exp60_185_IS22040";"Exp60_185_IS22040";NA;"2023-10-08 04:02:00";66477
"888488";"27:6:2";"Exp60_185_IS22040";"Exp60_185_IS22040";NA;"2023-10-08 04:16:00";66476,4
"888489";"27:6:2";"Exp60_185_IS22040";"Exp60_185_IS22040";NA;"2023-10-08 04:32:00";66474,9
"888490";"27:6:2";"Exp60_185_IS22040";"Exp60_185_IS22040";NA;"2023-10-08 04:46:00";66472,7
"888491";"27:6:2";"Exp60_185_IS22040";"Exp60_185_IS22040";NA;"2023-10-08 05:02:00";66472,7
"888492";"27:6:2";"Exp60_185_IS22040";"Exp60_185_IS22040";NA;"2023-10-08 05:16:00";66472,5
"888493";"27:6:2";"Exp60_185_IS22040";"Exp60_185_IS22040";NA;"2023-10-08 05:32:00";66471,1
"888494";"27:6:2";"Exp60_185_IS22040";"Exp60_185_IS22040";NA;"2023-10-08 05:46:00";66470,2
"888495";"27:6:2";"Exp60_185_IS22040";"Exp60_185_IS22040";NA;"2023-10-08 06:02:00";66469,4
"888496";"27:6:2";"Exp60_185_IS22040";"Exp60_185_IS22040";NA;"2023-10-08 06:16:00";66468,5
"888497";"27:6:2";"Exp60_185_IS22040";"Exp60_185_IS22040";NA;"2023-10-08 06:32:00";66466,9
"888498";"27:6:2";"Exp60_185_IS22040";"Exp60_185_IS22040";NA;"2023-10-08 06:46:00";66467,3
"888499";"27:6:2";"Exp60_185_IS22040";"Exp60_185_IS22040";NA;"2023-10-08 07:02:00";66465,5
"888500";"27:6:2";"Exp60_185_IS22040";"Exp60_185_IS22040";NA;"2023-10-08 07:16:00";66460,6
"888501";"27:6:2";"Exp60_185_IS22040";"Exp60_185_IS22040";NA;"2023-10-08 07:32:00";66454,1
"888502";"27:6:2";"Exp60_185_IS22040";"Exp60_185_IS22040";NA;"2023-10-08 07:46:00";66443,1
"888503";"27:6:2";"Exp60_185_IS22040";"Exp60_185_IS22040";NA;"2023-10-08 08:02:00";66432
"888504";"27:6:2";"Exp60_185_IS22040";"Exp60_185_IS22040";NA;"2023-10-08 08:16:00";66420
"888505";"27:6:2";"Exp60_185_IS22040";"Exp60_185_IS22040";NA;"2023-10-08 08:32:00";66404,9
"888506";"27:6:2";"Exp60_185_IS22040";"Exp60_185_IS22040";NA;"2023-10-08 08:46:00";66387,4
"888507";"27:6:2";"Exp60_185_IS22040";"Exp60_185_IS22040";NA;"2023-10-08 09:02:00";66362,3
"888508";"27:6:2";"Exp60_185_IS22040";"Exp60_185_IS22040";NA;"2023-10-08 09:16:00";66339,9
"888509";"27:6:2";"Exp60_185_IS22040";"Exp60_185_IS22040";NA;"2023-10-08 09:32:00";66315,1
"888510";"27:6:2";"Exp60_185_IS22040";"Exp60_185_IS22040";NA;"2023-10-08 09:46:00";66283,2
"888511";"27:6:2";"Exp60_185_IS22040";"Exp60_185_IS22040";NA;"2023-10-08 10:32:00";66185,7
"888512";"27:6:2";"Exp60_185_IS22040";"Exp60_185_IS22040";NA;"2023-10-08 10:46:00";66157,8
"888513";"27:6:2";"Exp60_185_IS22040";"Exp60_185_IS22040";NA;"2023-10-08 11:17:00";66090,8
"888514";"27:6:2";"Exp60_185_IS22040";"Exp60_185_IS22040";NA;"2023-10-08 11:31:00";66073,3
"888515";"27:6:2";"Exp60_185_IS22040";"Exp60_185_IS22040";NA;"2023-10-08 12:02:00";66000,7
"888516";"27:6:2";"Exp60_185_IS22040";"Exp60_185_IS22040";NA;"2023-10-08 12:16:00";65972,4
"888517";"27:6:2";"Exp60_185_IS22040";"Exp60_185_IS22040";NA;"2023-10-08 12:32:00";65939,9
"888518";"27:6:2";"Exp60_185_IS22040";"Exp60_185_IS22040";NA;"2023-10-08 12:46:00";65915,7
"888519";"27:6:2";"Exp60_185_IS22040";"Exp60_185_IS22040";NA;"2023-10-08 13:02:00";65880,2
"888520";"27:6:2";"Exp60_185_IS22040";"Exp60_185_IS22040";NA;"2023-10-08 13:16:00";65852,5
"888521";"27:6:2";"Exp60_185_IS22040";"Exp60_185_IS22040";NA;"2023-10-08 13:47:00";65795,7
"888522";"27:6:2";"Exp60_185_IS22040";"Exp60_185_IS22040";NA;"2023-10-08 14:01:00";65771,4
"888523";"27:6:2";"Exp60_185_IS22040";"Exp60_185_IS22040";NA;"2023-10-08 14:17:00";65745,8
"888524";"27:6:2";"Exp60_185_IS22040";"Exp60_185_IS22040";NA;"2023-10-08 14:31:00";65726,7
"888525";"27:6:2";"Exp60_185_IS22040";"Exp60_185_IS22040";NA;"2023-10-08 14:47:00";65707,8
"888526";"27:6:2";"Exp60_185_IS22040";"Exp60_185_IS22040";NA;"2023-10-08 15:01:00";65687,2
"888527";"27:6:2";"Exp60_185_IS22040";"Exp60_185_IS22040";NA;"2023-10-08 22:46:00";65585,5
"888528";"27:6:2";"Exp60_185_IS22040";"Exp60_185_IS22040";NA;"2023-10-08 23:02:00";65588,3
"888529";"27:6:2";"Exp60_185_IS22040";"Exp60_185_IS22040";NA;"2023-10-08 23:16:00";65588,2
"888530";"27:6:2";"Exp60_185_IS22040";"Exp60_185_IS22040";NA;"2023-10-08 23:32:00";65590,1
"888531";"27:6:2";"Exp60_185_IS22040";"Exp60_185_IS22040";NA;"2023-10-08 23:46:00";65586,8
"888532";"27:6:2";"Exp60_185_IS22040";"Exp60_185_IS22040";NA;"2023-10-09 00:02:00";65583,7
"888533";"27:6:2";"Exp60_185_IS22040";"Exp60_185_IS22040";NA;"2023-10-09 00:16:00";65588,3
"888534";"27:6:2";"Exp60_185_IS22040";"Exp60_185_IS22040";NA;"2023-10-09 00:32:00";65590,4
"888535";"27:6:2";"Exp60_185_IS22040";"Exp60_185_IS22040";NA;"2023-10-09 00:46:00";65593,6
"888536";"27:6:2";"Exp60_185_IS22040";"Exp60_185_IS22040";NA;"2023-10-09 01:02:00";65595,4
"888537";"27:6:2";"Exp60_185_IS22040";"Exp60_185_IS22040";NA;"2023-10-09 01:16:00";65594,6
"888538";"27:6:2";"Exp60_185_IS22040";"Exp60_185_IS22040";NA;"2023-10-09 01:32:00";65593,4
"888539";"27:6:2";"Exp60_185_IS22040";"Exp60_185_IS22040";NA;"2023-10-09 01:46:00";65590,5
"888540";"27:6:2";"Exp60_185_IS22040";"Exp60_185_IS22040";NA;"2023-10-09 02:02:00";65590,4
"888541";"27:6:2";"Exp60_185_IS22040";"Exp60_185_IS22040";NA;"2023-10-09 02:16:00";65587,2
"888542";"27:6:2";"Exp60_185_IS22040";"Exp60_185_IS22040";NA;"2023-10-09 02:32:00";65585,2
"888543";"27:6:2";"Exp60_185_IS22040";"Exp60_185_IS22040";NA;"2023-10-09 02:46:00";65591,4
"888544";"27:6:2";"Exp60_185_IS22040";"Exp60_185_IS22040";NA;"2023-10-09 03:02:00";65591,9
"888545";"27:6:2";"Exp60_185_IS22040";"Exp60_185_IS22040";NA;"2023-10-09 03:16:00";65592,5
"888546";"27:6:2";"Exp60_185_IS22040";"Exp60_185_IS22040";NA;"2023-10-09 03:32:00";65594,6
"888547";"27:6:2";"Exp60_185_IS22040";"Exp60_185_IS22040";NA;"2023-10-09 03:46:00";65590,5
"888548";"27:6:2";"Exp60_185_IS22040";"Exp60_185_IS22040";NA;"2023-10-09 04:17:00";65589,6
"888549";"27:6:2";"Exp60_185_IS22040";"Exp60_185_IS22040";NA;"2023-10-09 04:31:00";65593,7
"888550";"27:6:2";"Exp60_185_IS22040";"Exp60_185_IS22040";NA;"2023-10-09 04:47:00";65595,7
"888551";"27:6:2";"Exp60_185_IS22040";"Exp60_185_IS22040";NA;"2023-10-09 05:01:00";65595,8
"888552";"27:6:2";"Exp60_185_IS22040";"Exp60_185_IS22040";NA;"2023-10-09 05:17:00";65593,7
"888553";"27:6:2";"Exp60_185_IS22040";"Exp60_185_IS22040";NA;"2023-10-09 05:31:00";65592,8
"888554";"27:6:2";"Exp60_185_IS22040";"Exp60_185_IS22040";NA;"2023-10-09 05:47:00";65587,8
"888555";"27:6:2";"Exp60_185_IS22040";"Exp60_185_IS22040";NA;"2023-10-09 06:01:00";65586,3
"888556";"27:6:2";"Exp60_185_IS22040";"Exp60_185_IS22040";NA;"2023-10-09 06:17:00";65586,6
"888557";"27:6:2";"Exp60_185_IS22040";"Exp60_185_IS22040";NA;"2023-10-09 06:31:00";65587
"888558";"27:6:2";"Exp60_185_IS22040";"Exp60_185_IS22040";NA;"2023-10-09 06:47:00";65585,8
"888559";"27:6:2";"Exp60_185_IS22040";"Exp60_185_IS22040";NA;"2023-10-09 07:01:00";65579,4
"888560";"27:6:2";"Exp60_185_IS22040";"Exp60_185_IS22040";NA;"2023-10-09 07:17:00";65574
"888561";"27:6:2";"Exp60_185_IS22040";"Exp60_185_IS22040";NA;"2023-10-09 07:31:00";65568,2
"888562";"27:6:2";"Exp60_185_IS22040";"Exp60_185_IS22040";NA;"2023-10-09 07:47:00";65556,1
"888563";"27:6:2";"Exp60_185_IS22040";"Exp60_185_IS22040";NA;"2023-10-09 08:01:00";65546,4
"888564";"27:6:2";"Exp60_185_IS22040";"Exp60_185_IS22040";NA;"2023-10-09 08:17:00";65530,8
"888565";"27:6:2";"Exp60_185_IS22040";"Exp60_185_IS22040";NA;"2023-10-09 08:31:00";65519,8
"888566";"27:6:2";"Exp60_185_IS22040";"Exp60_185_IS22040";NA;"2023-10-09 08:47:00";65502,2
"888567";"27:6:2";"Exp60_185_IS22040";"Exp60_185_IS22040";NA;"2023-10-09 09:01:00";65485
"888568";"27:6:2";"Exp60_185_IS22040";"Exp60_185_IS22040";NA;"2023-10-09 09:17:00";65462,5
"888569";"27:6:2";"Exp60_185_IS22040";"Exp60_185_IS22040";NA;"2023-10-09 09:31:00";65440,8
"888570";"27:6:2";"Exp60_185_IS22040";"Exp60_185_IS22040";NA;"2023-10-09 10:32:00";65325,1
"888571";"27:6:2";"Exp60_185_IS22040";"Exp60_185_IS22040";NA;"2023-10-09 10:46:00";65300,4
"888572";"27:6:2";"Exp60_185_IS22040";"Exp60_185_IS22040";NA;"2023-10-09 11:02:00";65274
"888573";"27:6:2";"Exp60_185_IS22040";"Exp60_185_IS22040";NA;"2023-10-09 11:16:00";65242,9
"888574";"27:6:2";"Exp60_185_IS22040";"Exp60_185_IS22040";NA;"2023-10-09 11:47:00";65193,9
"888575";"27:6:2";"Exp60_185_IS22040";"Exp60_185_IS22040";NA;"2023-10-09 12:01:00";65181,6
"888576";"27:6:2";"Exp60_185_IS22040";"Exp60_185_IS22040";NA;"2023-10-09 12:17:00";65137
"888577";"27:6:2";"Exp60_185_IS22040";"Exp60_185_IS22040";NA;"2023-10-09 12:31:00";65109,8
"888578";"27:6:2";"Exp60_185_IS22040";"Exp60_185_IS22040";NA;"2023-10-09 12:47:00";65086,8
"888579";"27:6:2";"Exp60_185_IS22040";"Exp60_185_IS22040";NA;"2023-10-09 13:01:00";65053,2
"888580";"27:6:2";"Exp60_185_IS22040";"Exp60_185_IS22040";NA;"2023-10-09 13:32:00";65011,4
"888581";"27:6:2";"Exp60_185_IS22040";"Exp60_185_IS22040";NA;"2023-10-09 13:46:00";64977,9
"888582";"27:6:2";"Exp60_185_IS22040";"Exp60_185_IS22040";NA;"2023-10-09 14:02:00";64962,7
"888583";"27:6:2";"Exp60_185_IS22040";"Exp60_185_IS22040";NA;"2023-10-09 14:16:00";64950,3
"888584";"27:6:2";"Exp60_185_IS22040";"Exp60_185_IS22040";NA;"2023-10-09 20:16:00";64799,9
"888585";"27:6:2";"Exp60_185_IS22040";"Exp60_185_IS22040";NA;"2023-10-09 20:32:00";64804,6
"888586";"27:6:2";"Exp60_185_IS22040";"Exp60_185_IS22040";NA;"2023-10-09 20:46:00";64806,3
"888587";"27:6:2";"Exp60_185_IS22040";"Exp60_185_IS22040";NA;"2023-10-09 21:02:00";64807,3
"888588";"27:6:2";"Exp60_185_IS22040";"Exp60_185_IS22040";NA;"2023-10-09 21:16:00";64804,8
"888589";"27:6:2";"Exp60_185_IS22040";"Exp60_185_IS22040";NA;"2023-10-09 21:32:00";64803,9
"888590";"27:6:2";"Exp60_185_IS22040";"Exp60_185_IS22040";NA;"2023-10-09 21:46:00";64804,4
"888591";"27:6:2";"Exp60_185_IS22040";"Exp60_185_IS22040";NA;"2023-10-09 22:32:00";64806,5
"888592";"27:6:2";"Exp60_185_IS22040";"Exp60_185_IS22040";NA;"2023-10-09 22:46:00";64805,8
"888593";"27:6:2";"Exp60_185_IS22040";"Exp60_185_IS22040";NA;"2023-10-09 23:17:00";64812,3
"888594";"27:6:2";"Exp60_185_IS22040";"Exp60_185_IS22040";NA;"2023-10-09 23:31:00";64815,1
"888595";"27:6:2";"Exp60_185_IS22040";"Exp60_185_IS22040";NA;"2023-10-09 23:47:00";64814,6
"888596";"27:6:2";"Exp60_185_IS22040";"Exp60_185_IS22040";NA;"2023-10-10 00:16:00";64817,1
"888597";"27:6:2";"Exp60_185_IS22040";"Exp60_185_IS22040";NA;"2023-10-10 00:47:00";64812,2
"888598";"27:6:2";"Exp60_185_IS22040";"Exp60_185_IS22040";NA;"2023-10-10 01:01:00";64813,1
"888599";"27:6:2";"Exp60_185_IS22040";"Exp60_185_IS22040";NA;"2023-10-10 01:17:00";64814,6
"888600";"27:6:2";"Exp60_185_IS22040";"Exp60_185_IS22040";NA;"2023-10-10 01:31:00";64811,8
"888601";"27:6:2";"Exp60_185_IS22040";"Exp60_185_IS22040";NA;"2023-10-10 01:47:00";64815,6
"888602";"27:6:2";"Exp60_185_IS22040";"Exp60_185_IS22040";NA;"2023-10-10 02:01:00";64813,9
"888603";"27:6:2";"Exp60_185_IS22040";"Exp60_185_IS22040";NA;"2023-10-10 02:17:00";64814,1
"888604";"27:6:2";"Exp60_185_IS22040";"Exp60_185_IS22040";NA;"2023-10-10 02:31:00";64812
"888605";"27:6:2";"Exp60_185_IS22040";"Exp60_185_IS22040";NA;"2023-10-10 02:47:00";64810,5
"888606";"27:6:2";"Exp60_185_IS22040";"Exp60_185_IS22040";NA;"2023-10-10 03:01:00";64810,7
"888607";"27:6:2";"Exp60_185_IS22040";"Exp60_185_IS22040";NA;"2023-10-10 03:17:00";64810,9
"888608";"27:6:2";"Exp60_185_IS22040";"Exp60_185_IS22040";NA;"2023-10-10 03:31:00";64809,2
"888609";"27:6:2";"Exp60_185_IS22040";"Exp60_185_IS22040";NA;"2023-10-10 03:47:00";64811,9
"888610";"27:6:2";"Exp60_185_IS22040";"Exp60_185_IS22040";NA;"2023-10-10 04:01:00";64812,2
"888611";"27:6:2";"Exp60_185_IS22040";"Exp60_185_IS22040";NA;"2023-10-10 04:17:00";64812,6
"888612";"27:6:2";"Exp60_185_IS22040";"Exp60_185_IS22040";NA;"2023-10-10 04:31:00";64811,5
"888613";"27:6:2";"Exp60_185_IS22040";"Exp60_185_IS22040";NA;"2023-10-10 04:47:00";64810,5
"888614";"27:6:2";"Exp60_185_IS22040";"Exp60_185_IS22040";NA;"2023-10-10 05:01:00";64809,4
"888615";"27:6:2";"Exp60_185_IS22040";"Exp60_185_IS22040";NA;"2023-10-10 05:17:00";64808,4
"888616";"27:6:2";"Exp60_185_IS22040";"Exp60_185_IS22040";NA;"2023-10-10 05:31:00";64808,7
"888617";"27:6:2";"Exp60_185_IS22040";"Exp60_185_IS22040";NA;"2023-10-10 05:47:00";64809,3
"888618";"27:6:2";"Exp60_185_IS22040";"Exp60_185_IS22040";NA;"2023-10-10 06:01:00";64811,1
"888619";"27:6:2";"Exp60_185_IS22040";"Exp60_185_IS22040";NA;"2023-10-10 06:17:00";64809,8
"888620";"27:6:2";"Exp60_185_IS22040";"Exp60_185_IS22040";NA;"2023-10-10 06:46:00";64808,5
"888621";"27:6:2";"Exp60_185_IS22040";"Exp60_185_IS22040";NA;"2023-10-10 07:17:00";64799,8
"888622";"27:6:2";"Exp60_185_IS22040";"Exp60_185_IS22040";NA;"2023-10-10 07:31:00";64794,8
"888623";"27:6:2";"Exp60_185_IS22040";"Exp60_185_IS22040";NA;"2023-10-10 08:02:00";64777,4
"888624";"27:6:2";"Exp60_185_IS22040";"Exp60_185_IS22040";NA;"2023-10-10 08:16:00";64770,8
"888625";"27:6:2";"Exp60_185_IS22040";"Exp60_185_IS22040";NA;"2023-10-10 08:32:00";64756,6
"888626";"27:6:2";"Exp60_185_IS22040";"Exp60_185_IS22040";NA;"2023-10-10 08:46:00";64741,1
"888627";"27:6:2";"Exp60_185_IS22040";"Exp60_185_IS22040";NA;"2023-10-10 09:02:00";64720,6
"888628";"27:6:2";"Exp60_185_IS22040";"Exp60_185_IS22040";NA;"2023-10-10 09:16:00";64704,7
"888629";"27:6:2";"Exp60_185_IS22040";"Exp60_185_IS22040";NA;"2023-10-10 09:32:00";64680,2
"888630";"27:6:2";"Exp60_185_IS22040";"Exp60_185_IS22040";NA;"2023-10-10 09:46:00";64654,3
"888631";"27:6:2";"Exp60_185_IS22040";"Exp60_185_IS22040";NA;"2023-10-10 10:02:00";64621,2
"888632";"27:6:2";"Exp60_185_IS22040";"Exp60_185_IS22040";NA;"2023-10-10 10:16:00";64590,6
"888633";"27:6:2";"Exp60_185_IS22040";"Exp60_185_IS22040";NA;"2023-10-10 10:32:00";64559,2
"888634";"27:6:2";"Exp60_185_IS22040";"Exp60_185_IS22040";NA;"2023-10-10 10:46:00";64533,2
"888635";"27:6:2";"Exp60_185_IS22040";"Exp60_185_IS22040";NA;"2023-10-10 11:02:00";64504,6
"888636";"27:6:2";"Exp60_185_IS22040";"Exp60_185_IS22040";NA;"2023-10-10 11:16:00";64474,4
"888637";"27:6:2";"Exp60_185_IS22040";"Exp60_185_IS22040";NA;"2023-10-10 15:46:00";64144,6
"888638";"27:6:2";"Exp60_185_IS22040";"Exp60_185_IS22040";NA;"2023-10-10 18:01:00";66149,5
"888639";"27:6:2";"Exp60_185_IS22040";"Exp60_185_IS22040";NA;"2023-10-10 18:17:00";66148,8
"888640";"27:6:2";"Exp60_185_IS22040";"Exp60_185_IS22040";NA;"2023-10-10 18:31:00";66149,2
"888641";"27:6:2";"Exp60_185_IS22040";"Exp60_185_IS22040";NA;"2023-10-10 18:47:00";66145,5
"888642";"27:6:2";"Exp60_185_IS22040";"Exp60_185_IS22040";NA;"2023-10-10 19:01:00";66146
"888643";"27:6:2";"Exp60_185_IS22040";"Exp60_185_IS22040";NA;"2023-10-10 19:17:00";66144,2
"888644";"27:6:2";"Exp60_185_IS22040";"Exp60_185_IS22040";NA;"2023-10-10 19:31:00";66143,1
"888645";"27:6:2";"Exp60_185_IS22040";"Exp60_185_IS22040";NA;"2023-10-10 19:47:00";66143,9
"888646";"27:6:2";"Exp60_185_IS22040";"Exp60_185_IS22040";NA;"2023-10-10 20:01:00";66142,5
"888647";"27:6:2";"Exp60_185_IS22040";"Exp60_185_IS22040";NA;"2023-10-10 20:17:00";66143,9
"888648";"27:6:2";"Exp60_185_IS22040";"Exp60_185_IS22040";NA;"2023-10-10 20:31:00";66141,6
"888649";"27:6:2";"Exp60_185_IS22040";"Exp60_185_IS22040";NA;"2023-10-10 20:47:00";66139,4
"888650";"27:6:2";"Exp60_185_IS22040";"Exp60_185_IS22040";NA;"2023-10-10 21:01:00";66141,1
"888651";"27:6:2";"Exp60_185_IS22040";"Exp60_185_IS22040";NA;"2023-10-10 21:17:00";66137,1
"888652";"27:6:2";"Exp60_185_IS22040";"Exp60_185_IS22040";NA;"2023-10-10 21:31:00";66131,9
"888653";"27:6:2";"Exp60_185_IS22040";"Exp60_185_IS22040";NA;"2023-10-10 21:47:00";66132,5
"888654";"27:6:2";"Exp60_185_IS22040";"Exp60_185_IS22040";NA;"2023-10-10 22:01:00";66130,8
"888655";"27:6:2";"Exp60_185_IS22040";"Exp60_185_IS22040";NA;"2023-10-10 22:32:00";66130,3
"888656";"27:6:2";"Exp60_185_IS22040";"Exp60_185_IS22040";NA;"2023-10-10 22:46:00";66131,2
"888657";"27:6:2";"Exp60_185_IS22040";"Exp60_185_IS22040";NA;"2023-10-10 23:02:00";66130,8
"888658";"27:6:2";"Exp60_185_IS22040";"Exp60_185_IS22040";NA;"2023-10-10 23:16:00";66133
"888659";"27:6:2";"Exp60_185_IS22040";"Exp60_185_IS22040";NA;"2023-10-10 23:32:00";66133,6
"888660";"27:6:2";"Exp60_185_IS22040";"Exp60_185_IS22040";NA;"2023-10-10 23:46:00";66133,5
"888661";"27:6:2";"Exp60_185_IS22040";"Exp60_185_IS22040";NA;"2023-10-11 00:02:00";66135,2
"888662";"27:6:2";"Exp60_185_IS22040";"Exp60_185_IS22040";NA;"2023-10-11 00:16:00";66133,1
"888663";"27:6:2";"Exp60_185_IS22040";"Exp60_185_IS22040";NA;"2023-10-11 00:32:00";66132,3
"888664";"27:6:2";"Exp60_185_IS22040";"Exp60_185_IS22040";NA;"2023-10-11 00:46:00";66129,8
"888665";"27:6:2";"Exp60_185_IS22040";"Exp60_185_IS22040";NA;"2023-10-11 06:31:00";66123,9
"888666";"27:6:2";"Exp60_185_IS22040";"Exp60_185_IS22040";NA;"2023-10-11 07:17:00";66113,1
"888667";"27:6:2";"Exp60_185_IS22040";"Exp60_185_IS22040";NA;"2023-10-11 07:31:00";66111,6
"888668";"27:6:2";"Exp60_185_IS22040";"Exp60_185_IS22040";NA;"2023-10-11 07:47:00";66105,1
"888669";"27:6:2";"Exp60_185_IS22040";"Exp60_185_IS22040";NA;"2023-10-11 08:01:00";66096,5
"888670";"27:6:2";"Exp60_185_IS22040";"Exp60_185_IS22040";NA;"2023-10-11 08:17:00";66079,1
"888671";"27:6:2";"Exp60_185_IS22040";"Exp60_185_IS22040";NA;"2023-10-11 08:31:00";66063,6
"888672";"27:6:2";"Exp60_185_IS22040";"Exp60_185_IS22040";NA;"2023-10-11 08:47:00";66043,5
"888673";"27:6:2";"Exp60_185_IS22040";"Exp60_185_IS22040";NA;"2023-10-11 09:01:00";66022,3
"888674";"27:6:2";"Exp60_185_IS22040";"Exp60_185_IS22040";NA;"2023-10-11 16:16:00";65277,6
"888675";"27:6:2";"Exp60_185_IS22040";"Exp60_185_IS22040";NA;"2023-10-11 16:32:00";65267,9
"888676";"27:6:2";"Exp60_185_IS22040";"Exp60_185_IS22040";NA;"2023-10-11 16:46:00";65255,3
"888677";"27:6:2";"Exp60_185_IS22040";"Exp60_185_IS22040";NA;"2023-10-11 17:02:00";65247,8
"888678";"27:6:2";"Exp60_185_IS22040";"Exp60_185_IS22040";NA;"2023-10-11 17:16:00";65244,9
"888679";"27:6:2";"Exp60_185_IS22040";"Exp60_185_IS22040";NA;"2023-10-11 17:32:00";65243,7
"888680";"27:6:2";"Exp60_185_IS22040";"Exp60_185_IS22040";NA;"2023-10-11 17:46:00";65240,8
"888681";"27:6:2";"Exp60_185_IS22040";"Exp60_185_IS22040";NA;"2023-10-11 18:02:00";65240,9
"888682";"27:6:2";"Exp60_185_IS22040";"Exp60_185_IS22040";NA;"2023-10-11 18:16:00";65245,4
"888683";"27:6:2";"Exp60_185_IS22040";"Exp60_185_IS22040";NA;"2023-10-11 18:32:00";65244,2
"888684";"27:6:2";"Exp60_185_IS22040";"Exp60_185_IS22040";NA;"2023-10-11 18:46:00";65244,7
"888685";"27:6:2";"Exp60_185_IS22040";"Exp60_185_IS22040";NA;"2023-10-11 19:02:00";65244,9
"888686";"27:6:2";"Exp60_185_IS22040";"Exp60_185_IS22040";NA;"2023-10-11 19:16:00";65249,4
"888687";"27:6:2";"Exp60_185_IS22040";"Exp60_185_IS22040";NA;"2023-10-11 19:32:00";65248,2
"888688";"27:6:2";"Exp60_185_IS22040";"Exp60_185_IS22040";NA;"2023-10-11 19:46:00";65248,3
"888689";"27:6:2";"Exp60_185_IS22040";"Exp60_185_IS22040";NA;"2023-10-11 20:02:00";65247,6
"888690";"27:6:2";"Exp60_185_IS22040";"Exp60_185_IS22040";NA;"2023-10-11 20:46:00";65246,4
"888691";"27:6:2";"Exp60_185_IS22040";"Exp60_185_IS22040";NA;"2023-10-11 21:02:00";65243,7
"888692";"27:6:2";"Exp60_185_IS22040";"Exp60_185_IS22040";NA;"2023-10-11 21:16:00";65246,8
"888693";"27:6:2";"Exp60_185_IS22040";"Exp60_185_IS22040";NA;"2023-10-11 21:32:00";65244,1
"888694";"27:6:2";"Exp60_185_IS22040";"Exp60_185_IS22040";NA;"2023-10-11 21:46:00";65244,7
"888695";"27:6:2";"Exp60_185_IS22040";"Exp60_185_IS22040";NA;"2023-10-11 22:17:00";65240,1
"888696";"27:6:2";"Exp60_185_IS22040";"Exp60_185_IS22040";NA;"2023-10-11 22:31:00";65239,5
"888697";"27:6:2";"Exp60_185_IS22040";"Exp60_185_IS22040";NA;"2023-10-11 22:47:00";65240,9
"888698";"27:6:2";"Exp60_185_IS22040";"Exp60_185_IS22040";NA;"2023-10-11 23:01:00";65240,1
"888699";"27:6:2";"Exp60_185_IS22040";"Exp60_185_IS22040";NA;"2023-10-11 23:17:00";65239,2
"888700";"27:6:2";"Exp60_185_IS22040";"Exp60_185_IS22040";NA;"2023-10-11 23:31:00";65241,8
"888701";"27:6:2";"Exp60_185_IS22040";"Exp60_185_IS22040";NA;"2023-10-11 23:47:00";65243,8
"888702";"27:6:2";"Exp60_185_IS22040";"Exp60_185_IS22040";NA;"2023-10-12 00:01:00";65244
"888703";"27:6:2";"Exp60_185_IS22040";"Exp60_185_IS22040";NA;"2023-10-12 00:17:00";65245
"888704";"27:6:2";"Exp60_185_IS22040";"Exp60_185_IS22040";NA;"2023-10-12 00:31:00";65244,7
"888705";"27:6:2";"Exp60_185_IS22040";"Exp60_185_IS22040";NA;"2023-10-12 00:47:00";65241,9
"888706";"27:6:2";"Exp60_185_IS22040";"Exp60_185_IS22040";NA;"2023-10-12 01:01:00";65243,6
"888707";"27:6:2";"Exp60_185_IS22040";"Exp60_185_IS22040";NA;"2023-10-12 01:17:00";65242,3
"888708";"27:6:2";"Exp60_185_IS22040";"Exp60_185_IS22040";NA;"2023-10-12 01:31:00";65243,4
"888709";"27:6:2";"Exp60_185_IS22040";"Exp60_185_IS22040";NA;"2023-10-12 01:47:00";65242,7
"888710";"27:6:2";"Exp60_185_IS22040";"Exp60_185_IS22040";NA;"2023-10-12 02:01:00";65248,4
"888711";"27:6:2";"Exp60_185_IS22040";"Exp60_185_IS22040";NA;"2023-10-12 02:17:00";65250,4
"888712";"27:6:2";"Exp60_185_IS22040";"Exp60_185_IS22040";NA;"2023-10-12 02:31:00";65252
"888713";"27:6:2";"Exp60_185_IS22040";"Exp60_185_IS22040";NA;"2023-10-12 02:47:00";65253,1
"888714";"27:6:2";"Exp60_185_IS22040";"Exp60_185_IS22040";NA;"2023-10-12 03:01:00";65254,4
"888715";"27:6:2";"Exp60_185_IS22040";"Exp60_185_IS22040";NA;"2023-10-12 03:17:00";65253,1
"888716";"27:6:2";"Exp60_185_IS22040";"Exp60_185_IS22040";NA;"2023-10-12 03:31:00";65252,2
"888717";"27:6:2";"Exp60_185_IS22040";"Exp60_185_IS22040";NA;"2023-10-12 03:47:00";65250,3
"888718";"27:6:2";"Exp60_185_IS22040";"Exp60_185_IS22040";NA;"2023-10-12 04:01:00";65251,3
"888719";"27:6:2";"Exp60_185_IS22040";"Exp60_185_IS22040";NA;"2023-10-12 04:17:00";65249,2
"888720";"27:6:2";"Exp60_185_IS22040";"Exp60_185_IS22040";NA;"2023-10-12 04:31:00";65246,4
"888721";"27:6:2";"Exp60_185_IS22040";"Exp60_185_IS22040";NA;"2023-10-12 04:47:00";65244,5
"888722";"27:6:2";"Exp60_185_IS22040";"Exp60_185_IS22040";NA;"2023-10-12 05:01:00";65243,1
"888723";"27:6:2";"Exp60_185_IS22040";"Exp60_185_IS22040";NA;"2023-10-12 05:32:00";65244,6
"888724";"27:6:2";"Exp60_185_IS22040";"Exp60_185_IS22040";NA;"2023-10-12 05:46:00";65243,4
"888725";"27:6:2";"Exp60_185_IS22040";"Exp60_185_IS22040";NA;"2023-10-12 06:02:00";65245,8
"888726";"27:6:2";"Exp60_185_IS22040";"Exp60_185_IS22040";NA;"2023-10-12 06:16:00";65246,3
"888727";"27:6:2";"Exp60_185_IS22040";"Exp60_185_IS22040";NA;"2023-10-12 06:47:00";65244,7
"888728";"27:6:2";"Exp60_185_IS22040";"Exp60_185_IS22040";NA;"2023-10-12 07:01:00";65241,1
"888729";"27:6:2";"Exp60_185_IS22040";"Exp60_185_IS22040";NA;"2023-10-12 07:17:00";65239,9
"888730";"27:6:2";"Exp60_185_IS22040";"Exp60_185_IS22040";NA;"2023-10-12 07:31:00";65234,8
"888731";"27:6:2";"Exp60_185_IS22040";"Exp60_185_IS22040";NA;"2023-10-12 07:47:00";65226,5
"888732";"27:6:2";"Exp60_185_IS22040";"Exp60_185_IS22040";NA;"2023-10-12 08:01:00";65213,7
"888733";"27:6:2";"Exp60_185_IS22040";"Exp60_185_IS22040";NA;"2023-10-12 08:17:00";65200,7
"888734";"27:6:2";"Exp60_185_IS22040";"Exp60_185_IS22040";NA;"2023-10-12 08:31:00";65184,4
"888735";"27:6:2";"Exp60_185_IS22040";"Exp60_185_IS22040";NA;"2023-10-12 08:47:00";65177,2
"888736";"27:6:2";"Exp60_185_IS22040";"Exp60_185_IS22040";NA;"2023-10-12 09:01:00";65142
"888737";"27:6:2";"Exp60_185_IS22040";"Exp60_185_IS22040";NA;"2023-10-12 09:17:00";65118,4
"888738";"27:6:2";"Exp60_185_IS22040";"Exp60_185_IS22040";NA;"2023-10-12 09:31:00";65103
"888739";"27:6:2";"Exp60_185_IS22040";"Exp60_185_IS22040";NA;"2023-10-12 09:47:00";65068,5
"888740";"27:6:2";"Exp60_185_IS22040";"Exp60_185_IS22040";NA;"2023-10-12 10:01:00";65044,8
"888741";"27:6:2";"Exp60_185_IS22040";"Exp60_185_IS22040";NA;"2023-10-12 15:01:00";64499
"888742";"27:6:2";"Exp60_185_IS22040";"Exp60_185_IS22040";NA;"2023-10-12 15:17:00";64491,3
"888743";"27:6:2";"Exp60_185_IS22040";"Exp60_185_IS22040";NA;"2023-10-12 15:31:00";64456,2
"888744";"27:6:2";"Exp60_185_IS22040";"Exp60_185_IS22040";NA;"2023-10-12 15:47:00";64438,9
"888745";"27:6:2";"Exp60_185_IS22040";"Exp60_185_IS22040";NA;"2023-10-12 16:01:00";64424,1
"888746";"27:6:2";"Exp60_185_IS22040";"Exp60_185_IS22040";NA;"2023-10-12 16:17:00";64413,4
"888747";"27:6:2";"Exp60_185_IS22040";"Exp60_185_IS22040";NA;"2023-10-12 16:31:00";64412,9
"888748";"27:6:2";"Exp60_185_IS22040";"Exp60_185_IS22040";NA;"2023-10-12 16:47:00";64397,1
"888749";"27:6:2";"Exp60_185_IS22040";"Exp60_185_IS22040";NA;"2023-10-12 17:01:00";64394,8
"888750";"27:6:2";"Exp60_185_IS22040";"Exp60_185_IS22040";NA;"2023-10-12 17:17:00";64391,3
"888751";"27:6:2";"Exp60_185_IS22040";"Exp60_185_IS22040";NA;"2023-10-12 17:31:00";64391,5
"888752";"27:6:2";"Exp60_185_IS22040";"Exp60_185_IS22040";NA;"2023-10-12 17:47:00";64390,8
"888753";"27:6:2";"Exp60_185_IS22040";"Exp60_185_IS22040";NA;"2023-10-12 18:01:00";64390
"888754";"27:6:2";"Exp60_185_IS22040";"Exp60_185_IS22040";NA;"2023-10-12 18:17:00";64389,6
"888755";"27:6:2";"Exp60_185_IS22040";"Exp60_185_IS22040";NA;"2023-10-12 18:31:00";64389,4
"888756";"27:6:2";"Exp60_185_IS22040";"Exp60_185_IS22040";NA;"2023-10-12 18:47:00";64391,7
"888757";"27:6:2";"Exp60_185_IS22040";"Exp60_185_IS22040";NA;"2023-10-12 19:01:00";64390,4
"888758";"27:6:2";"Exp60_185_IS22040";"Exp60_185_IS22040";NA;"2023-10-12 19:17:00";64391
"888759";"27:6:2";"Exp60_185_IS22040";"Exp60_185_IS22040";NA;"2023-10-12 19:31:00";64390,4
"888760";"27:6:2";"Exp60_185_IS22040";"Exp60_185_IS22040";NA;"2023-10-12 20:02:00";64395
"888761";"27:6:2";"Exp60_185_IS22040";"Exp60_185_IS22040";NA;"2023-10-12 20:16:00";64394,6
"888762";"27:6:2";"Exp60_185_IS22040";"Exp60_185_IS22040";NA;"2023-10-13 03:16:00";64426,5
"888763";"27:6:2";"Exp60_185_IS22040";"Exp60_185_IS22040";NA;"2023-10-13 03:32:00";64426
"888764";"27:6:2";"Exp60_185_IS22040";"Exp60_185_IS22040";NA;"2023-10-13 03:46:00";64428
"888765";"27:6:2";"Exp60_185_IS22040";"Exp60_185_IS22040";NA;"2023-10-13 04:02:00";64426,7
"888766";"27:6:2";"Exp60_185_IS22040";"Exp60_185_IS22040";NA;"2023-10-13 04:16:00";64429,3
"888767";"27:6:2";"Exp60_185_IS22040";"Exp60_185_IS22040";NA;"2023-10-13 04:32:00";64430,1
"888768";"27:6:2";"Exp60_185_IS22040";"Exp60_185_IS22040";NA;"2023-10-13 04:46:00";64428,6
"888769";"27:6:2";"Exp60_185_IS22040";"Exp60_185_IS22040";NA;"2023-10-13 05:02:00";64429,9
"888770";"27:6:2";"Exp60_185_IS22040";"Exp60_185_IS22040";NA;"2023-10-13 05:16:00";64432,3
"888771";"27:6:2";"Exp60_185_IS22040";"Exp60_185_IS22040";NA;"2023-10-13 05:32:00";64431,5
"888772";"27:6:2";"Exp60_185_IS22040";"Exp60_185_IS22040";NA;"2023-10-13 05:46:00";64431,1
"888773";"27:6:2";"Exp60_185_IS22040";"Exp60_185_IS22040";NA;"2023-10-13 06:02:00";64429,5
"888774";"27:6:2";"Exp60_185_IS22040";"Exp60_185_IS22040";NA;"2023-10-13 06:16:00";64430,8
"888775";"27:6:2";"Exp60_185_IS22040";"Exp60_185_IS22040";NA;"2023-10-13 06:32:00";64428,5
"888776";"27:6:2";"Exp60_185_IS22040";"Exp60_185_IS22040";NA;"2023-10-13 06:46:00";64425,5
"888777";"27:6:2";"Exp60_185_IS22040";"Exp60_185_IS22040";NA;"2023-10-13 12:46:00";63933,5
"888778";"27:6:2";"Exp60_185_IS22040";"Exp60_185_IS22040";NA;"2023-10-13 13:02:00";63896,4
"888779";"27:6:2";"Exp60_185_IS22040";"Exp60_185_IS22040";NA;"2023-10-13 13:16:00";63885,1
"888780";"27:6:2";"Exp60_185_IS22040";"Exp60_185_IS22040";NA;"2023-10-13 13:32:00";63855,3
"888781";"27:6:2";"Exp60_185_IS22040";"Exp60_185_IS22040";NA;"2023-10-13 13:46:00";63829
"888782";"27:6:2";"Exp60_185_IS22040";"Exp60_185_IS22040";NA;"2023-10-13 19:46:00";67951,6
"888783";"27:6:2";"Exp60_185_IS22040";"Exp60_185_IS22040";NA;"2023-10-13 20:02:00";67929,9
"888784";"27:6:2";"Exp60_185_IS22040";"Exp60_185_IS22040";NA;"2023-10-13 20:16:00";67913,8
"888785";"27:6:2";"Exp60_185_IS22040";"Exp60_185_IS22040";NA;"2023-10-13 20:32:00";67893,7
"888786";"27:6:2";"Exp60_185_IS22040";"Exp60_185_IS22040";NA;"2023-10-13 20:46:00";67875,8
"888787";"27:6:2";"Exp60_185_IS22040";"Exp60_185_IS22040";NA;"2023-10-13 21:02:00";67857,7
"888788";"27:6:2";"Exp60_185_IS22040";"Exp60_185_IS22040";NA;"2023-10-13 21:16:00";67842,8
"888789";"27:6:2";"Exp60_185_IS22040";"Exp60_185_IS22040";NA;"2023-10-13 21:32:00";67824,4
"888790";"27:6:2";"Exp60_185_IS22040";"Exp60_185_IS22040";NA;"2023-10-13 21:46:00";67809,5
"888791";"27:6:2";"Exp60_185_IS22040";"Exp60_185_IS22040";NA;"2023-10-13 22:02:00";67793,1
"888792";"27:6:2";"Exp60_185_IS22040";"Exp60_185_IS22040";NA;"2023-10-13 22:16:00";67783,1
"888793";"27:6:2";"Exp60_185_IS22040";"Exp60_185_IS22040";NA;"2023-10-13 22:32:00";67768,6
"888794";"27:6:2";"Exp60_185_IS22040";"Exp60_185_IS22040";NA;"2023-10-13 22:46:00";67756,4
"888795";"27:6:2";"Exp60_185_IS22040";"Exp60_185_IS22040";NA;"2023-10-13 23:02:00";67743,9
"888796";"27:6:2";"Exp60_185_IS22040";"Exp60_185_IS22040";NA;"2023-10-13 23:16:00";67732,9
"888797";"27:6:2";"Exp60_185_IS22040";"Exp60_185_IS22040";NA;"2023-10-13 23:47:00";67709,6
"888798";"27:6:2";"Exp60_185_IS22040";"Exp60_185_IS22040";NA;"2023-10-14 00:01:00";67701,7
"888799";"27:6:2";"Exp60_185_IS22040";"Exp60_185_IS22040";NA;"2023-10-14 00:17:00";67695,5
"888800";"27:6:2";"Exp60_185_IS22040";"Exp60_185_IS22040";NA;"2023-10-14 00:31:00";67687,2
"888801";"27:6:2";"Exp60_185_IS22040";"Exp60_185_IS22040";NA;"2023-10-14 00:47:00";67678,1
"888802";"27:6:2";"Exp60_185_IS22040";"Exp60_185_IS22040";NA;"2023-10-14 01:01:00";67669,5
"888803";"27:6:2";"Exp60_185_IS22040";"Exp60_185_IS22040";NA;"2023-10-14 01:17:00";67662,8
"888804";"27:6:2";"Exp60_185_IS22040";"Exp60_185_IS22040";NA;"2023-10-14 01:31:00";67658,7
"888805";"27:6:2";"Exp60_185_IS22040";"Exp60_185_IS22040";NA;"2023-10-14 01:47:00";67654,3
"888806";"27:6:2";"Exp60_185_IS22040";"Exp60_185_IS22040";NA;"2023-10-14 02:01:00";67647,2
"888807";"27:6:2";"Exp60_185_IS22040";"Exp60_185_IS22040";NA;"2023-10-14 02:17:00";67642,8
"888808";"27:6:2";"Exp60_185_IS22040";"Exp60_185_IS22040";NA;"2023-10-14 02:31:00";67636,5
"888809";"27:6:2";"Exp60_185_IS22040";"Exp60_185_IS22040";NA;"2023-10-14 02:47:00";67632,6
"888810";"27:6:2";"Exp60_185_IS22040";"Exp60_185_IS22040";NA;"2023-10-14 03:01:00";67626,7
"888811";"27:6:2";"Exp60_185_IS22040";"Exp60_185_IS22040";NA;"2023-10-14 03:17:00";67619,6
"888812";"27:6:2";"Exp60_185_IS22040";"Exp60_185_IS22040";NA;"2023-10-14 03:31:00";67616,7
"888813";"27:6:2";"Exp60_185_IS22040";"Exp60_185_IS22040";NA;"2023-10-14 04:17:00";67606,1
"888814";"27:6:2";"Exp60_185_IS22040";"Exp60_185_IS22040";NA;"2023-10-14 04:31:00";67602,7
"888815";"27:6:2";"Exp60_185_IS22040";"Exp60_185_IS22040";NA;"2023-10-14 04:47:00";67599,8
"888816";"27:6:2";"Exp60_185_IS22040";"Exp60_185_IS22040";NA;"2023-10-14 05:01:00";67595,9
"888817";"27:6:2";"Exp60_185_IS22040";"Exp60_185_IS22040";NA;"2023-10-14 05:17:00";67592,6
"888818";"27:6:2";"Exp60_185_IS22040";"Exp60_185_IS22040";NA;"2023-10-14 05:31:00";67593,2
"888819";"27:6:2";"Exp60_185_IS22040";"Exp60_185_IS22040";NA;"2023-10-14 05:47:00";67589,6
"888820";"27:6:2";"Exp60_185_IS22040";"Exp60_185_IS22040";NA;"2023-10-14 06:01:00";67589,8
"888821";"27:6:2";"Exp60_185_IS22040";"Exp60_185_IS22040";NA;"2023-10-14 06:17:00";67586,6
"888822";"27:6:2";"Exp60_185_IS22040";"Exp60_185_IS22040";NA;"2023-10-14 06:31:00";67584,8
"888823";"27:6:2";"Exp60_185_IS22040";"Exp60_185_IS22040";NA;"2023-10-14 07:02:00";67574,7
"888824";"27:6:2";"Exp60_185_IS22040";"Exp60_185_IS22040";NA;"2023-10-14 07:16:00";67573
"888825";"27:6:2";"Exp60_185_IS22040";"Exp60_185_IS22040";NA;"2023-10-14 07:32:00";67567,2
"888826";"27:6:2";"Exp60_185_IS22040";"Exp60_185_IS22040";NA;"2023-10-14 08:16:00";67541,1
"888827";"27:6:2";"Exp60_185_IS22040";"Exp60_185_IS22040";NA;"2023-10-14 08:32:00";67526,4
"888828";"27:6:2";"Exp60_185_IS22040";"Exp60_185_IS22040";NA;"2023-10-14 08:46:00";67510,6
"888829";"27:6:2";"Exp60_185_IS22040";"Exp60_185_IS22040";NA;"2023-10-14 09:02:00";67486,6
"888830";"27:6:2";"Exp60_185_IS22040";"Exp60_185_IS22040";NA;"2023-10-14 09:16:00";67461,8
"888831";"27:6:2";"Exp60_185_IS22040";"Exp60_185_IS22040";NA;"2023-10-14 09:32:00";67430,3
"888832";"27:6:2";"Exp60_185_IS22040";"Exp60_185_IS22040";NA;"2023-10-14 09:46:00";67402
"888833";"27:6:2";"Exp60_185_IS22040";"Exp60_185_IS22040";NA;"2023-10-14 10:02:00";67362,9
"888834";"27:6:2";"Exp60_185_IS22040";"Exp60_185_IS22040";NA;"2023-10-14 10:16:00";67320,8
"888835";"27:6:2";"Exp60_185_IS22040";"Exp60_185_IS22040";NA;"2023-10-14 10:32:00";67283,9
"888836";"27:6:2";"Exp60_185_IS22040";"Exp60_185_IS22040";NA;"2023-10-14 10:46:00";67248,1
"888837";"27:6:2";"Exp60_185_IS22040";"Exp60_185_IS22040";NA;"2023-10-14 11:02:00";67207,4
"888838";"27:6:2";"Exp60_185_IS22040";"Exp60_185_IS22040";NA;"2023-10-14 11:16:00";67170,9
"888839";"27:6:2";"Exp60_185_IS22040";"Exp60_185_IS22040";NA;"2023-10-14 11:32:00";67127,5
"888840";"27:6:2";"Exp60_185_IS22040";"Exp60_185_IS22040";NA;"2023-10-14 11:46:00";67093,5
"888841";"27:6:2";"Exp60_185_IS22040";"Exp60_185_IS22040";NA;"2023-10-14 12:02:00";67055,6
"888842";"27:6:2";"Exp60_185_IS22040";"Exp60_185_IS22040";NA;"2023-10-14 12:16:00";67029,7
"888843";"27:6:2";"Exp60_185_IS22040";"Exp60_185_IS22040";NA;"2023-10-14 12:32:00";66988,1
"888844";"27:6:2";"Exp60_185_IS22040";"Exp60_185_IS22040";NA;"2023-10-14 12:46:00";66945,7
"888845";"27:6:2";"Exp60_185_IS22040";"Exp60_185_IS22040";NA;"2023-10-14 13:02:00";66922,3
"888846";"27:6:2";"Exp60_185_IS22040";"Exp60_185_IS22040";NA;"2023-10-14 13:16:00";66900
"888847";"27:6:2";"Exp60_185_IS22040";"Exp60_185_IS22040";NA;"2023-10-14 13:32:00";66873,6
"888848";"27:6:2";"Exp60_185_IS22040";"Exp60_185_IS22040";NA;"2023-10-14 13:46:00";66843,2
"888849";"27:6:2";"Exp60_185_IS22040";"Exp60_185_IS22040";NA;"2023-10-14 19:31:00";66570,8
"888850";"27:6:2";"Exp60_185_IS22040";"Exp60_185_IS22040";NA;"2023-10-15 02:01:00";66555,6
"888851";"27:6:2";"Exp60_185_IS22040";"Exp60_185_IS22040";NA;"2023-10-15 02:17:00";66553,6
"888852";"27:6:2";"Exp60_185_IS22040";"Exp60_185_IS22040";NA;"2023-10-15 02:31:00";66550,9
"888853";"27:6:2";"Exp60_185_IS22040";"Exp60_185_IS22040";NA;"2023-10-15 02:47:00";66551,1
"888854";"27:6:2";"Exp60_185_IS22040";"Exp60_185_IS22040";NA;"2023-10-15 03:01:00";66549,8
"888855";"27:6:2";"Exp60_185_IS22040";"Exp60_185_IS22040";NA;"2023-10-15 03:17:00";66550,8
"888856";"27:6:2";"Exp60_185_IS22040";"Exp60_185_IS22040";NA;"2023-10-15 03:31:00";66551,3
"888857";"27:6:2";"Exp60_185_IS22040";"Exp60_185_IS22040";NA;"2023-10-15 03:47:00";66551
"888858";"27:6:2";"Exp60_185_IS22040";"Exp60_185_IS22040";NA;"2023-10-15 04:01:00";66549,8
"888859";"27:6:2";"Exp60_185_IS22040";"Exp60_185_IS22040";NA;"2023-10-15 04:32:00";66548,2
"888860";"27:6:2";"Exp60_185_IS22040";"Exp60_185_IS22040";NA;"2023-10-15 04:46:00";66542,9
"888861";"27:6:2";"Exp60_185_IS22040";"Exp60_185_IS22040";NA;"2023-10-15 05:32:00";66542,5
"888862";"27:6:2";"Exp60_185_IS22040";"Exp60_185_IS22040";NA;"2023-10-15 05:46:00";66543,7
"888863";"27:6:2";"Exp60_185_IS22040";"Exp60_185_IS22040";NA;"2023-10-15 06:17:00";66541,8
"888864";"27:6:2";"Exp60_185_IS22040";"Exp60_185_IS22040";NA;"2023-10-15 06:31:00";66541,8
"888865";"27:6:2";"Exp60_185_IS22040";"Exp60_185_IS22040";NA;"2023-10-15 07:02:00";66537,4
"888866";"27:6:2";"Exp60_185_IS22040";"Exp60_185_IS22040";NA;"2023-10-15 07:16:00";66536,7
"888867";"27:6:2";"Exp60_185_IS22040";"Exp60_185_IS22040";NA;"2023-10-15 07:32:00";66536,5
"888868";"27:6:2";"Exp60_185_IS22040";"Exp60_185_IS22040";NA;"2023-10-15 07:46:00";66530,9
"888869";"27:6:2";"Exp60_185_IS22040";"Exp60_185_IS22040";NA;"2023-10-15 08:17:00";66512,3
"888870";"27:6:2";"Exp60_185_IS22040";"Exp60_185_IS22040";NA;"2023-10-15 08:31:00";66497,9
"888871";"27:6:2";"Exp60_185_IS22040";"Exp60_185_IS22040";NA;"2023-10-15 08:47:00";66484,3
"888872";"27:6:2";"Exp60_185_IS22040";"Exp60_185_IS22040";NA;"2023-10-15 09:01:00";66467,9
"888873";"27:6:2";"Exp60_185_IS22040";"Exp60_185_IS22040";NA;"2023-10-15 09:17:00";66452,8
"888874";"27:6:2";"Exp60_185_IS22040";"Exp60_185_IS22040";NA;"2023-10-15 09:31:00";66438,6
"888875";"27:6:2";"Exp60_185_IS22040";"Exp60_185_IS22040";NA;"2023-10-15 09:47:00";66411,2
"888876";"27:6:2";"Exp60_185_IS22040";"Exp60_185_IS22040";NA;"2023-10-15 10:01:00";66382,8
"888877";"27:6:2";"Exp60_185_IS22040";"Exp60_185_IS22040";NA;"2023-10-15 10:17:00";66346,8
"888878";"27:6:2";"Exp60_185_IS22040";"Exp60_185_IS22040";NA;"2023-10-15 10:31:00";66326
"888879";"27:6:2";"Exp60_185_IS22040";"Exp60_185_IS22040";NA;"2023-10-15 10:47:00";66288,7
"888880";"27:6:2";"Exp60_185_IS22040";"Exp60_185_IS22040";NA;"2023-10-15 11:01:00";66266,8
"888881";"27:6:2";"Exp60_185_IS22040";"Exp60_185_IS22040";NA;"2023-10-15 18:01:00";65764
"888882";"27:6:2";"Exp60_185_IS22040";"Exp60_185_IS22040";NA;"2023-10-15 18:17:00";65764,8
"888883";"27:6:2";"Exp60_185_IS22040";"Exp60_185_IS22040";NA;"2023-10-15 18:31:00";65763
"888884";"27:6:2";"Exp60_185_IS22040";"Exp60_185_IS22040";NA;"2023-10-15 18:47:00";65762,6
"888885";"27:6:2";"Exp60_185_IS22040";"Exp60_185_IS22040";NA;"2023-10-15 19:01:00";65763,9
"888886";"27:6:2";"Exp60_185_IS22040";"Exp60_185_IS22040";NA;"2023-10-15 19:17:00";65764,2
"888887";"27:6:2";"Exp60_185_IS22040";"Exp60_185_IS22040";NA;"2023-10-15 19:31:00";65763,1
"888888";"27:6:2";"Exp60_185_IS22040";"Exp60_185_IS22040";NA;"2023-10-16 03:46:00";65765,9
"888889";"27:6:2";"Exp60_185_IS22040";"Exp60_185_IS22040";NA;"2023-10-16 04:02:00";65766,6
"888890";"27:6:2";"Exp60_185_IS22040";"Exp60_185_IS22040";NA;"2023-10-16 04:16:00";65768,1
"888891";"27:6:2";"Exp60_185_IS22040";"Exp60_185_IS22040";NA;"2023-10-16 04:32:00";65769,2
"888892";"27:6:2";"Exp60_185_IS22040";"Exp60_185_IS22040";NA;"2023-10-16 04:46:00";65768,6
"888893";"27:6:2";"Exp60_185_IS22040";"Exp60_185_IS22040";NA;"2023-10-16 05:02:00";65767,2
"888894";"27:6:2";"Exp60_185_IS22040";"Exp60_185_IS22040";NA;"2023-10-16 05:16:00";65765,9
"888895";"27:6:2";"Exp60_185_IS22040";"Exp60_185_IS22040";NA;"2023-10-16 05:32:00";65765,2
"888896";"27:6:2";"Exp60_185_IS22040";"Exp60_185_IS22040";NA;"2023-10-16 05:46:00";65763,7
"888897";"27:6:2";"Exp60_185_IS22040";"Exp60_185_IS22040";NA;"2023-10-16 06:02:00";65763,3
"888898";"27:6:2";"Exp60_185_IS22040";"Exp60_185_IS22040";NA;"2023-10-16 06:16:00";65764,3
"888899";"27:6:2";"Exp60_185_IS22040";"Exp60_185_IS22040";NA;"2023-10-16 06:32:00";65763
"888900";"27:6:2";"Exp60_185_IS22040";"Exp60_185_IS22040";NA;"2023-10-16 06:46:00";65763,1
"888901";"27:6:2";"Exp60_185_IS22040";"Exp60_185_IS22040";NA;"2023-10-16 07:02:00";65762,3
"888902";"27:6:2";"Exp60_185_IS22040";"Exp60_185_IS22040";NA;"2023-10-16 07:16:00";65760
"888903";"27:6:2";"Exp60_185_IS22040";"Exp60_185_IS22040";NA;"2023-10-16 07:47:00";65747,8
"888904";"27:6:2";"Exp60_185_IS22040";"Exp60_185_IS22040";NA;"2023-10-16 08:01:00";65742,7
"888905";"27:6:2";"Exp60_185_IS22040";"Exp60_185_IS22040";NA;"2023-10-16 08:17:00";65735,3
"888906";"27:6:2";"Exp60_185_IS22040";"Exp60_185_IS22040";NA;"2023-10-16 08:31:00";65724,4
"888907";"27:6:2";"Exp60_185_IS22040";"Exp60_185_IS22040";NA;"2023-10-16 08:47:00";65713,8
"888908";"27:6:2";"Exp60_185_IS22040";"Exp60_185_IS22040";NA;"2023-10-16 09:01:00";65700,1
"888909";"27:6:2";"Exp60_185_IS22040";"Exp60_185_IS22040";NA;"2023-10-16 09:17:00";65702,8
"888910";"27:6:2";"Exp60_185_IS22040";"Exp60_185_IS22040";NA;"2023-10-16 09:31:00";65658,2
"888911";"27:6:2";"Exp60_185_IS22040";"Exp60_185_IS22040";NA;"2023-10-16 09:47:00";65635,8
"888912";"27:6:2";"Exp60_185_IS22040";"Exp60_185_IS22040";NA;"2023-10-16 10:01:00";65612,9
"888913";"27:6:2";"Exp60_185_IS22040";"Exp60_185_IS22040";NA;"2023-10-16 10:17:00";65584,4
"888914";"27:6:2";"Exp60_185_IS22040";"Exp60_185_IS22040";NA;"2023-10-16 10:31:00";65564,8
"888915";"27:6:2";"Exp60_185_IS22040";"Exp60_185_IS22040";NA;"2023-10-16 10:47:00";65524,1
"888916";"27:6:2";"Exp60_185_IS22040";"Exp60_185_IS22040";NA;"2023-10-16 11:01:00";65505,1
"888917";"27:6:2";"Exp60_185_IS22040";"Exp60_185_IS22040";NA;"2023-10-16 11:32:00";65460,8
"888918";"27:6:2";"Exp60_185_IS22040";"Exp60_185_IS22040";NA;"2023-10-16 11:46:00";65435,3
"888919";"27:6:2";"Exp60_185_IS22040";"Exp60_185_IS22040";NA;"2023-10-16 12:17:00";65394,7
"888920";"27:6:2";"Exp60_185_IS22040";"Exp60_185_IS22040";NA;"2023-10-16 12:31:00";65364,6
"888921";"27:6:2";"Exp60_185_IS22040";"Exp60_185_IS22040";NA;"2023-10-16 13:02:00";65306,8
"888922";"27:6:2";"Exp60_185_IS22040";"Exp60_185_IS22040";NA;"2023-10-16 13:16:00";65280,9
"888923";"27:6:2";"Exp60_185_IS22040";"Exp60_185_IS22040";NA;"2023-10-16 13:32:00";65269,3
"888924";"27:6:2";"Exp60_185_IS22040";"Exp60_185_IS22040";NA;"2023-10-16 13:46:00";65244,2
"888925";"27:6:2";"Exp60_185_IS22040";"Exp60_185_IS22040";NA;"2023-10-16 14:02:00";65228,4
"888926";"27:6:2";"Exp60_185_IS22040";"Exp60_185_IS22040";NA;"2023-10-16 14:16:00";65218,8
"888927";"27:6:2";"Exp60_185_IS22040";"Exp60_185_IS22040";NA;"2023-10-16 14:32:00";65202,7
"888928";"27:6:2";"Exp60_185_IS22040";"Exp60_185_IS22040";NA;"2023-10-16 14:46:00";65179,4
"888929";"27:6:2";"Exp60_185_IS22040";"Exp60_185_IS22040";NA;"2023-10-16 22:16:00";65098,7
"888930";"27:6:2";"Exp60_185_IS22040";"Exp60_185_IS22040";NA;"2023-10-16 22:32:00";65100,3
"888931";"27:6:2";"Exp60_185_IS22040";"Exp60_185_IS22040";NA;"2023-10-16 22:46:00";65100,7
"888932";"27:6:2";"Exp60_185_IS22040";"Exp60_185_IS22040";NA;"2023-10-17 05:46:00";65098
"888933";"27:6:2";"Exp60_185_IS22040";"Exp60_185_IS22040";NA;"2023-10-17 06:02:00";65097,6
"888934";"27:6:2";"Exp60_185_IS22040";"Exp60_185_IS22040";NA;"2023-10-17 06:16:00";65098,1
"888935";"27:6:2";"Exp60_185_IS22040";"Exp60_185_IS22040";NA;"2023-10-17 06:32:00";65096,8
"888936";"27:6:2";"Exp60_185_IS22040";"Exp60_185_IS22040";NA;"2023-10-17 06:46:00";65098,8
"888937";"27:6:2";"Exp60_185_IS22040";"Exp60_185_IS22040";NA;"2023-10-17 12:46:00";64479,6
"888938";"27:6:2";"Exp60_185_IS22040";"Exp60_185_IS22040";NA;"2023-10-17 13:02:00";64456,9
"888939";"27:6:2";"Exp60_185_IS22040";"Exp60_185_IS22040";NA;"2023-10-17 13:16:00";64436,6
"888940";"27:6:2";"Exp60_185_IS22040";"Exp60_185_IS22040";NA;"2023-10-17 13:32:00";64412,1
"888941";"27:6:2";"Exp60_185_IS22040";"Exp60_185_IS22040";NA;"2023-10-17 13:46:00";64397,9
"888942";"27:6:2";"Exp60_185_IS22040";"Exp60_185_IS22040";NA;"2023-10-17 14:02:00";64376,8
"888943";"27:6:2";"Exp60_185_IS22040";"Exp60_185_IS22040";NA;"2023-10-17 14:16:00";64368,5
"888944";"27:6:2";"Exp60_185_IS22040";"Exp60_185_IS22040";NA;"2023-10-17 14:32:00";64350,9
"888945";"27:6:2";"Exp60_185_IS22040";"Exp60_185_IS22040";NA;"2023-10-17 14:46:00";64337,1
"888946";"27:6:2";"Exp60_185_IS22040";"Exp60_185_IS22040";NA;"2023-10-17 15:17:00";64311,2
"888947";"27:6:2";"Exp60_185_IS22040";"Exp60_185_IS22040";NA;"2023-10-17 15:31:00";64293,3
"888948";"27:6:2";"Exp60_185_IS22040";"Exp60_185_IS22040";NA;"2023-10-17 16:17:00";64275,6
"888949";"27:6:2";"Exp60_185_IS22040";"Exp60_185_IS22040";NA;"2023-10-17 16:31:00";64270,5
"888950";"27:6:2";"Exp60_185_IS22040";"Exp60_185_IS22040";NA;"2023-10-17 16:47:00";64260,4
"888951";"27:6:2";"Exp60_185_IS22040";"Exp60_185_IS22040";NA;"2023-10-17 17:01:00";64261,4
"888952";"27:6:2";"Exp60_185_IS22040";"Exp60_185_IS22040";NA;"2023-10-17 18:32:00";64266,1
"888953";"27:6:2";"Exp60_185_IS22040";"Exp60_185_IS22040";NA;"2023-10-17 18:46:00";64270,3
"888954";"27:6:2";"Exp60_185_IS22040";"Exp60_185_IS22040";NA;"2023-10-17 19:02:00";64272
"888955";"27:6:2";"Exp60_185_IS22040";"Exp60_185_IS22040";NA;"2023-10-17 19:16:00";64274,7
"888956";"27:6:2";"Exp60_185_IS22040";"Exp60_185_IS22040";NA;"2023-10-17 19:32:00";64277,7
"888957";"27:6:2";"Exp60_185_IS22040";"Exp60_185_IS22040";NA;"2023-10-17 19:46:00";64276,2
"888958";"27:6:2";"Exp60_185_IS22040";"Exp60_185_IS22040";NA;"2023-10-18 01:31:00";64307,9
"888959";"27:6:2";"Exp60_185_IS22040";"Exp60_185_IS22040";NA;"2023-10-18 02:02:00";64310,4
"888960";"27:6:2";"Exp60_185_IS22040";"Exp60_185_IS22040";NA;"2023-10-18 02:16:00";64309,9
"888961";"27:6:2";"Exp60_185_IS22040";"Exp60_185_IS22040";NA;"2023-10-18 02:32:00";64312,8
"888962";"27:6:2";"Exp60_185_IS22040";"Exp60_185_IS22040";NA;"2023-10-18 02:46:00";64315,8
"888963";"27:6:2";"Exp60_185_IS22040";"Exp60_185_IS22040";NA;"2023-10-18 03:02:00";64316,9
"888964";"27:6:2";"Exp60_185_IS22040";"Exp60_185_IS22040";NA;"2023-10-18 03:16:00";64320,2
"888965";"27:6:2";"Exp60_185_IS22040";"Exp60_185_IS22040";NA;"2023-10-18 03:32:00";64318,2
"888966";"27:6:2";"Exp60_185_IS22040";"Exp60_185_IS22040";NA;"2023-10-18 04:01:00";64317,5
"888967";"27:6:2";"Exp60_185_IS22040";"Exp60_185_IS22040";NA;"2023-10-18 04:17:00";64317,4
"888968";"27:6:2";"Exp60_185_IS22040";"Exp60_185_IS22040";NA;"2023-10-18 04:31:00";64316,5
"888969";"27:6:2";"Exp60_185_IS22040";"Exp60_185_IS22040";NA;"2023-10-18 04:47:00";64320,1
"888970";"27:6:2";"Exp60_185_IS22040";"Exp60_185_IS22040";NA;"2023-10-18 05:01:00";64321,2
"888971";"27:6:2";"Exp60_185_IS22040";"Exp60_185_IS22040";NA;"2023-10-18 05:17:00";64320,6
"888972";"27:6:2";"Exp60_185_IS22040";"Exp60_185_IS22040";NA;"2023-10-18 05:31:00";64318,9
"888973";"27:6:2";"Exp60_185_IS22040";"Exp60_185_IS22040";NA;"2023-10-18 05:47:00";64323,3
"888974";"27:6:2";"Exp60_185_IS22040";"Exp60_185_IS22040";NA;"2023-10-18 06:01:00";64322,8
"888975";"27:6:2";"Exp60_185_IS22040";"Exp60_185_IS22040";NA;"2023-10-18 06:17:00";64324
"888976";"27:6:2";"Exp60_185_IS22040";"Exp60_185_IS22040";NA;"2023-10-18 06:31:00";64320,9
"888977";"27:6:2";"Exp60_185_IS22040";"Exp60_185_IS22040";NA;"2023-10-18 07:32:00";64306,3
"888978";"27:6:2";"Exp60_185_IS22040";"Exp60_185_IS22040";NA;"2023-10-18 07:46:00";64307,8
"888979";"27:6:2";"Exp60_185_IS22040";"Exp60_185_IS22040";NA;"2023-10-18 08:02:00";64301,3
"888980";"27:6:2";"Exp60_185_IS22040";"Exp60_185_IS22040";NA;"2023-10-18 08:16:00";64291,5
"888981";"27:6:2";"Exp60_185_IS22040";"Exp60_185_IS22040";NA;"2023-10-18 08:47:00";64267,6
"888982";"27:6:2";"Exp60_185_IS22040";"Exp60_185_IS22040";NA;"2023-10-18 09:01:00";64257,8
"888983";"27:6:2";"Exp60_185_IS22040";"Exp60_185_IS22040";NA;"2023-10-18 09:17:00";64232,2
"888984";"27:6:2";"Exp60_185_IS22040";"Exp60_185_IS22040";NA;"2023-10-18 09:31:00";64221,5
"888985";"27:6:2";"Exp60_185_IS22040";"Exp60_185_IS22040";NA;"2023-10-18 15:31:00";63779,1
"888986";"27:6:2";"Exp60_185_IS22040";"Exp60_185_IS22040";NA;"2023-10-18 16:32:00";63757,8
"888987";"27:6:2";"Exp60_185_IS22040";"Exp60_185_IS22040";NA;"2023-10-18 16:46:00";63752,7
"888988";"27:6:2";"Exp60_185_IS22040";"Exp60_185_IS22040";NA;"2023-10-18 17:02:00";63752,9
"888989";"27:6:2";"Exp60_185_IS22040";"Exp60_185_IS22040";NA;"2023-10-18 17:16:00";63753,5
"888990";"27:6:2";"Exp60_185_IS22040";"Exp60_185_IS22040";NA;"2023-10-18 17:32:00";63757
"888991";"27:6:2";"Exp60_185_IS22040";"Exp60_185_IS22040";NA;"2023-10-18 17:46:00";63758,4
"888992";"27:6:2";"Exp60_185_IS22040";"Exp60_185_IS22040";NA;"2023-10-18 18:02:00";63763,4
"888993";"27:6:2";"Exp60_185_IS22040";"Exp60_185_IS22040";NA;"2023-10-18 18:16:00";63766,9
"888994";"27:6:2";"Exp60_185_IS22040";"Exp60_185_IS22040";NA;"2023-10-18 18:32:00";63769,8
"888995";"27:6:2";"Exp60_185_IS22040";"Exp60_185_IS22040";NA;"2023-10-18 18:46:00";63772,8
"888996";"27:6:2";"Exp60_185_IS22040";"Exp60_185_IS22040";NA;"2023-10-19 01:16:00";63807,1
"888997";"27:6:2";"Exp60_185_IS22040";"Exp60_185_IS22040";NA;"2023-10-19 01:32:00";63809,7
"888998";"27:6:2";"Exp60_185_IS22040";"Exp60_185_IS22040";NA;"2023-10-19 01:46:00";63809,6
"888999";"27:6:2";"Exp60_185_IS22040";"Exp60_185_IS22040";NA;"2023-10-19 02:02:00";63812
"889000";"27:6:2";"Exp60_185_IS22040";"Exp60_185_IS22040";NA;"2023-10-19 02:16:00";63813,1
"889001";"27:6:2";"Exp60_185_IS22040";"Exp60_185_IS22040";NA;"2023-10-19 02:32:00";63813,8
"889002";"27:6:2";"Exp60_185_IS22040";"Exp60_185_IS22040";NA;"2023-10-19 02:46:00";63813
"889003";"27:6:2";"Exp60_185_IS22040";"Exp60_185_IS22040";NA;"2023-10-19 03:17:00";63815,7
"889004";"27:6:2";"Exp60_185_IS22040";"Exp60_185_IS22040";NA;"2023-10-19 03:31:00";63818,6
"889005";"27:6:2";"Exp60_185_IS22040";"Exp60_185_IS22040";NA;"2023-10-19 03:47:00";63818,4
"889006";"27:6:2";"Exp60_185_IS22040";"Exp60_185_IS22040";NA;"2023-10-19 04:01:00";63818
"889007";"27:6:2";"Exp60_185_IS22040";"Exp60_185_IS22040";NA;"2023-10-19 04:17:00";63817,1
"889008";"27:6:2";"Exp60_185_IS22040";"Exp60_185_IS22040";NA;"2023-10-19 04:31:00";63817,3
"889009";"27:6:2";"Exp60_185_IS22040";"Exp60_185_IS22040";NA;"2023-10-19 04:47:00";63821,1
"889010";"27:6:2";"Exp60_185_IS22040";"Exp60_185_IS22040";NA;"2023-10-19 05:01:00";63821,8
"889011";"27:6:2";"Exp60_185_IS22040";"Exp60_185_IS22040";NA;"2023-10-19 05:17:00";63819,9
"889012";"27:6:2";"Exp60_185_IS22040";"Exp60_185_IS22040";NA;"2023-10-19 05:31:00";63819,7
"889013";"27:6:2";"Exp60_185_IS22040";"Exp60_185_IS22040";NA;"2023-10-19 05:47:00";63821
"889014";"27:6:2";"Exp60_185_IS22040";"Exp60_185_IS22040";NA;"2023-10-19 06:01:00";63831,2
"889015";"27:6:2";"Exp60_185_IS22040";"Exp60_185_IS22040";NA;"2023-10-19 06:17:00";63829,8
"889016";"27:6:2";"Exp60_185_IS22040";"Exp60_185_IS22040";NA;"2023-10-19 06:31:00";63823,5
"889017";"27:6:2";"Exp60_185_IS22040";"Exp60_185_IS22040";NA;"2023-10-19 06:47:00";63822,4
"889018";"27:6:2";"Exp60_185_IS22040";"Exp60_185_IS22040";NA;"2023-10-19 07:01:00";63821,5
"889019";"27:6:2";"Exp60_185_IS22040";"Exp60_185_IS22040";NA;"2023-10-19 13:46:00";63397,5
"889020";"27:6:2";"Exp60_185_IS22040";"Exp60_185_IS22040";NA;"2023-10-19 14:02:00";63388,2
"889021";"27:6:2";"Exp60_185_IS22040";"Exp60_185_IS22040";NA;"2023-10-19 14:16:00";63372,1
"889022";"27:6:2";"Exp60_185_IS22040";"Exp60_185_IS22040";NA;"2023-10-19 14:32:00";63358,6
"889023";"27:6:2";"Exp60_185_IS22040";"Exp60_185_IS22040";NA;"2023-10-19 14:46:00";63347,7
"889024";"27:6:2";"Exp60_185_IS22040";"Exp60_185_IS22040";NA;"2023-10-19 15:02:00";63340,3
"889025";"27:6:2";"Exp60_185_IS22040";"Exp60_185_IS22040";NA;"2023-10-19 15:16:00";63326,8
"889026";"27:6:2";"Exp60_185_IS22040";"Exp60_185_IS22040";NA;"2023-10-19 15:32:00";63539,6
"889027";"27:6:2";"Exp60_185_IS22040";"Exp60_185_IS22040";NA;"2023-10-19 15:46:00";64458,1
"889028";"27:6:2";"Exp60_185_IS22040";"Exp60_185_IS22040";NA;"2023-10-19 16:02:00";65343
"889029";"27:6:2";"Exp60_185_IS22040";"Exp60_185_IS22040";NA;"2023-10-19 16:16:00";66183,1
"889030";"27:6:2";"Exp60_185_IS22040";"Exp60_185_IS22040";NA;"2023-10-19 16:47:00";66850,1
"889031";"27:6:2";"Exp60_185_IS22040";"Exp60_185_IS22040";NA;"2023-10-19 17:01:00";66836,7
"889032";"27:6:2";"Exp60_185_IS22040";"Exp60_185_IS22040";NA;"2023-10-19 17:17:00";66831,3
"889033";"27:6:2";"Exp60_185_IS22040";"Exp60_185_IS22040";NA;"2023-10-19 17:31:00";66831
"889034";"27:6:2";"Exp60_185_IS22040";"Exp60_185_IS22040";NA;"2023-10-19 17:47:00";66828,1
"889035";"27:6:2";"Exp60_185_IS22040";"Exp60_185_IS22040";NA;"2023-10-19 18:01:00";66830,4
"889036";"27:6:2";"Exp60_185_IS22040";"Exp60_185_IS22040";NA;"2023-10-20 01:31:00";66760,8
"889037";"27:6:2";"Exp60_185_IS22040";"Exp60_185_IS22040";NA;"2023-10-20 01:47:00";66760,5
"889038";"27:6:2";"Exp60_185_IS22040";"Exp60_185_IS22040";NA;"2023-10-20 02:01:00";66763,1
"889039";"27:6:2";"Exp60_185_IS22040";"Exp60_185_IS22040";NA;"2023-10-20 02:17:00";66760,5
"889040";"27:6:2";"Exp60_185_IS22040";"Exp60_185_IS22040";NA;"2023-10-20 02:31:00";66758,7
"889041";"27:6:2";"Exp60_185_IS22040";"Exp60_185_IS22040";NA;"2023-10-20 02:47:00";66757,1
"889042";"27:6:2";"Exp60_185_IS22040";"Exp60_185_IS22040";NA;"2023-10-20 03:01:00";66759,3
"889043";"27:6:2";"Exp60_185_IS22040";"Exp60_185_IS22040";NA;"2023-10-20 03:47:00";66756,4
"889044";"27:6:2";"Exp60_185_IS22040";"Exp60_185_IS22040";NA;"2023-10-20 04:01:00";66755,5
"889045";"27:6:2";"Exp60_185_IS22040";"Exp60_185_IS22040";NA;"2023-10-20 04:32:00";66755,6
"889046";"27:6:2";"Exp60_185_IS22040";"Exp60_185_IS22040";NA;"2023-10-20 04:46:00";66753,6
"889047";"27:6:2";"Exp60_185_IS22040";"Exp60_185_IS22040";NA;"2023-10-20 05:02:00";66753,1
"889048";"27:6:2";"Exp60_185_IS22040";"Exp60_185_IS22040";NA;"2023-10-20 05:16:00";66759,7
"889049";"27:6:2";"Exp60_185_IS22040";"Exp60_185_IS22040";NA;"2023-10-20 05:32:00";66751,5
"889050";"27:6:2";"Exp60_185_IS22040";"Exp60_185_IS22040";NA;"2023-10-20 05:46:00";66761,2
"889051";"27:6:2";"Exp60_185_IS22040";"Exp60_185_IS22040";NA;"2023-10-20 06:02:00";66762,1
"889052";"27:6:2";"Exp60_185_IS22040";"Exp60_185_IS22040";NA;"2023-10-20 06:16:00";66763,3
"889053";"27:6:2";"Exp60_185_IS22040";"Exp60_185_IS22040";NA;"2023-10-20 06:32:00";66759,5
"889054";"27:6:2";"Exp60_185_IS22040";"Exp60_185_IS22040";NA;"2023-10-20 06:46:00";66756,4
"889055";"27:6:2";"Exp60_185_IS22040";"Exp60_185_IS22040";NA;"2023-10-20 07:02:00";66754,3
"889056";"27:6:2";"Exp60_185_IS22040";"Exp60_185_IS22040";NA;"2023-10-20 07:16:00";66753,9
"889057";"27:6:2";"Exp60_185_IS22040";"Exp60_185_IS22040";NA;"2023-10-20 07:47:00";66741,9
"889058";"27:6:2";"Exp60_185_IS22040";"Exp60_185_IS22040";NA;"2023-10-20 08:01:00";66735,9
"889059";"27:6:2";"Exp60_185_IS22040";"Exp60_185_IS22040";NA;"2023-10-20 08:17:00";66726,4
"889060";"27:6:2";"Exp60_185_IS22040";"Exp60_185_IS22040";NA;"2023-10-20 08:31:00";66712,9
"889061";"27:6:2";"Exp60_185_IS22040";"Exp60_185_IS22040";NA;"2023-10-20 08:47:00";66692,3
"889062";"27:6:2";"Exp60_185_IS22040";"Exp60_185_IS22040";NA;"2023-10-20 09:01:00";66675,4
"889063";"27:6:2";"Exp60_185_IS22040";"Exp60_185_IS22040";NA;"2023-10-20 13:46:00";66179,6
"889064";"27:6:2";"Exp60_185_IS22040";"Exp60_185_IS22040";NA;"2023-10-20 15:31:00";66048,7
"889065";"27:6:2";"Exp60_185_IS22040";"Exp60_185_IS22040";NA;"2023-10-20 15:47:00";66048,8
"889066";"27:6:2";"Exp60_185_IS22040";"Exp60_185_IS22040";NA;"2023-10-20 16:01:00";66026,1
"889067";"27:6:2";"Exp60_185_IS22040";"Exp60_185_IS22040";NA;"2023-10-20 16:17:00";66017
"889068";"27:6:2";"Exp60_185_IS22040";"Exp60_185_IS22040";NA;"2023-10-20 16:31:00";66004,9
"889069";"27:6:2";"Exp60_185_IS22040";"Exp60_185_IS22040";NA;"2023-10-20 16:47:00";66006,8
"889070";"27:6:2";"Exp60_185_IS22040";"Exp60_185_IS22040";NA;"2023-10-20 17:01:00";65994,5
"889071";"27:6:2";"Exp60_185_IS22040";"Exp60_185_IS22040";NA;"2023-10-20 23:31:00";65991,4
"889072";"27:6:2";"Exp60_185_IS22040";"Exp60_185_IS22040";NA;"2023-10-20 23:47:00";65991,8
"889073";"27:6:2";"Exp60_185_IS22040";"Exp60_185_IS22040";NA;"2023-10-21 00:01:00";65992,7
"889074";"27:6:2";"Exp60_185_IS22040";"Exp60_185_IS22040";NA;"2023-10-21 00:17:00";65992,6
"889075";"27:6:2";"Exp60_185_IS22040";"Exp60_185_IS22040";NA;"2023-10-21 00:31:00";65991,4
"889076";"27:6:2";"Exp60_185_IS22040";"Exp60_185_IS22040";NA;"2023-10-21 01:17:00";65991,6
"889077";"27:6:2";"Exp60_185_IS22040";"Exp60_185_IS22040";NA;"2023-10-21 01:31:00";65989,8
"889078";"27:6:2";"Exp60_185_IS22040";"Exp60_185_IS22040";NA;"2023-10-21 01:47:00";65988,5
"889079";"27:6:2";"Exp60_185_IS22040";"Exp60_185_IS22040";NA;"2023-10-21 02:01:00";65986,9
"889080";"27:6:2";"Exp60_185_IS22040";"Exp60_185_IS22040";NA;"2023-10-21 08:31:00";65966,8
"889081";"27:6:2";"Exp60_185_IS22040";"Exp60_185_IS22040";NA;"2023-10-21 08:47:00";65948,8
"889082";"27:6:2";"Exp60_185_IS22040";"Exp60_185_IS22040";NA;"2023-10-21 09:01:00";65936,2
"889083";"27:6:2";"Exp60_185_IS22040";"Exp60_185_IS22040";NA;"2023-10-21 09:17:00";65919
"889084";"27:6:2";"Exp60_185_IS22040";"Exp60_185_IS22040";NA;"2023-10-21 09:31:00";65911,9
"889085";"27:6:2";"Exp60_185_IS22040";"Exp60_185_IS22040";NA;"2023-10-21 09:47:00";65882,1
"889086";"27:6:2";"Exp60_185_IS22040";"Exp60_185_IS22040";NA;"2023-10-21 10:01:00";65858
"889087";"27:6:2";"Exp60_185_IS22040";"Exp60_185_IS22040";NA;"2023-10-21 10:32:00";65813,1
"889088";"27:6:2";"Exp60_185_IS22040";"Exp60_185_IS22040";NA;"2023-10-21 10:46:00";65796,2
"889089";"27:6:2";"Exp60_185_IS22040";"Exp60_185_IS22040";NA;"2023-10-21 17:01:00";67406
"889090";"27:6:2";"Exp60_185_IS22040";"Exp60_185_IS22040";NA;"2023-10-21 17:32:00";67372,3
"889091";"27:6:2";"Exp60_185_IS22040";"Exp60_185_IS22040";NA;"2023-10-21 17:46:00";67360,7
"889092";"27:6:2";"Exp60_185_IS22040";"Exp60_185_IS22040";NA;"2023-10-21 18:02:00";67345,1
"889093";"27:6:2";"Exp60_185_IS22040";"Exp60_185_IS22040";NA;"2023-10-21 18:16:00";67336,6
"889094";"27:6:2";"Exp60_185_IS22040";"Exp60_185_IS22040";NA;"2023-10-21 18:32:00";67323,5
"889095";"27:6:2";"Exp60_185_IS22040";"Exp60_185_IS22040";NA;"2023-10-21 18:46:00";67309,7
"889096";"27:6:2";"Exp60_185_IS22040";"Exp60_185_IS22040";NA;"2023-10-21 19:02:00";67300
"889097";"27:6:2";"Exp60_185_IS22040";"Exp60_185_IS22040";NA;"2023-10-21 19:16:00";67287
"889098";"27:6:2";"Exp60_185_IS22040";"Exp60_185_IS22040";NA;"2023-10-21 19:32:00";67280,1
"889099";"27:6:2";"Exp60_185_IS22040";"Exp60_185_IS22040";NA;"2023-10-21 19:46:00";67268,3
"889100";"27:6:2";"Exp60_185_IS22040";"Exp60_185_IS22040";NA;"2023-10-21 20:02:00";67263,3
"889101";"27:6:2";"Exp60_185_IS22040";"Exp60_185_IS22040";NA;"2023-10-21 20:16:00";67254,5
"889102";"27:6:2";"Exp60_185_IS22040";"Exp60_185_IS22040";NA;"2023-10-21 20:32:00";67240,7
"889103";"27:6:2";"Exp60_185_IS22040";"Exp60_185_IS22040";NA;"2023-10-21 20:46:00";67236,8
"889104";"27:7:1";"Exp60_132_IS17593";"Exp60_132_IS17593";NA;"2023-09-22 10:17:00";76366,8
"889105";"27:7:1";"Exp60_132_IS17593";"Exp60_132_IS17593";NA;"2023-09-22 10:31:00";76345,5
"889106";"27:7:1";"Exp60_132_IS17593";"Exp60_132_IS17593";NA;"2023-09-22 10:47:00";76319
"889107";"27:7:1";"Exp60_132_IS17593";"Exp60_132_IS17593";NA;"2023-09-22 11:01:00";76295,4
"889108";"27:7:1";"Exp60_132_IS17593";"Exp60_132_IS17593";NA;"2023-09-22 11:32:00";76242
"889109";"27:7:1";"Exp60_132_IS17593";"Exp60_132_IS17593";NA;"2023-09-22 11:46:00";76223,2
"889110";"27:7:1";"Exp60_132_IS17593";"Exp60_132_IS17593";NA;"2023-09-22 12:02:00";76195,3
"889111";"27:7:1";"Exp60_132_IS17593";"Exp60_132_IS17593";NA;"2023-09-22 12:16:00";76172,2
"889112";"27:7:1";"Exp60_132_IS17593";"Exp60_132_IS17593";NA;"2023-09-22 12:32:00";76149,9
"889113";"27:7:1";"Exp60_132_IS17593";"Exp60_132_IS17593";NA;"2023-09-22 12:46:00";76120,2
"889114";"27:7:1";"Exp60_132_IS17593";"Exp60_132_IS17593";NA;"2023-09-22 13:02:00";76095,6
"889115";"27:7:1";"Exp60_132_IS17593";"Exp60_132_IS17593";NA;"2023-09-22 13:16:00";76069,3
"889116";"27:7:1";"Exp60_132_IS17593";"Exp60_132_IS17593";NA;"2023-09-22 13:32:00";76049,7
"889117";"27:7:1";"Exp60_132_IS17593";"Exp60_132_IS17593";NA;"2023-09-22 13:46:00";76031,2
"889118";"27:7:1";"Exp60_132_IS17593";"Exp60_132_IS17593";NA;"2023-09-22 20:31:00";75822
"889119";"27:7:1";"Exp60_132_IS17593";"Exp60_132_IS17593";NA;"2023-09-22 20:47:00";75820,4
"889120";"27:7:1";"Exp60_132_IS17593";"Exp60_132_IS17593";NA;"2023-09-22 21:01:00";75820,1
"889121";"27:7:1";"Exp60_132_IS17593";"Exp60_132_IS17593";NA;"2023-09-22 21:17:00";75819,4
"889122";"27:7:1";"Exp60_132_IS17593";"Exp60_132_IS17593";NA;"2023-09-22 21:31:00";75819,2
"889123";"27:7:1";"Exp60_132_IS17593";"Exp60_132_IS17593";NA;"2023-09-22 21:47:00";75818,4
"889124";"27:7:1";"Exp60_132_IS17593";"Exp60_132_IS17593";NA;"2023-09-22 22:01:00";75817,8
"889125";"27:7:1";"Exp60_132_IS17593";"Exp60_132_IS17593";NA;"2023-09-22 22:17:00";75819,1
"889126";"27:7:1";"Exp60_132_IS17593";"Exp60_132_IS17593";NA;"2023-09-22 22:31:00";75818,2
"889127";"27:7:1";"Exp60_132_IS17593";"Exp60_132_IS17593";NA;"2023-09-22 22:47:00";75819,1
"889128";"27:7:1";"Exp60_132_IS17593";"Exp60_132_IS17593";NA;"2023-09-22 23:01:00";75819
"889129";"27:7:1";"Exp60_132_IS17593";"Exp60_132_IS17593";NA;"2023-09-22 23:17:00";75819,2
"889130";"27:7:1";"Exp60_132_IS17593";"Exp60_132_IS17593";NA;"2023-09-22 23:31:00";75820,1
"889131";"27:7:1";"Exp60_132_IS17593";"Exp60_132_IS17593";NA;"2023-09-22 23:47:00";75820,2
"889132";"27:7:1";"Exp60_132_IS17593";"Exp60_132_IS17593";NA;"2023-09-23 00:01:00";75820,4
"889133";"27:7:1";"Exp60_132_IS17593";"Exp60_132_IS17593";NA;"2023-09-23 00:17:00";75820,2
"889134";"27:7:1";"Exp60_132_IS17593";"Exp60_132_IS17593";NA;"2023-09-23 01:01:00";75819,8
"889135";"27:7:1";"Exp60_132_IS17593";"Exp60_132_IS17593";NA;"2023-09-23 01:17:00";75819,1
"889136";"27:7:1";"Exp60_132_IS17593";"Exp60_132_IS17593";NA;"2023-09-23 01:31:00";75818,5
"889137";"27:7:1";"Exp60_132_IS17593";"Exp60_132_IS17593";NA;"2023-09-23 01:47:00";75819,7
"889138";"27:7:1";"Exp60_132_IS17593";"Exp60_132_IS17593";NA;"2023-09-23 02:01:00";75816,4
"889139";"27:7:1";"Exp60_132_IS17593";"Exp60_132_IS17593";NA;"2023-09-23 02:17:00";75811,2
"889140";"27:7:1";"Exp60_132_IS17593";"Exp60_132_IS17593";NA;"2023-09-23 02:31:00";75810,1
"889141";"27:7:1";"Exp60_132_IS17593";"Exp60_132_IS17593";NA;"2023-09-23 02:47:00";75808,2
"889142";"27:7:1";"Exp60_132_IS17593";"Exp60_132_IS17593";NA;"2023-09-23 03:01:00";75806,8
"889143";"27:7:1";"Exp60_132_IS17593";"Exp60_132_IS17593";NA;"2023-09-23 03:17:00";75804,8
"889144";"27:7:1";"Exp60_132_IS17593";"Exp60_132_IS17593";NA;"2023-09-23 03:31:00";75803,9
"889145";"27:7:1";"Exp60_132_IS17593";"Exp60_132_IS17593";NA;"2023-09-23 03:47:00";75803,2
"889146";"27:7:1";"Exp60_132_IS17593";"Exp60_132_IS17593";NA;"2023-09-23 04:16:00";75799,8
"889147";"27:7:1";"Exp60_132_IS17593";"Exp60_132_IS17593";NA;"2023-09-23 04:32:00";75799,3
"889148";"27:7:1";"Exp60_132_IS17593";"Exp60_132_IS17593";NA;"2023-09-23 04:46:00";75797,5
"889149";"27:7:1";"Exp60_132_IS17593";"Exp60_132_IS17593";NA;"2023-09-23 05:02:00";75797,1
"889150";"27:7:1";"Exp60_132_IS17593";"Exp60_132_IS17593";NA;"2023-09-23 05:16:00";75792,7
"889151";"27:7:1";"Exp60_132_IS17593";"Exp60_132_IS17593";NA;"2023-09-23 05:32:00";75795
"889152";"27:7:1";"Exp60_132_IS17593";"Exp60_132_IS17593";NA;"2023-09-23 05:46:00";75794,3
"889153";"27:7:1";"Exp60_132_IS17593";"Exp60_132_IS17593";NA;"2023-09-23 06:02:00";75793,9
"889154";"27:7:1";"Exp60_132_IS17593";"Exp60_132_IS17593";NA;"2023-09-23 06:16:00";75793,9
"889155";"27:7:1";"Exp60_132_IS17593";"Exp60_132_IS17593";NA;"2023-09-23 06:32:00";75794,1
"889156";"27:7:1";"Exp60_132_IS17593";"Exp60_132_IS17593";NA;"2023-09-23 06:46:00";75793,2
"889157";"27:7:1";"Exp60_132_IS17593";"Exp60_132_IS17593";NA;"2023-09-23 07:02:00";75792,5
"889158";"27:7:1";"Exp60_132_IS17593";"Exp60_132_IS17593";NA;"2023-09-23 07:16:00";75790,6
"889159";"27:7:1";"Exp60_132_IS17593";"Exp60_132_IS17593";NA;"2023-09-23 07:32:00";75781,3
"889160";"27:7:1";"Exp60_132_IS17593";"Exp60_132_IS17593";NA;"2023-09-23 07:46:00";75772,9
"889161";"27:7:1";"Exp60_132_IS17593";"Exp60_132_IS17593";NA;"2023-09-23 08:02:00";75768,1
"889162";"27:7:1";"Exp60_132_IS17593";"Exp60_132_IS17593";NA;"2023-09-23 08:16:00";75761,7
"889163";"27:7:1";"Exp60_132_IS17593";"Exp60_132_IS17593";NA;"2023-09-23 08:32:00";75748,2
"889164";"27:7:1";"Exp60_132_IS17593";"Exp60_132_IS17593";NA;"2023-09-23 08:46:00";75736,8
"889165";"27:7:1";"Exp60_132_IS17593";"Exp60_132_IS17593";NA;"2023-09-23 09:02:00";75728,6
"889166";"27:7:1";"Exp60_132_IS17593";"Exp60_132_IS17593";NA;"2023-09-23 09:16:00";75724,4
"889167";"27:7:1";"Exp60_132_IS17593";"Exp60_132_IS17593";NA;"2023-09-23 14:01:00";75338,8
"889168";"27:7:1";"Exp60_132_IS17593";"Exp60_132_IS17593";NA;"2023-09-23 14:17:00";75322,2
"889169";"27:7:1";"Exp60_132_IS17593";"Exp60_132_IS17593";NA;"2023-09-23 14:31:00";75307,3
"889170";"27:7:1";"Exp60_132_IS17593";"Exp60_132_IS17593";NA;"2023-09-23 14:47:00";75288,6
"889171";"27:7:1";"Exp60_132_IS17593";"Exp60_132_IS17593";NA;"2023-09-23 15:01:00";75275,6
"889172";"27:7:1";"Exp60_132_IS17593";"Exp60_132_IS17593";NA;"2023-09-23 15:32:00";75254,4
"889173";"27:7:1";"Exp60_132_IS17593";"Exp60_132_IS17593";NA;"2023-09-23 15:46:00";75243,4
"889174";"27:7:1";"Exp60_132_IS17593";"Exp60_132_IS17593";NA;"2023-09-23 16:17:00";75226,5
"889175";"27:7:1";"Exp60_132_IS17593";"Exp60_132_IS17593";NA;"2023-09-23 16:31:00";75219
"889176";"27:7:1";"Exp60_132_IS17593";"Exp60_132_IS17593";NA;"2023-09-23 16:47:00";75212,5
"889177";"27:7:1";"Exp60_132_IS17593";"Exp60_132_IS17593";NA;"2023-09-23 17:01:00";75208,8
"889178";"27:7:1";"Exp60_132_IS17593";"Exp60_132_IS17593";NA;"2023-09-23 17:17:00";75202,9
"889179";"27:7:1";"Exp60_132_IS17593";"Exp60_132_IS17593";NA;"2023-09-23 17:31:00";75200,9
"889180";"27:7:1";"Exp60_132_IS17593";"Exp60_132_IS17593";NA;"2023-09-23 17:47:00";75195,5
"889181";"27:7:1";"Exp60_132_IS17593";"Exp60_132_IS17593";NA;"2023-09-23 18:01:00";75193,1
"889182";"27:7:1";"Exp60_132_IS17593";"Exp60_132_IS17593";NA;"2023-09-23 18:17:00";75192,3
"889183";"27:7:1";"Exp60_132_IS17593";"Exp60_132_IS17593";NA;"2023-09-23 18:31:00";75193,1
"889184";"27:7:1";"Exp60_132_IS17593";"Exp60_132_IS17593";NA;"2023-09-23 18:47:00";75191,9
"889185";"27:7:1";"Exp60_132_IS17593";"Exp60_132_IS17593";NA;"2023-09-23 19:01:00";75191,8
"889186";"27:7:1";"Exp60_132_IS17593";"Exp60_132_IS17593";NA;"2023-09-23 19:17:00";75191,4
"889187";"27:7:1";"Exp60_132_IS17593";"Exp60_132_IS17593";NA;"2023-09-23 19:31:00";75191,9
"889188";"27:7:1";"Exp60_132_IS17593";"Exp60_132_IS17593";NA;"2023-09-23 20:02:00";75192,5
"889189";"27:7:1";"Exp60_132_IS17593";"Exp60_132_IS17593";NA;"2023-09-23 20:16:00";75193,6
"889190";"27:7:1";"Exp60_132_IS17593";"Exp60_132_IS17593";NA;"2023-09-23 20:32:00";75193,7
"889191";"27:7:1";"Exp60_132_IS17593";"Exp60_132_IS17593";NA;"2023-09-23 20:46:00";75195,9
"889192";"27:7:1";"Exp60_132_IS17593";"Exp60_132_IS17593";NA;"2023-09-23 21:02:00";75196,2
"889193";"27:7:1";"Exp60_132_IS17593";"Exp60_132_IS17593";NA;"2023-09-23 21:16:00";75196,5
"889194";"27:7:1";"Exp60_132_IS17593";"Exp60_132_IS17593";NA;"2023-09-23 21:32:00";75196,4
"889195";"27:7:1";"Exp60_132_IS17593";"Exp60_132_IS17593";NA;"2023-09-23 21:46:00";75195,6
"889196";"27:7:1";"Exp60_132_IS17593";"Exp60_132_IS17593";NA;"2023-09-23 22:02:00";75197,4
"889197";"27:7:1";"Exp60_132_IS17593";"Exp60_132_IS17593";NA;"2023-09-23 22:16:00";75198,1
"889198";"27:7:1";"Exp60_132_IS17593";"Exp60_132_IS17593";NA;"2023-09-23 23:17:00";75200,3
"889199";"27:7:1";"Exp60_132_IS17593";"Exp60_132_IS17593";NA;"2023-09-23 23:31:00";75201,5
"889200";"27:7:1";"Exp60_132_IS17593";"Exp60_132_IS17593";NA;"2023-09-23 23:47:00";75202
"889201";"27:7:1";"Exp60_132_IS17593";"Exp60_132_IS17593";NA;"2023-09-24 00:01:00";75201,3
"889202";"27:7:1";"Exp60_132_IS17593";"Exp60_132_IS17593";NA;"2023-09-24 00:17:00";75202,1
"889203";"27:7:1";"Exp60_132_IS17593";"Exp60_132_IS17593";NA;"2023-09-24 00:31:00";75202,8
"889204";"27:7:1";"Exp60_132_IS17593";"Exp60_132_IS17593";NA;"2023-09-24 00:47:00";75201,7
"889205";"27:7:1";"Exp60_132_IS17593";"Exp60_132_IS17593";NA;"2023-09-24 01:01:00";75201,9
"889206";"27:7:1";"Exp60_132_IS17593";"Exp60_132_IS17593";NA;"2023-09-24 01:17:00";75204
"889207";"27:7:1";"Exp60_132_IS17593";"Exp60_132_IS17593";NA;"2023-09-24 01:31:00";75204,1
"889208";"27:7:1";"Exp60_132_IS17593";"Exp60_132_IS17593";NA;"2023-09-24 01:47:00";75205,3
"889209";"27:7:1";"Exp60_132_IS17593";"Exp60_132_IS17593";NA;"2023-09-24 02:01:00";75206,5
"889210";"27:7:1";"Exp60_132_IS17593";"Exp60_132_IS17593";NA;"2023-09-24 02:17:00";75207,4
"889211";"27:7:1";"Exp60_132_IS17593";"Exp60_132_IS17593";NA;"2023-09-24 02:31:00";75207,8
"889212";"27:7:1";"Exp60_132_IS17593";"Exp60_132_IS17593";NA;"2023-09-24 02:47:00";75206,9
"889213";"27:7:1";"Exp60_132_IS17593";"Exp60_132_IS17593";NA;"2023-09-24 03:01:00";75207,8
"889214";"27:7:1";"Exp60_132_IS17593";"Exp60_132_IS17593";NA;"2023-09-24 10:01:00";75154,5
"889215";"27:7:1";"Exp60_132_IS17593";"Exp60_132_IS17593";NA;"2023-09-24 10:17:00";75142,2
"889216";"27:7:1";"Exp60_132_IS17593";"Exp60_132_IS17593";NA;"2023-09-24 10:31:00";75130,9
"889217";"27:7:1";"Exp60_132_IS17593";"Exp60_132_IS17593";NA;"2023-09-24 10:47:00";75120
"889218";"27:7:1";"Exp60_132_IS17593";"Exp60_132_IS17593";NA;"2023-09-24 11:01:00";75102,7
"889219";"27:7:1";"Exp60_132_IS17593";"Exp60_132_IS17593";NA;"2023-09-24 11:17:00";75091,9
"889220";"27:7:1";"Exp60_132_IS17593";"Exp60_132_IS17593";NA;"2023-09-24 11:31:00";75080,3
"889221";"27:7:1";"Exp60_132_IS17593";"Exp60_132_IS17593";NA;"2023-09-24 11:47:00";75063,8
"889222";"27:7:1";"Exp60_132_IS17593";"Exp60_132_IS17593";NA;"2023-09-24 12:01:00";75050,4
"889223";"27:7:1";"Exp60_132_IS17593";"Exp60_132_IS17593";NA;"2023-09-24 12:17:00";75038,1
"889224";"27:7:1";"Exp60_132_IS17593";"Exp60_132_IS17593";NA;"2023-09-24 12:31:00";75029,4
"889225";"27:7:1";"Exp60_132_IS17593";"Exp60_132_IS17593";NA;"2023-09-24 12:47:00";75009,8
"889226";"27:7:1";"Exp60_132_IS17593";"Exp60_132_IS17593";NA;"2023-09-24 13:01:00";75005,2
"889227";"27:7:1";"Exp60_132_IS17593";"Exp60_132_IS17593";NA;"2023-09-24 13:17:00";74994,6
"889228";"27:7:1";"Exp60_132_IS17593";"Exp60_132_IS17593";NA;"2023-09-24 13:31:00";74984,4
"889229";"27:7:1";"Exp60_132_IS17593";"Exp60_132_IS17593";NA;"2023-09-24 13:47:00";74974,2
"889230";"27:7:1";"Exp60_132_IS17593";"Exp60_132_IS17593";NA;"2023-09-24 14:01:00";74967,7
"889231";"27:7:1";"Exp60_132_IS17593";"Exp60_132_IS17593";NA;"2023-09-24 14:17:00";74962,6
"889232";"27:7:1";"Exp60_132_IS17593";"Exp60_132_IS17593";NA;"2023-09-24 14:31:00";74996,4
"889233";"27:7:1";"Exp60_132_IS17593";"Exp60_132_IS17593";NA;"2023-09-24 14:47:00";75073,1
"889234";"27:7:1";"Exp60_132_IS17593";"Exp60_132_IS17593";NA;"2023-09-24 15:01:00";75070,4
"889235";"27:7:1";"Exp60_132_IS17593";"Exp60_132_IS17593";NA;"2023-09-24 15:17:00";75063,9
"889236";"27:7:1";"Exp60_132_IS17593";"Exp60_132_IS17593";NA;"2023-09-24 15:31:00";75060,1
"889237";"27:7:1";"Exp60_132_IS17593";"Exp60_132_IS17593";NA;"2023-09-24 15:47:00";75057,5
"889238";"27:7:1";"Exp60_132_IS17593";"Exp60_132_IS17593";NA;"2023-09-24 16:01:00";75047,8
"889239";"27:7:1";"Exp60_132_IS17593";"Exp60_132_IS17593";NA;"2023-09-24 22:31:00";75176,6
"889240";"27:7:1";"Exp60_132_IS17593";"Exp60_132_IS17593";NA;"2023-09-24 22:47:00";75176,5
"889241";"27:7:1";"Exp60_132_IS17593";"Exp60_132_IS17593";NA;"2023-09-24 23:01:00";75175,2
"889242";"27:7:1";"Exp60_132_IS17593";"Exp60_132_IS17593";NA;"2023-09-24 23:17:00";75174,7
"889243";"27:7:1";"Exp60_132_IS17593";"Exp60_132_IS17593";NA;"2023-09-24 23:31:00";75174,8
"889244";"27:7:1";"Exp60_132_IS17593";"Exp60_132_IS17593";NA;"2023-09-24 23:47:00";75174,7
"889245";"27:7:1";"Exp60_132_IS17593";"Exp60_132_IS17593";NA;"2023-09-25 00:01:00";75174,3
"889246";"27:7:1";"Exp60_132_IS17593";"Exp60_132_IS17593";NA;"2023-09-25 00:17:00";75174,6
"889247";"27:7:1";"Exp60_132_IS17593";"Exp60_132_IS17593";NA;"2023-09-25 00:31:00";75174,7
"889248";"27:7:1";"Exp60_132_IS17593";"Exp60_132_IS17593";NA;"2023-09-25 00:47:00";75174,6
"889249";"27:7:1";"Exp60_132_IS17593";"Exp60_132_IS17593";NA;"2023-09-25 01:01:00";75173,5
"889250";"27:7:1";"Exp60_132_IS17593";"Exp60_132_IS17593";NA;"2023-09-25 01:17:00";75173,9
"889251";"27:7:1";"Exp60_132_IS17593";"Exp60_132_IS17593";NA;"2023-09-25 01:31:00";75173,2
"889252";"27:7:1";"Exp60_132_IS17593";"Exp60_132_IS17593";NA;"2023-09-25 01:47:00";75173,2
"889253";"27:7:1";"Exp60_132_IS17593";"Exp60_132_IS17593";NA;"2023-09-25 02:01:00";75172,5
"889254";"27:7:1";"Exp60_132_IS17593";"Exp60_132_IS17593";NA;"2023-09-25 03:02:00";75169,9
"889255";"27:7:1";"Exp60_132_IS17593";"Exp60_132_IS17593";NA;"2023-09-25 03:16:00";75168,2
"889256";"27:7:1";"Exp60_132_IS17593";"Exp60_132_IS17593";NA;"2023-09-25 04:32:00";75163,9
"889257";"27:7:1";"Exp60_132_IS17593";"Exp60_132_IS17593";NA;"2023-09-25 04:46:00";75163,4
"889258";"27:7:1";"Exp60_132_IS17593";"Exp60_132_IS17593";NA;"2023-09-25 05:17:00";75161,5
"889259";"27:7:1";"Exp60_132_IS17593";"Exp60_132_IS17593";NA;"2023-09-25 05:31:00";75160,4
"889260";"27:7:1";"Exp60_132_IS17593";"Exp60_132_IS17593";NA;"2023-09-25 05:47:00";75162,7
"889261";"27:7:1";"Exp60_132_IS17593";"Exp60_132_IS17593";NA;"2023-09-25 06:01:00";75162,2
"889262";"27:7:1";"Exp60_132_IS17593";"Exp60_132_IS17593";NA;"2023-09-25 06:17:00";75162,6
"889263";"27:7:1";"Exp60_132_IS17593";"Exp60_132_IS17593";NA;"2023-09-25 06:31:00";75162,4
"889264";"27:7:1";"Exp60_132_IS17593";"Exp60_132_IS17593";NA;"2023-09-25 06:47:00";75160,8
"889265";"27:7:1";"Exp60_132_IS17593";"Exp60_132_IS17593";NA;"2023-09-25 07:01:00";75159,4
"889266";"27:7:1";"Exp60_132_IS17593";"Exp60_132_IS17593";NA;"2023-09-25 07:17:00";75153,9
"889267";"27:7:1";"Exp60_132_IS17593";"Exp60_132_IS17593";NA;"2023-09-25 07:31:00";75154
"889268";"27:7:1";"Exp60_132_IS17593";"Exp60_132_IS17593";NA;"2023-09-25 07:47:00";75150,8
"889269";"27:7:1";"Exp60_132_IS17593";"Exp60_132_IS17593";NA;"2023-09-25 08:01:00";75146,7
"889270";"27:7:1";"Exp60_132_IS17593";"Exp60_132_IS17593";NA;"2023-09-25 14:46:00";74825,6
"889271";"27:7:1";"Exp60_132_IS17593";"Exp60_132_IS17593";NA;"2023-09-25 15:02:00";74822,8
"889272";"27:7:1";"Exp60_132_IS17593";"Exp60_132_IS17593";NA;"2023-09-25 15:16:00";74824,1
"889273";"27:7:1";"Exp60_132_IS17593";"Exp60_132_IS17593";NA;"2023-09-25 15:32:00";74815,5
"889274";"27:7:1";"Exp60_132_IS17593";"Exp60_132_IS17593";NA;"2023-09-25 15:46:00";74807,2
"889275";"27:7:1";"Exp60_132_IS17593";"Exp60_132_IS17593";NA;"2023-09-25 16:02:00";74796,2
"889276";"27:7:1";"Exp60_132_IS17593";"Exp60_132_IS17593";NA;"2023-09-25 17:16:00";74781
"889277";"27:7:1";"Exp60_132_IS17593";"Exp60_132_IS17593";NA;"2023-09-25 17:32:00";74778,9
"889278";"27:7:1";"Exp60_132_IS17593";"Exp60_132_IS17593";NA;"2023-09-25 17:46:00";74777,6
"889279";"27:7:1";"Exp60_132_IS17593";"Exp60_132_IS17593";NA;"2023-09-25 18:02:00";74778,6
"889280";"27:7:1";"Exp60_132_IS17593";"Exp60_132_IS17593";NA;"2023-09-25 19:01:00";74781,4
"889281";"27:7:1";"Exp60_132_IS17593";"Exp60_132_IS17593";NA;"2023-09-25 19:17:00";74782,2
"889282";"27:7:1";"Exp60_132_IS17593";"Exp60_132_IS17593";NA;"2023-09-25 19:31:00";74783,5
"889283";"27:7:1";"Exp60_132_IS17593";"Exp60_132_IS17593";NA;"2023-09-25 19:47:00";74785,5
"889284";"27:7:1";"Exp60_132_IS17593";"Exp60_132_IS17593";NA;"2023-09-25 20:01:00";74785,5
"889285";"27:7:1";"Exp60_132_IS17593";"Exp60_132_IS17593";NA;"2023-09-25 20:17:00";74786,2
"889286";"27:7:1";"Exp60_132_IS17593";"Exp60_132_IS17593";NA;"2023-09-25 20:31:00";74786,3
"889287";"27:7:1";"Exp60_132_IS17593";"Exp60_132_IS17593";NA;"2023-09-25 20:47:00";74787,5
"889288";"27:7:1";"Exp60_132_IS17593";"Exp60_132_IS17593";NA;"2023-09-25 21:16:00";74788,8
"889289";"27:7:1";"Exp60_132_IS17593";"Exp60_132_IS17593";NA;"2023-09-25 21:32:00";74789,2
"889290";"27:7:1";"Exp60_132_IS17593";"Exp60_132_IS17593";NA;"2023-09-25 21:46:00";74790,2
"889291";"27:7:1";"Exp60_132_IS17593";"Exp60_132_IS17593";NA;"2023-09-25 22:02:00";74790,3
"889292";"27:7:1";"Exp60_132_IS17593";"Exp60_132_IS17593";NA;"2023-09-25 22:16:00";74790,4
"889293";"27:7:1";"Exp60_132_IS17593";"Exp60_132_IS17593";NA;"2023-09-25 22:32:00";74790,9
"889294";"27:7:1";"Exp60_132_IS17593";"Exp60_132_IS17593";NA;"2023-09-25 22:46:00";74790,9
"889295";"27:7:1";"Exp60_132_IS17593";"Exp60_132_IS17593";NA;"2023-09-25 23:02:00";74791,5
"889296";"27:7:1";"Exp60_132_IS17593";"Exp60_132_IS17593";NA;"2023-09-25 23:16:00";74790,4
"889297";"27:7:1";"Exp60_132_IS17593";"Exp60_132_IS17593";NA;"2023-09-25 23:32:00";74790,5
"889298";"27:7:1";"Exp60_132_IS17593";"Exp60_132_IS17593";NA;"2023-09-25 23:46:00";74792,6
"889299";"27:7:1";"Exp60_132_IS17593";"Exp60_132_IS17593";NA;"2023-09-26 00:02:00";74792,3
"889300";"27:7:1";"Exp60_132_IS17593";"Exp60_132_IS17593";NA;"2023-09-26 00:16:00";74793,7
"889301";"27:7:1";"Exp60_132_IS17593";"Exp60_132_IS17593";NA;"2023-09-26 00:32:00";74793,1
"889302";"27:7:1";"Exp60_132_IS17593";"Exp60_132_IS17593";NA;"2023-09-26 00:46:00";74792,5
"889303";"27:7:1";"Exp60_132_IS17593";"Exp60_132_IS17593";NA;"2023-09-26 01:02:00";74790,8
"889304";"27:7:1";"Exp60_132_IS17593";"Exp60_132_IS17593";NA;"2023-09-26 01:16:00";74786,9
"889305";"27:7:1";"Exp60_132_IS17593";"Exp60_132_IS17593";NA;"2023-09-26 01:32:00";74785,3
"889306";"27:7:1";"Exp60_132_IS17593";"Exp60_132_IS17593";NA;"2023-09-26 01:46:00";74784,3
"889307";"27:7:1";"Exp60_132_IS17593";"Exp60_132_IS17593";NA;"2023-09-26 02:02:00";74783,6
"889308";"27:7:1";"Exp60_132_IS17593";"Exp60_132_IS17593";NA;"2023-09-26 02:16:00";74782,3
"889309";"27:7:1";"Exp60_132_IS17593";"Exp60_132_IS17593";NA;"2023-09-26 02:32:00";74781,9
"889310";"27:7:1";"Exp60_132_IS17593";"Exp60_132_IS17593";NA;"2023-09-26 02:46:00";74778,9
"889311";"27:7:1";"Exp60_132_IS17593";"Exp60_132_IS17593";NA;"2023-09-26 03:02:00";74777,9
"889312";"27:7:1";"Exp60_132_IS17593";"Exp60_132_IS17593";NA;"2023-09-26 03:16:00";74777,7
"889313";"27:7:1";"Exp60_132_IS17593";"Exp60_132_IS17593";NA;"2023-09-26 03:32:00";74776,9
"889314";"27:7:1";"Exp60_132_IS17593";"Exp60_132_IS17593";NA;"2023-09-26 03:46:00";74776
"889315";"27:7:1";"Exp60_132_IS17593";"Exp60_132_IS17593";NA;"2023-09-26 04:02:00";74774,9
"889316";"27:7:1";"Exp60_132_IS17593";"Exp60_132_IS17593";NA;"2023-09-26 04:16:00";74774
"889317";"27:7:1";"Exp60_132_IS17593";"Exp60_132_IS17593";NA;"2023-09-26 04:32:00";74772,2
"889318";"27:7:1";"Exp60_132_IS17593";"Exp60_132_IS17593";NA;"2023-09-26 04:46:00";74772,2
"889319";"27:7:1";"Exp60_132_IS17593";"Exp60_132_IS17593";NA;"2023-09-26 05:02:00";74769,7
"889320";"27:7:1";"Exp60_132_IS17593";"Exp60_132_IS17593";NA;"2023-09-26 05:16:00";74769,4
"889321";"27:7:1";"Exp60_132_IS17593";"Exp60_132_IS17593";NA;"2023-09-26 05:32:00";74767,6
"889322";"27:7:1";"Exp60_132_IS17593";"Exp60_132_IS17593";NA;"2023-09-26 05:46:00";74766,1
"889323";"27:7:1";"Exp60_132_IS17593";"Exp60_132_IS17593";NA;"2023-09-26 06:02:00";74765,9
"889324";"27:7:1";"Exp60_132_IS17593";"Exp60_132_IS17593";NA;"2023-09-26 06:16:00";74765
"889325";"27:7:1";"Exp60_132_IS17593";"Exp60_132_IS17593";NA;"2023-09-26 06:32:00";74764,3
"889326";"27:7:1";"Exp60_132_IS17593";"Exp60_132_IS17593";NA;"2023-09-26 06:46:00";74763,6
"889327";"27:7:1";"Exp60_132_IS17593";"Exp60_132_IS17593";NA;"2023-09-26 07:02:00";74762,3
"889328";"27:7:1";"Exp60_132_IS17593";"Exp60_132_IS17593";NA;"2023-09-26 07:16:00";74760,8
"889329";"27:7:1";"Exp60_132_IS17593";"Exp60_132_IS17593";NA;"2023-09-26 07:47:00";74757,6
"889330";"27:7:1";"Exp60_132_IS17593";"Exp60_132_IS17593";NA;"2023-09-26 08:01:00";74755,6
"889331";"27:7:1";"Exp60_132_IS17593";"Exp60_132_IS17593";NA;"2023-09-26 08:17:00";74752,5
"889332";"27:7:1";"Exp60_132_IS17593";"Exp60_132_IS17593";NA;"2023-09-26 08:31:00";74750,4
"889333";"27:7:1";"Exp60_132_IS17593";"Exp60_132_IS17593";NA;"2023-09-26 09:02:00";74742,1
"889334";"27:7:1";"Exp60_132_IS17593";"Exp60_132_IS17593";NA;"2023-09-26 09:16:00";74736
"889335";"27:7:1";"Exp60_132_IS17593";"Exp60_132_IS17593";NA;"2023-09-26 09:32:00";74728,9
"889336";"27:7:1";"Exp60_132_IS17593";"Exp60_132_IS17593";NA;"2023-09-26 09:46:00";74722,3
"889337";"27:7:1";"Exp60_132_IS17593";"Exp60_132_IS17593";NA;"2023-09-26 10:02:00";74707
"889338";"27:7:1";"Exp60_132_IS17593";"Exp60_132_IS17593";NA;"2023-09-26 10:16:00";74693,5
"889339";"27:7:1";"Exp60_132_IS17593";"Exp60_132_IS17593";NA;"2023-09-26 10:32:00";74677,3
"889340";"27:7:1";"Exp60_132_IS17593";"Exp60_132_IS17593";NA;"2023-09-26 10:46:00";74664,5
"889341";"27:7:1";"Exp60_132_IS17593";"Exp60_132_IS17593";NA;"2023-09-26 11:02:00";74649,3
"889342";"27:7:1";"Exp60_132_IS17593";"Exp60_132_IS17593";NA;"2023-09-26 11:16:00";74634,5
"889343";"27:7:1";"Exp60_132_IS17593";"Exp60_132_IS17593";NA;"2023-09-26 11:47:00";74604,6
"889344";"27:7:1";"Exp60_132_IS17593";"Exp60_132_IS17593";NA;"2023-09-26 12:01:00";74591,2
"889345";"27:7:1";"Exp60_132_IS17593";"Exp60_132_IS17593";NA;"2023-09-26 12:17:00";74580,9
"889346";"27:7:1";"Exp60_132_IS17593";"Exp60_132_IS17593";NA;"2023-09-26 12:31:00";74580,3
"889347";"27:7:1";"Exp60_132_IS17593";"Exp60_132_IS17593";NA;"2023-09-26 12:47:00";74557,6
"889348";"27:7:1";"Exp60_132_IS17593";"Exp60_132_IS17593";NA;"2023-09-26 13:01:00";74543,8
"889349";"27:7:1";"Exp60_132_IS17593";"Exp60_132_IS17593";NA;"2023-09-26 13:32:00";74516,9
"889350";"27:7:1";"Exp60_132_IS17593";"Exp60_132_IS17593";NA;"2023-09-26 13:46:00";74509,4
"889351";"27:7:1";"Exp60_132_IS17593";"Exp60_132_IS17593";NA;"2023-09-26 14:02:00";74489,1
"889352";"27:7:1";"Exp60_132_IS17593";"Exp60_132_IS17593";NA;"2023-09-26 14:16:00";74490,1
"889353";"27:7:1";"Exp60_132_IS17593";"Exp60_132_IS17593";NA;"2023-09-26 14:32:00";74476,4
"889354";"27:7:1";"Exp60_132_IS17593";"Exp60_132_IS17593";NA;"2023-09-26 14:46:00";74463,1
"889355";"27:7:1";"Exp60_132_IS17593";"Exp60_132_IS17593";NA;"2023-09-26 15:02:00";74451,2
"889356";"27:7:1";"Exp60_132_IS17593";"Exp60_132_IS17593";NA;"2023-09-26 15:16:00";74440,2
"889357";"27:7:1";"Exp60_132_IS17593";"Exp60_132_IS17593";NA;"2023-09-26 15:32:00";74433,9
"889358";"27:7:1";"Exp60_132_IS17593";"Exp60_132_IS17593";NA;"2023-09-26 15:46:00";74451,8
"889359";"27:7:1";"Exp60_132_IS17593";"Exp60_132_IS17593";NA;"2023-09-26 16:02:00";75143,6
"889360";"27:7:1";"Exp60_132_IS17593";"Exp60_132_IS17593";NA;"2023-09-26 16:16:00";75587,1
"889361";"27:7:1";"Exp60_132_IS17593";"Exp60_132_IS17593";NA;"2023-09-26 22:01:00";75470,5
"889362";"27:7:1";"Exp60_132_IS17593";"Exp60_132_IS17593";NA;"2023-09-26 22:17:00";75469,5
"889363";"27:7:1";"Exp60_132_IS17593";"Exp60_132_IS17593";NA;"2023-09-26 22:31:00";75469,4
"889364";"27:7:1";"Exp60_132_IS17593";"Exp60_132_IS17593";NA;"2023-09-26 22:47:00";75468,7
"889365";"27:7:1";"Exp60_132_IS17593";"Exp60_132_IS17593";NA;"2023-09-26 23:01:00";75468,7
"889366";"27:7:1";"Exp60_132_IS17593";"Exp60_132_IS17593";NA;"2023-09-26 23:17:00";75467,7
"889367";"27:7:1";"Exp60_132_IS17593";"Exp60_132_IS17593";NA;"2023-09-26 23:31:00";75468
"889368";"27:7:1";"Exp60_132_IS17593";"Exp60_132_IS17593";NA;"2023-09-26 23:47:00";75467
"889369";"27:7:1";"Exp60_132_IS17593";"Exp60_132_IS17593";NA;"2023-09-27 00:31:00";75465,9
"889370";"27:7:1";"Exp60_132_IS17593";"Exp60_132_IS17593";NA;"2023-09-27 00:47:00";75465,9
"889371";"27:7:1";"Exp60_132_IS17593";"Exp60_132_IS17593";NA;"2023-09-27 01:01:00";75465,7
"889372";"27:7:1";"Exp60_132_IS17593";"Exp60_132_IS17593";NA;"2023-09-27 01:17:00";75466
"889373";"27:7:1";"Exp60_132_IS17593";"Exp60_132_IS17593";NA;"2023-09-27 01:31:00";75465,9
"889374";"27:7:1";"Exp60_132_IS17593";"Exp60_132_IS17593";NA;"2023-09-27 01:47:00";75465,1
"889375";"27:7:1";"Exp60_132_IS17593";"Exp60_132_IS17593";NA;"2023-09-27 02:01:00";75465
"889376";"27:7:1";"Exp60_132_IS17593";"Exp60_132_IS17593";NA;"2023-09-27 02:17:00";75463,9
"889377";"27:7:1";"Exp60_132_IS17593";"Exp60_132_IS17593";NA;"2023-09-27 02:31:00";75463,4
"889378";"27:7:1";"Exp60_132_IS17593";"Exp60_132_IS17593";NA;"2023-09-27 02:47:00";75463,5
"889379";"27:7:1";"Exp60_132_IS17593";"Exp60_132_IS17593";NA;"2023-09-27 03:01:00";75463,5
"889380";"27:7:1";"Exp60_132_IS17593";"Exp60_132_IS17593";NA;"2023-09-27 03:17:00";75462,5
"889381";"27:7:1";"Exp60_132_IS17593";"Exp60_132_IS17593";NA;"2023-09-27 03:31:00";75462,4
"889382";"27:7:1";"Exp60_132_IS17593";"Exp60_132_IS17593";NA;"2023-09-27 03:47:00";75462,4
"889383";"27:7:1";"Exp60_132_IS17593";"Exp60_132_IS17593";NA;"2023-09-27 04:01:00";75463,5
"889384";"27:7:1";"Exp60_132_IS17593";"Exp60_132_IS17593";NA;"2023-09-27 04:17:00";75462,9
"889385";"27:7:1";"Exp60_132_IS17593";"Exp60_132_IS17593";NA;"2023-09-27 04:31:00";75462,4
"889386";"27:7:1";"Exp60_132_IS17593";"Exp60_132_IS17593";NA;"2023-09-27 04:47:00";75461,9
"889387";"27:7:1";"Exp60_132_IS17593";"Exp60_132_IS17593";NA;"2023-09-27 05:01:00";75462,1
"889388";"27:7:1";"Exp60_132_IS17593";"Exp60_132_IS17593";NA;"2023-09-27 05:17:00";75461,8
"889389";"27:7:1";"Exp60_132_IS17593";"Exp60_132_IS17593";NA;"2023-09-27 05:31:00";75462,2
"889390";"27:7:1";"Exp60_132_IS17593";"Exp60_132_IS17593";NA;"2023-09-27 05:47:00";75461,3
"889391";"27:7:1";"Exp60_132_IS17593";"Exp60_132_IS17593";NA;"2023-09-27 06:01:00";75461,6
"889392";"27:7:1";"Exp60_132_IS17593";"Exp60_132_IS17593";NA;"2023-09-27 06:17:00";75461,4
"889393";"27:7:1";"Exp60_132_IS17593";"Exp60_132_IS17593";NA;"2023-09-27 06:31:00";75460,8
"889394";"27:7:1";"Exp60_132_IS17593";"Exp60_132_IS17593";NA;"2023-09-27 06:47:00";75461
"889395";"27:7:1";"Exp60_132_IS17593";"Exp60_132_IS17593";NA;"2023-09-27 07:01:00";75459,4
"889396";"27:7:1";"Exp60_132_IS17593";"Exp60_132_IS17593";NA;"2023-09-27 07:32:00";75453
"889397";"27:7:1";"Exp60_132_IS17593";"Exp60_132_IS17593";NA;"2023-09-27 07:46:00";75449,1
"889398";"27:7:1";"Exp60_132_IS17593";"Exp60_132_IS17593";NA;"2023-09-27 08:02:00";75441,2
"889399";"27:7:1";"Exp60_132_IS17593";"Exp60_132_IS17593";NA;"2023-09-27 08:16:00";75433,8
"889400";"27:7:1";"Exp60_132_IS17593";"Exp60_132_IS17593";NA;"2023-09-27 08:32:00";75424,8
"889401";"27:7:1";"Exp60_132_IS17593";"Exp60_132_IS17593";NA;"2023-09-27 08:46:00";75414,4
"889402";"27:7:1";"Exp60_132_IS17593";"Exp60_132_IS17593";NA;"2023-09-27 09:02:00";75398,5
"889403";"27:7:1";"Exp60_132_IS17593";"Exp60_132_IS17593";NA;"2023-09-27 09:16:00";75382,3
"889404";"27:7:1";"Exp60_132_IS17593";"Exp60_132_IS17593";NA;"2023-09-27 15:46:00";75708,5
"889405";"27:7:1";"Exp60_132_IS17593";"Exp60_132_IS17593";NA;"2023-09-27 16:02:00";76434,8
"889406";"27:7:1";"Exp60_132_IS17593";"Exp60_132_IS17593";NA;"2023-09-27 16:16:00";76597,8
"889407";"27:7:1";"Exp60_132_IS17593";"Exp60_132_IS17593";NA;"2023-09-27 16:32:00";76366,5
"889408";"27:7:1";"Exp60_132_IS17593";"Exp60_132_IS17593";NA;"2023-09-27 16:46:00";76231,1
"889409";"27:7:1";"Exp60_132_IS17593";"Exp60_132_IS17593";NA;"2023-09-27 17:17:00";76051,7
"889410";"27:7:1";"Exp60_132_IS17593";"Exp60_132_IS17593";NA;"2023-09-27 17:31:00";76000
"889411";"27:7:1";"Exp60_132_IS17593";"Exp60_132_IS17593";NA;"2023-09-27 17:47:00";75951,4
"889412";"27:7:1";"Exp60_132_IS17593";"Exp60_132_IS17593";NA;"2023-09-27 18:01:00";75918,5
"889413";"27:7:1";"Exp60_132_IS17593";"Exp60_132_IS17593";NA;"2023-09-27 18:17:00";75888,2
"889414";"27:7:1";"Exp60_132_IS17593";"Exp60_132_IS17593";NA;"2023-09-27 18:31:00";75869,1
"889415";"27:7:1";"Exp60_132_IS17593";"Exp60_132_IS17593";NA;"2023-09-27 18:47:00";75852,7
"889416";"27:7:1";"Exp60_132_IS17593";"Exp60_132_IS17593";NA;"2023-09-27 19:01:00";75831,4
"889417";"27:7:1";"Exp60_132_IS17593";"Exp60_132_IS17593";NA;"2023-09-27 19:17:00";75823,4
"889418";"27:7:1";"Exp60_132_IS17593";"Exp60_132_IS17593";NA;"2023-09-27 19:31:00";75824,8
"889419";"27:7:1";"Exp60_132_IS17593";"Exp60_132_IS17593";NA;"2023-09-27 19:47:00";75844,6
"889420";"27:7:1";"Exp60_132_IS17593";"Exp60_132_IS17593";NA;"2023-09-27 20:01:00";75842,7
"889421";"27:7:1";"Exp60_132_IS17593";"Exp60_132_IS17593";NA;"2023-09-27 20:17:00";75847,2
"889422";"27:7:1";"Exp60_132_IS17593";"Exp60_132_IS17593";NA;"2023-09-27 20:31:00";75840
"889423";"27:7:1";"Exp60_132_IS17593";"Exp60_132_IS17593";NA;"2023-09-27 20:47:00";75828,2
"889424";"27:7:1";"Exp60_132_IS17593";"Exp60_132_IS17593";NA;"2023-09-27 21:01:00";75819,8
"889425";"27:7:1";"Exp60_132_IS17593";"Exp60_132_IS17593";NA;"2023-09-28 01:31:00";75755,6
"889426";"27:7:1";"Exp60_132_IS17593";"Exp60_132_IS17593";NA;"2023-09-28 01:47:00";75753,5
"889427";"27:7:1";"Exp60_132_IS17593";"Exp60_132_IS17593";NA;"2023-09-28 02:01:00";75753,3
"889428";"27:7:1";"Exp60_132_IS17593";"Exp60_132_IS17593";NA;"2023-09-28 02:17:00";75752,1
"889429";"27:7:1";"Exp60_132_IS17593";"Exp60_132_IS17593";NA;"2023-09-28 02:31:00";75749,3
"889430";"27:7:1";"Exp60_132_IS17593";"Exp60_132_IS17593";NA;"2023-09-28 03:17:00";75752,2
"889431";"27:7:1";"Exp60_132_IS17593";"Exp60_132_IS17593";NA;"2023-09-28 03:31:00";75751,5
"889432";"27:7:1";"Exp60_132_IS17593";"Exp60_132_IS17593";NA;"2023-09-28 03:47:00";75749,6
"889433";"27:7:1";"Exp60_132_IS17593";"Exp60_132_IS17593";NA;"2023-09-28 04:01:00";75748,4
"889434";"27:7:1";"Exp60_132_IS17593";"Exp60_132_IS17593";NA;"2023-09-28 04:17:00";75746,2
"889435";"27:7:1";"Exp60_132_IS17593";"Exp60_132_IS17593";NA;"2023-09-28 04:31:00";75745,2
"889436";"27:7:1";"Exp60_132_IS17593";"Exp60_132_IS17593";NA;"2023-09-28 04:47:00";75744,4
"889437";"27:7:1";"Exp60_132_IS17593";"Exp60_132_IS17593";NA;"2023-09-28 05:01:00";75743
"889438";"27:7:1";"Exp60_132_IS17593";"Exp60_132_IS17593";NA;"2023-09-28 05:17:00";75741,9
"889439";"27:7:1";"Exp60_132_IS17593";"Exp60_132_IS17593";NA;"2023-09-28 05:31:00";75741,4
"889440";"27:7:1";"Exp60_132_IS17593";"Exp60_132_IS17593";NA;"2023-09-28 05:47:00";75740
"889441";"27:7:1";"Exp60_132_IS17593";"Exp60_132_IS17593";NA;"2023-09-28 06:01:00";75740,5
"889442";"27:7:1";"Exp60_132_IS17593";"Exp60_132_IS17593";NA;"2023-09-28 06:17:00";75739,6
"889443";"27:7:1";"Exp60_132_IS17593";"Exp60_132_IS17593";NA;"2023-09-28 07:16:00";75730,4
"889444";"27:7:1";"Exp60_132_IS17593";"Exp60_132_IS17593";NA;"2023-09-28 07:32:00";75724,2
"889445";"27:7:1";"Exp60_132_IS17593";"Exp60_132_IS17593";NA;"2023-09-28 08:16:00";75696,6
"889446";"27:7:1";"Exp60_132_IS17593";"Exp60_132_IS17593";NA;"2023-09-28 08:47:00";75664,6
"889447";"27:7:1";"Exp60_132_IS17593";"Exp60_132_IS17593";NA;"2023-09-28 09:01:00";75648,6
"889448";"27:7:1";"Exp60_132_IS17593";"Exp60_132_IS17593";NA;"2023-09-28 16:16:00";75063,9
"889449";"27:7:1";"Exp60_132_IS17593";"Exp60_132_IS17593";NA;"2023-09-28 16:47:00";75046,1
"889450";"27:7:1";"Exp60_132_IS17593";"Exp60_132_IS17593";NA;"2023-09-28 17:01:00";75043,1
"889451";"27:7:1";"Exp60_132_IS17593";"Exp60_132_IS17593";NA;"2023-09-28 17:17:00";75039,9
"889452";"27:7:1";"Exp60_132_IS17593";"Exp60_132_IS17593";NA;"2023-09-28 17:31:00";75033,4
"889453";"27:7:1";"Exp60_132_IS17593";"Exp60_132_IS17593";NA;"2023-09-28 18:02:00";75027,5
"889454";"27:7:1";"Exp60_132_IS17593";"Exp60_132_IS17593";NA;"2023-09-28 18:16:00";75085,5
"889455";"27:7:1";"Exp60_132_IS17593";"Exp60_132_IS17593";NA;"2023-09-28 18:32:00";75186,1
"889456";"27:7:1";"Exp60_132_IS17593";"Exp60_132_IS17593";NA;"2023-09-28 18:46:00";75206,9
"889457";"27:7:1";"Exp60_132_IS17593";"Exp60_132_IS17593";NA;"2023-09-28 19:02:00";75207,4
"889458";"27:7:1";"Exp60_132_IS17593";"Exp60_132_IS17593";NA;"2023-09-28 19:16:00";75205,5
"889459";"27:7:1";"Exp60_132_IS17593";"Exp60_132_IS17593";NA;"2023-09-28 19:32:00";75201,1
"889460";"27:7:1";"Exp60_132_IS17593";"Exp60_132_IS17593";NA;"2023-09-28 19:46:00";75195,2
"889461";"27:7:1";"Exp60_132_IS17593";"Exp60_132_IS17593";NA;"2023-09-28 20:02:00";75188,5
"889462";"27:7:1";"Exp60_132_IS17593";"Exp60_132_IS17593";NA;"2023-09-28 20:16:00";75185,5
"889463";"27:7:1";"Exp60_132_IS17593";"Exp60_132_IS17593";NA;"2023-09-28 20:32:00";75182,6
"889464";"27:7:1";"Exp60_132_IS17593";"Exp60_132_IS17593";NA;"2023-09-28 20:46:00";75179,7
"889465";"27:7:1";"Exp60_132_IS17593";"Exp60_132_IS17593";NA;"2023-09-28 21:02:00";75178,3
"889466";"27:7:1";"Exp60_132_IS17593";"Exp60_132_IS17593";NA;"2023-09-28 21:16:00";75177,4
"889467";"27:7:1";"Exp60_132_IS17593";"Exp60_132_IS17593";NA;"2023-09-28 21:32:00";75175,7
"889468";"27:7:1";"Exp60_132_IS17593";"Exp60_132_IS17593";NA;"2023-09-28 21:46:00";75174,6
"889469";"27:7:1";"Exp60_132_IS17593";"Exp60_132_IS17593";NA;"2023-09-28 22:17:00";75171,3
"889470";"27:7:1";"Exp60_132_IS17593";"Exp60_132_IS17593";NA;"2023-09-28 22:31:00";75169,8
"889471";"27:7:1";"Exp60_132_IS17593";"Exp60_132_IS17593";NA;"2023-09-28 22:47:00";75168,3
"889472";"27:7:1";"Exp60_132_IS17593";"Exp60_132_IS17593";NA;"2023-09-28 23:01:00";75167,5
"889473";"27:7:1";"Exp60_132_IS17593";"Exp60_132_IS17593";NA;"2023-09-28 23:17:00";75166,3
"889474";"27:7:1";"Exp60_132_IS17593";"Exp60_132_IS17593";NA;"2023-09-28 23:31:00";75165,9
"889475";"27:7:1";"Exp60_132_IS17593";"Exp60_132_IS17593";NA;"2023-09-29 00:17:00";75166
"889476";"27:7:1";"Exp60_132_IS17593";"Exp60_132_IS17593";NA;"2023-09-29 00:31:00";75166,3
"889477";"27:7:1";"Exp60_132_IS17593";"Exp60_132_IS17593";NA;"2023-09-29 00:47:00";75164,6
"889478";"27:7:1";"Exp60_132_IS17593";"Exp60_132_IS17593";NA;"2023-09-29 01:01:00";75164
"889479";"27:7:1";"Exp60_132_IS17593";"Exp60_132_IS17593";NA;"2023-09-29 01:17:00";75163,6
"889480";"27:7:1";"Exp60_132_IS17593";"Exp60_132_IS17593";NA;"2023-09-29 01:31:00";75164,1
"889481";"27:7:1";"Exp60_132_IS17593";"Exp60_132_IS17593";NA;"2023-09-29 01:47:00";75163,6
"889482";"27:7:1";"Exp60_132_IS17593";"Exp60_132_IS17593";NA;"2023-09-29 02:01:00";75163,6
"889483";"27:7:1";"Exp60_132_IS17593";"Exp60_132_IS17593";NA;"2023-09-29 02:17:00";75164,2
"889484";"27:7:1";"Exp60_132_IS17593";"Exp60_132_IS17593";NA;"2023-09-29 02:31:00";75164,2
"889485";"27:7:1";"Exp60_132_IS17593";"Exp60_132_IS17593";NA;"2023-09-29 02:47:00";75164,2
"889486";"27:7:1";"Exp60_132_IS17593";"Exp60_132_IS17593";NA;"2023-09-29 03:01:00";75164
"889487";"27:7:1";"Exp60_132_IS17593";"Exp60_132_IS17593";NA;"2023-09-29 03:47:00";75164,9
"889488";"27:7:1";"Exp60_132_IS17593";"Exp60_132_IS17593";NA;"2023-09-29 04:01:00";75164,6
"889489";"27:7:1";"Exp60_132_IS17593";"Exp60_132_IS17593";NA;"2023-09-29 04:17:00";75164,8
"889490";"27:7:1";"Exp60_132_IS17593";"Exp60_132_IS17593";NA;"2023-09-29 04:31:00";75165,5
"889491";"27:7:1";"Exp60_132_IS17593";"Exp60_132_IS17593";NA;"2023-09-29 12:31:00";74877,7
"889492";"27:7:1";"Exp60_132_IS17593";"Exp60_132_IS17593";NA;"2023-09-29 18:46:00";74667,9
"889493";"27:7:1";"Exp60_132_IS17593";"Exp60_132_IS17593";NA;"2023-09-29 19:17:00";74666,3
"889494";"27:7:1";"Exp60_132_IS17593";"Exp60_132_IS17593";NA;"2023-09-29 19:31:00";74667,1
"889495";"27:7:1";"Exp60_132_IS17593";"Exp60_132_IS17593";NA;"2023-09-29 19:47:00";74712,7
"889496";"27:7:1";"Exp60_132_IS17593";"Exp60_132_IS17593";NA;"2023-09-29 20:01:00";74668,2
"889497";"27:7:1";"Exp60_132_IS17593";"Exp60_132_IS17593";NA;"2023-09-29 20:17:00";74666,9
"889498";"27:7:1";"Exp60_132_IS17593";"Exp60_132_IS17593";NA;"2023-09-29 20:31:00";74667,2
"889499";"27:7:1";"Exp60_132_IS17593";"Exp60_132_IS17593";NA;"2023-09-29 21:02:00";74666,8
"889500";"27:7:1";"Exp60_132_IS17593";"Exp60_132_IS17593";NA;"2023-09-29 21:16:00";74666,8
"889501";"27:7:1";"Exp60_132_IS17593";"Exp60_132_IS17593";NA;"2023-09-29 21:32:00";74665,6
"889502";"27:7:1";"Exp60_132_IS17593";"Exp60_132_IS17593";NA;"2023-09-29 21:46:00";74665
"889503";"27:7:1";"Exp60_132_IS17593";"Exp60_132_IS17593";NA;"2023-09-29 22:02:00";74664
"889504";"27:7:1";"Exp60_132_IS17593";"Exp60_132_IS17593";NA;"2023-09-29 22:16:00";74664
"889505";"27:7:1";"Exp60_132_IS17593";"Exp60_132_IS17593";NA;"2023-09-29 22:32:00";74664,6
"889506";"27:7:1";"Exp60_132_IS17593";"Exp60_132_IS17593";NA;"2023-09-29 22:46:00";74662,8
"889507";"27:7:1";"Exp60_132_IS17593";"Exp60_132_IS17593";NA;"2023-09-29 23:02:00";74662,1
"889508";"27:7:1";"Exp60_132_IS17593";"Exp60_132_IS17593";NA;"2023-09-29 23:16:00";74659,6
"889509";"27:7:1";"Exp60_132_IS17593";"Exp60_132_IS17593";NA;"2023-09-29 23:32:00";74659,2
"889510";"27:7:1";"Exp60_132_IS17593";"Exp60_132_IS17593";NA;"2023-09-29 23:46:00";74659,4
"889511";"27:7:1";"Exp60_132_IS17593";"Exp60_132_IS17593";NA;"2023-09-30 00:02:00";74660,7
"889512";"27:7:1";"Exp60_132_IS17593";"Exp60_132_IS17593";NA;"2023-09-30 00:16:00";74661,9
"889513";"27:7:1";"Exp60_132_IS17593";"Exp60_132_IS17593";NA;"2023-09-30 00:32:00";74661,6
"889514";"27:7:1";"Exp60_132_IS17593";"Exp60_132_IS17593";NA;"2023-09-30 00:46:00";74663,2
"889515";"27:7:1";"Exp60_132_IS17593";"Exp60_132_IS17593";NA;"2023-09-30 01:02:00";74661,4
"889516";"27:7:1";"Exp60_132_IS17593";"Exp60_132_IS17593";NA;"2023-09-30 01:16:00";74660
"889517";"27:7:1";"Exp60_132_IS17593";"Exp60_132_IS17593";NA;"2023-09-30 01:32:00";74662,1
"889518";"27:7:1";"Exp60_132_IS17593";"Exp60_132_IS17593";NA;"2023-09-30 01:46:00";74784,8
"889519";"27:7:1";"Exp60_132_IS17593";"Exp60_132_IS17593";NA;"2023-09-30 08:46:00";74830,5
"889520";"27:7:1";"Exp60_132_IS17593";"Exp60_132_IS17593";NA;"2023-09-30 09:02:00";74807,6
"889521";"27:7:1";"Exp60_132_IS17593";"Exp60_132_IS17593";NA;"2023-09-30 09:16:00";74785,8
"889522";"27:7:1";"Exp60_132_IS17593";"Exp60_132_IS17593";NA;"2023-09-30 09:32:00";74751,9
"889523";"27:7:1";"Exp60_132_IS17593";"Exp60_132_IS17593";NA;"2023-09-30 09:46:00";74728,6
"889524";"27:7:1";"Exp60_132_IS17593";"Exp60_132_IS17593";NA;"2023-09-30 10:02:00";74711,1
"889525";"27:7:1";"Exp60_132_IS17593";"Exp60_132_IS17593";NA;"2023-09-30 10:16:00";74675,2
"889526";"27:7:1";"Exp60_132_IS17593";"Exp60_132_IS17593";NA;"2023-09-30 10:32:00";74665,3
"889527";"27:7:1";"Exp60_132_IS17593";"Exp60_132_IS17593";NA;"2023-09-30 10:46:00";74655,6
"889528";"27:7:1";"Exp60_132_IS17593";"Exp60_132_IS17593";NA;"2023-09-30 11:02:00";74613,5
"889529";"27:7:1";"Exp60_132_IS17593";"Exp60_132_IS17593";NA;"2023-09-30 11:16:00";74609,7
"889530";"27:7:1";"Exp60_132_IS17593";"Exp60_132_IS17593";NA;"2023-09-30 11:32:00";74590,6
"889531";"27:7:1";"Exp60_132_IS17593";"Exp60_132_IS17593";NA;"2023-09-30 11:46:00";74564,6
"889532";"27:7:1";"Exp60_132_IS17593";"Exp60_132_IS17593";NA;"2023-09-30 19:01:00";75975,5
"889533";"27:7:1";"Exp60_132_IS17593";"Exp60_132_IS17593";NA;"2023-09-30 19:17:00";75958,1
"889534";"27:7:1";"Exp60_132_IS17593";"Exp60_132_IS17593";NA;"2023-09-30 19:31:00";75947,6
"889535";"27:7:1";"Exp60_132_IS17593";"Exp60_132_IS17593";NA;"2023-09-30 19:47:00";75934,4
"889536";"27:7:1";"Exp60_132_IS17593";"Exp60_132_IS17593";NA;"2023-09-30 20:01:00";75923,9
"889537";"27:7:1";"Exp60_132_IS17593";"Exp60_132_IS17593";NA;"2023-09-30 20:17:00";75910,9
"889538";"27:7:1";"Exp60_132_IS17593";"Exp60_132_IS17593";NA;"2023-09-30 20:31:00";75901,3
"889539";"27:7:1";"Exp60_132_IS17593";"Exp60_132_IS17593";NA;"2023-09-30 20:47:00";75890,6
"889540";"27:7:1";"Exp60_132_IS17593";"Exp60_132_IS17593";NA;"2023-09-30 21:01:00";75882
"889541";"27:7:1";"Exp60_132_IS17593";"Exp60_132_IS17593";NA;"2023-09-30 21:32:00";75858,7
"889542";"27:7:1";"Exp60_132_IS17593";"Exp60_132_IS17593";NA;"2023-09-30 21:46:00";75850,3
"889543";"27:7:1";"Exp60_132_IS17593";"Exp60_132_IS17593";NA;"2023-09-30 22:02:00";75841,2
"889544";"27:7:1";"Exp60_132_IS17593";"Exp60_132_IS17593";NA;"2023-09-30 22:16:00";75833,1
"889545";"27:7:1";"Exp60_132_IS17593";"Exp60_132_IS17593";NA;"2023-09-30 22:32:00";75819,6
"889546";"27:7:1";"Exp60_132_IS17593";"Exp60_132_IS17593";NA;"2023-09-30 22:46:00";75812,7
"889547";"27:7:1";"Exp60_132_IS17593";"Exp60_132_IS17593";NA;"2023-09-30 23:02:00";75801
"889548";"27:7:1";"Exp60_132_IS17593";"Exp60_132_IS17593";NA;"2023-09-30 23:16:00";75793,2
"889549";"27:7:1";"Exp60_132_IS17593";"Exp60_132_IS17593";NA;"2023-09-30 23:32:00";75785,8
"889550";"27:7:1";"Exp60_132_IS17593";"Exp60_132_IS17593";NA;"2023-09-30 23:46:00";75779,8
"889551";"27:7:1";"Exp60_132_IS17593";"Exp60_132_IS17593";NA;"2023-10-01 00:02:00";75774,3
"889552";"27:7:1";"Exp60_132_IS17593";"Exp60_132_IS17593";NA;"2023-10-01 00:16:00";75771,5
"889553";"27:7:1";"Exp60_132_IS17593";"Exp60_132_IS17593";NA;"2023-10-01 00:32:00";75767,6
"889554";"27:7:1";"Exp60_132_IS17593";"Exp60_132_IS17593";NA;"2023-10-01 01:16:00";75759,5
"889555";"27:7:1";"Exp60_132_IS17593";"Exp60_132_IS17593";NA;"2023-10-01 01:32:00";75757,7
"889556";"27:7:1";"Exp60_132_IS17593";"Exp60_132_IS17593";NA;"2023-10-01 01:46:00";75756,2
"889557";"27:7:1";"Exp60_132_IS17593";"Exp60_132_IS17593";NA;"2023-10-01 02:02:00";75752,2
"889558";"27:7:1";"Exp60_132_IS17593";"Exp60_132_IS17593";NA;"2023-10-01 02:16:00";75751,3
"889559";"27:7:1";"Exp60_132_IS17593";"Exp60_132_IS17593";NA;"2023-10-01 02:32:00";75750,7
"889560";"27:7:1";"Exp60_132_IS17593";"Exp60_132_IS17593";NA;"2023-10-01 02:46:00";75749,8
"889561";"27:7:1";"Exp60_132_IS17593";"Exp60_132_IS17593";NA;"2023-10-01 09:31:00";75613,7
"889562";"27:7:1";"Exp60_132_IS17593";"Exp60_132_IS17593";NA;"2023-10-01 09:47:00";75607
"889563";"27:7:1";"Exp60_132_IS17593";"Exp60_132_IS17593";NA;"2023-10-01 10:01:00";75583,9
"889564";"27:7:1";"Exp60_132_IS17593";"Exp60_132_IS17593";NA;"2023-10-01 10:17:00";75556,9
"889565";"27:7:1";"Exp60_132_IS17593";"Exp60_132_IS17593";NA;"2023-10-01 10:31:00";75515,9
"889566";"27:7:1";"Exp60_132_IS17593";"Exp60_132_IS17593";NA;"2023-10-01 10:47:00";75498,1
"889567";"27:7:1";"Exp60_132_IS17593";"Exp60_132_IS17593";NA;"2023-10-01 11:01:00";75467,9
"889568";"27:7:1";"Exp60_132_IS17593";"Exp60_132_IS17593";NA;"2023-10-01 17:46:00";75082,7
"889569";"27:7:1";"Exp60_132_IS17593";"Exp60_132_IS17593";NA;"2023-10-01 18:02:00";75080,8
"889570";"27:7:1";"Exp60_132_IS17593";"Exp60_132_IS17593";NA;"2023-10-01 18:16:00";75080
"889571";"27:7:1";"Exp60_132_IS17593";"Exp60_132_IS17593";NA;"2023-10-01 18:32:00";75078
"889572";"27:7:1";"Exp60_132_IS17593";"Exp60_132_IS17593";NA;"2023-10-01 18:46:00";75078
"889573";"27:7:1";"Exp60_132_IS17593";"Exp60_132_IS17593";NA;"2023-10-01 19:02:00";75077,2
"889574";"27:7:1";"Exp60_132_IS17593";"Exp60_132_IS17593";NA;"2023-10-01 19:16:00";75074,6
"889575";"27:7:1";"Exp60_132_IS17593";"Exp60_132_IS17593";NA;"2023-10-01 19:32:00";75073,5
"889576";"27:7:1";"Exp60_132_IS17593";"Exp60_132_IS17593";NA;"2023-10-01 19:46:00";75072,5
"889577";"27:7:1";"Exp60_132_IS17593";"Exp60_132_IS17593";NA;"2023-10-01 20:02:00";75071,8
"889578";"27:7:1";"Exp60_132_IS17593";"Exp60_132_IS17593";NA;"2023-10-01 20:16:00";75069,4
"889579";"27:7:1";"Exp60_132_IS17593";"Exp60_132_IS17593";NA;"2023-10-01 20:32:00";75068,6
"889580";"27:7:1";"Exp60_132_IS17593";"Exp60_132_IS17593";NA;"2023-10-01 20:46:00";75069,4
"889581";"27:7:1";"Exp60_132_IS17593";"Exp60_132_IS17593";NA;"2023-10-01 21:02:00";75068,9
"889582";"27:7:1";"Exp60_132_IS17593";"Exp60_132_IS17593";NA;"2023-10-01 21:16:00";75072,4
"889583";"27:7:1";"Exp60_132_IS17593";"Exp60_132_IS17593";NA;"2023-10-01 21:32:00";75063,4
"889584";"27:7:1";"Exp60_132_IS17593";"Exp60_132_IS17593";NA;"2023-10-01 21:46:00";75063,3
"889585";"27:7:1";"Exp60_132_IS17593";"Exp60_132_IS17593";NA;"2023-10-01 22:02:00";75063,8
"889586";"27:7:1";"Exp60_132_IS17593";"Exp60_132_IS17593";NA;"2023-10-01 22:16:00";75061,4
"889587";"27:7:1";"Exp60_132_IS17593";"Exp60_132_IS17593";NA;"2023-10-01 22:32:00";75059,9
"889588";"27:7:1";"Exp60_132_IS17593";"Exp60_132_IS17593";NA;"2023-10-01 22:46:00";75059,8
"889589";"27:7:1";"Exp60_132_IS17593";"Exp60_132_IS17593";NA;"2023-10-01 23:17:00";75058,3
"889590";"27:7:1";"Exp60_132_IS17593";"Exp60_132_IS17593";NA;"2023-10-01 23:31:00";75057,4
"889591";"27:7:1";"Exp60_132_IS17593";"Exp60_132_IS17593";NA;"2023-10-02 07:01:00";75035,8
"889592";"27:7:1";"Exp60_132_IS17593";"Exp60_132_IS17593";NA;"2023-10-02 07:17:00";75030,6
"889593";"27:7:1";"Exp60_132_IS17593";"Exp60_132_IS17593";NA;"2023-10-02 07:31:00";75023,3
"889594";"27:7:1";"Exp60_132_IS17593";"Exp60_132_IS17593";NA;"2023-10-02 07:47:00";75017,2
"889595";"27:7:1";"Exp60_132_IS17593";"Exp60_132_IS17593";NA;"2023-10-02 08:01:00";75007,3
"889596";"27:7:1";"Exp60_132_IS17593";"Exp60_132_IS17593";NA;"2023-10-02 08:17:00";75001,6
"889597";"27:7:1";"Exp60_132_IS17593";"Exp60_132_IS17593";NA;"2023-10-02 08:31:00";74993,3
"889598";"27:7:1";"Exp60_132_IS17593";"Exp60_132_IS17593";NA;"2023-10-02 08:47:00";74983,6
"889599";"27:7:1";"Exp60_132_IS17593";"Exp60_132_IS17593";NA;"2023-10-02 09:01:00";74978,6
"889600";"27:7:1";"Exp60_132_IS17593";"Exp60_132_IS17593";NA;"2023-10-02 09:17:00";74969,2
"889601";"27:7:1";"Exp60_132_IS17593";"Exp60_132_IS17593";NA;"2023-10-02 09:31:00";74960,9
"889602";"27:7:1";"Exp60_132_IS17593";"Exp60_132_IS17593";NA;"2023-10-02 09:47:00";74957,1
"889603";"27:7:1";"Exp60_132_IS17593";"Exp60_132_IS17593";NA;"2023-10-02 10:01:00";74951,6
"889604";"27:7:1";"Exp60_132_IS17593";"Exp60_132_IS17593";NA;"2023-10-02 10:32:00";74937,9
"889605";"27:7:1";"Exp60_132_IS17593";"Exp60_132_IS17593";NA;"2023-10-02 10:46:00";74925,6
"889606";"27:7:1";"Exp60_132_IS17593";"Exp60_132_IS17593";NA;"2023-10-02 11:17:00";74908,5
"889607";"27:7:1";"Exp60_132_IS17593";"Exp60_132_IS17593";NA;"2023-10-02 11:31:00";74895,1
"889608";"27:7:1";"Exp60_132_IS17593";"Exp60_132_IS17593";NA;"2023-10-02 11:47:00";74882,1
"889609";"27:7:1";"Exp60_132_IS17593";"Exp60_132_IS17593";NA;"2023-10-02 12:01:00";74871,4
"889610";"27:7:1";"Exp60_132_IS17593";"Exp60_132_IS17593";NA;"2023-10-02 12:17:00";74872,5
"889611";"27:7:1";"Exp60_132_IS17593";"Exp60_132_IS17593";NA;"2023-10-02 12:31:00";74843,8
"889612";"27:7:1";"Exp60_132_IS17593";"Exp60_132_IS17593";NA;"2023-10-02 12:47:00";74826,5
"889613";"27:7:1";"Exp60_132_IS17593";"Exp60_132_IS17593";NA;"2023-10-02 13:01:00";74814,7
"889614";"27:7:1";"Exp60_132_IS17593";"Exp60_132_IS17593";NA;"2023-10-02 13:17:00";74803,2
"889615";"27:7:1";"Exp60_132_IS17593";"Exp60_132_IS17593";NA;"2023-10-02 13:31:00";74788,6
"889616";"27:7:1";"Exp60_132_IS17593";"Exp60_132_IS17593";NA;"2023-10-02 13:47:00";74774,2
"889617";"27:7:1";"Exp60_132_IS17593";"Exp60_132_IS17593";NA;"2023-10-02 14:01:00";74762,1
"889618";"27:7:1";"Exp60_132_IS17593";"Exp60_132_IS17593";NA;"2023-10-02 14:17:00";74748
"889619";"27:7:1";"Exp60_132_IS17593";"Exp60_132_IS17593";NA;"2023-10-02 14:31:00";74735,9
"889620";"27:7:1";"Exp60_132_IS17593";"Exp60_132_IS17593";NA;"2023-10-02 14:47:00";74725,6
"889621";"27:7:1";"Exp60_132_IS17593";"Exp60_132_IS17593";NA;"2023-10-02 15:01:00";74711,3
"889622";"27:7:1";"Exp60_132_IS17593";"Exp60_132_IS17593";NA;"2023-10-02 15:32:00";74690
"889623";"27:7:1";"Exp60_132_IS17593";"Exp60_132_IS17593";NA;"2023-10-02 15:46:00";74684,8
"889624";"27:7:1";"Exp60_132_IS17593";"Exp60_132_IS17593";NA;"2023-10-02 16:02:00";74677
"889625";"27:7:1";"Exp60_132_IS17593";"Exp60_132_IS17593";NA;"2023-10-02 16:16:00";74665,1
"889626";"27:7:1";"Exp60_132_IS17593";"Exp60_132_IS17593";NA;"2023-10-02 23:01:00";74671,6
"889627";"27:7:1";"Exp60_132_IS17593";"Exp60_132_IS17593";NA;"2023-10-02 23:17:00";74672,5
"889628";"27:7:1";"Exp60_132_IS17593";"Exp60_132_IS17593";NA;"2023-10-02 23:31:00";74671,8
"889629";"27:7:1";"Exp60_132_IS17593";"Exp60_132_IS17593";NA;"2023-10-02 23:47:00";74673,3
"889630";"27:7:1";"Exp60_132_IS17593";"Exp60_132_IS17593";NA;"2023-10-03 00:01:00";74672,2
"889631";"27:7:1";"Exp60_132_IS17593";"Exp60_132_IS17593";NA;"2023-10-03 00:17:00";74671,5
"889632";"27:7:1";"Exp60_132_IS17593";"Exp60_132_IS17593";NA;"2023-10-03 00:31:00";74670,8
"889633";"27:7:1";"Exp60_132_IS17593";"Exp60_132_IS17593";NA;"2023-10-03 00:47:00";74670,4
"889634";"27:7:1";"Exp60_132_IS17593";"Exp60_132_IS17593";NA;"2023-10-03 01:01:00";74669
"889635";"27:7:1";"Exp60_132_IS17593";"Exp60_132_IS17593";NA;"2023-10-03 01:17:00";74667,7
"889636";"27:7:1";"Exp60_132_IS17593";"Exp60_132_IS17593";NA;"2023-10-03 01:31:00";74667,8
"889637";"27:7:1";"Exp60_132_IS17593";"Exp60_132_IS17593";NA;"2023-10-03 01:47:00";74666,7
"889638";"27:7:1";"Exp60_132_IS17593";"Exp60_132_IS17593";NA;"2023-10-03 02:01:00";74666,5
"889639";"27:7:1";"Exp60_132_IS17593";"Exp60_132_IS17593";NA;"2023-10-03 02:17:00";74666
"889640";"27:7:1";"Exp60_132_IS17593";"Exp60_132_IS17593";NA;"2023-10-03 02:31:00";74663,8
"889641";"27:7:1";"Exp60_132_IS17593";"Exp60_132_IS17593";NA;"2023-10-03 03:47:00";74664,5
"889642";"27:7:1";"Exp60_132_IS17593";"Exp60_132_IS17593";NA;"2023-10-03 04:01:00";74663,2
"889643";"27:7:1";"Exp60_132_IS17593";"Exp60_132_IS17593";NA;"2023-10-03 04:17:00";74662,8
"889644";"27:7:1";"Exp60_132_IS17593";"Exp60_132_IS17593";NA;"2023-10-03 04:31:00";74660,6
"889645";"27:7:1";"Exp60_132_IS17593";"Exp60_132_IS17593";NA;"2023-10-03 04:47:00";74659,8
"889646";"27:7:1";"Exp60_132_IS17593";"Exp60_132_IS17593";NA;"2023-10-03 05:01:00";74657,8
"889647";"27:7:1";"Exp60_132_IS17593";"Exp60_132_IS17593";NA;"2023-10-03 05:17:00";74659,1
"889648";"27:7:1";"Exp60_132_IS17593";"Exp60_132_IS17593";NA;"2023-10-03 06:01:00";74655,7
"889649";"27:7:1";"Exp60_132_IS17593";"Exp60_132_IS17593";NA;"2023-10-03 06:17:00";74655,3
"889650";"27:7:1";"Exp60_132_IS17593";"Exp60_132_IS17593";NA;"2023-10-03 06:31:00";74654,4
"889651";"27:7:1";"Exp60_132_IS17593";"Exp60_132_IS17593";NA;"2023-10-03 06:47:00";74651,9
"889652";"27:7:1";"Exp60_132_IS17593";"Exp60_132_IS17593";NA;"2023-10-03 07:01:00";74651,4
"889653";"27:7:1";"Exp60_132_IS17593";"Exp60_132_IS17593";NA;"2023-10-03 07:17:00";74645,7
"889654";"27:7:1";"Exp60_132_IS17593";"Exp60_132_IS17593";NA;"2023-10-03 07:31:00";74637,8
"889655";"27:7:1";"Exp60_132_IS17593";"Exp60_132_IS17593";NA;"2023-10-03 08:02:00";74624,2
"889656";"27:7:1";"Exp60_132_IS17593";"Exp60_132_IS17593";NA;"2023-10-03 08:16:00";74613,5
"889657";"27:7:1";"Exp60_132_IS17593";"Exp60_132_IS17593";NA;"2023-10-03 08:32:00";74604,2
"889658";"27:7:1";"Exp60_132_IS17593";"Exp60_132_IS17593";NA;"2023-10-03 08:46:00";74591,2
"889659";"27:7:1";"Exp60_132_IS17593";"Exp60_132_IS17593";NA;"2023-10-03 15:16:00";74146,6
"889660";"27:7:1";"Exp60_132_IS17593";"Exp60_132_IS17593";NA;"2023-10-03 21:16:00";75450,2
"889661";"27:7:1";"Exp60_132_IS17593";"Exp60_132_IS17593";NA;"2023-10-03 22:02:00";75447,5
"889662";"27:7:1";"Exp60_132_IS17593";"Exp60_132_IS17593";NA;"2023-10-03 22:16:00";75445,4
"889663";"27:7:1";"Exp60_132_IS17593";"Exp60_132_IS17593";NA;"2023-10-03 22:32:00";75447
"889664";"27:7:1";"Exp60_132_IS17593";"Exp60_132_IS17593";NA;"2023-10-03 22:46:00";75444,7
"889665";"27:7:1";"Exp60_132_IS17593";"Exp60_132_IS17593";NA;"2023-10-03 23:17:00";75444,5
"889666";"27:7:1";"Exp60_132_IS17593";"Exp60_132_IS17593";NA;"2023-10-03 23:31:00";75443,5
"889667";"27:7:1";"Exp60_132_IS17593";"Exp60_132_IS17593";NA;"2023-10-03 23:47:00";75442
"889668";"27:7:1";"Exp60_132_IS17593";"Exp60_132_IS17593";NA;"2023-10-04 00:16:00";75439,7
"889669";"27:7:1";"Exp60_132_IS17593";"Exp60_132_IS17593";NA;"2023-10-04 00:32:00";75438,1
"889670";"27:7:1";"Exp60_132_IS17593";"Exp60_132_IS17593";NA;"2023-10-04 00:46:00";75436,9
"889671";"27:7:1";"Exp60_132_IS17593";"Exp60_132_IS17593";NA;"2023-10-04 01:02:00";75436
"889672";"27:7:1";"Exp60_132_IS17593";"Exp60_132_IS17593";NA;"2023-10-04 01:16:00";75434,6
"889673";"27:7:1";"Exp60_132_IS17593";"Exp60_132_IS17593";NA;"2023-10-04 01:32:00";75433,3
"889674";"27:7:1";"Exp60_132_IS17593";"Exp60_132_IS17593";NA;"2023-10-04 01:46:00";75432,3
"889675";"27:7:1";"Exp60_132_IS17593";"Exp60_132_IS17593";NA;"2023-10-04 02:02:00";75431,2
"889676";"27:7:1";"Exp60_132_IS17593";"Exp60_132_IS17593";NA;"2023-10-04 02:16:00";75430,1
"889677";"27:7:1";"Exp60_132_IS17593";"Exp60_132_IS17593";NA;"2023-10-04 02:32:00";75429,8
"889678";"27:7:1";"Exp60_132_IS17593";"Exp60_132_IS17593";NA;"2023-10-04 02:46:00";75428,4
"889679";"27:7:1";"Exp60_132_IS17593";"Exp60_132_IS17593";NA;"2023-10-04 03:17:00";75427,1
"889680";"27:7:1";"Exp60_132_IS17593";"Exp60_132_IS17593";NA;"2023-10-04 03:31:00";75425,5
"889681";"27:7:1";"Exp60_132_IS17593";"Exp60_132_IS17593";NA;"2023-10-04 03:47:00";75421,5
"889682";"27:7:1";"Exp60_132_IS17593";"Exp60_132_IS17593";NA;"2023-10-04 04:01:00";75419
"889683";"27:7:1";"Exp60_132_IS17593";"Exp60_132_IS17593";NA;"2023-10-04 04:32:00";75415,5
"889684";"27:7:1";"Exp60_132_IS17593";"Exp60_132_IS17593";NA;"2023-10-04 04:46:00";75414,6
"889685";"27:7:1";"Exp60_132_IS17593";"Exp60_132_IS17593";NA;"2023-10-04 05:02:00";75411,6
"889686";"27:7:1";"Exp60_132_IS17593";"Exp60_132_IS17593";NA;"2023-10-04 05:16:00";75411,5
"889687";"27:7:1";"Exp60_132_IS17593";"Exp60_132_IS17593";NA;"2023-10-04 05:32:00";75412,2
"889688";"27:7:1";"Exp60_132_IS17593";"Exp60_132_IS17593";NA;"2023-10-04 05:46:00";75412,2
"889689";"27:7:1";"Exp60_132_IS17593";"Exp60_132_IS17593";NA;"2023-10-04 06:32:00";75406,7
"889690";"27:7:1";"Exp60_132_IS17593";"Exp60_132_IS17593";NA;"2023-10-04 06:46:00";75404,6
"889691";"27:7:1";"Exp60_132_IS17593";"Exp60_132_IS17593";NA;"2023-10-04 07:17:00";75394,9
"889692";"27:7:1";"Exp60_132_IS17593";"Exp60_132_IS17593";NA;"2023-10-04 07:31:00";75388,9
"889693";"27:7:1";"Exp60_132_IS17593";"Exp60_132_IS17593";NA;"2023-10-04 07:47:00";75376,5
"889694";"27:7:1";"Exp60_132_IS17593";"Exp60_132_IS17593";NA;"2023-10-04 08:01:00";75365,9
"889695";"27:7:1";"Exp60_132_IS17593";"Exp60_132_IS17593";NA;"2023-10-04 08:17:00";75353,1
"889696";"27:7:1";"Exp60_132_IS17593";"Exp60_132_IS17593";NA;"2023-10-04 08:31:00";75341,2
"889697";"27:7:1";"Exp60_132_IS17593";"Exp60_132_IS17593";NA;"2023-10-04 08:47:00";75322,7
"889698";"27:7:1";"Exp60_132_IS17593";"Exp60_132_IS17593";NA;"2023-10-04 09:01:00";75303
"889699";"27:7:1";"Exp60_132_IS17593";"Exp60_132_IS17593";NA;"2023-10-04 09:17:00";75278,3
"889700";"27:7:1";"Exp60_132_IS17593";"Exp60_132_IS17593";NA;"2023-10-04 09:31:00";75254,5
"889701";"27:7:1";"Exp60_132_IS17593";"Exp60_132_IS17593";NA;"2023-10-04 09:47:00";75233,1
"889702";"27:7:1";"Exp60_132_IS17593";"Exp60_132_IS17593";NA;"2023-10-04 10:01:00";75205,2
"889703";"27:7:1";"Exp60_132_IS17593";"Exp60_132_IS17593";NA;"2023-10-04 10:17:00";75173,2
"889704";"27:7:1";"Exp60_132_IS17593";"Exp60_132_IS17593";NA;"2023-10-04 10:31:00";75149,9
"889705";"27:7:1";"Exp60_132_IS17593";"Exp60_132_IS17593";NA;"2023-10-04 10:47:00";75117,7
"889706";"27:7:1";"Exp60_132_IS17593";"Exp60_132_IS17593";NA;"2023-10-04 11:01:00";75095,7
"889707";"27:7:1";"Exp60_132_IS17593";"Exp60_132_IS17593";NA;"2023-10-04 11:17:00";75071,4
"889708";"27:7:1";"Exp60_132_IS17593";"Exp60_132_IS17593";NA;"2023-10-04 11:31:00";75053,1
"889709";"27:7:1";"Exp60_132_IS17593";"Exp60_132_IS17593";NA;"2023-10-04 11:47:00";75036
"889710";"27:7:1";"Exp60_132_IS17593";"Exp60_132_IS17593";NA;"2023-10-04 12:01:00";75004
"889711";"27:7:1";"Exp60_132_IS17593";"Exp60_132_IS17593";NA;"2023-10-04 12:32:00";74946,9
"889712";"27:7:1";"Exp60_132_IS17593";"Exp60_132_IS17593";NA;"2023-10-04 12:46:00";74920,1
"889713";"27:7:1";"Exp60_132_IS17593";"Exp60_132_IS17593";NA;"2023-10-04 13:02:00";74892,7
"889714";"27:7:1";"Exp60_132_IS17593";"Exp60_132_IS17593";NA;"2023-10-04 13:16:00";74863,4
"889715";"27:7:1";"Exp60_132_IS17593";"Exp60_132_IS17593";NA;"2023-10-04 13:32:00";74831,1
"889716";"27:7:1";"Exp60_132_IS17593";"Exp60_132_IS17593";NA;"2023-10-04 13:46:00";74815,6
"889717";"27:7:1";"Exp60_132_IS17593";"Exp60_132_IS17593";NA;"2023-10-04 21:01:00";74604,5
"889718";"27:7:1";"Exp60_132_IS17593";"Exp60_132_IS17593";NA;"2023-10-05 03:31:00";74620,2
"889719";"27:7:1";"Exp60_132_IS17593";"Exp60_132_IS17593";NA;"2023-10-05 03:47:00";74620,8
"889720";"27:7:1";"Exp60_132_IS17593";"Exp60_132_IS17593";NA;"2023-10-05 04:01:00";74621,7
"889721";"27:7:1";"Exp60_132_IS17593";"Exp60_132_IS17593";NA;"2023-10-05 04:17:00";74622,9
"889722";"27:7:1";"Exp60_132_IS17593";"Exp60_132_IS17593";NA;"2023-10-05 04:31:00";74622,6
"889723";"27:7:1";"Exp60_132_IS17593";"Exp60_132_IS17593";NA;"2023-10-05 04:47:00";74624,2
"889724";"27:7:1";"Exp60_132_IS17593";"Exp60_132_IS17593";NA;"2023-10-05 05:01:00";74625,7
"889725";"27:7:1";"Exp60_132_IS17593";"Exp60_132_IS17593";NA;"2023-10-05 05:17:00";74627,8
"889726";"27:7:1";"Exp60_132_IS17593";"Exp60_132_IS17593";NA;"2023-10-05 05:31:00";74629,1
"889727";"27:7:1";"Exp60_132_IS17593";"Exp60_132_IS17593";NA;"2023-10-05 05:47:00";74632
"889728";"27:7:1";"Exp60_132_IS17593";"Exp60_132_IS17593";NA;"2023-10-05 06:01:00";74632,8
"889729";"27:7:1";"Exp60_132_IS17593";"Exp60_132_IS17593";NA;"2023-10-05 06:17:00";74633,2
"889730";"27:7:1";"Exp60_132_IS17593";"Exp60_132_IS17593";NA;"2023-10-05 06:31:00";74634,7
"889731";"27:7:1";"Exp60_132_IS17593";"Exp60_132_IS17593";NA;"2023-10-05 06:47:00";74633
"889732";"27:7:1";"Exp60_132_IS17593";"Exp60_132_IS17593";NA;"2023-10-05 07:01:00";74629,8
"889733";"27:7:1";"Exp60_132_IS17593";"Exp60_132_IS17593";NA;"2023-10-05 07:17:00";74624,5
"889734";"27:7:1";"Exp60_132_IS17593";"Exp60_132_IS17593";NA;"2023-10-05 07:31:00";74617,6
"889735";"27:7:1";"Exp60_132_IS17593";"Exp60_132_IS17593";NA;"2023-10-05 07:47:00";74609,3
"889736";"27:7:1";"Exp60_132_IS17593";"Exp60_132_IS17593";NA;"2023-10-05 08:01:00";74599,9
"889737";"27:7:1";"Exp60_132_IS17593";"Exp60_132_IS17593";NA;"2023-10-05 08:17:00";74587,8
"889738";"27:7:1";"Exp60_132_IS17593";"Exp60_132_IS17593";NA;"2023-10-05 08:31:00";74570
"889739";"27:7:1";"Exp60_132_IS17593";"Exp60_132_IS17593";NA;"2023-10-05 08:47:00";74549,8
"889740";"27:7:1";"Exp60_132_IS17593";"Exp60_132_IS17593";NA;"2023-10-05 09:01:00";74529,3
"889741";"27:7:1";"Exp60_132_IS17593";"Exp60_132_IS17593";NA;"2023-10-05 09:17:00";74507,7
"889742";"27:7:1";"Exp60_132_IS17593";"Exp60_132_IS17593";NA;"2023-10-05 09:31:00";74486,5
"889743";"27:7:1";"Exp60_132_IS17593";"Exp60_132_IS17593";NA;"2023-10-05 09:47:00";74460,8
"889744";"27:7:1";"Exp60_132_IS17593";"Exp60_132_IS17593";NA;"2023-10-05 10:01:00";74443,7
"889745";"27:7:1";"Exp60_132_IS17593";"Exp60_132_IS17593";NA;"2023-10-05 10:17:00";74416,4
"889746";"27:7:1";"Exp60_132_IS17593";"Exp60_132_IS17593";NA;"2023-10-05 10:31:00";74398,7
"889747";"27:7:1";"Exp60_132_IS17593";"Exp60_132_IS17593";NA;"2023-10-05 10:47:00";74371,3
"889748";"27:7:1";"Exp60_132_IS17593";"Exp60_132_IS17593";NA;"2023-10-05 11:01:00";74343,1
"889749";"27:7:1";"Exp60_132_IS17593";"Exp60_132_IS17593";NA;"2023-10-05 11:17:00";74362,3
"889750";"27:7:1";"Exp60_132_IS17593";"Exp60_132_IS17593";NA;"2023-10-05 11:31:00";74323,2
"889751";"27:7:1";"Exp60_132_IS17593";"Exp60_132_IS17593";NA;"2023-10-05 11:47:00";74300,1
"889752";"27:7:1";"Exp60_132_IS17593";"Exp60_132_IS17593";NA;"2023-10-05 12:01:00";74264,1
"889753";"27:7:1";"Exp60_132_IS17593";"Exp60_132_IS17593";NA;"2023-10-05 18:01:00";73800,7
"889754";"27:7:1";"Exp60_132_IS17593";"Exp60_132_IS17593";NA;"2023-10-05 18:17:00";73800,9
"889755";"27:7:1";"Exp60_132_IS17593";"Exp60_132_IS17593";NA;"2023-10-05 18:31:00";73802,2
"889756";"27:7:1";"Exp60_132_IS17593";"Exp60_132_IS17593";NA;"2023-10-06 00:31:00";73826,6
"889757";"27:7:1";"Exp60_132_IS17593";"Exp60_132_IS17593";NA;"2023-10-06 00:47:00";73826,4
"889758";"27:7:1";"Exp60_132_IS17593";"Exp60_132_IS17593";NA;"2023-10-06 01:01:00";73827,3
"889759";"27:7:1";"Exp60_132_IS17593";"Exp60_132_IS17593";NA;"2023-10-06 01:17:00";73828
"889760";"27:7:1";"Exp60_132_IS17593";"Exp60_132_IS17593";NA;"2023-10-06 01:31:00";73827,3
"889761";"27:7:1";"Exp60_132_IS17593";"Exp60_132_IS17593";NA;"2023-10-06 01:47:00";73830,6
"889762";"27:7:1";"Exp60_132_IS17593";"Exp60_132_IS17593";NA;"2023-10-06 02:01:00";73831,3
"889763";"27:7:1";"Exp60_132_IS17593";"Exp60_132_IS17593";NA;"2023-10-06 02:17:00";73830,6
"889764";"27:7:1";"Exp60_132_IS17593";"Exp60_132_IS17593";NA;"2023-10-06 02:31:00";73831,2
"889765";"27:7:1";"Exp60_132_IS17593";"Exp60_132_IS17593";NA;"2023-10-06 02:47:00";73832,3
"889766";"27:7:1";"Exp60_132_IS17593";"Exp60_132_IS17593";NA;"2023-10-06 03:16:00";73831,5
"889767";"27:7:1";"Exp60_132_IS17593";"Exp60_132_IS17593";NA;"2023-10-06 03:32:00";73831,8
"889768";"27:7:1";"Exp60_132_IS17593";"Exp60_132_IS17593";NA;"2023-10-06 03:46:00";73829,9
"889769";"27:7:1";"Exp60_132_IS17593";"Exp60_132_IS17593";NA;"2023-10-06 10:46:00";73613,5
"889770";"27:7:1";"Exp60_132_IS17593";"Exp60_132_IS17593";NA;"2023-10-06 11:02:00";73597,2
"889771";"27:7:1";"Exp60_132_IS17593";"Exp60_132_IS17593";NA;"2023-10-06 11:16:00";73590,7
"889772";"27:7:1";"Exp60_132_IS17593";"Exp60_132_IS17593";NA;"2023-10-06 11:47:00";73536,3
"889773";"27:7:1";"Exp60_132_IS17593";"Exp60_132_IS17593";NA;"2023-10-06 12:01:00";73516,8
"889774";"27:7:1";"Exp60_132_IS17593";"Exp60_132_IS17593";NA;"2023-10-06 20:01:00";74961,2
"889775";"27:7:1";"Exp60_132_IS17593";"Exp60_132_IS17593";NA;"2023-10-06 20:17:00";74962,2
"889776";"27:7:1";"Exp60_132_IS17593";"Exp60_132_IS17593";NA;"2023-10-06 20:31:00";74961,2
"889777";"27:7:1";"Exp60_132_IS17593";"Exp60_132_IS17593";NA;"2023-10-07 03:01:00";74973,2
"889778";"27:7:1";"Exp60_132_IS17593";"Exp60_132_IS17593";NA;"2023-10-07 03:17:00";74972,9
"889779";"27:7:1";"Exp60_132_IS17593";"Exp60_132_IS17593";NA;"2023-10-07 03:31:00";74975,9
"889780";"27:7:1";"Exp60_132_IS17593";"Exp60_132_IS17593";NA;"2023-10-07 03:47:00";74976,6
"889781";"27:7:1";"Exp60_132_IS17593";"Exp60_132_IS17593";NA;"2023-10-07 04:01:00";74976,6
"889782";"27:7:1";"Exp60_132_IS17593";"Exp60_132_IS17593";NA;"2023-10-07 11:01:00";74677,5
"889783";"27:7:1";"Exp60_132_IS17593";"Exp60_132_IS17593";NA;"2023-10-07 11:17:00";74653,8
"889784";"27:7:1";"Exp60_132_IS17593";"Exp60_132_IS17593";NA;"2023-10-07 11:31:00";74635
"889785";"27:7:1";"Exp60_132_IS17593";"Exp60_132_IS17593";NA;"2023-10-07 11:47:00";74598,2
"889786";"27:7:1";"Exp60_132_IS17593";"Exp60_132_IS17593";NA;"2023-10-07 12:01:00";74573,9
"889787";"27:7:1";"Exp60_132_IS17593";"Exp60_132_IS17593";NA;"2023-10-07 12:47:00";74475
"889788";"27:7:1";"Exp60_132_IS17593";"Exp60_132_IS17593";NA;"2023-10-07 13:01:00";74449,2
"889789";"27:7:1";"Exp60_132_IS17593";"Exp60_132_IS17593";NA;"2023-10-07 13:17:00";74412,9
"889790";"27:7:1";"Exp60_132_IS17593";"Exp60_132_IS17593";NA;"2023-10-07 13:31:00";74382,3
"889791";"27:7:1";"Exp60_132_IS17593";"Exp60_132_IS17593";NA;"2023-10-07 13:47:00";74348,4
"889792";"27:7:1";"Exp60_132_IS17593";"Exp60_132_IS17593";NA;"2023-10-07 14:01:00";74319,5
"889793";"27:7:1";"Exp60_132_IS17593";"Exp60_132_IS17593";NA;"2023-10-07 14:17:00";74287,8
"889794";"27:7:1";"Exp60_132_IS17593";"Exp60_132_IS17593";NA;"2023-10-07 14:31:00";74274,8
"889795";"27:7:1";"Exp60_132_IS17593";"Exp60_132_IS17593";NA;"2023-10-07 20:46:00";74124,9
"889796";"27:7:1";"Exp60_132_IS17593";"Exp60_132_IS17593";NA;"2023-10-07 21:02:00";74127,4
"889797";"27:7:1";"Exp60_132_IS17593";"Exp60_132_IS17593";NA;"2023-10-07 21:16:00";74127,8
"889798";"27:7:1";"Exp60_132_IS17593";"Exp60_132_IS17593";NA;"2023-10-07 21:32:00";74128,3
"889799";"27:7:1";"Exp60_132_IS17593";"Exp60_132_IS17593";NA;"2023-10-07 21:46:00";74128
"889800";"27:7:1";"Exp60_132_IS17593";"Exp60_132_IS17593";NA;"2023-10-07 22:02:00";74127
"889801";"27:7:1";"Exp60_132_IS17593";"Exp60_132_IS17593";NA;"2023-10-07 22:16:00";74127,2
"889802";"27:7:1";"Exp60_132_IS17593";"Exp60_132_IS17593";NA;"2023-10-07 22:32:00";74128,1
"889803";"27:7:1";"Exp60_132_IS17593";"Exp60_132_IS17593";NA;"2023-10-07 22:46:00";74127,1
"889804";"27:7:1";"Exp60_132_IS17593";"Exp60_132_IS17593";NA;"2023-10-07 23:02:00";74126
"889805";"27:7:1";"Exp60_132_IS17593";"Exp60_132_IS17593";NA;"2023-10-07 23:16:00";74126,9
"889806";"27:7:1";"Exp60_132_IS17593";"Exp60_132_IS17593";NA;"2023-10-07 23:32:00";74127
"889807";"27:7:1";"Exp60_132_IS17593";"Exp60_132_IS17593";NA;"2023-10-07 23:46:00";74127,9
"889808";"27:7:1";"Exp60_132_IS17593";"Exp60_132_IS17593";NA;"2023-10-08 00:02:00";74128,1
"889809";"27:7:1";"Exp60_132_IS17593";"Exp60_132_IS17593";NA;"2023-10-08 00:16:00";74128,7
"889810";"27:7:1";"Exp60_132_IS17593";"Exp60_132_IS17593";NA;"2023-10-08 00:32:00";74131,9
"889811";"27:7:1";"Exp60_132_IS17593";"Exp60_132_IS17593";NA;"2023-10-08 00:46:00";74130,8
"889812";"27:7:1";"Exp60_132_IS17593";"Exp60_132_IS17593";NA;"2023-10-08 01:02:00";74131,5
"889813";"27:7:1";"Exp60_132_IS17593";"Exp60_132_IS17593";NA;"2023-10-08 01:16:00";74132,4
"889814";"27:7:1";"Exp60_132_IS17593";"Exp60_132_IS17593";NA;"2023-10-08 01:32:00";74131,9
"889815";"27:7:1";"Exp60_132_IS17593";"Exp60_132_IS17593";NA;"2023-10-08 01:46:00";74131
"889816";"27:7:1";"Exp60_132_IS17593";"Exp60_132_IS17593";NA;"2023-10-08 02:02:00";74133,3
"889817";"27:7:1";"Exp60_132_IS17593";"Exp60_132_IS17593";NA;"2023-10-08 02:16:00";74135,7
"889818";"27:7:1";"Exp60_132_IS17593";"Exp60_132_IS17593";NA;"2023-10-08 02:32:00";74136,1
"889819";"27:7:1";"Exp60_132_IS17593";"Exp60_132_IS17593";NA;"2023-10-08 02:46:00";74136,8
"889820";"27:7:1";"Exp60_132_IS17593";"Exp60_132_IS17593";NA;"2023-10-08 03:02:00";74137,1
"889821";"27:7:1";"Exp60_132_IS17593";"Exp60_132_IS17593";NA;"2023-10-08 03:16:00";74137,9
"889822";"27:7:1";"Exp60_132_IS17593";"Exp60_132_IS17593";NA;"2023-10-08 03:32:00";74137,9
"889823";"27:7:1";"Exp60_132_IS17593";"Exp60_132_IS17593";NA;"2023-10-08 03:46:00";74136,7
"889824";"27:7:1";"Exp60_132_IS17593";"Exp60_132_IS17593";NA;"2023-10-08 04:02:00";74137,4
"889825";"27:7:1";"Exp60_132_IS17593";"Exp60_132_IS17593";NA;"2023-10-08 04:16:00";74138
"889826";"27:7:1";"Exp60_132_IS17593";"Exp60_132_IS17593";NA;"2023-10-08 04:32:00";74139,1
"889827";"27:7:1";"Exp60_132_IS17593";"Exp60_132_IS17593";NA;"2023-10-08 04:46:00";74139
"889828";"27:7:1";"Exp60_132_IS17593";"Exp60_132_IS17593";NA;"2023-10-08 05:02:00";74137,3
"889829";"27:7:1";"Exp60_132_IS17593";"Exp60_132_IS17593";NA;"2023-10-08 05:16:00";74137,2
"889830";"27:7:1";"Exp60_132_IS17593";"Exp60_132_IS17593";NA;"2023-10-08 05:32:00";74135,4
"889831";"27:7:1";"Exp60_132_IS17593";"Exp60_132_IS17593";NA;"2023-10-08 05:46:00";74136,5
"889832";"27:7:1";"Exp60_132_IS17593";"Exp60_132_IS17593";NA;"2023-10-08 06:02:00";74136,7
"889833";"27:7:1";"Exp60_132_IS17593";"Exp60_132_IS17593";NA;"2023-10-08 06:16:00";74136,3
"889834";"27:7:1";"Exp60_132_IS17593";"Exp60_132_IS17593";NA;"2023-10-08 06:32:00";74136,1
"889835";"27:7:1";"Exp60_132_IS17593";"Exp60_132_IS17593";NA;"2023-10-08 06:46:00";74136,4
"889836";"27:7:1";"Exp60_132_IS17593";"Exp60_132_IS17593";NA;"2023-10-08 07:02:00";74136,8
"889837";"27:7:1";"Exp60_132_IS17593";"Exp60_132_IS17593";NA;"2023-10-08 07:16:00";74134,7
"889838";"27:7:1";"Exp60_132_IS17593";"Exp60_132_IS17593";NA;"2023-10-08 07:32:00";74131,4
"889839";"27:7:1";"Exp60_132_IS17593";"Exp60_132_IS17593";NA;"2023-10-08 07:46:00";74125,5
"889840";"27:7:1";"Exp60_132_IS17593";"Exp60_132_IS17593";NA;"2023-10-08 08:02:00";74117,4
"889841";"27:7:1";"Exp60_132_IS17593";"Exp60_132_IS17593";NA;"2023-10-08 08:16:00";74108,2
"889842";"27:7:1";"Exp60_132_IS17593";"Exp60_132_IS17593";NA;"2023-10-08 08:32:00";74096,8
"889843";"27:7:1";"Exp60_132_IS17593";"Exp60_132_IS17593";NA;"2023-10-08 08:46:00";74084,2
"889844";"27:7:1";"Exp60_132_IS17593";"Exp60_132_IS17593";NA;"2023-10-08 09:02:00";74057,8
"889845";"27:7:1";"Exp60_132_IS17593";"Exp60_132_IS17593";NA;"2023-10-08 09:16:00";74034,9
"889846";"27:7:1";"Exp60_132_IS17593";"Exp60_132_IS17593";NA;"2023-10-08 09:32:00";74009,6
"889847";"27:7:1";"Exp60_132_IS17593";"Exp60_132_IS17593";NA;"2023-10-08 09:46:00";73989,1
"889848";"27:7:1";"Exp60_132_IS17593";"Exp60_132_IS17593";NA;"2023-10-08 10:32:00";73904,9
"889849";"27:7:1";"Exp60_132_IS17593";"Exp60_132_IS17593";NA;"2023-10-08 10:46:00";73872,3
"889850";"27:7:1";"Exp60_132_IS17593";"Exp60_132_IS17593";NA;"2023-10-08 11:17:00";73824
"889851";"27:7:1";"Exp60_132_IS17593";"Exp60_132_IS17593";NA;"2023-10-08 11:31:00";73797,1
"889852";"27:7:1";"Exp60_132_IS17593";"Exp60_132_IS17593";NA;"2023-10-08 12:02:00";73724,9
"889853";"27:7:1";"Exp60_132_IS17593";"Exp60_132_IS17593";NA;"2023-10-08 12:16:00";73700,7
"889854";"27:7:1";"Exp60_132_IS17593";"Exp60_132_IS17593";NA;"2023-10-08 12:32:00";73664,6
"889855";"27:7:1";"Exp60_132_IS17593";"Exp60_132_IS17593";NA;"2023-10-08 12:46:00";73649,2
"889856";"27:7:1";"Exp60_132_IS17593";"Exp60_132_IS17593";NA;"2023-10-08 13:02:00";73597,4
"889857";"27:7:1";"Exp60_132_IS17593";"Exp60_132_IS17593";NA;"2023-10-08 13:16:00";73571,6
"889858";"27:7:1";"Exp60_132_IS17593";"Exp60_132_IS17593";NA;"2023-10-08 13:47:00";73513
"889859";"27:7:1";"Exp60_132_IS17593";"Exp60_132_IS17593";NA;"2023-10-08 14:01:00";73495,6
"889860";"27:7:1";"Exp60_132_IS17593";"Exp60_132_IS17593";NA;"2023-10-08 14:17:00";73470,2
"889861";"27:7:1";"Exp60_132_IS17593";"Exp60_132_IS17593";NA;"2023-10-08 14:31:00";73447,1
"889862";"27:7:1";"Exp60_132_IS17593";"Exp60_132_IS17593";NA;"2023-10-08 14:47:00";73425,6
"889863";"27:7:1";"Exp60_132_IS17593";"Exp60_132_IS17593";NA;"2023-10-08 15:01:00";73398
"889864";"27:7:1";"Exp60_132_IS17593";"Exp60_132_IS17593";NA;"2023-10-08 22:46:00";73307,1
"889865";"27:7:1";"Exp60_132_IS17593";"Exp60_132_IS17593";NA;"2023-10-08 23:02:00";73308,7
"889866";"27:7:1";"Exp60_132_IS17593";"Exp60_132_IS17593";NA;"2023-10-08 23:16:00";73309,8
"889867";"27:7:1";"Exp60_132_IS17593";"Exp60_132_IS17593";NA;"2023-10-08 23:32:00";73310,5
"889868";"27:7:1";"Exp60_132_IS17593";"Exp60_132_IS17593";NA;"2023-10-08 23:46:00";73311,1
"889869";"27:7:1";"Exp60_132_IS17593";"Exp60_132_IS17593";NA;"2023-10-09 00:02:00";73312,6
"889870";"27:7:1";"Exp60_132_IS17593";"Exp60_132_IS17593";NA;"2023-10-09 00:16:00";73309,1
"889871";"27:7:1";"Exp60_132_IS17593";"Exp60_132_IS17593";NA;"2023-10-09 00:32:00";73310,8
"889872";"27:7:1";"Exp60_132_IS17593";"Exp60_132_IS17593";NA;"2023-10-09 00:46:00";73314,8
"889873";"27:7:1";"Exp60_132_IS17593";"Exp60_132_IS17593";NA;"2023-10-09 01:02:00";73318
"889874";"27:7:1";"Exp60_132_IS17593";"Exp60_132_IS17593";NA;"2023-10-09 01:16:00";73317,7
"889875";"27:7:1";"Exp60_132_IS17593";"Exp60_132_IS17593";NA;"2023-10-09 01:32:00";73320,7
"889876";"27:7:1";"Exp60_132_IS17593";"Exp60_132_IS17593";NA;"2023-10-09 01:46:00";73320,5
"889877";"27:7:1";"Exp60_132_IS17593";"Exp60_132_IS17593";NA;"2023-10-09 02:02:00";73320,2
"889878";"27:7:1";"Exp60_132_IS17593";"Exp60_132_IS17593";NA;"2023-10-09 02:16:00";73319,3
"889879";"27:7:1";"Exp60_132_IS17593";"Exp60_132_IS17593";NA;"2023-10-09 02:32:00";73319,7
"889880";"27:7:1";"Exp60_132_IS17593";"Exp60_132_IS17593";NA;"2023-10-09 02:46:00";73319,3
"889881";"27:7:1";"Exp60_132_IS17593";"Exp60_132_IS17593";NA;"2023-10-09 03:02:00";73317,9
"889882";"27:7:1";"Exp60_132_IS17593";"Exp60_132_IS17593";NA;"2023-10-09 03:16:00";73319,7
"889883";"27:7:1";"Exp60_132_IS17593";"Exp60_132_IS17593";NA;"2023-10-09 03:32:00";73324,4
"889884";"27:7:1";"Exp60_132_IS17593";"Exp60_132_IS17593";NA;"2023-10-09 03:46:00";73322,6
"889885";"27:7:1";"Exp60_132_IS17593";"Exp60_132_IS17593";NA;"2023-10-09 04:17:00";73324,1
"889886";"27:7:1";"Exp60_132_IS17593";"Exp60_132_IS17593";NA;"2023-10-09 04:31:00";73324,9
"889887";"27:7:1";"Exp60_132_IS17593";"Exp60_132_IS17593";NA;"2023-10-09 04:47:00";73325,5
"889888";"27:7:1";"Exp60_132_IS17593";"Exp60_132_IS17593";NA;"2023-10-09 05:01:00";73325,4
"889889";"27:7:1";"Exp60_132_IS17593";"Exp60_132_IS17593";NA;"2023-10-09 05:17:00";73325,8
"889890";"27:7:1";"Exp60_132_IS17593";"Exp60_132_IS17593";NA;"2023-10-09 05:31:00";73327,2
"889891";"27:7:1";"Exp60_132_IS17593";"Exp60_132_IS17593";NA;"2023-10-09 05:47:00";73328,9
"889892";"27:7:1";"Exp60_132_IS17593";"Exp60_132_IS17593";NA;"2023-10-09 06:01:00";73326,3
"889893";"27:7:1";"Exp60_132_IS17593";"Exp60_132_IS17593";NA;"2023-10-09 06:17:00";73327,2
"889894";"27:7:1";"Exp60_132_IS17593";"Exp60_132_IS17593";NA;"2023-10-09 06:31:00";73327,1
"889895";"27:7:1";"Exp60_132_IS17593";"Exp60_132_IS17593";NA;"2023-10-09 06:47:00";73325,5
"889896";"27:7:1";"Exp60_132_IS17593";"Exp60_132_IS17593";NA;"2023-10-09 07:01:00";73324,1
"889897";"27:7:1";"Exp60_132_IS17593";"Exp60_132_IS17593";NA;"2023-10-09 07:17:00";73318,8
"889898";"27:7:1";"Exp60_132_IS17593";"Exp60_132_IS17593";NA;"2023-10-09 07:31:00";73317,4
"889899";"27:7:1";"Exp60_132_IS17593";"Exp60_132_IS17593";NA;"2023-10-09 07:47:00";73313,5
"889900";"27:7:1";"Exp60_132_IS17593";"Exp60_132_IS17593";NA;"2023-10-09 08:01:00";73305
"889901";"27:7:1";"Exp60_132_IS17593";"Exp60_132_IS17593";NA;"2023-10-09 08:17:00";73294,2
"889902";"27:7:1";"Exp60_132_IS17593";"Exp60_132_IS17593";NA;"2023-10-09 08:31:00";73282,1
"889903";"27:7:1";"Exp60_132_IS17593";"Exp60_132_IS17593";NA;"2023-10-09 08:47:00";73268,6
"889904";"27:7:1";"Exp60_132_IS17593";"Exp60_132_IS17593";NA;"2023-10-09 09:01:00";73254,3
"889905";"27:7:1";"Exp60_132_IS17593";"Exp60_132_IS17593";NA;"2023-10-09 09:17:00";73230
"889906";"27:7:1";"Exp60_132_IS17593";"Exp60_132_IS17593";NA;"2023-10-09 09:31:00";73205,3
"889907";"27:7:1";"Exp60_132_IS17593";"Exp60_132_IS17593";NA;"2023-10-09 10:32:00";73097,5
"889908";"27:7:1";"Exp60_132_IS17593";"Exp60_132_IS17593";NA;"2023-10-09 10:46:00";73078,2
"889909";"27:7:1";"Exp60_132_IS17593";"Exp60_132_IS17593";NA;"2023-10-09 11:02:00";73061,1
"889910";"27:7:1";"Exp60_132_IS17593";"Exp60_132_IS17593";NA;"2023-10-09 11:16:00";73035,4
"889911";"27:7:1";"Exp60_132_IS17593";"Exp60_132_IS17593";NA;"2023-10-09 11:47:00";72976,8
"889912";"27:7:1";"Exp60_132_IS17593";"Exp60_132_IS17593";NA;"2023-10-09 12:01:00";72946,8
"889913";"27:7:1";"Exp60_132_IS17593";"Exp60_132_IS17593";NA;"2023-10-09 12:17:00";72906,6
"889914";"27:7:1";"Exp60_132_IS17593";"Exp60_132_IS17593";NA;"2023-10-09 12:31:00";72883
"889915";"27:7:1";"Exp60_132_IS17593";"Exp60_132_IS17593";NA;"2023-10-09 12:47:00";72850,4
"889916";"27:7:1";"Exp60_132_IS17593";"Exp60_132_IS17593";NA;"2023-10-09 13:01:00";72826
"889917";"27:7:1";"Exp60_132_IS17593";"Exp60_132_IS17593";NA;"2023-10-09 13:32:00";72771,3
"889918";"27:7:1";"Exp60_132_IS17593";"Exp60_132_IS17593";NA;"2023-10-09 13:46:00";72751,3
"889919";"27:7:1";"Exp60_132_IS17593";"Exp60_132_IS17593";NA;"2023-10-09 14:02:00";72727,2
"889920";"27:7:1";"Exp60_132_IS17593";"Exp60_132_IS17593";NA;"2023-10-09 14:16:00";72717,9
"889921";"27:7:1";"Exp60_132_IS17593";"Exp60_132_IS17593";NA;"2023-10-09 20:16:00";72567,6
"889922";"27:7:1";"Exp60_132_IS17593";"Exp60_132_IS17593";NA;"2023-10-09 20:32:00";72569,5
"889923";"27:7:1";"Exp60_132_IS17593";"Exp60_132_IS17593";NA;"2023-10-09 20:46:00";72573,2
"889924";"27:7:1";"Exp60_132_IS17593";"Exp60_132_IS17593";NA;"2023-10-09 21:02:00";72575,7
"889925";"27:7:1";"Exp60_132_IS17593";"Exp60_132_IS17593";NA;"2023-10-09 21:16:00";72577,6
"889926";"27:7:1";"Exp60_132_IS17593";"Exp60_132_IS17593";NA;"2023-10-09 21:32:00";72577,4
"889927";"27:7:1";"Exp60_132_IS17593";"Exp60_132_IS17593";NA;"2023-10-09 21:46:00";72577,1
"889928";"27:7:1";"Exp60_132_IS17593";"Exp60_132_IS17593";NA;"2023-10-09 22:32:00";72578,4
"889929";"27:7:1";"Exp60_132_IS17593";"Exp60_132_IS17593";NA;"2023-10-09 22:46:00";72578,9
"889930";"27:7:1";"Exp60_132_IS17593";"Exp60_132_IS17593";NA;"2023-10-09 23:17:00";72584,4
"889931";"27:7:1";"Exp60_132_IS17593";"Exp60_132_IS17593";NA;"2023-10-09 23:31:00";72585,4
"889932";"27:7:1";"Exp60_132_IS17593";"Exp60_132_IS17593";NA;"2023-10-09 23:47:00";72587,2
"889933";"27:7:1";"Exp60_132_IS17593";"Exp60_132_IS17593";NA;"2023-10-10 00:16:00";72592
"889934";"27:7:1";"Exp60_132_IS17593";"Exp60_132_IS17593";NA;"2023-10-10 00:47:00";72591,7
"889935";"27:7:1";"Exp60_132_IS17593";"Exp60_132_IS17593";NA;"2023-10-10 01:01:00";72590,4
"889936";"27:7:1";"Exp60_132_IS17593";"Exp60_132_IS17593";NA;"2023-10-10 01:17:00";72590
"889937";"27:7:1";"Exp60_132_IS17593";"Exp60_132_IS17593";NA;"2023-10-10 01:31:00";72591,1
"889938";"27:7:1";"Exp60_132_IS17593";"Exp60_132_IS17593";NA;"2023-10-10 01:47:00";72592,2
"889939";"27:7:1";"Exp60_132_IS17593";"Exp60_132_IS17593";NA;"2023-10-10 02:01:00";72594,4
"889940";"27:7:1";"Exp60_132_IS17593";"Exp60_132_IS17593";NA;"2023-10-10 02:17:00";72594,6
"889941";"27:7:1";"Exp60_132_IS17593";"Exp60_132_IS17593";NA;"2023-10-10 02:31:00";72594,7
"889942";"27:7:1";"Exp60_132_IS17593";"Exp60_132_IS17593";NA;"2023-10-10 02:47:00";72594
"889943";"27:7:1";"Exp60_132_IS17593";"Exp60_132_IS17593";NA;"2023-10-10 03:01:00";72594,1
"889944";"27:7:1";"Exp60_132_IS17593";"Exp60_132_IS17593";NA;"2023-10-10 03:17:00";72594
"889945";"27:7:1";"Exp60_132_IS17593";"Exp60_132_IS17593";NA;"2023-10-10 03:31:00";72596,7
"889946";"27:7:1";"Exp60_132_IS17593";"Exp60_132_IS17593";NA;"2023-10-10 03:47:00";72597,4
"889947";"27:7:1";"Exp60_132_IS17593";"Exp60_132_IS17593";NA;"2023-10-10 04:01:00";72598,4
"889948";"27:7:1";"Exp60_132_IS17593";"Exp60_132_IS17593";NA;"2023-10-10 04:17:00";72597,5
"889949";"27:7:1";"Exp60_132_IS17593";"Exp60_132_IS17593";NA;"2023-10-10 04:31:00";72599,6
"889950";"27:7:1";"Exp60_132_IS17593";"Exp60_132_IS17593";NA;"2023-10-10 04:47:00";72600
"889951";"27:7:1";"Exp60_132_IS17593";"Exp60_132_IS17593";NA;"2023-10-10 05:01:00";72598,8
"889952";"27:7:1";"Exp60_132_IS17593";"Exp60_132_IS17593";NA;"2023-10-10 05:17:00";72600,7
"889953";"27:7:1";"Exp60_132_IS17593";"Exp60_132_IS17593";NA;"2023-10-10 05:31:00";72602,2
"889954";"27:7:1";"Exp60_132_IS17593";"Exp60_132_IS17593";NA;"2023-10-10 05:47:00";72602,8
"889955";"27:7:1";"Exp60_132_IS17593";"Exp60_132_IS17593";NA;"2023-10-10 06:01:00";72603,8
"889956";"27:7:1";"Exp60_132_IS17593";"Exp60_132_IS17593";NA;"2023-10-10 06:17:00";72603,7
"889957";"27:7:1";"Exp60_132_IS17593";"Exp60_132_IS17593";NA;"2023-10-10 06:46:00";72605,8
"889958";"27:7:1";"Exp60_132_IS17593";"Exp60_132_IS17593";NA;"2023-10-10 07:17:00";72601,9
"889959";"27:7:1";"Exp60_132_IS17593";"Exp60_132_IS17593";NA;"2023-10-10 07:31:00";72599,8
"889960";"27:7:1";"Exp60_132_IS17593";"Exp60_132_IS17593";NA;"2023-10-10 08:02:00";72585,4
"889961";"27:7:1";"Exp60_132_IS17593";"Exp60_132_IS17593";NA;"2023-10-10 08:16:00";72576,4
"889962";"27:7:1";"Exp60_132_IS17593";"Exp60_132_IS17593";NA;"2023-10-10 08:32:00";72566,2
"889963";"27:7:1";"Exp60_132_IS17593";"Exp60_132_IS17593";NA;"2023-10-10 08:46:00";72554,1
"889964";"27:7:1";"Exp60_132_IS17593";"Exp60_132_IS17593";NA;"2023-10-10 09:02:00";72536,8
"889965";"27:7:1";"Exp60_132_IS17593";"Exp60_132_IS17593";NA;"2023-10-10 09:16:00";72515,1
"889966";"27:7:1";"Exp60_132_IS17593";"Exp60_132_IS17593";NA;"2023-10-10 09:32:00";72494,5
"889967";"27:7:1";"Exp60_132_IS17593";"Exp60_132_IS17593";NA;"2023-10-10 09:46:00";72465,9
"889968";"27:7:1";"Exp60_132_IS17593";"Exp60_132_IS17593";NA;"2023-10-10 10:02:00";72436
"889969";"27:7:1";"Exp60_132_IS17593";"Exp60_132_IS17593";NA;"2023-10-10 10:16:00";72407,5
"889970";"27:7:1";"Exp60_132_IS17593";"Exp60_132_IS17593";NA;"2023-10-10 10:32:00";72375,4
"889971";"27:7:1";"Exp60_132_IS17593";"Exp60_132_IS17593";NA;"2023-10-10 10:46:00";72351,8
"889972";"27:7:1";"Exp60_132_IS17593";"Exp60_132_IS17593";NA;"2023-10-10 11:02:00";72336,1
"889973";"27:7:1";"Exp60_132_IS17593";"Exp60_132_IS17593";NA;"2023-10-10 11:16:00";72311,6
"889974";"27:7:1";"Exp60_132_IS17593";"Exp60_132_IS17593";NA;"2023-10-10 15:46:00";71968,8
"889975";"27:7:1";"Exp60_132_IS17593";"Exp60_132_IS17593";NA;"2023-10-10 18:01:00";73973,9
"889976";"27:7:1";"Exp60_132_IS17593";"Exp60_132_IS17593";NA;"2023-10-10 18:17:00";73977,3
"889977";"27:7:1";"Exp60_132_IS17593";"Exp60_132_IS17593";NA;"2023-10-10 18:31:00";73976
"889978";"27:7:1";"Exp60_132_IS17593";"Exp60_132_IS17593";NA;"2023-10-10 18:47:00";73975,6
"889979";"27:7:1";"Exp60_132_IS17593";"Exp60_132_IS17593";NA;"2023-10-10 19:01:00";73974,5
"889980";"27:7:1";"Exp60_132_IS17593";"Exp60_132_IS17593";NA;"2023-10-10 19:17:00";73972,3
"889981";"27:7:1";"Exp60_132_IS17593";"Exp60_132_IS17593";NA;"2023-10-10 19:31:00";73972,3
"889982";"27:7:1";"Exp60_132_IS17593";"Exp60_132_IS17593";NA;"2023-10-10 19:47:00";73972,4
"889983";"27:7:1";"Exp60_132_IS17593";"Exp60_132_IS17593";NA;"2023-10-10 20:01:00";73971,1
"889984";"27:7:1";"Exp60_132_IS17593";"Exp60_132_IS17593";NA;"2023-10-10 20:17:00";73970,6
"889985";"27:7:1";"Exp60_132_IS17593";"Exp60_132_IS17593";NA;"2023-10-10 20:31:00";73971
"889986";"27:7:1";"Exp60_132_IS17593";"Exp60_132_IS17593";NA;"2023-10-10 20:47:00";73971,3
"889987";"27:7:1";"Exp60_132_IS17593";"Exp60_132_IS17593";NA;"2023-10-10 21:01:00";73971,5
"889988";"27:7:1";"Exp60_132_IS17593";"Exp60_132_IS17593";NA;"2023-10-10 21:17:00";73967,9
"889989";"27:7:1";"Exp60_132_IS17593";"Exp60_132_IS17593";NA;"2023-10-10 21:31:00";73966,7
"889990";"27:7:1";"Exp60_132_IS17593";"Exp60_132_IS17593";NA;"2023-10-10 21:47:00";73965
"889991";"27:7:1";"Exp60_132_IS17593";"Exp60_132_IS17593";NA;"2023-10-10 22:01:00";73964,6
"889992";"27:7:1";"Exp60_132_IS17593";"Exp60_132_IS17593";NA;"2023-10-10 22:32:00";73965,4
"889993";"27:7:1";"Exp60_132_IS17593";"Exp60_132_IS17593";NA;"2023-10-10 22:46:00";73966,6
"889994";"27:7:1";"Exp60_132_IS17593";"Exp60_132_IS17593";NA;"2023-10-10 23:02:00";73967,9
"889995";"27:7:1";"Exp60_132_IS17593";"Exp60_132_IS17593";NA;"2023-10-10 23:16:00";73967,6
"889996";"27:7:1";"Exp60_132_IS17593";"Exp60_132_IS17593";NA;"2023-10-10 23:32:00";73968,2
"889997";"27:7:1";"Exp60_132_IS17593";"Exp60_132_IS17593";NA;"2023-10-10 23:46:00";73969,8
"889998";"27:7:1";"Exp60_132_IS17593";"Exp60_132_IS17593";NA;"2023-10-11 00:02:00";73969,3
"889999";"27:7:1";"Exp60_132_IS17593";"Exp60_132_IS17593";NA;"2023-10-11 00:16:00";73970,2
"890000";"27:7:1";"Exp60_132_IS17593";"Exp60_132_IS17593";NA;"2023-10-11 00:32:00";73970,2
"890001";"27:7:1";"Exp60_132_IS17593";"Exp60_132_IS17593";NA;"2023-10-11 00:46:00";73969,3
"890002";"27:7:1";"Exp60_132_IS17593";"Exp60_132_IS17593";NA;"2023-10-11 06:31:00";73980,2
"890003";"27:7:1";"Exp60_132_IS17593";"Exp60_132_IS17593";NA;"2023-10-11 07:17:00";73975,3
"890004";"27:7:1";"Exp60_132_IS17593";"Exp60_132_IS17593";NA;"2023-10-11 07:31:00";73976
"890005";"27:7:1";"Exp60_132_IS17593";"Exp60_132_IS17593";NA;"2023-10-11 07:47:00";73969,3
"890006";"27:7:1";"Exp60_132_IS17593";"Exp60_132_IS17593";NA;"2023-10-11 08:01:00";73965,9
"890007";"27:7:1";"Exp60_132_IS17593";"Exp60_132_IS17593";NA;"2023-10-11 08:17:00";73950,2
"890008";"27:7:1";"Exp60_132_IS17593";"Exp60_132_IS17593";NA;"2023-10-11 08:31:00";73936
"890009";"27:7:1";"Exp60_132_IS17593";"Exp60_132_IS17593";NA;"2023-10-11 08:47:00";73915,1
"890010";"27:7:1";"Exp60_132_IS17593";"Exp60_132_IS17593";NA;"2023-10-11 09:01:00";73896,3
"890011";"27:7:1";"Exp60_132_IS17593";"Exp60_132_IS17593";NA;"2023-10-11 16:16:00";73166
"890012";"27:7:1";"Exp60_132_IS17593";"Exp60_132_IS17593";NA;"2023-10-11 16:32:00";73164,1
"890013";"27:7:1";"Exp60_132_IS17593";"Exp60_132_IS17593";NA;"2023-10-11 16:46:00";73154,7
"890014";"27:7:1";"Exp60_132_IS17593";"Exp60_132_IS17593";NA;"2023-10-11 17:02:00";73144,6
"890015";"27:7:1";"Exp60_132_IS17593";"Exp60_132_IS17593";NA;"2023-10-11 17:16:00";73143,4
"890016";"27:7:1";"Exp60_132_IS17593";"Exp60_132_IS17593";NA;"2023-10-11 17:32:00";73137,7
"890017";"27:7:1";"Exp60_132_IS17593";"Exp60_132_IS17593";NA;"2023-10-11 17:46:00";73136,5
"890018";"27:7:1";"Exp60_132_IS17593";"Exp60_132_IS17593";NA;"2023-10-11 18:02:00";73133,9
"890019";"27:7:1";"Exp60_132_IS17593";"Exp60_132_IS17593";NA;"2023-10-11 18:16:00";73136,5
"890020";"27:7:1";"Exp60_132_IS17593";"Exp60_132_IS17593";NA;"2023-10-11 18:32:00";73134,5
"890021";"27:7:1";"Exp60_132_IS17593";"Exp60_132_IS17593";NA;"2023-10-11 18:46:00";73136
"890022";"27:7:1";"Exp60_132_IS17593";"Exp60_132_IS17593";NA;"2023-10-11 19:02:00";73137,8
"890023";"27:7:1";"Exp60_132_IS17593";"Exp60_132_IS17593";NA;"2023-10-11 19:16:00";73138,3
"890024";"27:7:1";"Exp60_132_IS17593";"Exp60_132_IS17593";NA;"2023-10-11 19:32:00";73140,9
"890025";"27:7:1";"Exp60_132_IS17593";"Exp60_132_IS17593";NA;"2023-10-11 19:46:00";73141,4
"890026";"27:7:1";"Exp60_132_IS17593";"Exp60_132_IS17593";NA;"2023-10-11 20:02:00";73142,1
"890027";"27:7:1";"Exp60_132_IS17593";"Exp60_132_IS17593";NA;"2023-10-11 20:46:00";73142,8
"890028";"27:7:1";"Exp60_132_IS17593";"Exp60_132_IS17593";NA;"2023-10-11 21:02:00";73142,1
"890029";"27:7:1";"Exp60_132_IS17593";"Exp60_132_IS17593";NA;"2023-10-11 21:16:00";73143,8
"890030";"27:7:1";"Exp60_132_IS17593";"Exp60_132_IS17593";NA;"2023-10-11 21:32:00";73144,2
"890031";"27:7:1";"Exp60_132_IS17593";"Exp60_132_IS17593";NA;"2023-10-11 21:46:00";73142
"890032";"27:7:1";"Exp60_132_IS17593";"Exp60_132_IS17593";NA;"2023-10-11 22:17:00";73142,1
"890033";"27:7:1";"Exp60_132_IS17593";"Exp60_132_IS17593";NA;"2023-10-11 22:31:00";73140,6
"890034";"27:7:1";"Exp60_132_IS17593";"Exp60_132_IS17593";NA;"2023-10-11 22:47:00";73140,1
"890035";"27:7:1";"Exp60_132_IS17593";"Exp60_132_IS17593";NA;"2023-10-11 23:01:00";73139,8
"890036";"27:7:1";"Exp60_132_IS17593";"Exp60_132_IS17593";NA;"2023-10-11 23:17:00";73139,7
"890037";"27:7:1";"Exp60_132_IS17593";"Exp60_132_IS17593";NA;"2023-10-11 23:31:00";73139,7
"890038";"27:7:1";"Exp60_132_IS17593";"Exp60_132_IS17593";NA;"2023-10-11 23:47:00";73140,1
"890039";"27:7:1";"Exp60_132_IS17593";"Exp60_132_IS17593";NA;"2023-10-12 00:01:00";73142,1
"890040";"27:7:1";"Exp60_132_IS17593";"Exp60_132_IS17593";NA;"2023-10-12 00:17:00";73142,4
"890041";"27:7:1";"Exp60_132_IS17593";"Exp60_132_IS17593";NA;"2023-10-12 00:31:00";73144,4
"890042";"27:7:1";"Exp60_132_IS17593";"Exp60_132_IS17593";NA;"2023-10-12 00:47:00";73143,2
"890043";"27:7:1";"Exp60_132_IS17593";"Exp60_132_IS17593";NA;"2023-10-12 01:01:00";73144
"890044";"27:7:1";"Exp60_132_IS17593";"Exp60_132_IS17593";NA;"2023-10-12 01:17:00";73145,5
"890045";"27:7:1";"Exp60_132_IS17593";"Exp60_132_IS17593";NA;"2023-10-12 01:31:00";73144,1
"890046";"27:7:1";"Exp60_132_IS17593";"Exp60_132_IS17593";NA;"2023-10-12 01:47:00";73145,6
"890047";"27:7:1";"Exp60_132_IS17593";"Exp60_132_IS17593";NA;"2023-10-12 02:01:00";73146,6
"890048";"27:7:1";"Exp60_132_IS17593";"Exp60_132_IS17593";NA;"2023-10-12 02:17:00";73146,3
"890049";"27:7:1";"Exp60_132_IS17593";"Exp60_132_IS17593";NA;"2023-10-12 02:31:00";73150,1
"890050";"27:7:1";"Exp60_132_IS17593";"Exp60_132_IS17593";NA;"2023-10-12 02:47:00";73154,7
"890051";"27:7:1";"Exp60_132_IS17593";"Exp60_132_IS17593";NA;"2023-10-12 03:01:00";73156
"890052";"27:7:1";"Exp60_132_IS17593";"Exp60_132_IS17593";NA;"2023-10-12 03:17:00";73156,8
"890053";"27:7:1";"Exp60_132_IS17593";"Exp60_132_IS17593";NA;"2023-10-12 03:31:00";73158,1
"890054";"27:7:1";"Exp60_132_IS17593";"Exp60_132_IS17593";NA;"2023-10-12 03:47:00";73156,9
"890055";"27:7:1";"Exp60_132_IS17593";"Exp60_132_IS17593";NA;"2023-10-12 04:01:00";73157,8
"890056";"27:7:1";"Exp60_132_IS17593";"Exp60_132_IS17593";NA;"2023-10-12 04:17:00";73156,4
"890057";"27:7:1";"Exp60_132_IS17593";"Exp60_132_IS17593";NA;"2023-10-12 04:31:00";73155,8
"890058";"27:7:1";"Exp60_132_IS17593";"Exp60_132_IS17593";NA;"2023-10-12 04:47:00";73154,4
"890059";"27:7:1";"Exp60_132_IS17593";"Exp60_132_IS17593";NA;"2023-10-12 05:01:00";73154,6
"890060";"27:7:1";"Exp60_132_IS17593";"Exp60_132_IS17593";NA;"2023-10-12 05:32:00";73152,1
"890061";"27:7:1";"Exp60_132_IS17593";"Exp60_132_IS17593";NA;"2023-10-12 05:46:00";73153,1
"890062";"27:7:1";"Exp60_132_IS17593";"Exp60_132_IS17593";NA;"2023-10-12 06:02:00";73154,4
"890063";"27:7:1";"Exp60_132_IS17593";"Exp60_132_IS17593";NA;"2023-10-12 06:16:00";73156,5
"890064";"27:7:1";"Exp60_132_IS17593";"Exp60_132_IS17593";NA;"2023-10-12 06:47:00";73155,1
"890065";"27:7:1";"Exp60_132_IS17593";"Exp60_132_IS17593";NA;"2023-10-12 07:01:00";73153,4
"890066";"27:7:1";"Exp60_132_IS17593";"Exp60_132_IS17593";NA;"2023-10-12 07:17:00";73153,4
"890067";"27:7:1";"Exp60_132_IS17593";"Exp60_132_IS17593";NA;"2023-10-12 07:31:00";73151,8
"890068";"27:7:1";"Exp60_132_IS17593";"Exp60_132_IS17593";NA;"2023-10-12 07:47:00";73146,5
"890069";"27:7:1";"Exp60_132_IS17593";"Exp60_132_IS17593";NA;"2023-10-12 08:01:00";73137,9
"890070";"27:7:1";"Exp60_132_IS17593";"Exp60_132_IS17593";NA;"2023-10-12 08:17:00";73124,7
"890071";"27:7:1";"Exp60_132_IS17593";"Exp60_132_IS17593";NA;"2023-10-12 08:31:00";73112,7
"890072";"27:7:1";"Exp60_132_IS17593";"Exp60_132_IS17593";NA;"2023-10-12 08:47:00";73095,2
"890073";"27:7:1";"Exp60_132_IS17593";"Exp60_132_IS17593";NA;"2023-10-12 09:01:00";73073,5
"890074";"27:7:1";"Exp60_132_IS17593";"Exp60_132_IS17593";NA;"2023-10-12 09:17:00";73043,3
"890075";"27:7:1";"Exp60_132_IS17593";"Exp60_132_IS17593";NA;"2023-10-12 09:31:00";73026
"890076";"27:7:1";"Exp60_132_IS17593";"Exp60_132_IS17593";NA;"2023-10-12 09:47:00";72998,1
"890077";"27:7:1";"Exp60_132_IS17593";"Exp60_132_IS17593";NA;"2023-10-12 10:01:00";72972,1
"890078";"27:7:1";"Exp60_132_IS17593";"Exp60_132_IS17593";NA;"2023-10-12 15:01:00";72455,4
"890079";"27:7:1";"Exp60_132_IS17593";"Exp60_132_IS17593";NA;"2023-10-12 15:17:00";72426,6
"890080";"27:7:1";"Exp60_132_IS17593";"Exp60_132_IS17593";NA;"2023-10-12 15:31:00";72404,1
"890081";"27:7:1";"Exp60_132_IS17593";"Exp60_132_IS17593";NA;"2023-10-12 15:47:00";72387,8
"890082";"27:7:1";"Exp60_132_IS17593";"Exp60_132_IS17593";NA;"2023-10-12 16:01:00";72377,3
"890083";"27:7:1";"Exp60_132_IS17593";"Exp60_132_IS17593";NA;"2023-10-12 16:17:00";72371,4
"890084";"27:7:1";"Exp60_132_IS17593";"Exp60_132_IS17593";NA;"2023-10-12 16:31:00";72354,9
"890085";"27:7:1";"Exp60_132_IS17593";"Exp60_132_IS17593";NA;"2023-10-12 16:47:00";72350,6
"890086";"27:7:1";"Exp60_132_IS17593";"Exp60_132_IS17593";NA;"2023-10-12 17:01:00";72335,8
"890087";"27:7:1";"Exp60_132_IS17593";"Exp60_132_IS17593";NA;"2023-10-12 17:17:00";72334,7
"890088";"27:7:1";"Exp60_132_IS17593";"Exp60_132_IS17593";NA;"2023-10-12 17:31:00";72335,8
"890089";"27:7:1";"Exp60_132_IS17593";"Exp60_132_IS17593";NA;"2023-10-12 17:47:00";72334,3
"890090";"27:7:1";"Exp60_132_IS17593";"Exp60_132_IS17593";NA;"2023-10-12 18:01:00";72335,2
"890091";"27:7:1";"Exp60_132_IS17593";"Exp60_132_IS17593";NA;"2023-10-12 18:17:00";72332,9
"890092";"27:7:1";"Exp60_132_IS17593";"Exp60_132_IS17593";NA;"2023-10-12 18:31:00";72332,8
"890093";"27:7:1";"Exp60_132_IS17593";"Exp60_132_IS17593";NA;"2023-10-12 18:47:00";72335,3
"890094";"27:7:1";"Exp60_132_IS17593";"Exp60_132_IS17593";NA;"2023-10-12 19:01:00";72335,5
"890095";"27:7:1";"Exp60_132_IS17593";"Exp60_132_IS17593";NA;"2023-10-12 19:17:00";72335,3
"890096";"27:7:1";"Exp60_132_IS17593";"Exp60_132_IS17593";NA;"2023-10-12 19:31:00";72335,9
"890097";"27:7:1";"Exp60_132_IS17593";"Exp60_132_IS17593";NA;"2023-10-12 20:02:00";72335,8
"890098";"27:7:1";"Exp60_132_IS17593";"Exp60_132_IS17593";NA;"2023-10-12 20:16:00";72337,1
"890099";"27:7:1";"Exp60_132_IS17593";"Exp60_132_IS17593";NA;"2023-10-13 03:16:00";72373,1
"890100";"27:7:1";"Exp60_132_IS17593";"Exp60_132_IS17593";NA;"2023-10-13 03:32:00";72372,5
"890101";"27:7:1";"Exp60_132_IS17593";"Exp60_132_IS17593";NA;"2023-10-13 03:46:00";72374,4
"890102";"27:7:1";"Exp60_132_IS17593";"Exp60_132_IS17593";NA;"2023-10-13 04:02:00";72374,6
"890103";"27:7:1";"Exp60_132_IS17593";"Exp60_132_IS17593";NA;"2023-10-13 04:16:00";72376,7
"890104";"27:7:1";"Exp60_132_IS17593";"Exp60_132_IS17593";NA;"2023-10-13 04:32:00";72376
"890105";"27:7:1";"Exp60_132_IS17593";"Exp60_132_IS17593";NA;"2023-10-13 04:46:00";72376,7
"890106";"27:7:1";"Exp60_132_IS17593";"Exp60_132_IS17593";NA;"2023-10-13 05:02:00";72377,6
"890107";"27:7:1";"Exp60_132_IS17593";"Exp60_132_IS17593";NA;"2023-10-13 05:16:00";72378,5
"890108";"27:7:1";"Exp60_132_IS17593";"Exp60_132_IS17593";NA;"2023-10-13 05:32:00";72380,3
"890109";"27:7:1";"Exp60_132_IS17593";"Exp60_132_IS17593";NA;"2023-10-13 05:46:00";72380,9
"890110";"27:7:1";"Exp60_132_IS17593";"Exp60_132_IS17593";NA;"2023-10-13 06:02:00";72382,5
"890111";"27:7:1";"Exp60_132_IS17593";"Exp60_132_IS17593";NA;"2023-10-13 06:16:00";72383,2
"890112";"27:7:1";"Exp60_132_IS17593";"Exp60_132_IS17593";NA;"2023-10-13 06:32:00";72382,8
"890113";"27:7:1";"Exp60_132_IS17593";"Exp60_132_IS17593";NA;"2023-10-13 06:46:00";72379,4
"890114";"27:7:1";"Exp60_132_IS17593";"Exp60_132_IS17593";NA;"2023-10-13 12:46:00";71952,5
"890115";"27:7:1";"Exp60_132_IS17593";"Exp60_132_IS17593";NA;"2023-10-13 13:02:00";71914,9
"890116";"27:7:1";"Exp60_132_IS17593";"Exp60_132_IS17593";NA;"2023-10-13 13:16:00";71895,1
"890117";"27:7:1";"Exp60_132_IS17593";"Exp60_132_IS17593";NA;"2023-10-13 13:32:00";71867,9
"890118";"27:7:1";"Exp60_132_IS17593";"Exp60_132_IS17593";NA;"2023-10-13 13:46:00";71854,3
"890119";"27:7:1";"Exp60_132_IS17593";"Exp60_132_IS17593";NA;"2023-10-13 19:46:00";76138
"890120";"27:7:1";"Exp60_132_IS17593";"Exp60_132_IS17593";NA;"2023-10-13 20:02:00";76109,1
"890121";"27:7:1";"Exp60_132_IS17593";"Exp60_132_IS17593";NA;"2023-10-13 20:16:00";76085,9
"890122";"27:7:1";"Exp60_132_IS17593";"Exp60_132_IS17593";NA;"2023-10-13 20:32:00";76061,6
"890123";"27:7:1";"Exp60_132_IS17593";"Exp60_132_IS17593";NA;"2023-10-13 20:46:00";76040,1
"890124";"27:7:1";"Exp60_132_IS17593";"Exp60_132_IS17593";NA;"2023-10-13 21:02:00";76022,4
"890125";"27:7:1";"Exp60_132_IS17593";"Exp60_132_IS17593";NA;"2023-10-13 21:16:00";76005,4
"890126";"27:7:1";"Exp60_132_IS17593";"Exp60_132_IS17593";NA;"2023-10-13 21:32:00";75990,3
"890127";"27:7:1";"Exp60_132_IS17593";"Exp60_132_IS17593";NA;"2023-10-13 21:46:00";75977,5
"890128";"27:7:1";"Exp60_132_IS17593";"Exp60_132_IS17593";NA;"2023-10-13 22:02:00";75964,8
"890129";"27:7:1";"Exp60_132_IS17593";"Exp60_132_IS17593";NA;"2023-10-13 22:16:00";75954
"890130";"27:7:1";"Exp60_132_IS17593";"Exp60_132_IS17593";NA;"2023-10-13 22:32:00";75940,7
"890131";"27:7:1";"Exp60_132_IS17593";"Exp60_132_IS17593";NA;"2023-10-13 22:46:00";75931,6
"890132";"27:7:1";"Exp60_132_IS17593";"Exp60_132_IS17593";NA;"2023-10-13 23:02:00";75922,7
"890133";"27:7:1";"Exp60_132_IS17593";"Exp60_132_IS17593";NA;"2023-10-13 23:16:00";75914
"890134";"27:7:1";"Exp60_132_IS17593";"Exp60_132_IS17593";NA;"2023-10-13 23:47:00";75903,4
"890135";"27:7:1";"Exp60_132_IS17593";"Exp60_132_IS17593";NA;"2023-10-14 00:01:00";75898,7
"890136";"27:7:1";"Exp60_132_IS17593";"Exp60_132_IS17593";NA;"2023-10-14 00:17:00";75896
"890137";"27:7:1";"Exp60_132_IS17593";"Exp60_132_IS17593";NA;"2023-10-14 00:31:00";75893
"890138";"27:7:1";"Exp60_132_IS17593";"Exp60_132_IS17593";NA;"2023-10-14 00:47:00";75889
"890139";"27:7:1";"Exp60_132_IS17593";"Exp60_132_IS17593";NA;"2023-10-14 01:01:00";75885,6
"890140";"27:7:1";"Exp60_132_IS17593";"Exp60_132_IS17593";NA;"2023-10-14 01:17:00";75882,5
"890141";"27:7:1";"Exp60_132_IS17593";"Exp60_132_IS17593";NA;"2023-10-14 01:31:00";75881,1
"890142";"27:7:1";"Exp60_132_IS17593";"Exp60_132_IS17593";NA;"2023-10-14 01:47:00";75878
"890143";"27:7:1";"Exp60_132_IS17593";"Exp60_132_IS17593";NA;"2023-10-14 02:01:00";75875,4
"890144";"27:7:1";"Exp60_132_IS17593";"Exp60_132_IS17593";NA;"2023-10-14 02:17:00";75872,2
"890145";"27:7:1";"Exp60_132_IS17593";"Exp60_132_IS17593";NA;"2023-10-14 02:31:00";75871
"890146";"27:7:1";"Exp60_132_IS17593";"Exp60_132_IS17593";NA;"2023-10-14 02:47:00";75869,8
"890147";"27:7:1";"Exp60_132_IS17593";"Exp60_132_IS17593";NA;"2023-10-14 03:01:00";75867
"890148";"27:7:1";"Exp60_132_IS17593";"Exp60_132_IS17593";NA;"2023-10-14 03:17:00";75864,7
"890149";"27:7:1";"Exp60_132_IS17593";"Exp60_132_IS17593";NA;"2023-10-14 03:31:00";75862,6
"890150";"27:7:1";"Exp60_132_IS17593";"Exp60_132_IS17593";NA;"2023-10-14 04:17:00";75859
"890151";"27:7:1";"Exp60_132_IS17593";"Exp60_132_IS17593";NA;"2023-10-14 04:31:00";75856,5
"890152";"27:7:1";"Exp60_132_IS17593";"Exp60_132_IS17593";NA;"2023-10-14 04:47:00";75854,7
"890153";"27:7:1";"Exp60_132_IS17593";"Exp60_132_IS17593";NA;"2023-10-14 05:01:00";75854,4
"890154";"27:7:1";"Exp60_132_IS17593";"Exp60_132_IS17593";NA;"2023-10-14 05:17:00";75855
"890155";"27:7:1";"Exp60_132_IS17593";"Exp60_132_IS17593";NA;"2023-10-14 05:31:00";75853,9
"890156";"27:7:1";"Exp60_132_IS17593";"Exp60_132_IS17593";NA;"2023-10-14 05:47:00";75853
"890157";"27:7:1";"Exp60_132_IS17593";"Exp60_132_IS17593";NA;"2023-10-14 06:01:00";75853,4
"890158";"27:7:1";"Exp60_132_IS17593";"Exp60_132_IS17593";NA;"2023-10-14 06:17:00";75852,5
"890159";"27:7:1";"Exp60_132_IS17593";"Exp60_132_IS17593";NA;"2023-10-14 06:31:00";75851,2
"890160";"27:7:1";"Exp60_132_IS17593";"Exp60_132_IS17593";NA;"2023-10-14 07:02:00";75848,5
"890161";"27:7:1";"Exp60_132_IS17593";"Exp60_132_IS17593";NA;"2023-10-14 07:16:00";75846,7
"890162";"27:7:1";"Exp60_132_IS17593";"Exp60_132_IS17593";NA;"2023-10-14 07:32:00";75843,1
"890163";"27:7:1";"Exp60_132_IS17593";"Exp60_132_IS17593";NA;"2023-10-14 08:16:00";75824,9
"890164";"27:7:1";"Exp60_132_IS17593";"Exp60_132_IS17593";NA;"2023-10-14 08:32:00";75811,6
"890165";"27:7:1";"Exp60_132_IS17593";"Exp60_132_IS17593";NA;"2023-10-14 08:46:00";75795,6
"890166";"27:7:1";"Exp60_132_IS17593";"Exp60_132_IS17593";NA;"2023-10-14 09:02:00";75769,1
"890167";"27:7:1";"Exp60_132_IS17593";"Exp60_132_IS17593";NA;"2023-10-14 09:16:00";75751,2
"890168";"27:7:1";"Exp60_132_IS17593";"Exp60_132_IS17593";NA;"2023-10-14 09:32:00";75702,5
"890169";"27:7:1";"Exp60_132_IS17593";"Exp60_132_IS17593";NA;"2023-10-14 09:46:00";75670,3
"890170";"27:7:1";"Exp60_132_IS17593";"Exp60_132_IS17593";NA;"2023-10-14 10:02:00";75634,9
"890171";"27:7:1";"Exp60_132_IS17593";"Exp60_132_IS17593";NA;"2023-10-14 10:16:00";75600,7
"890172";"27:7:1";"Exp60_132_IS17593";"Exp60_132_IS17593";NA;"2023-10-14 10:32:00";75578,5
"890173";"27:7:1";"Exp60_132_IS17593";"Exp60_132_IS17593";NA;"2023-10-14 10:46:00";75538,3
"890174";"27:7:1";"Exp60_132_IS17593";"Exp60_132_IS17593";NA;"2023-10-14 11:02:00";75504,6
"890175";"27:7:1";"Exp60_132_IS17593";"Exp60_132_IS17593";NA;"2023-10-14 11:16:00";75459,3
"890176";"27:7:1";"Exp60_132_IS17593";"Exp60_132_IS17593";NA;"2023-10-14 11:32:00";75415,9
"890177";"27:7:1";"Exp60_132_IS17593";"Exp60_132_IS17593";NA;"2023-10-14 11:46:00";75373,5
"890178";"27:7:1";"Exp60_132_IS17593";"Exp60_132_IS17593";NA;"2023-10-14 12:02:00";75342,6
"890179";"27:7:1";"Exp60_132_IS17593";"Exp60_132_IS17593";NA;"2023-10-14 12:16:00";75305,7
"890180";"27:7:1";"Exp60_132_IS17593";"Exp60_132_IS17593";NA;"2023-10-14 12:32:00";75268,1
"890181";"27:7:1";"Exp60_132_IS17593";"Exp60_132_IS17593";NA;"2023-10-14 12:46:00";75238,4
"890182";"27:7:1";"Exp60_132_IS17593";"Exp60_132_IS17593";NA;"2023-10-14 13:02:00";75210,1
"890183";"27:7:1";"Exp60_132_IS17593";"Exp60_132_IS17593";NA;"2023-10-14 13:16:00";75171,2
"890184";"27:7:1";"Exp60_132_IS17593";"Exp60_132_IS17593";NA;"2023-10-14 13:32:00";75149,6
"890185";"27:7:1";"Exp60_132_IS17593";"Exp60_132_IS17593";NA;"2023-10-14 13:46:00";75117,7
"890186";"27:7:1";"Exp60_132_IS17593";"Exp60_132_IS17593";NA;"2023-10-14 19:31:00";74828,9
"890187";"27:7:1";"Exp60_132_IS17593";"Exp60_132_IS17593";NA;"2023-10-15 02:01:00";74818,5
"890188";"27:7:1";"Exp60_132_IS17593";"Exp60_132_IS17593";NA;"2023-10-15 02:17:00";74817,4
"890189";"27:7:1";"Exp60_132_IS17593";"Exp60_132_IS17593";NA;"2023-10-15 02:31:00";74816,1
"890190";"27:7:1";"Exp60_132_IS17593";"Exp60_132_IS17593";NA;"2023-10-15 02:47:00";74815,1
"890191";"27:7:1";"Exp60_132_IS17593";"Exp60_132_IS17593";NA;"2023-10-15 03:01:00";74814,9
"890192";"27:7:1";"Exp60_132_IS17593";"Exp60_132_IS17593";NA;"2023-10-15 03:17:00";74815,1
"890193";"27:7:1";"Exp60_132_IS17593";"Exp60_132_IS17593";NA;"2023-10-15 03:31:00";74816,1
"890194";"27:7:1";"Exp60_132_IS17593";"Exp60_132_IS17593";NA;"2023-10-15 03:47:00";74816
"890195";"27:7:1";"Exp60_132_IS17593";"Exp60_132_IS17593";NA;"2023-10-15 04:01:00";74815,2
"890196";"27:7:1";"Exp60_132_IS17593";"Exp60_132_IS17593";NA;"2023-10-15 04:32:00";74814,7
"890197";"27:7:1";"Exp60_132_IS17593";"Exp60_132_IS17593";NA;"2023-10-15 04:46:00";74812,7
"890198";"27:7:1";"Exp60_132_IS17593";"Exp60_132_IS17593";NA;"2023-10-15 05:32:00";74810,9
"890199";"27:7:1";"Exp60_132_IS17593";"Exp60_132_IS17593";NA;"2023-10-15 05:46:00";74811,5
"890200";"27:7:1";"Exp60_132_IS17593";"Exp60_132_IS17593";NA;"2023-10-15 06:17:00";74810,6
"890201";"27:7:1";"Exp60_132_IS17593";"Exp60_132_IS17593";NA;"2023-10-15 06:31:00";74810,8
"890202";"27:7:1";"Exp60_132_IS17593";"Exp60_132_IS17593";NA;"2023-10-15 07:02:00";74810,7
"890203";"27:7:1";"Exp60_132_IS17593";"Exp60_132_IS17593";NA;"2023-10-15 07:16:00";74808,8
"890204";"27:7:1";"Exp60_132_IS17593";"Exp60_132_IS17593";NA;"2023-10-15 07:32:00";74807,2
"890205";"27:7:1";"Exp60_132_IS17593";"Exp60_132_IS17593";NA;"2023-10-15 07:46:00";74803,5
"890206";"27:7:1";"Exp60_132_IS17593";"Exp60_132_IS17593";NA;"2023-10-15 08:17:00";74791,8
"890207";"27:7:1";"Exp60_132_IS17593";"Exp60_132_IS17593";NA;"2023-10-15 08:31:00";74780,9
"890208";"27:7:1";"Exp60_132_IS17593";"Exp60_132_IS17593";NA;"2023-10-15 08:47:00";74768,6
"890209";"27:7:1";"Exp60_132_IS17593";"Exp60_132_IS17593";NA;"2023-10-15 09:01:00";74755,2
"890210";"27:7:1";"Exp60_132_IS17593";"Exp60_132_IS17593";NA;"2023-10-15 09:17:00";74736
"890211";"27:7:1";"Exp60_132_IS17593";"Exp60_132_IS17593";NA;"2023-10-15 09:31:00";74719,9
"890212";"27:7:1";"Exp60_132_IS17593";"Exp60_132_IS17593";NA;"2023-10-15 09:47:00";74701
"890213";"27:7:1";"Exp60_132_IS17593";"Exp60_132_IS17593";NA;"2023-10-15 10:01:00";74672,5
"890214";"27:7:1";"Exp60_132_IS17593";"Exp60_132_IS17593";NA;"2023-10-15 10:17:00";74645,6
"890215";"27:7:1";"Exp60_132_IS17593";"Exp60_132_IS17593";NA;"2023-10-15 10:31:00";74621,3
"890216";"27:7:1";"Exp60_132_IS17593";"Exp60_132_IS17593";NA;"2023-10-15 10:47:00";74604,5
"890217";"27:7:1";"Exp60_132_IS17593";"Exp60_132_IS17593";NA;"2023-10-15 11:01:00";74582,4
"890218";"27:7:1";"Exp60_132_IS17593";"Exp60_132_IS17593";NA;"2023-10-15 18:01:00";74070,5
"890219";"27:7:1";"Exp60_132_IS17593";"Exp60_132_IS17593";NA;"2023-10-15 18:17:00";74070,8
"890220";"27:7:1";"Exp60_132_IS17593";"Exp60_132_IS17593";NA;"2023-10-15 18:31:00";74069,5
"890221";"27:7:1";"Exp60_132_IS17593";"Exp60_132_IS17593";NA;"2023-10-15 18:47:00";74068,5
"890222";"27:7:1";"Exp60_132_IS17593";"Exp60_132_IS17593";NA;"2023-10-15 19:01:00";74068,9
"890223";"27:7:1";"Exp60_132_IS17593";"Exp60_132_IS17593";NA;"2023-10-15 19:17:00";74067,3
"890224";"27:7:1";"Exp60_132_IS17593";"Exp60_132_IS17593";NA;"2023-10-15 19:31:00";74067,2
"890225";"27:7:1";"Exp60_132_IS17593";"Exp60_132_IS17593";NA;"2023-10-16 03:46:00";74083,3
"890226";"27:7:1";"Exp60_132_IS17593";"Exp60_132_IS17593";NA;"2023-10-16 04:02:00";74083,8
"890227";"27:7:1";"Exp60_132_IS17593";"Exp60_132_IS17593";NA;"2023-10-16 04:16:00";74086,3
"890228";"27:7:1";"Exp60_132_IS17593";"Exp60_132_IS17593";NA;"2023-10-16 04:32:00";74088,1
"890229";"27:7:1";"Exp60_132_IS17593";"Exp60_132_IS17593";NA;"2023-10-16 04:46:00";74088,5
"890230";"27:7:1";"Exp60_132_IS17593";"Exp60_132_IS17593";NA;"2023-10-16 05:02:00";74088,8
"890231";"27:7:1";"Exp60_132_IS17593";"Exp60_132_IS17593";NA;"2023-10-16 05:16:00";74088,1
"890232";"27:7:1";"Exp60_132_IS17593";"Exp60_132_IS17593";NA;"2023-10-16 05:32:00";74088,9
"890233";"27:7:1";"Exp60_132_IS17593";"Exp60_132_IS17593";NA;"2023-10-16 05:46:00";74088,2
"890234";"27:7:1";"Exp60_132_IS17593";"Exp60_132_IS17593";NA;"2023-10-16 06:02:00";74090,2
"890235";"27:7:1";"Exp60_132_IS17593";"Exp60_132_IS17593";NA;"2023-10-16 06:16:00";74090,4
"890236";"27:7:1";"Exp60_132_IS17593";"Exp60_132_IS17593";NA;"2023-10-16 06:32:00";74090,4
"890237";"27:7:1";"Exp60_132_IS17593";"Exp60_132_IS17593";NA;"2023-10-16 06:46:00";74089,5
"890238";"27:7:1";"Exp60_132_IS17593";"Exp60_132_IS17593";NA;"2023-10-16 07:02:00";74089,5
"890239";"27:7:1";"Exp60_132_IS17593";"Exp60_132_IS17593";NA;"2023-10-16 07:16:00";74089,4
"890240";"27:7:1";"Exp60_132_IS17593";"Exp60_132_IS17593";NA;"2023-10-16 07:47:00";74083,5
"890241";"27:7:1";"Exp60_132_IS17593";"Exp60_132_IS17593";NA;"2023-10-16 08:01:00";74078,8
"890242";"27:7:1";"Exp60_132_IS17593";"Exp60_132_IS17593";NA;"2023-10-16 08:17:00";74072,8
"890243";"27:7:1";"Exp60_132_IS17593";"Exp60_132_IS17593";NA;"2023-10-16 08:31:00";74064,8
"890244";"27:7:1";"Exp60_132_IS17593";"Exp60_132_IS17593";NA;"2023-10-16 08:47:00";74054,7
"890245";"27:7:1";"Exp60_132_IS17593";"Exp60_132_IS17593";NA;"2023-10-16 09:01:00";74046
"890246";"27:7:1";"Exp60_132_IS17593";"Exp60_132_IS17593";NA;"2023-10-16 09:17:00";74024,1
"890247";"27:7:1";"Exp60_132_IS17593";"Exp60_132_IS17593";NA;"2023-10-16 09:31:00";74011,6
"890248";"27:7:1";"Exp60_132_IS17593";"Exp60_132_IS17593";NA;"2023-10-16 09:47:00";73967,3
"890249";"27:7:1";"Exp60_132_IS17593";"Exp60_132_IS17593";NA;"2023-10-16 10:01:00";73962,8
"890250";"27:7:1";"Exp60_132_IS17593";"Exp60_132_IS17593";NA;"2023-10-16 10:17:00";73934,9
"890251";"27:7:1";"Exp60_132_IS17593";"Exp60_132_IS17593";NA;"2023-10-16 10:31:00";73930,2
"890252";"27:7:1";"Exp60_132_IS17593";"Exp60_132_IS17593";NA;"2023-10-16 10:47:00";73892,8
"890253";"27:7:1";"Exp60_132_IS17593";"Exp60_132_IS17593";NA;"2023-10-16 11:01:00";73869,8
"890254";"27:7:1";"Exp60_132_IS17593";"Exp60_132_IS17593";NA;"2023-10-16 11:32:00";73822,5
"890255";"27:7:1";"Exp60_132_IS17593";"Exp60_132_IS17593";NA;"2023-10-16 11:46:00";73802
"890256";"27:7:1";"Exp60_132_IS17593";"Exp60_132_IS17593";NA;"2023-10-16 12:17:00";73749,1
"890257";"27:7:1";"Exp60_132_IS17593";"Exp60_132_IS17593";NA;"2023-10-16 12:31:00";73741,2
"890258";"27:7:1";"Exp60_132_IS17593";"Exp60_132_IS17593";NA;"2023-10-16 13:02:00";73671,4
"890259";"27:7:1";"Exp60_132_IS17593";"Exp60_132_IS17593";NA;"2023-10-16 13:16:00";73644,9
"890260";"27:7:1";"Exp60_132_IS17593";"Exp60_132_IS17593";NA;"2023-10-16 13:32:00";73626,9
"890261";"27:7:1";"Exp60_132_IS17593";"Exp60_132_IS17593";NA;"2023-10-16 13:46:00";73610,6
"890262";"27:7:1";"Exp60_132_IS17593";"Exp60_132_IS17593";NA;"2023-10-16 14:02:00";73590,7
"890263";"27:7:1";"Exp60_132_IS17593";"Exp60_132_IS17593";NA;"2023-10-16 14:16:00";73587,7
"890264";"27:7:1";"Exp60_132_IS17593";"Exp60_132_IS17593";NA;"2023-10-16 14:32:00";73564,5
"890265";"27:7:1";"Exp60_132_IS17593";"Exp60_132_IS17593";NA;"2023-10-16 14:46:00";73563
"890266";"27:7:1";"Exp60_132_IS17593";"Exp60_132_IS17593";NA;"2023-10-16 22:16:00";73463,2
"890267";"27:7:1";"Exp60_132_IS17593";"Exp60_132_IS17593";NA;"2023-10-16 22:32:00";73460,9
"890268";"27:7:1";"Exp60_132_IS17593";"Exp60_132_IS17593";NA;"2023-10-16 22:46:00";73461,5
"890269";"27:7:1";"Exp60_132_IS17593";"Exp60_132_IS17593";NA;"2023-10-17 05:46:00";73476,1
"890270";"27:7:1";"Exp60_132_IS17593";"Exp60_132_IS17593";NA;"2023-10-17 06:02:00";73477,4
"890271";"27:7:1";"Exp60_132_IS17593";"Exp60_132_IS17593";NA;"2023-10-17 06:16:00";73477,2
"890272";"27:7:1";"Exp60_132_IS17593";"Exp60_132_IS17593";NA;"2023-10-17 06:32:00";73477
"890273";"27:7:1";"Exp60_132_IS17593";"Exp60_132_IS17593";NA;"2023-10-17 06:46:00";73477,5
"890274";"27:7:1";"Exp60_132_IS17593";"Exp60_132_IS17593";NA;"2023-10-17 12:46:00";73019
"890275";"27:7:1";"Exp60_132_IS17593";"Exp60_132_IS17593";NA;"2023-10-17 13:02:00";72996
"890276";"27:7:1";"Exp60_132_IS17593";"Exp60_132_IS17593";NA;"2023-10-17 13:16:00";72985,5
"890277";"27:7:1";"Exp60_132_IS17593";"Exp60_132_IS17593";NA;"2023-10-17 13:32:00";72957,7
"890278";"27:7:1";"Exp60_132_IS17593";"Exp60_132_IS17593";NA;"2023-10-17 13:46:00";72944,3
"890279";"27:7:1";"Exp60_132_IS17593";"Exp60_132_IS17593";NA;"2023-10-17 14:02:00";72928,1
"890280";"27:7:1";"Exp60_132_IS17593";"Exp60_132_IS17593";NA;"2023-10-17 14:16:00";72919,4
"890281";"27:7:1";"Exp60_132_IS17593";"Exp60_132_IS17593";NA;"2023-10-17 14:32:00";72900,2
"890282";"27:7:1";"Exp60_132_IS17593";"Exp60_132_IS17593";NA;"2023-10-17 14:46:00";72891,5
"890283";"27:7:1";"Exp60_132_IS17593";"Exp60_132_IS17593";NA;"2023-10-17 15:17:00";72867,2
"890284";"27:7:1";"Exp60_132_IS17593";"Exp60_132_IS17593";NA;"2023-10-17 15:31:00";72855,4
"890285";"27:7:1";"Exp60_132_IS17593";"Exp60_132_IS17593";NA;"2023-10-17 16:17:00";72840,2
"890286";"27:7:1";"Exp60_132_IS17593";"Exp60_132_IS17593";NA;"2023-10-17 16:31:00";72825,2
"890287";"27:7:1";"Exp60_132_IS17593";"Exp60_132_IS17593";NA;"2023-10-17 16:47:00";72821,7
"890288";"27:7:1";"Exp60_132_IS17593";"Exp60_132_IS17593";NA;"2023-10-17 17:01:00";72817,3
"890289";"27:7:1";"Exp60_132_IS17593";"Exp60_132_IS17593";NA;"2023-10-17 18:32:00";72816,3
"890290";"27:7:1";"Exp60_132_IS17593";"Exp60_132_IS17593";NA;"2023-10-17 18:46:00";72817,9
"890291";"27:7:1";"Exp60_132_IS17593";"Exp60_132_IS17593";NA;"2023-10-17 19:02:00";72820
"890292";"27:7:1";"Exp60_132_IS17593";"Exp60_132_IS17593";NA;"2023-10-17 19:16:00";72822,3
"890293";"27:7:1";"Exp60_132_IS17593";"Exp60_132_IS17593";NA;"2023-10-17 19:32:00";72824,6
"890294";"27:7:1";"Exp60_132_IS17593";"Exp60_132_IS17593";NA;"2023-10-17 19:46:00";72824,9
"890295";"27:7:1";"Exp60_132_IS17593";"Exp60_132_IS17593";NA;"2023-10-18 01:31:00";72858,5
"890296";"27:7:1";"Exp60_132_IS17593";"Exp60_132_IS17593";NA;"2023-10-18 02:02:00";72861,9
"890297";"27:7:1";"Exp60_132_IS17593";"Exp60_132_IS17593";NA;"2023-10-18 02:16:00";72863,7
"890298";"27:7:1";"Exp60_132_IS17593";"Exp60_132_IS17593";NA;"2023-10-18 02:32:00";72863,5
"890299";"27:7:1";"Exp60_132_IS17593";"Exp60_132_IS17593";NA;"2023-10-18 02:46:00";72865,8
"890300";"27:7:1";"Exp60_132_IS17593";"Exp60_132_IS17593";NA;"2023-10-18 03:02:00";72866,1
"890301";"27:7:1";"Exp60_132_IS17593";"Exp60_132_IS17593";NA;"2023-10-18 03:16:00";72869,9
"890302";"27:7:1";"Exp60_132_IS17593";"Exp60_132_IS17593";NA;"2023-10-18 03:32:00";72871,8
"890303";"27:7:1";"Exp60_132_IS17593";"Exp60_132_IS17593";NA;"2023-10-18 04:01:00";72874,8
"890304";"27:7:1";"Exp60_132_IS17593";"Exp60_132_IS17593";NA;"2023-10-18 04:17:00";72875,4
"890305";"27:7:1";"Exp60_132_IS17593";"Exp60_132_IS17593";NA;"2023-10-18 04:31:00";72874,8
"890306";"27:7:1";"Exp60_132_IS17593";"Exp60_132_IS17593";NA;"2023-10-18 04:47:00";72875,5
"890307";"27:7:1";"Exp60_132_IS17593";"Exp60_132_IS17593";NA;"2023-10-18 05:01:00";72879,2
"890308";"27:7:1";"Exp60_132_IS17593";"Exp60_132_IS17593";NA;"2023-10-18 05:17:00";72878,4
"890309";"27:7:1";"Exp60_132_IS17593";"Exp60_132_IS17593";NA;"2023-10-18 05:31:00";72880,4
"890310";"27:7:1";"Exp60_132_IS17593";"Exp60_132_IS17593";NA;"2023-10-18 05:47:00";72881,2
"890311";"27:7:1";"Exp60_132_IS17593";"Exp60_132_IS17593";NA;"2023-10-18 06:01:00";72882,1
"890312";"27:7:1";"Exp60_132_IS17593";"Exp60_132_IS17593";NA;"2023-10-18 06:17:00";72884,9
"890313";"27:7:1";"Exp60_132_IS17593";"Exp60_132_IS17593";NA;"2023-10-18 06:31:00";72885,9
"890314";"27:7:1";"Exp60_132_IS17593";"Exp60_132_IS17593";NA;"2023-10-18 07:32:00";72879,9
"890315";"27:7:1";"Exp60_132_IS17593";"Exp60_132_IS17593";NA;"2023-10-18 07:46:00";72875,9
"890316";"27:7:1";"Exp60_132_IS17593";"Exp60_132_IS17593";NA;"2023-10-18 08:02:00";72870,2
"890317";"27:7:1";"Exp60_132_IS17593";"Exp60_132_IS17593";NA;"2023-10-18 08:16:00";72865,9
"890318";"27:7:1";"Exp60_132_IS17593";"Exp60_132_IS17593";NA;"2023-10-18 08:47:00";72847,2
"890319";"27:7:1";"Exp60_132_IS17593";"Exp60_132_IS17593";NA;"2023-10-18 09:01:00";72831,8
"890320";"27:7:1";"Exp60_132_IS17593";"Exp60_132_IS17593";NA;"2023-10-18 09:17:00";72810,9
"890321";"27:7:1";"Exp60_132_IS17593";"Exp60_132_IS17593";NA;"2023-10-18 09:31:00";72793,4
"890322";"27:7:1";"Exp60_132_IS17593";"Exp60_132_IS17593";NA;"2023-10-18 15:31:00";72445,4
"890323";"27:7:1";"Exp60_132_IS17593";"Exp60_132_IS17593";NA;"2023-10-18 16:32:00";72418,4
"890324";"27:7:1";"Exp60_132_IS17593";"Exp60_132_IS17593";NA;"2023-10-18 16:46:00";72417,6
"890325";"27:7:1";"Exp60_132_IS17593";"Exp60_132_IS17593";NA;"2023-10-18 17:02:00";72417,3
"890326";"27:7:1";"Exp60_132_IS17593";"Exp60_132_IS17593";NA;"2023-10-18 17:16:00";72415,4
"890327";"27:7:1";"Exp60_132_IS17593";"Exp60_132_IS17593";NA;"2023-10-18 17:32:00";72416,6
"890328";"27:7:1";"Exp60_132_IS17593";"Exp60_132_IS17593";NA;"2023-10-18 17:46:00";72418,9
"890329";"27:7:1";"Exp60_132_IS17593";"Exp60_132_IS17593";NA;"2023-10-18 18:02:00";72420,7
"890330";"27:7:1";"Exp60_132_IS17593";"Exp60_132_IS17593";NA;"2023-10-18 18:16:00";72423,8
"890331";"27:7:1";"Exp60_132_IS17593";"Exp60_132_IS17593";NA;"2023-10-18 18:32:00";72425,1
"890332";"27:7:1";"Exp60_132_IS17593";"Exp60_132_IS17593";NA;"2023-10-18 18:46:00";72428,6
"890333";"27:7:1";"Exp60_132_IS17593";"Exp60_132_IS17593";NA;"2023-10-19 01:16:00";72464,6
"890334";"27:7:1";"Exp60_132_IS17593";"Exp60_132_IS17593";NA;"2023-10-19 01:32:00";72465,5
"890335";"27:7:1";"Exp60_132_IS17593";"Exp60_132_IS17593";NA;"2023-10-19 01:46:00";72467,6
"890336";"27:7:1";"Exp60_132_IS17593";"Exp60_132_IS17593";NA;"2023-10-19 02:02:00";72469,9
"890337";"27:7:1";"Exp60_132_IS17593";"Exp60_132_IS17593";NA;"2023-10-19 02:16:00";72472,4
"890338";"27:7:1";"Exp60_132_IS17593";"Exp60_132_IS17593";NA;"2023-10-19 02:32:00";72473,6
"890339";"27:7:1";"Exp60_132_IS17593";"Exp60_132_IS17593";NA;"2023-10-19 02:46:00";72476,1
"890340";"27:7:1";"Exp60_132_IS17593";"Exp60_132_IS17593";NA;"2023-10-19 03:17:00";72480
"890341";"27:7:1";"Exp60_132_IS17593";"Exp60_132_IS17593";NA;"2023-10-19 03:31:00";72481,7
"890342";"27:7:1";"Exp60_132_IS17593";"Exp60_132_IS17593";NA;"2023-10-19 03:47:00";72481,6
"890343";"27:7:1";"Exp60_132_IS17593";"Exp60_132_IS17593";NA;"2023-10-19 04:01:00";72482,1
"890344";"27:7:1";"Exp60_132_IS17593";"Exp60_132_IS17593";NA;"2023-10-19 04:17:00";72483,6
"890345";"27:7:1";"Exp60_132_IS17593";"Exp60_132_IS17593";NA;"2023-10-19 04:31:00";72484,5
"890346";"27:7:1";"Exp60_132_IS17593";"Exp60_132_IS17593";NA;"2023-10-19 04:47:00";72486,4
"890347";"27:7:1";"Exp60_132_IS17593";"Exp60_132_IS17593";NA;"2023-10-19 05:01:00";72489,5
"890348";"27:7:1";"Exp60_132_IS17593";"Exp60_132_IS17593";NA;"2023-10-19 05:17:00";72489,9
"890349";"27:7:1";"Exp60_132_IS17593";"Exp60_132_IS17593";NA;"2023-10-19 05:31:00";72492,8
"890350";"27:7:1";"Exp60_132_IS17593";"Exp60_132_IS17593";NA;"2023-10-19 05:47:00";72491,7
"890351";"27:7:1";"Exp60_132_IS17593";"Exp60_132_IS17593";NA;"2023-10-19 06:01:00";72493,3
"890352";"27:7:1";"Exp60_132_IS17593";"Exp60_132_IS17593";NA;"2023-10-19 06:17:00";72497,2
"890353";"27:7:1";"Exp60_132_IS17593";"Exp60_132_IS17593";NA;"2023-10-19 06:31:00";72499,5
"890354";"27:7:1";"Exp60_132_IS17593";"Exp60_132_IS17593";NA;"2023-10-19 06:47:00";72500,7
"890355";"27:7:1";"Exp60_132_IS17593";"Exp60_132_IS17593";NA;"2023-10-19 07:01:00";72501,2
"890356";"27:7:1";"Exp60_132_IS17593";"Exp60_132_IS17593";NA;"2023-10-19 13:46:00";72166,1
"890357";"27:7:1";"Exp60_132_IS17593";"Exp60_132_IS17593";NA;"2023-10-19 14:02:00";72157,4
"890358";"27:7:1";"Exp60_132_IS17593";"Exp60_132_IS17593";NA;"2023-10-19 14:16:00";72141,6
"890359";"27:7:1";"Exp60_132_IS17593";"Exp60_132_IS17593";NA;"2023-10-19 14:32:00";72151,3
"890360";"27:7:1";"Exp60_132_IS17593";"Exp60_132_IS17593";NA;"2023-10-19 14:46:00";72119,6
"890361";"27:7:1";"Exp60_132_IS17593";"Exp60_132_IS17593";NA;"2023-10-19 15:02:00";72120,5
"890362";"27:7:1";"Exp60_132_IS17593";"Exp60_132_IS17593";NA;"2023-10-19 15:16:00";72106,6
"890363";"27:7:1";"Exp60_132_IS17593";"Exp60_132_IS17593";NA;"2023-10-19 15:32:00";72222,4
"890364";"27:7:1";"Exp60_132_IS17593";"Exp60_132_IS17593";NA;"2023-10-19 15:46:00";73185,4
"890365";"27:7:1";"Exp60_132_IS17593";"Exp60_132_IS17593";NA;"2023-10-19 16:02:00";74239,1
"890366";"27:7:1";"Exp60_132_IS17593";"Exp60_132_IS17593";NA;"2023-10-19 16:16:00";75161,6
"890367";"27:7:1";"Exp60_132_IS17593";"Exp60_132_IS17593";NA;"2023-10-19 16:47:00";75989,4
"890368";"27:7:1";"Exp60_132_IS17593";"Exp60_132_IS17593";NA;"2023-10-19 17:01:00";75961,9
"890369";"27:7:1";"Exp60_132_IS17593";"Exp60_132_IS17593";NA;"2023-10-19 17:17:00";75934,8
"890370";"27:7:1";"Exp60_132_IS17593";"Exp60_132_IS17593";NA;"2023-10-19 17:31:00";75914,4
"890371";"27:7:1";"Exp60_132_IS17593";"Exp60_132_IS17593";NA;"2023-10-19 17:47:00";75890,4
"890372";"27:7:1";"Exp60_132_IS17593";"Exp60_132_IS17593";NA;"2023-10-19 18:01:00";75874,2
"890373";"27:7:1";"Exp60_132_IS17593";"Exp60_132_IS17593";NA;"2023-10-20 01:31:00";75584,3
"890374";"27:7:1";"Exp60_132_IS17593";"Exp60_132_IS17593";NA;"2023-10-20 01:47:00";75582,1
"890375";"27:7:1";"Exp60_132_IS17593";"Exp60_132_IS17593";NA;"2023-10-20 02:01:00";75580,5
"890376";"27:7:1";"Exp60_132_IS17593";"Exp60_132_IS17593";NA;"2023-10-20 02:17:00";75578
"890377";"27:7:1";"Exp60_132_IS17593";"Exp60_132_IS17593";NA;"2023-10-20 02:31:00";75578,4
"890378";"27:7:1";"Exp60_132_IS17593";"Exp60_132_IS17593";NA;"2023-10-20 02:47:00";75577,3
"890379";"27:7:1";"Exp60_132_IS17593";"Exp60_132_IS17593";NA;"2023-10-20 03:01:00";75577,7
"890380";"27:7:1";"Exp60_132_IS17593";"Exp60_132_IS17593";NA;"2023-10-20 03:47:00";75574,4
"890381";"27:7:1";"Exp60_132_IS17593";"Exp60_132_IS17593";NA;"2023-10-20 04:01:00";75574,2
"890382";"27:7:1";"Exp60_132_IS17593";"Exp60_132_IS17593";NA;"2023-10-20 04:32:00";75573,6
"890383";"27:7:1";"Exp60_132_IS17593";"Exp60_132_IS17593";NA;"2023-10-20 04:46:00";75573,6
"890384";"27:7:1";"Exp60_132_IS17593";"Exp60_132_IS17593";NA;"2023-10-20 05:02:00";75572,5
"890385";"27:7:1";"Exp60_132_IS17593";"Exp60_132_IS17593";NA;"2023-10-20 05:16:00";75572,4
"890386";"27:7:1";"Exp60_132_IS17593";"Exp60_132_IS17593";NA;"2023-10-20 05:32:00";75569,8
"890387";"27:7:1";"Exp60_132_IS17593";"Exp60_132_IS17593";NA;"2023-10-20 05:46:00";75568,9
"890388";"27:7:1";"Exp60_132_IS17593";"Exp60_132_IS17593";NA;"2023-10-20 06:02:00";75568,8
"890389";"27:7:1";"Exp60_132_IS17593";"Exp60_132_IS17593";NA;"2023-10-20 06:16:00";75567,9
"890390";"27:7:1";"Exp60_132_IS17593";"Exp60_132_IS17593";NA;"2023-10-20 06:32:00";75566,5
"890391";"27:7:1";"Exp60_132_IS17593";"Exp60_132_IS17593";NA;"2023-10-20 06:46:00";75564,2
"890392";"27:7:1";"Exp60_132_IS17593";"Exp60_132_IS17593";NA;"2023-10-20 07:02:00";75562,1
"890393";"27:7:1";"Exp60_132_IS17593";"Exp60_132_IS17593";NA;"2023-10-20 07:16:00";75561,8
"890394";"27:7:1";"Exp60_132_IS17593";"Exp60_132_IS17593";NA;"2023-10-20 07:47:00";75556,1
"890395";"27:7:1";"Exp60_132_IS17593";"Exp60_132_IS17593";NA;"2023-10-20 08:01:00";75551,9
"890396";"27:7:1";"Exp60_132_IS17593";"Exp60_132_IS17593";NA;"2023-10-20 08:17:00";75541,9
"890397";"27:7:1";"Exp60_132_IS17593";"Exp60_132_IS17593";NA;"2023-10-20 08:31:00";75531,7
"890398";"27:7:1";"Exp60_132_IS17593";"Exp60_132_IS17593";NA;"2023-10-20 08:47:00";75516,3
"890399";"27:7:1";"Exp60_132_IS17593";"Exp60_132_IS17593";NA;"2023-10-20 09:01:00";75495,7
"890400";"27:7:1";"Exp60_132_IS17593";"Exp60_132_IS17593";NA;"2023-10-20 13:46:00";75027,5
"890401";"27:7:1";"Exp60_132_IS17593";"Exp60_132_IS17593";NA;"2023-10-20 15:31:00";74902,4
"890402";"27:7:1";"Exp60_132_IS17593";"Exp60_132_IS17593";NA;"2023-10-20 15:47:00";74882,1
"890403";"27:7:1";"Exp60_132_IS17593";"Exp60_132_IS17593";NA;"2023-10-20 16:01:00";74877,7
"890404";"27:7:1";"Exp60_132_IS17593";"Exp60_132_IS17593";NA;"2023-10-20 16:17:00";74855,5
"890405";"27:7:1";"Exp60_132_IS17593";"Exp60_132_IS17593";NA;"2023-10-20 16:31:00";74853
"890406";"27:7:1";"Exp60_132_IS17593";"Exp60_132_IS17593";NA;"2023-10-20 16:47:00";74842,6
"890407";"27:7:1";"Exp60_132_IS17593";"Exp60_132_IS17593";NA;"2023-10-20 17:01:00";74838,9
"890408";"27:7:1";"Exp60_132_IS17593";"Exp60_132_IS17593";NA;"2023-10-20 23:31:00";74809,8
"890409";"27:7:1";"Exp60_132_IS17593";"Exp60_132_IS17593";NA;"2023-10-20 23:47:00";74810,5
"890410";"27:7:1";"Exp60_132_IS17593";"Exp60_132_IS17593";NA;"2023-10-21 00:01:00";74811,2
"890411";"27:7:1";"Exp60_132_IS17593";"Exp60_132_IS17593";NA;"2023-10-21 00:17:00";74811,5
"890412";"27:7:1";"Exp60_132_IS17593";"Exp60_132_IS17593";NA;"2023-10-21 00:31:00";74812,1
"890413";"27:7:1";"Exp60_132_IS17593";"Exp60_132_IS17593";NA;"2023-10-21 01:17:00";74810,5
"890414";"27:7:1";"Exp60_132_IS17593";"Exp60_132_IS17593";NA;"2023-10-21 01:31:00";74808,8
"890415";"27:7:1";"Exp60_132_IS17593";"Exp60_132_IS17593";NA;"2023-10-21 01:47:00";74807,8
"890416";"27:7:1";"Exp60_132_IS17593";"Exp60_132_IS17593";NA;"2023-10-21 02:01:00";74807,1
"890417";"27:7:1";"Exp60_132_IS17593";"Exp60_132_IS17593";NA;"2023-10-21 08:31:00";74795,1
"890418";"27:7:1";"Exp60_132_IS17593";"Exp60_132_IS17593";NA;"2023-10-21 08:47:00";74781,7
"890419";"27:7:1";"Exp60_132_IS17593";"Exp60_132_IS17593";NA;"2023-10-21 09:01:00";74768,5
"890420";"27:7:1";"Exp60_132_IS17593";"Exp60_132_IS17593";NA;"2023-10-21 09:17:00";74756,6
"890421";"27:7:1";"Exp60_132_IS17593";"Exp60_132_IS17593";NA;"2023-10-21 09:31:00";74742,7
"890422";"27:7:1";"Exp60_132_IS17593";"Exp60_132_IS17593";NA;"2023-10-21 09:47:00";74723,7
"890423";"27:7:1";"Exp60_132_IS17593";"Exp60_132_IS17593";NA;"2023-10-21 10:01:00";74712,7
"890424";"27:7:1";"Exp60_132_IS17593";"Exp60_132_IS17593";NA;"2023-10-21 10:32:00";74670,5
"890425";"27:7:1";"Exp60_132_IS17593";"Exp60_132_IS17593";NA;"2023-10-21 10:46:00";74656,5
"890426";"27:7:1";"Exp60_132_IS17593";"Exp60_132_IS17593";NA;"2023-10-21 17:01:00";76420,6
"890427";"27:7:1";"Exp60_132_IS17593";"Exp60_132_IS17593";NA;"2023-10-21 17:32:00";76323,2
"890428";"27:7:1";"Exp60_132_IS17593";"Exp60_132_IS17593";NA;"2023-10-21 17:46:00";76299,6
"890429";"27:7:1";"Exp60_132_IS17593";"Exp60_132_IS17593";NA;"2023-10-21 18:02:00";76259,2
"890430";"27:7:1";"Exp60_132_IS17593";"Exp60_132_IS17593";NA;"2023-10-21 18:16:00";76227,4
"890431";"27:7:1";"Exp60_132_IS17593";"Exp60_132_IS17593";NA;"2023-10-21 18:32:00";76191,4
"890432";"27:7:1";"Exp60_132_IS17593";"Exp60_132_IS17593";NA;"2023-10-21 18:46:00";76162,5
"890433";"27:7:1";"Exp60_132_IS17593";"Exp60_132_IS17593";NA;"2023-10-21 19:02:00";76135,7
"890434";"27:7:1";"Exp60_132_IS17593";"Exp60_132_IS17593";NA;"2023-10-21 19:16:00";76112,6
"890435";"27:7:1";"Exp60_132_IS17593";"Exp60_132_IS17593";NA;"2023-10-21 19:32:00";76087,2
"890436";"27:7:1";"Exp60_132_IS17593";"Exp60_132_IS17593";NA;"2023-10-21 19:46:00";76065,7
"890437";"27:7:1";"Exp60_132_IS17593";"Exp60_132_IS17593";NA;"2023-10-21 20:02:00";76042,4
"890438";"27:7:1";"Exp60_132_IS17593";"Exp60_132_IS17593";NA;"2023-10-21 20:16:00";76023,5
"890439";"27:7:1";"Exp60_132_IS17593";"Exp60_132_IS17593";NA;"2023-10-21 20:32:00";76003,8
"890440";"27:7:1";"Exp60_132_IS17593";"Exp60_132_IS17593";NA;"2023-10-21 20:46:00";75984,8
"890441";"27:7:2";"Exp60_2_IS35";"Exp60_2_IS35";NA;"2023-09-22 10:17:00";83151,1
"890442";"27:7:2";"Exp60_2_IS35";"Exp60_2_IS35";NA;"2023-09-22 10:31:00";83062,7
"890443";"27:7:2";"Exp60_2_IS35";"Exp60_2_IS35";NA;"2023-09-22 10:47:00";83103,6
"890444";"27:7:2";"Exp60_2_IS35";"Exp60_2_IS35";NA;"2023-09-22 11:01:00";83103,3
"890445";"27:7:2";"Exp60_2_IS35";"Exp60_2_IS35";NA;"2023-09-22 11:32:00";83632,7
"890446";"27:7:2";"Exp60_2_IS35";"Exp60_2_IS35";NA;"2023-09-22 11:46:00";83464,2
"890447";"27:7:2";"Exp60_2_IS35";"Exp60_2_IS35";NA;"2023-09-22 12:02:00";83601,1
"890448";"27:7:2";"Exp60_2_IS35";"Exp60_2_IS35";NA;"2023-09-22 12:16:00";83649,5
"890449";"27:7:2";"Exp60_2_IS35";"Exp60_2_IS35";NA;"2023-09-22 12:32:00";83869,5
"890450";"27:7:2";"Exp60_2_IS35";"Exp60_2_IS35";NA;"2023-09-22 12:46:00";83853,6
"890451";"27:7:2";"Exp60_2_IS35";"Exp60_2_IS35";NA;"2023-09-22 13:02:00";83694,6
"890452";"27:7:2";"Exp60_2_IS35";"Exp60_2_IS35";NA;"2023-09-22 13:16:00";84120,9
"890453";"27:7:2";"Exp60_2_IS35";"Exp60_2_IS35";NA;"2023-09-22 13:32:00";83835
"890454";"27:7:2";"Exp60_2_IS35";"Exp60_2_IS35";NA;"2023-09-22 13:46:00";83013,4
"890455";"27:7:2";"Exp60_2_IS35";"Exp60_2_IS35";NA;"2023-09-22 20:31:00";80630,9
"890456";"27:7:2";"Exp60_2_IS35";"Exp60_2_IS35";NA;"2023-09-22 20:47:00";80879,3
"890457";"27:7:2";"Exp60_2_IS35";"Exp60_2_IS35";NA;"2023-09-22 21:01:00";80658,8
"890458";"27:7:2";"Exp60_2_IS35";"Exp60_2_IS35";NA;"2023-09-22 21:17:00";80716,9
"890459";"27:7:2";"Exp60_2_IS35";"Exp60_2_IS35";NA;"2023-09-22 21:31:00";80701,2
"890460";"27:7:2";"Exp60_2_IS35";"Exp60_2_IS35";NA;"2023-09-22 21:47:00";80661,6
"890461";"27:7:2";"Exp60_2_IS35";"Exp60_2_IS35";NA;"2023-09-22 22:01:00";80522,7
"890462";"27:7:2";"Exp60_2_IS35";"Exp60_2_IS35";NA;"2023-09-22 22:17:00";80513,7
"890463";"27:7:2";"Exp60_2_IS35";"Exp60_2_IS35";NA;"2023-09-22 22:31:00";80388,3
"890464";"27:7:2";"Exp60_2_IS35";"Exp60_2_IS35";NA;"2023-09-22 22:47:00";80135,6
"890465";"27:7:2";"Exp60_2_IS35";"Exp60_2_IS35";NA;"2023-09-22 23:01:00";80144,1
"890466";"27:7:2";"Exp60_2_IS35";"Exp60_2_IS35";NA;"2023-09-22 23:17:00";80199,2
"890467";"27:7:2";"Exp60_2_IS35";"Exp60_2_IS35";NA;"2023-09-22 23:31:00";80385,8
"890468";"27:7:2";"Exp60_2_IS35";"Exp60_2_IS35";NA;"2023-09-22 23:47:00";80029,2
"890469";"27:7:2";"Exp60_2_IS35";"Exp60_2_IS35";NA;"2023-09-23 00:01:00";80016
"890470";"27:7:2";"Exp60_2_IS35";"Exp60_2_IS35";NA;"2023-09-23 00:17:00";80125,1
"890471";"27:7:2";"Exp60_2_IS35";"Exp60_2_IS35";NA;"2023-09-23 01:01:00";80220,8
"890472";"27:7:2";"Exp60_2_IS35";"Exp60_2_IS35";NA;"2023-09-23 01:17:00";80130,5
"890473";"27:7:2";"Exp60_2_IS35";"Exp60_2_IS35";NA;"2023-09-23 01:31:00";80084,8
"890474";"27:7:2";"Exp60_2_IS35";"Exp60_2_IS35";NA;"2023-09-23 01:47:00";80172,5
"890475";"27:7:2";"Exp60_2_IS35";"Exp60_2_IS35";NA;"2023-09-23 02:01:00";80344,8
"890476";"27:7:2";"Exp60_2_IS35";"Exp60_2_IS35";NA;"2023-09-23 02:17:00";80467,4
"890477";"27:7:2";"Exp60_2_IS35";"Exp60_2_IS35";NA;"2023-09-23 02:31:00";80550,2
"890478";"27:7:2";"Exp60_2_IS35";"Exp60_2_IS35";NA;"2023-09-23 02:47:00";80450,3
"890479";"27:7:2";"Exp60_2_IS35";"Exp60_2_IS35";NA;"2023-09-23 03:01:00";80350,3
"890480";"27:7:2";"Exp60_2_IS35";"Exp60_2_IS35";NA;"2023-09-23 03:17:00";80353,1
"890481";"27:7:2";"Exp60_2_IS35";"Exp60_2_IS35";NA;"2023-09-23 03:31:00";80506,8
"890482";"27:7:2";"Exp60_2_IS35";"Exp60_2_IS35";NA;"2023-09-23 03:47:00";80557,2
"890483";"27:7:2";"Exp60_2_IS35";"Exp60_2_IS35";NA;"2023-09-23 04:16:00";81063
"890484";"27:7:2";"Exp60_2_IS35";"Exp60_2_IS35";NA;"2023-09-23 04:32:00";80914,9
"890485";"27:7:2";"Exp60_2_IS35";"Exp60_2_IS35";NA;"2023-09-23 04:46:00";81043,8
"890486";"27:7:2";"Exp60_2_IS35";"Exp60_2_IS35";NA;"2023-09-23 05:02:00";81153,6
"890487";"27:7:2";"Exp60_2_IS35";"Exp60_2_IS35";NA;"2023-09-23 05:16:00";81164,6
"890488";"27:7:2";"Exp60_2_IS35";"Exp60_2_IS35";NA;"2023-09-23 05:32:00";81150
"890489";"27:7:2";"Exp60_2_IS35";"Exp60_2_IS35";NA;"2023-09-23 05:46:00";81387,1
"890490";"27:7:2";"Exp60_2_IS35";"Exp60_2_IS35";NA;"2023-09-23 06:02:00";81462,3
"890491";"27:7:2";"Exp60_2_IS35";"Exp60_2_IS35";NA;"2023-09-23 06:16:00";81486,6
"890492";"27:7:2";"Exp60_2_IS35";"Exp60_2_IS35";NA;"2023-09-23 06:32:00";81562,9
"890493";"27:7:2";"Exp60_2_IS35";"Exp60_2_IS35";NA;"2023-09-23 06:46:00";81504,4
"890494";"27:7:2";"Exp60_2_IS35";"Exp60_2_IS35";NA;"2023-09-23 07:02:00";81702,2
"890495";"27:7:2";"Exp60_2_IS35";"Exp60_2_IS35";NA;"2023-09-23 07:16:00";81508,3
"890496";"27:7:2";"Exp60_2_IS35";"Exp60_2_IS35";NA;"2023-09-23 07:32:00";81684,5
"890497";"27:7:2";"Exp60_2_IS35";"Exp60_2_IS35";NA;"2023-09-23 07:46:00";81817,3
"890498";"27:7:2";"Exp60_2_IS35";"Exp60_2_IS35";NA;"2023-09-23 08:02:00";81900,8
"890499";"27:7:2";"Exp60_2_IS35";"Exp60_2_IS35";NA;"2023-09-23 08:16:00";81949,3
"890500";"27:7:2";"Exp60_2_IS35";"Exp60_2_IS35";NA;"2023-09-23 08:32:00";82120,6
"890501";"27:7:2";"Exp60_2_IS35";"Exp60_2_IS35";NA;"2023-09-23 08:46:00";82269,5
"890502";"27:7:2";"Exp60_2_IS35";"Exp60_2_IS35";NA;"2023-09-23 09:02:00";82373,6
"890503";"27:7:2";"Exp60_2_IS35";"Exp60_2_IS35";NA;"2023-09-23 09:16:00";82516,3
"890504";"27:7:2";"Exp60_2_IS35";"Exp60_2_IS35";NA;"2023-09-23 14:01:00";79343,8
"890505";"27:7:2";"Exp60_2_IS35";"Exp60_2_IS35";NA;"2023-09-23 14:17:00";79439,1
"890506";"27:7:2";"Exp60_2_IS35";"Exp60_2_IS35";NA;"2023-09-23 14:31:00";79535,8
"890507";"27:7:2";"Exp60_2_IS35";"Exp60_2_IS35";NA;"2023-09-23 14:47:00";79710,8
"890508";"27:7:2";"Exp60_2_IS35";"Exp60_2_IS35";NA;"2023-09-23 15:01:00";80001,6
"890509";"27:7:2";"Exp60_2_IS35";"Exp60_2_IS35";NA;"2023-09-23 15:32:00";80252,3
"890510";"27:7:2";"Exp60_2_IS35";"Exp60_2_IS35";NA;"2023-09-23 15:46:00";80192,3
"890511";"27:7:2";"Exp60_2_IS35";"Exp60_2_IS35";NA;"2023-09-23 16:17:00";80377
"890512";"27:7:2";"Exp60_2_IS35";"Exp60_2_IS35";NA;"2023-09-23 16:31:00";80449,5
"890513";"27:7:2";"Exp60_2_IS35";"Exp60_2_IS35";NA;"2023-09-23 16:47:00";80705,8
"890514";"27:7:2";"Exp60_2_IS35";"Exp60_2_IS35";NA;"2023-09-23 17:01:00";80292,7
"890515";"27:7:2";"Exp60_2_IS35";"Exp60_2_IS35";NA;"2023-09-23 17:17:00";80341,8
"890516";"27:7:2";"Exp60_2_IS35";"Exp60_2_IS35";NA;"2023-09-23 17:31:00";80264,1
"890517";"27:7:2";"Exp60_2_IS35";"Exp60_2_IS35";NA;"2023-09-23 17:47:00";80267,1
"890518";"27:7:2";"Exp60_2_IS35";"Exp60_2_IS35";NA;"2023-09-23 18:01:00";80229,1
"890519";"27:7:2";"Exp60_2_IS35";"Exp60_2_IS35";NA;"2023-09-23 18:17:00";80182,3
"890520";"27:7:2";"Exp60_2_IS35";"Exp60_2_IS35";NA;"2023-09-23 18:31:00";80164,1
"890521";"27:7:2";"Exp60_2_IS35";"Exp60_2_IS35";NA;"2023-09-23 18:47:00";80198,3
"890522";"27:7:2";"Exp60_2_IS35";"Exp60_2_IS35";NA;"2023-09-23 19:01:00";80185,6
"890523";"27:7:2";"Exp60_2_IS35";"Exp60_2_IS35";NA;"2023-09-23 19:17:00";80124,7
"890524";"27:7:2";"Exp60_2_IS35";"Exp60_2_IS35";NA;"2023-09-23 19:31:00";80127,3
"890525";"27:7:2";"Exp60_2_IS35";"Exp60_2_IS35";NA;"2023-09-23 20:02:00";79956,2
"890526";"27:7:2";"Exp60_2_IS35";"Exp60_2_IS35";NA;"2023-09-23 20:16:00";79897,8
"890527";"27:7:2";"Exp60_2_IS35";"Exp60_2_IS35";NA;"2023-09-23 20:32:00";79855,1
"890528";"27:7:2";"Exp60_2_IS35";"Exp60_2_IS35";NA;"2023-09-23 20:46:00";79998,7
"890529";"27:7:2";"Exp60_2_IS35";"Exp60_2_IS35";NA;"2023-09-23 21:02:00";79925,9
"890530";"27:7:2";"Exp60_2_IS35";"Exp60_2_IS35";NA;"2023-09-23 21:16:00";79995,1
"890531";"27:7:2";"Exp60_2_IS35";"Exp60_2_IS35";NA;"2023-09-23 21:32:00";80012,9
"890532";"27:7:2";"Exp60_2_IS35";"Exp60_2_IS35";NA;"2023-09-23 21:46:00";80433,2
"890533";"27:7:2";"Exp60_2_IS35";"Exp60_2_IS35";NA;"2023-09-23 22:02:00";80567
"890534";"27:7:2";"Exp60_2_IS35";"Exp60_2_IS35";NA;"2023-09-23 22:16:00";80769,7
"890535";"27:7:2";"Exp60_2_IS35";"Exp60_2_IS35";NA;"2023-09-23 23:17:00";80338,4
"890536";"27:7:2";"Exp60_2_IS35";"Exp60_2_IS35";NA;"2023-09-23 23:31:00";80275,2
"890537";"27:7:2";"Exp60_2_IS35";"Exp60_2_IS35";NA;"2023-09-23 23:47:00";80308,4
"890538";"27:7:2";"Exp60_2_IS35";"Exp60_2_IS35";NA;"2023-09-24 00:01:00";80361,6
"890539";"27:7:2";"Exp60_2_IS35";"Exp60_2_IS35";NA;"2023-09-24 00:17:00";80536,7
"890540";"27:7:2";"Exp60_2_IS35";"Exp60_2_IS35";NA;"2023-09-24 00:31:00";80826,8
"890541";"27:7:2";"Exp60_2_IS35";"Exp60_2_IS35";NA;"2023-09-24 00:47:00";80951,2
"890542";"27:7:2";"Exp60_2_IS35";"Exp60_2_IS35";NA;"2023-09-24 01:01:00";80701,9
"890543";"27:7:2";"Exp60_2_IS35";"Exp60_2_IS35";NA;"2023-09-24 01:17:00";80708,1
"890544";"27:7:2";"Exp60_2_IS35";"Exp60_2_IS35";NA;"2023-09-24 01:31:00";80600,7
"890545";"27:7:2";"Exp60_2_IS35";"Exp60_2_IS35";NA;"2023-09-24 01:47:00";80737
"890546";"27:7:2";"Exp60_2_IS35";"Exp60_2_IS35";NA;"2023-09-24 02:01:00";80610
"890547";"27:7:2";"Exp60_2_IS35";"Exp60_2_IS35";NA;"2023-09-24 02:17:00";80805,3
"890548";"27:7:2";"Exp60_2_IS35";"Exp60_2_IS35";NA;"2023-09-24 02:31:00";80772,5
"890549";"27:7:2";"Exp60_2_IS35";"Exp60_2_IS35";NA;"2023-09-24 02:47:00";80779,4
"890550";"27:7:2";"Exp60_2_IS35";"Exp60_2_IS35";NA;"2023-09-24 03:01:00";80954,6
"890551";"27:7:2";"Exp60_2_IS35";"Exp60_2_IS35";NA;"2023-09-24 10:01:00";82139,3
"890552";"27:7:2";"Exp60_2_IS35";"Exp60_2_IS35";NA;"2023-09-24 10:17:00";82326,3
"890553";"27:7:2";"Exp60_2_IS35";"Exp60_2_IS35";NA;"2023-09-24 10:31:00";82252,1
"890554";"27:7:2";"Exp60_2_IS35";"Exp60_2_IS35";NA;"2023-09-24 10:47:00";81999,4
"890555";"27:7:2";"Exp60_2_IS35";"Exp60_2_IS35";NA;"2023-09-24 11:01:00";82028,2
"890556";"27:7:2";"Exp60_2_IS35";"Exp60_2_IS35";NA;"2023-09-24 11:17:00";82455,1
"890557";"27:7:2";"Exp60_2_IS35";"Exp60_2_IS35";NA;"2023-09-24 11:31:00";82435,3
"890558";"27:7:2";"Exp60_2_IS35";"Exp60_2_IS35";NA;"2023-09-24 11:47:00";82301,9
"890559";"27:7:2";"Exp60_2_IS35";"Exp60_2_IS35";NA;"2023-09-24 12:01:00";82484,3
"890560";"27:7:2";"Exp60_2_IS35";"Exp60_2_IS35";NA;"2023-09-24 12:17:00";82638,2
"890561";"27:7:2";"Exp60_2_IS35";"Exp60_2_IS35";NA;"2023-09-24 12:31:00";82677,3
"890562";"27:7:2";"Exp60_2_IS35";"Exp60_2_IS35";NA;"2023-09-24 12:47:00";82842,1
"890563";"27:7:2";"Exp60_2_IS35";"Exp60_2_IS35";NA;"2023-09-24 13:01:00";83119,1
"890564";"27:7:2";"Exp60_2_IS35";"Exp60_2_IS35";NA;"2023-09-24 13:17:00";83143,9
"890565";"27:7:2";"Exp60_2_IS35";"Exp60_2_IS35";NA;"2023-09-24 13:31:00";83317,3
"890566";"27:7:2";"Exp60_2_IS35";"Exp60_2_IS35";NA;"2023-09-24 13:47:00";83171,9
"890567";"27:7:2";"Exp60_2_IS35";"Exp60_2_IS35";NA;"2023-09-24 14:01:00";83262,8
"890568";"27:7:2";"Exp60_2_IS35";"Exp60_2_IS35";NA;"2023-09-24 14:17:00";83484,2
"890569";"27:7:2";"Exp60_2_IS35";"Exp60_2_IS35";NA;"2023-09-24 14:31:00";83505,2
"890570";"27:7:2";"Exp60_2_IS35";"Exp60_2_IS35";NA;"2023-09-24 14:47:00";83373,8
"890571";"27:7:2";"Exp60_2_IS35";"Exp60_2_IS35";NA;"2023-09-24 15:01:00";83339,2
"890572";"27:7:2";"Exp60_2_IS35";"Exp60_2_IS35";NA;"2023-09-24 15:17:00";83164,8
"890573";"27:7:2";"Exp60_2_IS35";"Exp60_2_IS35";NA;"2023-09-24 15:31:00";83116,1
"890574";"27:7:2";"Exp60_2_IS35";"Exp60_2_IS35";NA;"2023-09-24 15:47:00";82887,7
"890575";"27:7:2";"Exp60_2_IS35";"Exp60_2_IS35";NA;"2023-09-24 16:01:00";82942,6
"890576";"27:7:2";"Exp60_2_IS35";"Exp60_2_IS35";NA;"2023-09-24 22:31:00";83147,1
"890577";"27:7:2";"Exp60_2_IS35";"Exp60_2_IS35";NA;"2023-09-24 22:47:00";83261,5
"890578";"27:7:2";"Exp60_2_IS35";"Exp60_2_IS35";NA;"2023-09-24 23:01:00";83209,7
"890579";"27:7:2";"Exp60_2_IS35";"Exp60_2_IS35";NA;"2023-09-24 23:17:00";83190,4
"890580";"27:7:2";"Exp60_2_IS35";"Exp60_2_IS35";NA;"2023-09-24 23:31:00";83189,1
"890581";"27:7:2";"Exp60_2_IS35";"Exp60_2_IS35";NA;"2023-09-24 23:47:00";83030,4
"890582";"27:7:2";"Exp60_2_IS35";"Exp60_2_IS35";NA;"2023-09-25 00:01:00";83042,3
"890583";"27:7:2";"Exp60_2_IS35";"Exp60_2_IS35";NA;"2023-09-25 00:17:00";83044,8
"890584";"27:7:2";"Exp60_2_IS35";"Exp60_2_IS35";NA;"2023-09-25 00:31:00";82982,2
"890585";"27:7:2";"Exp60_2_IS35";"Exp60_2_IS35";NA;"2023-09-25 00:47:00";83044,4
"890586";"27:7:2";"Exp60_2_IS35";"Exp60_2_IS35";NA;"2023-09-25 01:01:00";82923,6
"890587";"27:7:2";"Exp60_2_IS35";"Exp60_2_IS35";NA;"2023-09-25 01:17:00";82801,3
"890588";"27:7:2";"Exp60_2_IS35";"Exp60_2_IS35";NA;"2023-09-25 01:31:00";82910,9
"890589";"27:7:2";"Exp60_2_IS35";"Exp60_2_IS35";NA;"2023-09-25 01:47:00";82767,6
"890590";"27:7:2";"Exp60_2_IS35";"Exp60_2_IS35";NA;"2023-09-25 02:01:00";82872,6
"890591";"27:7:2";"Exp60_2_IS35";"Exp60_2_IS35";NA;"2023-09-25 03:02:00";82762,7
"890592";"27:7:2";"Exp60_2_IS35";"Exp60_2_IS35";NA;"2023-09-25 03:16:00";82653,4
"890593";"27:7:2";"Exp60_2_IS35";"Exp60_2_IS35";NA;"2023-09-25 04:32:00";83118,2
"890594";"27:7:2";"Exp60_2_IS35";"Exp60_2_IS35";NA;"2023-09-25 04:46:00";82608,3
"890595";"27:7:2";"Exp60_2_IS35";"Exp60_2_IS35";NA;"2023-09-25 05:17:00";82549,1
"890596";"27:7:2";"Exp60_2_IS35";"Exp60_2_IS35";NA;"2023-09-25 05:31:00";82522,3
"890597";"27:7:2";"Exp60_2_IS35";"Exp60_2_IS35";NA;"2023-09-25 05:47:00";82602,5
"890598";"27:7:2";"Exp60_2_IS35";"Exp60_2_IS35";NA;"2023-09-25 06:01:00";82603,2
"890599";"27:7:2";"Exp60_2_IS35";"Exp60_2_IS35";NA;"2023-09-25 06:17:00";82609
"890600";"27:7:2";"Exp60_2_IS35";"Exp60_2_IS35";NA;"2023-09-25 06:31:00";82563
"890601";"27:7:2";"Exp60_2_IS35";"Exp60_2_IS35";NA;"2023-09-25 06:47:00";82593,3
"890602";"27:7:2";"Exp60_2_IS35";"Exp60_2_IS35";NA;"2023-09-25 07:01:00";82604,3
"890603";"27:7:2";"Exp60_2_IS35";"Exp60_2_IS35";NA;"2023-09-25 07:17:00";82615,7
"890604";"27:7:2";"Exp60_2_IS35";"Exp60_2_IS35";NA;"2023-09-25 07:31:00";82734,9
"890605";"27:7:2";"Exp60_2_IS35";"Exp60_2_IS35";NA;"2023-09-25 07:47:00";82502,8
"890606";"27:7:2";"Exp60_2_IS35";"Exp60_2_IS35";NA;"2023-09-25 08:01:00";82614,2
"890607";"27:7:2";"Exp60_2_IS35";"Exp60_2_IS35";NA;"2023-09-25 14:46:00";84885,7
"890608";"27:7:2";"Exp60_2_IS35";"Exp60_2_IS35";NA;"2023-09-25 15:02:00";84932,3
"890609";"27:7:2";"Exp60_2_IS35";"Exp60_2_IS35";NA;"2023-09-25 15:16:00";84787,6
"890610";"27:7:2";"Exp60_2_IS35";"Exp60_2_IS35";NA;"2023-09-25 15:32:00";84853,2
"890611";"27:7:2";"Exp60_2_IS35";"Exp60_2_IS35";NA;"2023-09-25 15:46:00";84940
"890612";"27:7:2";"Exp60_2_IS35";"Exp60_2_IS35";NA;"2023-09-25 16:02:00";84831,8
"890613";"27:7:2";"Exp60_2_IS35";"Exp60_2_IS35";NA;"2023-09-25 17:16:00";84495,4
"890614";"27:7:2";"Exp60_2_IS35";"Exp60_2_IS35";NA;"2023-09-25 17:32:00";84532,9
"890615";"27:7:2";"Exp60_2_IS35";"Exp60_2_IS35";NA;"2023-09-25 17:46:00";84479,8
"890616";"27:7:2";"Exp60_2_IS35";"Exp60_2_IS35";NA;"2023-09-25 18:02:00";84447,8
"890617";"27:7:2";"Exp60_2_IS35";"Exp60_2_IS35";NA;"2023-09-25 19:01:00";74185,1
"890618";"27:7:2";"Exp60_2_IS35";"Exp60_2_IS35";NA;"2023-09-25 19:17:00";74278,8
"890619";"27:7:2";"Exp60_2_IS35";"Exp60_2_IS35";NA;"2023-09-25 19:31:00";74576,5
"890620";"27:7:2";"Exp60_2_IS35";"Exp60_2_IS35";NA;"2023-09-25 19:47:00";75080,4
"890621";"27:7:2";"Exp60_2_IS35";"Exp60_2_IS35";NA;"2023-09-25 20:01:00";75184,9
"890622";"27:7:2";"Exp60_2_IS35";"Exp60_2_IS35";NA;"2023-09-25 20:17:00";75416,1
"890623";"27:7:2";"Exp60_2_IS35";"Exp60_2_IS35";NA;"2023-09-25 20:31:00";75178,3
"890624";"27:7:2";"Exp60_2_IS35";"Exp60_2_IS35";NA;"2023-09-25 20:47:00";75176
"890625";"27:7:2";"Exp60_2_IS35";"Exp60_2_IS35";NA;"2023-09-25 21:16:00";75230,9
"890626";"27:7:2";"Exp60_2_IS35";"Exp60_2_IS35";NA;"2023-09-25 21:32:00";75258,1
"890627";"27:7:2";"Exp60_2_IS35";"Exp60_2_IS35";NA;"2023-09-25 21:46:00";75579,2
"890628";"27:7:2";"Exp60_2_IS35";"Exp60_2_IS35";NA;"2023-09-25 22:02:00";75577,2
"890629";"27:7:2";"Exp60_2_IS35";"Exp60_2_IS35";NA;"2023-09-25 22:16:00";75575,4
"890630";"27:7:2";"Exp60_2_IS35";"Exp60_2_IS35";NA;"2023-09-25 22:32:00";75610,9
"890631";"27:7:2";"Exp60_2_IS35";"Exp60_2_IS35";NA;"2023-09-25 22:46:00";75757,7
"890632";"27:7:2";"Exp60_2_IS35";"Exp60_2_IS35";NA;"2023-09-25 23:02:00";75737,3
"890633";"27:7:2";"Exp60_2_IS35";"Exp60_2_IS35";NA;"2023-09-25 23:16:00";75763,8
"890634";"27:7:2";"Exp60_2_IS35";"Exp60_2_IS35";NA;"2023-09-25 23:32:00";75821
"890635";"27:7:2";"Exp60_2_IS35";"Exp60_2_IS35";NA;"2023-09-25 23:46:00";75828,9
"890636";"27:7:2";"Exp60_2_IS35";"Exp60_2_IS35";NA;"2023-09-26 00:02:00";76132,5
"890637";"27:7:2";"Exp60_2_IS35";"Exp60_2_IS35";NA;"2023-09-26 00:16:00";76282,5
"890638";"27:7:2";"Exp60_2_IS35";"Exp60_2_IS35";NA;"2023-09-26 00:32:00";76254,8
"890639";"27:7:2";"Exp60_2_IS35";"Exp60_2_IS35";NA;"2023-09-26 00:46:00";76331,6
"890640";"27:7:2";"Exp60_2_IS35";"Exp60_2_IS35";NA;"2023-09-26 01:02:00";76593,7
"890641";"27:7:2";"Exp60_2_IS35";"Exp60_2_IS35";NA;"2023-09-26 01:16:00";76467,4
"890642";"27:7:2";"Exp60_2_IS35";"Exp60_2_IS35";NA;"2023-09-26 01:32:00";76483,1
"890643";"27:7:2";"Exp60_2_IS35";"Exp60_2_IS35";NA;"2023-09-26 01:46:00";76650,2
"890644";"27:7:2";"Exp60_2_IS35";"Exp60_2_IS35";NA;"2023-09-26 02:02:00";76673,1
"890645";"27:7:2";"Exp60_2_IS35";"Exp60_2_IS35";NA;"2023-09-26 02:16:00";76863,3
"890646";"27:7:2";"Exp60_2_IS35";"Exp60_2_IS35";NA;"2023-09-26 02:32:00";76830,8
"890647";"27:7:2";"Exp60_2_IS35";"Exp60_2_IS35";NA;"2023-09-26 02:46:00";76896,4
"890648";"27:7:2";"Exp60_2_IS35";"Exp60_2_IS35";NA;"2023-09-26 03:02:00";77047,9
"890649";"27:7:2";"Exp60_2_IS35";"Exp60_2_IS35";NA;"2023-09-26 03:16:00";77175,3
"890650";"27:7:2";"Exp60_2_IS35";"Exp60_2_IS35";NA;"2023-09-26 03:32:00";77199,6
"890651";"27:7:2";"Exp60_2_IS35";"Exp60_2_IS35";NA;"2023-09-26 03:46:00";77256,9
"890652";"27:7:2";"Exp60_2_IS35";"Exp60_2_IS35";NA;"2023-09-26 04:02:00";77610,8
"890653";"27:7:2";"Exp60_2_IS35";"Exp60_2_IS35";NA;"2023-09-26 04:16:00";77560,9
"890654";"27:7:2";"Exp60_2_IS35";"Exp60_2_IS35";NA;"2023-09-26 04:32:00";77535,5
"890655";"27:7:2";"Exp60_2_IS35";"Exp60_2_IS35";NA;"2023-09-26 04:46:00";77504,2
"890656";"27:7:2";"Exp60_2_IS35";"Exp60_2_IS35";NA;"2023-09-26 05:02:00";77455,9
"890657";"27:7:2";"Exp60_2_IS35";"Exp60_2_IS35";NA;"2023-09-26 05:16:00";77727,6
"890658";"27:7:2";"Exp60_2_IS35";"Exp60_2_IS35";NA;"2023-09-26 05:32:00";77959,2
"890659";"27:7:2";"Exp60_2_IS35";"Exp60_2_IS35";NA;"2023-09-26 05:46:00";77841
"890660";"27:7:2";"Exp60_2_IS35";"Exp60_2_IS35";NA;"2023-09-26 06:02:00";77814,6
"890661";"27:7:2";"Exp60_2_IS35";"Exp60_2_IS35";NA;"2023-09-26 06:16:00";78186,6
"890662";"27:7:2";"Exp60_2_IS35";"Exp60_2_IS35";NA;"2023-09-26 06:32:00";77968
"890663";"27:7:2";"Exp60_2_IS35";"Exp60_2_IS35";NA;"2023-09-26 06:46:00";77820
"890664";"27:7:2";"Exp60_2_IS35";"Exp60_2_IS35";NA;"2023-09-26 07:02:00";77975,4
"890665";"27:7:2";"Exp60_2_IS35";"Exp60_2_IS35";NA;"2023-09-26 07:16:00";77991,4
"890666";"27:7:2";"Exp60_2_IS35";"Exp60_2_IS35";NA;"2023-09-26 07:47:00";78165,9
"890667";"27:7:2";"Exp60_2_IS35";"Exp60_2_IS35";NA;"2023-09-26 08:01:00";78274,2
"890668";"27:7:2";"Exp60_2_IS35";"Exp60_2_IS35";NA;"2023-09-26 08:17:00";72867,1
"890669";"27:7:2";"Exp60_2_IS35";"Exp60_2_IS35";NA;"2023-09-26 08:31:00";73893,9
"890670";"27:7:2";"Exp60_2_IS35";"Exp60_2_IS35";NA;"2023-09-26 09:02:00";72933,6
"890671";"27:7:2";"Exp60_2_IS35";"Exp60_2_IS35";NA;"2023-09-26 09:16:00";73258,3
"890672";"27:7:2";"Exp60_2_IS35";"Exp60_2_IS35";NA;"2023-09-26 09:32:00";73522
"890673";"27:7:2";"Exp60_2_IS35";"Exp60_2_IS35";NA;"2023-09-26 09:46:00";73599,5
"890674";"27:7:2";"Exp60_2_IS35";"Exp60_2_IS35";NA;"2023-09-26 10:02:00";74101,4
"890675";"27:7:2";"Exp60_2_IS35";"Exp60_2_IS35";NA;"2023-09-26 10:16:00";74561,1
"890676";"27:7:2";"Exp60_2_IS35";"Exp60_2_IS35";NA;"2023-09-26 10:32:00";74888,8
"890677";"27:7:2";"Exp60_2_IS35";"Exp60_2_IS35";NA;"2023-09-26 10:46:00";75276
"890678";"27:7:2";"Exp60_2_IS35";"Exp60_2_IS35";NA;"2023-09-26 11:02:00";75543,6
"890679";"27:7:2";"Exp60_2_IS35";"Exp60_2_IS35";NA;"2023-09-26 11:16:00";75526,4
"890680";"27:7:2";"Exp60_2_IS35";"Exp60_2_IS35";NA;"2023-09-26 11:47:00";76012,9
"890681";"27:7:2";"Exp60_2_IS35";"Exp60_2_IS35";NA;"2023-09-26 12:01:00";76193
"890682";"27:7:2";"Exp60_2_IS35";"Exp60_2_IS35";NA;"2023-09-26 12:17:00";76474,2
"890683";"27:7:2";"Exp60_2_IS35";"Exp60_2_IS35";NA;"2023-09-26 12:31:00";76446,1
"890684";"27:7:2";"Exp60_2_IS35";"Exp60_2_IS35";NA;"2023-09-26 12:47:00";76758,9
"890685";"27:7:2";"Exp60_2_IS35";"Exp60_2_IS35";NA;"2023-09-26 13:01:00";76646,9
"890686";"27:7:2";"Exp60_2_IS35";"Exp60_2_IS35";NA;"2023-09-26 13:32:00";77094,2
"890687";"27:7:2";"Exp60_2_IS35";"Exp60_2_IS35";NA;"2023-09-26 13:46:00";77017,2
"890688";"27:7:2";"Exp60_2_IS35";"Exp60_2_IS35";NA;"2023-09-26 14:02:00";77108,1
"890689";"27:7:2";"Exp60_2_IS35";"Exp60_2_IS35";NA;"2023-09-26 14:16:00";77252,2
"890690";"27:7:2";"Exp60_2_IS35";"Exp60_2_IS35";NA;"2023-09-26 14:32:00";77479,7
"890691";"27:7:2";"Exp60_2_IS35";"Exp60_2_IS35";NA;"2023-09-26 14:46:00";78034,9
"890692";"27:7:2";"Exp60_2_IS35";"Exp60_2_IS35";NA;"2023-09-26 15:02:00";77844,6
"890693";"27:7:2";"Exp60_2_IS35";"Exp60_2_IS35";NA;"2023-09-26 15:16:00";77962,4
"890694";"27:7:2";"Exp60_2_IS35";"Exp60_2_IS35";NA;"2023-09-26 15:32:00";77988,6
"890695";"27:7:2";"Exp60_2_IS35";"Exp60_2_IS35";NA;"2023-09-26 15:46:00";78332,2
"890696";"27:7:2";"Exp60_2_IS35";"Exp60_2_IS35";NA;"2023-09-26 16:02:00";79156,3
"890697";"27:7:2";"Exp60_2_IS35";"Exp60_2_IS35";NA;"2023-09-26 16:16:00";79526,3
"890698";"27:7:2";"Exp60_2_IS35";"Exp60_2_IS35";NA;"2023-09-26 22:01:00";78291,7
"890699";"27:7:2";"Exp60_2_IS35";"Exp60_2_IS35";NA;"2023-09-26 22:17:00";78288,2
"890700";"27:7:2";"Exp60_2_IS35";"Exp60_2_IS35";NA;"2023-09-26 22:31:00";78494,7
"890701";"27:7:2";"Exp60_2_IS35";"Exp60_2_IS35";NA;"2023-09-26 22:47:00";78408,9
"890702";"27:7:2";"Exp60_2_IS35";"Exp60_2_IS35";NA;"2023-09-26 23:01:00";78580,6
"890703";"27:7:2";"Exp60_2_IS35";"Exp60_2_IS35";NA;"2023-09-26 23:17:00";78686,4
"890704";"27:7:2";"Exp60_2_IS35";"Exp60_2_IS35";NA;"2023-09-26 23:31:00";78514,9
"890705";"27:7:2";"Exp60_2_IS35";"Exp60_2_IS35";NA;"2023-09-26 23:47:00";78612,6
"890706";"27:7:2";"Exp60_2_IS35";"Exp60_2_IS35";NA;"2023-09-27 00:31:00";78768,4
"890707";"27:7:2";"Exp60_2_IS35";"Exp60_2_IS35";NA;"2023-09-27 00:47:00";78826,6
"890708";"27:7:2";"Exp60_2_IS35";"Exp60_2_IS35";NA;"2023-09-27 01:01:00";78818,6
"890709";"27:7:2";"Exp60_2_IS35";"Exp60_2_IS35";NA;"2023-09-27 01:17:00";78961,5
"890710";"27:7:2";"Exp60_2_IS35";"Exp60_2_IS35";NA;"2023-09-27 01:31:00";78882
"890711";"27:7:2";"Exp60_2_IS35";"Exp60_2_IS35";NA;"2023-09-27 01:47:00";78919,6
"890712";"27:7:2";"Exp60_2_IS35";"Exp60_2_IS35";NA;"2023-09-27 02:01:00";78935,3
"890713";"27:7:2";"Exp60_2_IS35";"Exp60_2_IS35";NA;"2023-09-27 02:17:00";78966,8
"890714";"27:7:2";"Exp60_2_IS35";"Exp60_2_IS35";NA;"2023-09-27 02:31:00";78656,2
"890715";"27:7:2";"Exp60_2_IS35";"Exp60_2_IS35";NA;"2023-09-27 02:47:00";78764
"890716";"27:7:2";"Exp60_2_IS35";"Exp60_2_IS35";NA;"2023-09-27 03:01:00";78595
"890717";"27:7:2";"Exp60_2_IS35";"Exp60_2_IS35";NA;"2023-09-27 03:17:00";78868,2
"890718";"27:7:2";"Exp60_2_IS35";"Exp60_2_IS35";NA;"2023-09-27 03:31:00";78846,4
"890719";"27:7:2";"Exp60_2_IS35";"Exp60_2_IS35";NA;"2023-09-27 03:47:00";78979,1
"890720";"27:7:2";"Exp60_2_IS35";"Exp60_2_IS35";NA;"2023-09-27 04:01:00";78787
"890721";"27:7:2";"Exp60_2_IS35";"Exp60_2_IS35";NA;"2023-09-27 04:17:00";78802,9
"890722";"27:7:2";"Exp60_2_IS35";"Exp60_2_IS35";NA;"2023-09-27 04:31:00";78899,9
"890723";"27:7:2";"Exp60_2_IS35";"Exp60_2_IS35";NA;"2023-09-27 04:47:00";78903,1
"890724";"27:7:2";"Exp60_2_IS35";"Exp60_2_IS35";NA;"2023-09-27 05:01:00";78944,8
"890725";"27:7:2";"Exp60_2_IS35";"Exp60_2_IS35";NA;"2023-09-27 05:17:00";78990,9
"890726";"27:7:2";"Exp60_2_IS35";"Exp60_2_IS35";NA;"2023-09-27 05:31:00";79138,3
"890727";"27:7:2";"Exp60_2_IS35";"Exp60_2_IS35";NA;"2023-09-27 05:47:00";79231,7
"890728";"27:7:2";"Exp60_2_IS35";"Exp60_2_IS35";NA;"2023-09-27 06:01:00";79386,7
"890729";"27:7:2";"Exp60_2_IS35";"Exp60_2_IS35";NA;"2023-09-27 06:17:00";79405,4
"890730";"27:7:2";"Exp60_2_IS35";"Exp60_2_IS35";NA;"2023-09-27 06:31:00";79520,6
"890731";"27:7:2";"Exp60_2_IS35";"Exp60_2_IS35";NA;"2023-09-27 06:47:00";79404,7
"890732";"27:7:2";"Exp60_2_IS35";"Exp60_2_IS35";NA;"2023-09-27 07:01:00";79533,5
"890733";"27:7:2";"Exp60_2_IS35";"Exp60_2_IS35";NA;"2023-09-27 07:32:00";79585,3
"890734";"27:7:2";"Exp60_2_IS35";"Exp60_2_IS35";NA;"2023-09-27 07:46:00";79667,9
"890735";"27:7:2";"Exp60_2_IS35";"Exp60_2_IS35";NA;"2023-09-27 08:02:00";79846,9
"890736";"27:7:2";"Exp60_2_IS35";"Exp60_2_IS35";NA;"2023-09-27 08:16:00";79953,2
"890737";"27:7:2";"Exp60_2_IS35";"Exp60_2_IS35";NA;"2023-09-27 08:32:00";80107,2
"890738";"27:7:2";"Exp60_2_IS35";"Exp60_2_IS35";NA;"2023-09-27 08:46:00";80199,4
"890739";"27:7:2";"Exp60_2_IS35";"Exp60_2_IS35";NA;"2023-09-27 09:02:00";80104,9
"890740";"27:7:2";"Exp60_2_IS35";"Exp60_2_IS35";NA;"2023-09-27 09:16:00";80175,7
"890741";"27:7:2";"Exp60_2_IS35";"Exp60_2_IS35";NA;"2023-09-27 15:46:00";82325,9
"890742";"27:7:2";"Exp60_2_IS35";"Exp60_2_IS35";NA;"2023-09-27 16:02:00";82493,7
"890743";"27:7:2";"Exp60_2_IS35";"Exp60_2_IS35";NA;"2023-09-27 16:16:00";82336,9
"890744";"27:7:2";"Exp60_2_IS35";"Exp60_2_IS35";NA;"2023-09-27 16:32:00";81763,9
"890745";"27:7:2";"Exp60_2_IS35";"Exp60_2_IS35";NA;"2023-09-27 16:46:00";82188,3
"890746";"27:7:2";"Exp60_2_IS35";"Exp60_2_IS35";NA;"2023-09-27 17:17:00";82045,1
"890747";"27:7:2";"Exp60_2_IS35";"Exp60_2_IS35";NA;"2023-09-27 17:31:00";82068,5
"890748";"27:7:2";"Exp60_2_IS35";"Exp60_2_IS35";NA;"2023-09-27 17:47:00";82028,2
"890749";"27:7:2";"Exp60_2_IS35";"Exp60_2_IS35";NA;"2023-09-27 18:01:00";82173,2
"890750";"27:7:2";"Exp60_2_IS35";"Exp60_2_IS35";NA;"2023-09-27 18:17:00";82727,7
"890751";"27:7:2";"Exp60_2_IS35";"Exp60_2_IS35";NA;"2023-09-27 18:31:00";82496,4
"890752";"27:7:2";"Exp60_2_IS35";"Exp60_2_IS35";NA;"2023-09-27 18:47:00";82736,5
"890753";"27:7:2";"Exp60_2_IS35";"Exp60_2_IS35";NA;"2023-09-27 19:01:00";82357
"890754";"27:7:2";"Exp60_2_IS35";"Exp60_2_IS35";NA;"2023-09-27 19:17:00";82259,3
"890755";"27:7:2";"Exp60_2_IS35";"Exp60_2_IS35";NA;"2023-09-27 19:31:00";82498,7
"890756";"27:7:2";"Exp60_2_IS35";"Exp60_2_IS35";NA;"2023-09-27 19:47:00";82371,9
"890757";"27:7:2";"Exp60_2_IS35";"Exp60_2_IS35";NA;"2023-09-27 20:01:00";82170,6
"890758";"27:7:2";"Exp60_2_IS35";"Exp60_2_IS35";NA;"2023-09-27 20:17:00";81916,5
"890759";"27:7:2";"Exp60_2_IS35";"Exp60_2_IS35";NA;"2023-09-27 20:31:00";81996,8
"890760";"27:7:2";"Exp60_2_IS35";"Exp60_2_IS35";NA;"2023-09-27 20:47:00";81986,1
"890761";"27:7:2";"Exp60_2_IS35";"Exp60_2_IS35";NA;"2023-09-27 21:01:00";81658,9
"890762";"27:7:2";"Exp60_2_IS35";"Exp60_2_IS35";NA;"2023-09-28 01:31:00";81437,6
"890763";"27:7:2";"Exp60_2_IS35";"Exp60_2_IS35";NA;"2023-09-28 01:47:00";81488,7
"890764";"27:7:2";"Exp60_2_IS35";"Exp60_2_IS35";NA;"2023-09-28 02:01:00";81354,2
"890765";"27:7:2";"Exp60_2_IS35";"Exp60_2_IS35";NA;"2023-09-28 02:17:00";81470,4
"890766";"27:7:2";"Exp60_2_IS35";"Exp60_2_IS35";NA;"2023-09-28 02:31:00";81388,6
"890767";"27:7:2";"Exp60_2_IS35";"Exp60_2_IS35";NA;"2023-09-28 03:17:00";81605,2
"890768";"27:7:2";"Exp60_2_IS35";"Exp60_2_IS35";NA;"2023-09-28 03:31:00";81551,8
"890769";"27:7:2";"Exp60_2_IS35";"Exp60_2_IS35";NA;"2023-09-28 03:47:00";81478,8
"890770";"27:7:2";"Exp60_2_IS35";"Exp60_2_IS35";NA;"2023-09-28 04:01:00";81836,6
"890771";"27:7:2";"Exp60_2_IS35";"Exp60_2_IS35";NA;"2023-09-28 04:17:00";81906
"890772";"27:7:2";"Exp60_2_IS35";"Exp60_2_IS35";NA;"2023-09-28 04:31:00";81994,1
"890773";"27:7:2";"Exp60_2_IS35";"Exp60_2_IS35";NA;"2023-09-28 04:47:00";82014,8
"890774";"27:7:2";"Exp60_2_IS35";"Exp60_2_IS35";NA;"2023-09-28 05:01:00";81957
"890775";"27:7:2";"Exp60_2_IS35";"Exp60_2_IS35";NA;"2023-09-28 05:17:00";81927
"890776";"27:7:2";"Exp60_2_IS35";"Exp60_2_IS35";NA;"2023-09-28 05:31:00";82009,6
"890777";"27:7:2";"Exp60_2_IS35";"Exp60_2_IS35";NA;"2023-09-28 05:47:00";82010,1
"890778";"27:7:2";"Exp60_2_IS35";"Exp60_2_IS35";NA;"2023-09-28 06:01:00";82039,9
"890779";"27:7:2";"Exp60_2_IS35";"Exp60_2_IS35";NA;"2023-09-28 06:17:00";81966,9
"890780";"27:7:2";"Exp60_2_IS35";"Exp60_2_IS35";NA;"2023-09-28 07:16:00";82163,2
"890781";"27:7:2";"Exp60_2_IS35";"Exp60_2_IS35";NA;"2023-09-28 07:32:00";82093,3
"890782";"27:7:2";"Exp60_2_IS35";"Exp60_2_IS35";NA;"2023-09-28 08:16:00";81900,7
"890783";"27:7:2";"Exp60_2_IS35";"Exp60_2_IS35";NA;"2023-09-28 08:47:00";81811,5
"890784";"27:7:2";"Exp60_2_IS35";"Exp60_2_IS35";NA;"2023-09-28 09:01:00";81759,5
"890785";"27:7:2";"Exp60_2_IS35";"Exp60_2_IS35";NA;"2023-09-28 16:16:00";83614,3
"890786";"27:7:2";"Exp60_2_IS35";"Exp60_2_IS35";NA;"2023-09-28 16:47:00";83438
"890787";"27:7:2";"Exp60_2_IS35";"Exp60_2_IS35";NA;"2023-09-28 17:01:00";83582
"890788";"27:7:2";"Exp60_2_IS35";"Exp60_2_IS35";NA;"2023-09-28 17:17:00";83670,6
"890789";"27:7:2";"Exp60_2_IS35";"Exp60_2_IS35";NA;"2023-09-28 17:31:00";83427,8
"890790";"27:7:2";"Exp60_2_IS35";"Exp60_2_IS35";NA;"2023-09-28 18:02:00";83161,5
"890791";"27:7:2";"Exp60_2_IS35";"Exp60_2_IS35";NA;"2023-09-28 18:16:00";83027,9
"890792";"27:7:2";"Exp60_2_IS35";"Exp60_2_IS35";NA;"2023-09-28 18:32:00";83238
"890793";"27:7:2";"Exp60_2_IS35";"Exp60_2_IS35";NA;"2023-09-28 18:46:00";83335,5
"890794";"27:7:2";"Exp60_2_IS35";"Exp60_2_IS35";NA;"2023-09-28 19:02:00";83387
"890795";"27:7:2";"Exp60_2_IS35";"Exp60_2_IS35";NA;"2023-09-28 19:16:00";83891,8
"890796";"27:7:2";"Exp60_2_IS35";"Exp60_2_IS35";NA;"2023-09-28 19:32:00";83992,1
"890797";"27:7:2";"Exp60_2_IS35";"Exp60_2_IS35";NA;"2023-09-28 19:46:00";84011,1
"890798";"27:7:2";"Exp60_2_IS35";"Exp60_2_IS35";NA;"2023-09-28 20:02:00";83598,8
"890799";"27:7:2";"Exp60_2_IS35";"Exp60_2_IS35";NA;"2023-09-28 20:16:00";83716,2
"890800";"27:7:2";"Exp60_2_IS35";"Exp60_2_IS35";NA;"2023-09-28 20:32:00";83462,4
"890801";"27:7:2";"Exp60_2_IS35";"Exp60_2_IS35";NA;"2023-09-28 20:46:00";83170,9
"890802";"27:7:2";"Exp60_2_IS35";"Exp60_2_IS35";NA;"2023-09-28 21:02:00";83328,1
"890803";"27:7:2";"Exp60_2_IS35";"Exp60_2_IS35";NA;"2023-09-28 21:16:00";83448,4
"890804";"27:7:2";"Exp60_2_IS35";"Exp60_2_IS35";NA;"2023-09-28 21:32:00";83487,3
"890805";"27:7:2";"Exp60_2_IS35";"Exp60_2_IS35";NA;"2023-09-28 21:46:00";83741,8
"890806";"27:7:2";"Exp60_2_IS35";"Exp60_2_IS35";NA;"2023-09-28 22:17:00";83528,3
"890807";"27:7:2";"Exp60_2_IS35";"Exp60_2_IS35";NA;"2023-09-28 22:31:00";83203,7
"890808";"27:7:2";"Exp60_2_IS35";"Exp60_2_IS35";NA;"2023-09-28 22:47:00";83248,2
"890809";"27:7:2";"Exp60_2_IS35";"Exp60_2_IS35";NA;"2023-09-28 23:01:00";83291,4
"890810";"27:7:2";"Exp60_2_IS35";"Exp60_2_IS35";NA;"2023-09-28 23:17:00";83333,8
"890811";"27:7:2";"Exp60_2_IS35";"Exp60_2_IS35";NA;"2023-09-28 23:31:00";83254
"890812";"27:7:2";"Exp60_2_IS35";"Exp60_2_IS35";NA;"2023-09-29 00:17:00";83378,7
"890813";"27:7:2";"Exp60_2_IS35";"Exp60_2_IS35";NA;"2023-09-29 00:31:00";83536,6
"890814";"27:7:2";"Exp60_2_IS35";"Exp60_2_IS35";NA;"2023-09-29 00:47:00";83508,4
"890815";"27:7:2";"Exp60_2_IS35";"Exp60_2_IS35";NA;"2023-09-29 01:01:00";83687,7
"890816";"27:7:2";"Exp60_2_IS35";"Exp60_2_IS35";NA;"2023-09-29 01:17:00";83691,6
"890817";"27:7:2";"Exp60_2_IS35";"Exp60_2_IS35";NA;"2023-09-29 01:31:00";83696,5
"890818";"27:7:2";"Exp60_2_IS35";"Exp60_2_IS35";NA;"2023-09-29 01:47:00";83609,8
"890819";"27:7:2";"Exp60_2_IS35";"Exp60_2_IS35";NA;"2023-09-29 02:01:00";83799,9
"890820";"27:7:2";"Exp60_2_IS35";"Exp60_2_IS35";NA;"2023-09-29 02:17:00";83759,1
"890821";"27:7:2";"Exp60_2_IS35";"Exp60_2_IS35";NA;"2023-09-29 02:31:00";83867,8
"890822";"27:7:2";"Exp60_2_IS35";"Exp60_2_IS35";NA;"2023-09-29 02:47:00";83834,3
"890823";"27:7:2";"Exp60_2_IS35";"Exp60_2_IS35";NA;"2023-09-29 03:01:00";83770,1
"890824";"27:7:2";"Exp60_2_IS35";"Exp60_2_IS35";NA;"2023-09-29 03:47:00";83727,9
"890825";"27:7:2";"Exp60_2_IS35";"Exp60_2_IS35";NA;"2023-09-29 04:01:00";83601,5
"890826";"27:7:2";"Exp60_2_IS35";"Exp60_2_IS35";NA;"2023-09-29 04:17:00";83525,9
"890827";"27:7:2";"Exp60_2_IS35";"Exp60_2_IS35";NA;"2023-09-29 04:31:00";83290,1
"890828";"27:7:2";"Exp60_2_IS35";"Exp60_2_IS35";NA;"2023-09-29 12:31:00";74302,5
"890829";"27:7:2";"Exp60_2_IS35";"Exp60_2_IS35";NA;"2023-09-29 18:46:00";161696
"890830";"27:7:2";"Exp60_2_IS35";"Exp60_2_IS35";NA;"2023-09-29 19:17:00";161520
"890831";"27:7:2";"Exp60_2_IS35";"Exp60_2_IS35";NA;"2023-09-29 19:31:00";161479
"890832";"27:7:2";"Exp60_2_IS35";"Exp60_2_IS35";NA;"2023-09-29 19:47:00";161478
"890833";"27:7:2";"Exp60_2_IS35";"Exp60_2_IS35";NA;"2023-09-29 20:01:00";161399
"890834";"27:7:2";"Exp60_2_IS35";"Exp60_2_IS35";NA;"2023-09-29 20:17:00";161281
"890835";"27:7:2";"Exp60_2_IS35";"Exp60_2_IS35";NA;"2023-09-29 20:31:00";161602
"890836";"27:7:2";"Exp60_2_IS35";"Exp60_2_IS35";NA;"2023-09-29 21:02:00";160859
"890837";"27:7:2";"Exp60_2_IS35";"Exp60_2_IS35";NA;"2023-09-29 21:16:00";150756
"890838";"27:7:2";"Exp60_2_IS35";"Exp60_2_IS35";NA;"2023-09-29 21:32:00";58993,8
"890839";"27:7:2";"Exp60_2_IS35";"Exp60_2_IS35";NA;"2023-09-29 21:46:00";63822,9
"890840";"27:7:2";"Exp60_2_IS35";"Exp60_2_IS35";NA;"2023-09-29 22:02:00";66881,5
"890841";"27:7:2";"Exp60_2_IS35";"Exp60_2_IS35";NA;"2023-09-29 22:16:00";67190
"890842";"27:7:2";"Exp60_2_IS35";"Exp60_2_IS35";NA;"2023-09-29 22:32:00";67903,6
"890843";"27:7:2";"Exp60_2_IS35";"Exp60_2_IS35";NA;"2023-09-29 22:46:00";69045,9
"890844";"27:7:2";"Exp60_2_IS35";"Exp60_2_IS35";NA;"2023-09-29 23:02:00";69758
"890845";"27:7:2";"Exp60_2_IS35";"Exp60_2_IS35";NA;"2023-09-29 23:16:00";70190,6
"890846";"27:7:2";"Exp60_2_IS35";"Exp60_2_IS35";NA;"2023-09-29 23:32:00";70234,7
"890847";"27:7:2";"Exp60_2_IS35";"Exp60_2_IS35";NA;"2023-09-29 23:46:00";70432,4
"890848";"27:7:2";"Exp60_2_IS35";"Exp60_2_IS35";NA;"2023-09-30 00:02:00";70816,1
"890849";"27:7:2";"Exp60_2_IS35";"Exp60_2_IS35";NA;"2023-09-30 00:16:00";70524,9
"890850";"27:7:2";"Exp60_2_IS35";"Exp60_2_IS35";NA;"2023-09-30 00:32:00";71422,5
"890851";"27:7:2";"Exp60_2_IS35";"Exp60_2_IS35";NA;"2023-09-30 00:46:00";69770,1
"890852";"27:7:2";"Exp60_2_IS35";"Exp60_2_IS35";NA;"2023-09-30 01:02:00";68273,7
"890853";"27:7:2";"Exp60_2_IS35";"Exp60_2_IS35";NA;"2023-09-30 01:16:00";68674,7
"890854";"27:7:2";"Exp60_2_IS35";"Exp60_2_IS35";NA;"2023-09-30 01:32:00";70057,3
"890855";"27:7:2";"Exp60_2_IS35";"Exp60_2_IS35";NA;"2023-09-30 01:46:00";70572,1
"890856";"27:7:2";"Exp60_2_IS35";"Exp60_2_IS35";NA;"2023-09-30 08:46:00";28745,9
"890857";"27:7:2";"Exp60_2_IS35";"Exp60_2_IS35";NA;"2023-09-30 09:02:00";15337
"890858";"27:7:2";"Exp60_2_IS35";"Exp60_2_IS35";NA;"2023-09-30 09:16:00";-22850,4
"890859";"27:7:2";"Exp60_2_IS35";"Exp60_2_IS35";NA;"2023-09-30 09:32:00";-29180,3
"890860";"27:7:2";"Exp60_2_IS35";"Exp60_2_IS35";NA;"2023-09-30 09:46:00";-60029,4
"890861";"27:7:2";"Exp60_2_IS35";"Exp60_2_IS35";NA;"2023-09-30 10:02:00";-51435,3
"890862";"27:7:2";"Exp60_2_IS35";"Exp60_2_IS35";NA;"2023-09-30 10:16:00";-89715,8
"890863";"27:7:2";"Exp60_2_IS35";"Exp60_2_IS35";NA;"2023-09-30 10:32:00";-15756,1
"890864";"27:7:2";"Exp60_2_IS35";"Exp60_2_IS35";NA;"2023-09-30 10:46:00";-55962,6
"890865";"27:7:2";"Exp60_2_IS35";"Exp60_2_IS35";NA;"2023-09-30 11:02:00";-79820,2
"890866";"27:7:2";"Exp60_2_IS35";"Exp60_2_IS35";NA;"2023-09-30 11:16:00";-45813,5
"890867";"27:7:2";"Exp60_2_IS35";"Exp60_2_IS35";NA;"2023-09-30 11:32:00";-25601,9
"890868";"27:7:2";"Exp60_2_IS35";"Exp60_2_IS35";NA;"2023-09-30 11:46:00";-40084,8
"890869";"27:7:2";"Exp60_2_IS35";"Exp60_2_IS35";NA;"2023-09-30 19:01:00";2963,52
"890870";"27:7:2";"Exp60_2_IS35";"Exp60_2_IS35";NA;"2023-09-30 19:17:00";8468,5
"890871";"27:7:2";"Exp60_2_IS35";"Exp60_2_IS35";NA;"2023-09-30 19:31:00";20525,1
"890872";"27:7:2";"Exp60_2_IS35";"Exp60_2_IS35";NA;"2023-09-30 19:47:00";14906,6
"890873";"27:7:2";"Exp60_2_IS35";"Exp60_2_IS35";NA;"2023-09-30 20:01:00";13158,4
"890874";"27:7:2";"Exp60_2_IS35";"Exp60_2_IS35";NA;"2023-09-30 20:17:00";6944,82
"890875";"27:7:2";"Exp60_2_IS35";"Exp60_2_IS35";NA;"2023-09-30 20:31:00";-16971,9
"890876";"27:7:2";"Exp60_2_IS35";"Exp60_2_IS35";NA;"2023-09-30 20:47:00";11359,3
"890877";"27:7:2";"Exp60_2_IS35";"Exp60_2_IS35";NA;"2023-09-30 21:01:00";3431,74
"890878";"27:7:2";"Exp60_2_IS35";"Exp60_2_IS35";NA;"2023-09-30 21:32:00";12760,8
"890879";"27:7:2";"Exp60_2_IS35";"Exp60_2_IS35";NA;"2023-09-30 21:46:00";10326,6
"890880";"27:7:2";"Exp60_2_IS35";"Exp60_2_IS35";NA;"2023-09-30 22:02:00";-21326,2
"890881";"27:7:2";"Exp60_2_IS35";"Exp60_2_IS35";NA;"2023-09-30 22:16:00";-10174,2
"890882";"27:7:2";"Exp60_2_IS35";"Exp60_2_IS35";NA;"2023-09-30 22:32:00";-8263,6
"890883";"27:7:2";"Exp60_2_IS35";"Exp60_2_IS35";NA;"2023-09-30 22:46:00";-44194,8
"890884";"27:7:2";"Exp60_2_IS35";"Exp60_2_IS35";NA;"2023-09-30 23:02:00";-4299,1
"890885";"27:7:2";"Exp60_2_IS35";"Exp60_2_IS35";NA;"2023-09-30 23:16:00";-11740,2
"890886";"27:7:2";"Exp60_2_IS35";"Exp60_2_IS35";NA;"2023-09-30 23:32:00";-16143,9
"890887";"27:7:2";"Exp60_2_IS35";"Exp60_2_IS35";NA;"2023-09-30 23:46:00";-4750,68
"890888";"27:7:2";"Exp60_2_IS35";"Exp60_2_IS35";NA;"2023-10-01 00:02:00";-18467,1
"890889";"27:7:2";"Exp60_2_IS35";"Exp60_2_IS35";NA;"2023-10-01 00:16:00";-24900,5
"890890";"27:7:2";"Exp60_2_IS35";"Exp60_2_IS35";NA;"2023-10-01 00:32:00";-31720,7
"890891";"27:7:2";"Exp60_2_IS35";"Exp60_2_IS35";NA;"2023-10-01 01:16:00";5739,88
"890892";"27:7:2";"Exp60_2_IS35";"Exp60_2_IS35";NA;"2023-10-01 01:32:00";-22140,7
"890893";"27:7:2";"Exp60_2_IS35";"Exp60_2_IS35";NA;"2023-10-01 01:46:00";3603,83
"890894";"27:7:2";"Exp60_2_IS35";"Exp60_2_IS35";NA;"2023-10-01 02:02:00";-4847,24
"890895";"27:7:2";"Exp60_2_IS35";"Exp60_2_IS35";NA;"2023-10-01 02:16:00";-5818,54
"890896";"27:7:2";"Exp60_2_IS35";"Exp60_2_IS35";NA;"2023-10-01 02:32:00";1747,12
"890897";"27:7:2";"Exp60_2_IS35";"Exp60_2_IS35";NA;"2023-10-01 02:46:00";19130,2
"890898";"27:7:2";"Exp60_2_IS35";"Exp60_2_IS35";NA;"2023-10-01 09:31:00";-39590,6
"890899";"27:7:2";"Exp60_2_IS35";"Exp60_2_IS35";NA;"2023-10-01 09:47:00";-56109,2
"890900";"27:7:2";"Exp60_2_IS35";"Exp60_2_IS35";NA;"2023-10-01 10:01:00";-28693,7
"890901";"27:7:2";"Exp60_2_IS35";"Exp60_2_IS35";NA;"2023-10-01 10:17:00";-30993,4
"890902";"27:7:2";"Exp60_2_IS35";"Exp60_2_IS35";NA;"2023-10-01 10:31:00";-35455,2
"890903";"27:7:2";"Exp60_2_IS35";"Exp60_2_IS35";NA;"2023-10-01 10:47:00";-41262,7
"890904";"27:7:2";"Exp60_2_IS35";"Exp60_2_IS35";NA;"2023-10-01 11:01:00";-99718,7
"890905";"27:7:2";"Exp60_2_IS35";"Exp60_2_IS35";NA;"2023-10-01 17:46:00";-110169
"890906";"27:7:2";"Exp60_2_IS35";"Exp60_2_IS35";NA;"2023-10-01 18:02:00";-110054
"890907";"27:7:2";"Exp60_2_IS35";"Exp60_2_IS35";NA;"2023-10-01 18:16:00";-83901,2
"890908";"27:7:2";"Exp60_2_IS35";"Exp60_2_IS35";NA;"2023-10-01 18:32:00";-53221,1
"890909";"27:7:2";"Exp60_2_IS35";"Exp60_2_IS35";NA;"2023-10-01 18:46:00";-41945,4
"890910";"27:7:2";"Exp60_2_IS35";"Exp60_2_IS35";NA;"2023-10-01 19:02:00";-69226,2
"890911";"27:7:2";"Exp60_2_IS35";"Exp60_2_IS35";NA;"2023-10-01 19:16:00";-59073,5
"890912";"27:7:2";"Exp60_2_IS35";"Exp60_2_IS35";NA;"2023-10-01 19:32:00";-13983,2
"890913";"27:7:2";"Exp60_2_IS35";"Exp60_2_IS35";NA;"2023-10-01 19:46:00";7378,18
"890914";"27:7:2";"Exp60_2_IS35";"Exp60_2_IS35";NA;"2023-10-01 20:02:00";-10151,2
"890915";"27:7:2";"Exp60_2_IS35";"Exp60_2_IS35";NA;"2023-10-01 20:16:00";-7120,52
"890916";"27:7:2";"Exp60_2_IS35";"Exp60_2_IS35";NA;"2023-10-01 20:32:00";-4324,69
"890917";"27:7:2";"Exp60_2_IS35";"Exp60_2_IS35";NA;"2023-10-01 20:46:00";21997,2
"890918";"27:7:2";"Exp60_2_IS35";"Exp60_2_IS35";NA;"2023-10-01 21:02:00";17414,7
"890919";"27:7:2";"Exp60_2_IS35";"Exp60_2_IS35";NA;"2023-10-01 21:16:00";7281,62
"890920";"27:7:2";"Exp60_2_IS35";"Exp60_2_IS35";NA;"2023-10-01 21:32:00";12593,2
"890921";"27:7:2";"Exp60_2_IS35";"Exp60_2_IS35";NA;"2023-10-01 21:46:00";10381,3
"890922";"27:7:2";"Exp60_2_IS35";"Exp60_2_IS35";NA;"2023-10-01 22:02:00";13925,6
"890923";"27:7:2";"Exp60_2_IS35";"Exp60_2_IS35";NA;"2023-10-01 22:16:00";16055,5
"890924";"27:7:2";"Exp60_2_IS35";"Exp60_2_IS35";NA;"2023-10-01 22:32:00";16566,1
"890925";"27:7:2";"Exp60_2_IS35";"Exp60_2_IS35";NA;"2023-10-01 22:46:00";10663,6
"890926";"27:7:2";"Exp60_2_IS35";"Exp60_2_IS35";NA;"2023-10-01 23:17:00";663,393
"890927";"27:7:2";"Exp60_2_IS35";"Exp60_2_IS35";NA;"2023-10-01 23:31:00";20282,2
"890928";"27:7:2";"Exp60_2_IS35";"Exp60_2_IS35";NA;"2023-10-02 07:01:00";-394,424
"890929";"27:7:2";"Exp60_2_IS35";"Exp60_2_IS35";NA;"2023-10-02 07:17:00";22570,4
"890930";"27:7:2";"Exp60_2_IS35";"Exp60_2_IS35";NA;"2023-10-02 07:31:00";202,237
"890931";"27:7:2";"Exp60_2_IS35";"Exp60_2_IS35";NA;"2023-10-02 07:47:00";11770,4
"890932";"27:7:2";"Exp60_2_IS35";"Exp60_2_IS35";NA;"2023-10-02 08:01:00";-14741
"890933";"27:7:2";"Exp60_2_IS35";"Exp60_2_IS35";NA;"2023-10-02 08:17:00";11646,5
"890934";"27:7:2";"Exp60_2_IS35";"Exp60_2_IS35";NA;"2023-10-02 08:31:00";-19185,6
"890935";"27:7:2";"Exp60_2_IS35";"Exp60_2_IS35";NA;"2023-10-02 08:47:00";-20205,6
"890936";"27:7:2";"Exp60_2_IS35";"Exp60_2_IS35";NA;"2023-10-02 09:01:00";-24213,4
"890937";"27:7:2";"Exp60_2_IS35";"Exp60_2_IS35";NA;"2023-10-02 09:17:00";-33661,9
"890938";"27:7:2";"Exp60_2_IS35";"Exp60_2_IS35";NA;"2023-10-02 09:31:00";-19023
"890939";"27:7:2";"Exp60_2_IS35";"Exp60_2_IS35";NA;"2023-10-02 09:47:00";-45863,6
"890940";"27:7:2";"Exp60_2_IS35";"Exp60_2_IS35";NA;"2023-10-02 10:01:00";-12447,4
"890941";"27:7:2";"Exp60_2_IS35";"Exp60_2_IS35";NA;"2023-10-02 10:32:00";-34449,2
"890942";"27:7:2";"Exp60_2_IS35";"Exp60_2_IS35";NA;"2023-10-02 10:46:00";-40154,8
"890943";"27:7:2";"Exp60_2_IS35";"Exp60_2_IS35";NA;"2023-10-02 11:17:00";-8034,67
"890944";"27:7:2";"Exp60_2_IS35";"Exp60_2_IS35";NA;"2023-10-02 11:31:00";-12293,1
"890945";"27:7:2";"Exp60_2_IS35";"Exp60_2_IS35";NA;"2023-10-02 11:47:00";-3164,03
"890946";"27:7:2";"Exp60_2_IS35";"Exp60_2_IS35";NA;"2023-10-02 12:01:00";-22662,9
"890947";"27:7:2";"Exp60_2_IS35";"Exp60_2_IS35";NA;"2023-10-02 12:17:00";-54070,5
"890948";"27:7:2";"Exp60_2_IS35";"Exp60_2_IS35";NA;"2023-10-02 12:31:00";-11863
"890949";"27:7:2";"Exp60_2_IS35";"Exp60_2_IS35";NA;"2023-10-02 12:47:00";6431,06
"890950";"27:7:2";"Exp60_2_IS35";"Exp60_2_IS35";NA;"2023-10-02 13:01:00";-8855,08
"890951";"27:7:2";"Exp60_2_IS35";"Exp60_2_IS35";NA;"2023-10-02 13:17:00";-24235,9
"890952";"27:7:2";"Exp60_2_IS35";"Exp60_2_IS35";NA;"2023-10-02 13:31:00";-29311,9
"890953";"27:7:2";"Exp60_2_IS35";"Exp60_2_IS35";NA;"2023-10-02 13:47:00";-38275,6
"890954";"27:7:2";"Exp60_2_IS35";"Exp60_2_IS35";NA;"2023-10-02 14:01:00";-20938,9
"890955";"27:7:2";"Exp60_2_IS35";"Exp60_2_IS35";NA;"2023-10-02 14:17:00";-30964,2
"890956";"27:7:2";"Exp60_2_IS35";"Exp60_2_IS35";NA;"2023-10-02 14:31:00";-29417,4
"890957";"27:7:2";"Exp60_2_IS35";"Exp60_2_IS35";NA;"2023-10-02 14:47:00";5512,05
"890958";"27:7:2";"Exp60_2_IS35";"Exp60_2_IS35";NA;"2023-10-02 15:01:00";-12154,1
"890959";"27:7:2";"Exp60_2_IS35";"Exp60_2_IS35";NA;"2023-10-02 15:32:00";23307,9
"890960";"27:7:2";"Exp60_2_IS35";"Exp60_2_IS35";NA;"2023-10-02 15:46:00";-11858,2
"890961";"27:7:2";"Exp60_2_IS35";"Exp60_2_IS35";NA;"2023-10-02 16:02:00";-25490,8
"890962";"27:7:2";"Exp60_2_IS35";"Exp60_2_IS35";NA;"2023-10-02 16:16:00";-8420,46
"890963";"27:7:2";"Exp60_2_IS35";"Exp60_2_IS35";NA;"2023-10-02 23:01:00";14690,7
"890964";"27:7:2";"Exp60_2_IS35";"Exp60_2_IS35";NA;"2023-10-02 23:17:00";1151,71
"890965";"27:7:2";"Exp60_2_IS35";"Exp60_2_IS35";NA;"2023-10-02 23:31:00";16202,5
"890966";"27:7:2";"Exp60_2_IS35";"Exp60_2_IS35";NA;"2023-10-02 23:47:00";-2829,27
"890967";"27:7:2";"Exp60_2_IS35";"Exp60_2_IS35";NA;"2023-10-03 00:01:00";11481
"890968";"27:7:2";"Exp60_2_IS35";"Exp60_2_IS35";NA;"2023-10-03 00:17:00";17477,6
"890969";"27:7:2";"Exp60_2_IS35";"Exp60_2_IS35";NA;"2023-10-03 00:31:00";23231,6
"890970";"27:7:2";"Exp60_2_IS35";"Exp60_2_IS35";NA;"2023-10-03 00:47:00";28413
"890971";"27:7:2";"Exp60_2_IS35";"Exp60_2_IS35";NA;"2023-10-03 01:01:00";30396,1
"890972";"27:7:2";"Exp60_2_IS35";"Exp60_2_IS35";NA;"2023-10-03 01:17:00";37979,2
"890973";"27:7:2";"Exp60_2_IS35";"Exp60_2_IS35";NA;"2023-10-03 01:31:00";36075,2
"890974";"27:7:2";"Exp60_2_IS35";"Exp60_2_IS35";NA;"2023-10-03 01:47:00";40779,9
"890975";"27:7:2";"Exp60_2_IS35";"Exp60_2_IS35";NA;"2023-10-03 02:01:00";41242,1
"890976";"27:7:2";"Exp60_2_IS35";"Exp60_2_IS35";NA;"2023-10-03 02:17:00";38882
"890977";"27:7:2";"Exp60_2_IS35";"Exp60_2_IS35";NA;"2023-10-03 02:31:00";37459
"890978";"27:7:2";"Exp60_2_IS35";"Exp60_2_IS35";NA;"2023-10-03 03:47:00";42889,4
"890979";"27:7:2";"Exp60_2_IS35";"Exp60_2_IS35";NA;"2023-10-03 04:01:00";45351,9
"890980";"27:7:2";"Exp60_2_IS35";"Exp60_2_IS35";NA;"2023-10-03 04:17:00";48990,4
"890981";"27:7:2";"Exp60_2_IS35";"Exp60_2_IS35";NA;"2023-10-03 04:31:00";44214,3
"890982";"27:7:2";"Exp60_2_IS35";"Exp60_2_IS35";NA;"2023-10-03 04:47:00";43442,9
"890983";"27:7:2";"Exp60_2_IS35";"Exp60_2_IS35";NA;"2023-10-03 05:01:00";41312,2
"890984";"27:7:2";"Exp60_2_IS35";"Exp60_2_IS35";NA;"2023-10-03 05:17:00";33211,1
"890985";"27:7:2";"Exp60_2_IS35";"Exp60_2_IS35";NA;"2023-10-03 06:01:00";52033,9
"890986";"27:7:2";"Exp60_2_IS35";"Exp60_2_IS35";NA;"2023-10-03 06:17:00";60474,4
"890987";"27:7:2";"Exp60_2_IS35";"Exp60_2_IS35";NA;"2023-10-03 06:31:00";55094,7
"890988";"27:7:2";"Exp60_2_IS35";"Exp60_2_IS35";NA;"2023-10-03 06:47:00";47223,7
"890989";"27:7:2";"Exp60_2_IS35";"Exp60_2_IS35";NA;"2023-10-03 07:01:00";45920,1
"890990";"27:7:2";"Exp60_2_IS35";"Exp60_2_IS35";NA;"2023-10-03 07:17:00";58711,9
"890991";"27:7:2";"Exp60_2_IS35";"Exp60_2_IS35";NA;"2023-10-03 07:31:00";57923,2
"890992";"27:7:2";"Exp60_2_IS35";"Exp60_2_IS35";NA;"2023-10-03 08:02:00";55802,1
"890993";"27:7:2";"Exp60_2_IS35";"Exp60_2_IS35";NA;"2023-10-03 08:16:00";51065,9
"890994";"27:7:2";"Exp60_2_IS35";"Exp60_2_IS35";NA;"2023-10-03 08:32:00";57159,3
"890995";"27:7:2";"Exp60_2_IS35";"Exp60_2_IS35";NA;"2023-10-03 08:46:00";48058,7
"890996";"27:7:2";"Exp60_2_IS35";"Exp60_2_IS35";NA;"2023-10-03 15:16:00";22731,7
"890997";"27:7:2";"Exp60_2_IS35";"Exp60_2_IS35";NA;"2023-10-03 21:16:00";62913,4
"890998";"27:7:2";"Exp60_2_IS35";"Exp60_2_IS35";NA;"2023-10-03 22:02:00";55232
"890999";"27:7:2";"Exp60_2_IS35";"Exp60_2_IS35";NA;"2023-10-03 22:16:00";54153,4
"891000";"27:7:2";"Exp60_2_IS35";"Exp60_2_IS35";NA;"2023-10-03 22:32:00";61437,4
"891001";"27:7:2";"Exp60_2_IS35";"Exp60_2_IS35";NA;"2023-10-03 22:46:00";57084,3
"891002";"27:7:2";"Exp60_2_IS35";"Exp60_2_IS35";NA;"2023-10-03 23:17:00";51989,4
"891003";"27:7:2";"Exp60_2_IS35";"Exp60_2_IS35";NA;"2023-10-03 23:31:00";61880
"891004";"27:7:2";"Exp60_2_IS35";"Exp60_2_IS35";NA;"2023-10-03 23:47:00";66257,9
"891005";"27:7:2";"Exp60_2_IS35";"Exp60_2_IS35";NA;"2023-10-04 00:16:00";65751,9
"891006";"27:7:2";"Exp60_2_IS35";"Exp60_2_IS35";NA;"2023-10-04 00:32:00";68013,2
"891007";"27:7:2";"Exp60_2_IS35";"Exp60_2_IS35";NA;"2023-10-04 00:46:00";64333,9
"891008";"27:7:2";"Exp60_2_IS35";"Exp60_2_IS35";NA;"2023-10-04 01:02:00";69542,6
"891009";"27:7:2";"Exp60_2_IS35";"Exp60_2_IS35";NA;"2023-10-04 01:16:00";68756,4
"891010";"27:7:2";"Exp60_2_IS35";"Exp60_2_IS35";NA;"2023-10-04 01:32:00";73172,8
"891011";"27:7:2";"Exp60_2_IS35";"Exp60_2_IS35";NA;"2023-10-04 01:46:00";65038,9
"891012";"27:7:2";"Exp60_2_IS35";"Exp60_2_IS35";NA;"2023-10-04 02:02:00";61986,9
"891013";"27:7:2";"Exp60_2_IS35";"Exp60_2_IS35";NA;"2023-10-04 02:16:00";57208,3
"891014";"27:7:2";"Exp60_2_IS35";"Exp60_2_IS35";NA;"2023-10-04 02:32:00";59418,5
"891015";"27:7:2";"Exp60_2_IS35";"Exp60_2_IS35";NA;"2023-10-04 02:46:00";67310,7
"891016";"27:7:2";"Exp60_2_IS35";"Exp60_2_IS35";NA;"2023-10-04 03:17:00";63747,4
"891017";"27:7:2";"Exp60_2_IS35";"Exp60_2_IS35";NA;"2023-10-04 03:31:00";60294,6
"891018";"27:7:2";"Exp60_2_IS35";"Exp60_2_IS35";NA;"2023-10-04 03:47:00";64904,6
"891019";"27:7:2";"Exp60_2_IS35";"Exp60_2_IS35";NA;"2023-10-04 04:01:00";55495,3
"891020";"27:7:2";"Exp60_2_IS35";"Exp60_2_IS35";NA;"2023-10-04 04:32:00";55987,5
"891021";"27:7:2";"Exp60_2_IS35";"Exp60_2_IS35";NA;"2023-10-04 04:46:00";63969,6
"891022";"27:7:2";"Exp60_2_IS35";"Exp60_2_IS35";NA;"2023-10-04 05:02:00";62541,7
"891023";"27:7:2";"Exp60_2_IS35";"Exp60_2_IS35";NA;"2023-10-04 05:16:00";54263,8
"891024";"27:7:2";"Exp60_2_IS35";"Exp60_2_IS35";NA;"2023-10-04 05:32:00";65027,6
"891025";"27:7:2";"Exp60_2_IS35";"Exp60_2_IS35";NA;"2023-10-04 05:46:00";70969,5
"891026";"27:7:2";"Exp60_2_IS35";"Exp60_2_IS35";NA;"2023-10-04 06:32:00";68443,9
"891027";"27:7:2";"Exp60_2_IS35";"Exp60_2_IS35";NA;"2023-10-04 06:46:00";63319,4
"891028";"27:7:2";"Exp60_2_IS35";"Exp60_2_IS35";NA;"2023-10-04 07:17:00";67123,1
"891029";"27:7:2";"Exp60_2_IS35";"Exp60_2_IS35";NA;"2023-10-04 07:31:00";72128,8
"891030";"27:7:2";"Exp60_2_IS35";"Exp60_2_IS35";NA;"2023-10-04 07:47:00";65485
"891031";"27:7:2";"Exp60_2_IS35";"Exp60_2_IS35";NA;"2023-10-04 08:01:00";66823,7
"891032";"27:7:2";"Exp60_2_IS35";"Exp60_2_IS35";NA;"2023-10-04 08:17:00";63259,1
"891033";"27:7:2";"Exp60_2_IS35";"Exp60_2_IS35";NA;"2023-10-04 08:31:00";55217,5
"891034";"27:7:2";"Exp60_2_IS35";"Exp60_2_IS35";NA;"2023-10-04 08:47:00";52800,1
"891035";"27:7:2";"Exp60_2_IS35";"Exp60_2_IS35";NA;"2023-10-04 09:01:00";39933,9
"891036";"27:7:2";"Exp60_2_IS35";"Exp60_2_IS35";NA;"2023-10-04 09:17:00";27830,3
"891037";"27:7:2";"Exp60_2_IS35";"Exp60_2_IS35";NA;"2023-10-04 09:31:00";25547,1
"891038";"27:7:2";"Exp60_2_IS35";"Exp60_2_IS35";NA;"2023-10-04 09:47:00";14234,6
"891039";"27:7:2";"Exp60_2_IS35";"Exp60_2_IS35";NA;"2023-10-04 10:01:00";16495,8
"891040";"27:7:2";"Exp60_2_IS35";"Exp60_2_IS35";NA;"2023-10-04 10:17:00";18738,9
"891041";"27:7:2";"Exp60_2_IS35";"Exp60_2_IS35";NA;"2023-10-04 10:31:00";21606,3
"891042";"27:7:2";"Exp60_2_IS35";"Exp60_2_IS35";NA;"2023-10-04 10:47:00";21831,5
"891043";"27:7:2";"Exp60_2_IS35";"Exp60_2_IS35";NA;"2023-10-04 11:01:00";35806,7
"891044";"27:7:2";"Exp60_2_IS35";"Exp60_2_IS35";NA;"2023-10-04 11:17:00";32438,4
"891045";"27:7:2";"Exp60_2_IS35";"Exp60_2_IS35";NA;"2023-10-04 11:31:00";27523,8
"891046";"27:7:2";"Exp60_2_IS35";"Exp60_2_IS35";NA;"2023-10-04 11:47:00";14552,2
"891047";"27:7:2";"Exp60_2_IS35";"Exp60_2_IS35";NA;"2023-10-04 12:01:00";31289,2
"891048";"27:7:2";"Exp60_2_IS35";"Exp60_2_IS35";NA;"2023-10-04 12:32:00";28429,5
"891049";"27:7:2";"Exp60_2_IS35";"Exp60_2_IS35";NA;"2023-10-04 12:46:00";41403,1
"891050";"27:7:2";"Exp60_2_IS35";"Exp60_2_IS35";NA;"2023-10-04 13:02:00";29088,3
"891051";"27:7:2";"Exp60_2_IS35";"Exp60_2_IS35";NA;"2023-10-04 13:16:00";37810,2
"891052";"27:7:2";"Exp60_2_IS35";"Exp60_2_IS35";NA;"2023-10-04 13:32:00";48451,9
"891053";"27:7:2";"Exp60_2_IS35";"Exp60_2_IS35";NA;"2023-10-04 13:46:00";52412
"891054";"27:7:2";"Exp60_2_IS35";"Exp60_2_IS35";NA;"2023-10-04 21:01:00";89906
"891055";"27:7:2";"Exp60_2_IS35";"Exp60_2_IS35";NA;"2023-10-05 03:31:00";94789,5
"891056";"27:7:2";"Exp60_2_IS35";"Exp60_2_IS35";NA;"2023-10-05 03:47:00";94681,5
"891057";"27:7:2";"Exp60_2_IS35";"Exp60_2_IS35";NA;"2023-10-05 04:01:00";95241,2
"891058";"27:7:2";"Exp60_2_IS35";"Exp60_2_IS35";NA;"2023-10-05 04:17:00";92842,6
"891059";"27:7:2";"Exp60_2_IS35";"Exp60_2_IS35";NA;"2023-10-05 04:31:00";93840,8
"891060";"27:7:2";"Exp60_2_IS35";"Exp60_2_IS35";NA;"2023-10-05 04:47:00";94441,4
"891061";"27:7:2";"Exp60_2_IS35";"Exp60_2_IS35";NA;"2023-10-05 05:01:00";92312,4
"891062";"27:7:2";"Exp60_2_IS35";"Exp60_2_IS35";NA;"2023-10-05 05:17:00";96629,1
"891063";"27:7:2";"Exp60_2_IS35";"Exp60_2_IS35";NA;"2023-10-05 05:31:00";94280,9
"891064";"27:7:2";"Exp60_2_IS35";"Exp60_2_IS35";NA;"2023-10-05 05:47:00";95060,2
"891065";"27:7:2";"Exp60_2_IS35";"Exp60_2_IS35";NA;"2023-10-05 06:01:00";92532,7
"891066";"27:7:2";"Exp60_2_IS35";"Exp60_2_IS35";NA;"2023-10-05 06:17:00";92553
"891067";"27:7:2";"Exp60_2_IS35";"Exp60_2_IS35";NA;"2023-10-05 06:31:00";93925,6
"891068";"27:7:2";"Exp60_2_IS35";"Exp60_2_IS35";NA;"2023-10-05 06:47:00";94606,7
"891069";"27:7:2";"Exp60_2_IS35";"Exp60_2_IS35";NA;"2023-10-05 07:01:00";94045,2
"891070";"27:7:2";"Exp60_2_IS35";"Exp60_2_IS35";NA;"2023-10-05 07:17:00";93040,5
"891071";"27:7:2";"Exp60_2_IS35";"Exp60_2_IS35";NA;"2023-10-05 07:31:00";94762,3
"891072";"27:7:2";"Exp60_2_IS35";"Exp60_2_IS35";NA;"2023-10-05 07:47:00";95075,4
"891073";"27:7:2";"Exp60_2_IS35";"Exp60_2_IS35";NA;"2023-10-05 08:01:00";94413,6
"891074";"27:7:2";"Exp60_2_IS35";"Exp60_2_IS35";NA;"2023-10-05 08:17:00";93250,1
"891075";"27:7:2";"Exp60_2_IS35";"Exp60_2_IS35";NA;"2023-10-05 08:31:00";94340,6
"891076";"27:7:2";"Exp60_2_IS35";"Exp60_2_IS35";NA;"2023-10-05 08:47:00";89974,9
"891077";"27:7:2";"Exp60_2_IS35";"Exp60_2_IS35";NA;"2023-10-05 09:01:00";87263,1
"891078";"27:7:2";"Exp60_2_IS35";"Exp60_2_IS35";NA;"2023-10-05 09:17:00";87248,2
"891079";"27:7:2";"Exp60_2_IS35";"Exp60_2_IS35";NA;"2023-10-05 09:31:00";84767,3
"891080";"27:7:2";"Exp60_2_IS35";"Exp60_2_IS35";NA;"2023-10-05 09:47:00";82244,1
"891081";"27:7:2";"Exp60_2_IS35";"Exp60_2_IS35";NA;"2023-10-05 10:01:00";79748,1
"891082";"27:7:2";"Exp60_2_IS35";"Exp60_2_IS35";NA;"2023-10-05 10:17:00";79844,5
"891083";"27:7:2";"Exp60_2_IS35";"Exp60_2_IS35";NA;"2023-10-05 10:31:00";84010,5
"891084";"27:7:2";"Exp60_2_IS35";"Exp60_2_IS35";NA;"2023-10-05 10:47:00";85176,2
"891085";"27:7:2";"Exp60_2_IS35";"Exp60_2_IS35";NA;"2023-10-05 11:01:00";81235,1
"891086";"27:7:2";"Exp60_2_IS35";"Exp60_2_IS35";NA;"2023-10-05 11:17:00";80125,1
"891087";"27:7:2";"Exp60_2_IS35";"Exp60_2_IS35";NA;"2023-10-05 11:31:00";80372
"891088";"27:7:2";"Exp60_2_IS35";"Exp60_2_IS35";NA;"2023-10-05 11:47:00";77853,7
"891089";"27:7:2";"Exp60_2_IS35";"Exp60_2_IS35";NA;"2023-10-05 12:01:00";78913
"891090";"27:7:2";"Exp60_2_IS35";"Exp60_2_IS35";NA;"2023-10-05 18:01:00";93836,9
"891091";"27:7:2";"Exp60_2_IS35";"Exp60_2_IS35";NA;"2023-10-05 18:17:00";92715,3
"891092";"27:7:2";"Exp60_2_IS35";"Exp60_2_IS35";NA;"2023-10-05 18:31:00";94249,5
"891093";"27:7:2";"Exp60_2_IS35";"Exp60_2_IS35";NA;"2023-10-06 00:31:00";105447
"891094";"27:7:2";"Exp60_2_IS35";"Exp60_2_IS35";NA;"2023-10-06 00:47:00";102035
"891095";"27:7:2";"Exp60_2_IS35";"Exp60_2_IS35";NA;"2023-10-06 01:01:00";108087
"891096";"27:7:2";"Exp60_2_IS35";"Exp60_2_IS35";NA;"2023-10-06 01:17:00";99742,6
"891097";"27:7:2";"Exp60_2_IS35";"Exp60_2_IS35";NA;"2023-10-06 01:31:00";98914,8
"891098";"27:7:2";"Exp60_2_IS35";"Exp60_2_IS35";NA;"2023-10-06 01:47:00";103636
"891099";"27:7:2";"Exp60_2_IS35";"Exp60_2_IS35";NA;"2023-10-06 02:01:00";99917,6
"891100";"27:7:2";"Exp60_2_IS35";"Exp60_2_IS35";NA;"2023-10-06 02:17:00";99857,2
"891101";"27:7:2";"Exp60_2_IS35";"Exp60_2_IS35";NA;"2023-10-06 02:31:00";94153,9
"891102";"27:7:2";"Exp60_2_IS35";"Exp60_2_IS35";NA;"2023-10-06 02:47:00";92445,2
"891103";"27:7:2";"Exp60_2_IS35";"Exp60_2_IS35";NA;"2023-10-06 03:16:00";103836
"891104";"27:7:2";"Exp60_2_IS35";"Exp60_2_IS35";NA;"2023-10-06 03:32:00";107335
"891105";"27:7:2";"Exp60_2_IS35";"Exp60_2_IS35";NA;"2023-10-06 03:46:00";102250
"891106";"27:7:2";"Exp60_2_IS35";"Exp60_2_IS35";NA;"2023-10-06 10:46:00";93412,5
"891107";"27:7:2";"Exp60_2_IS35";"Exp60_2_IS35";NA;"2023-10-06 11:02:00";93194
"891108";"27:7:2";"Exp60_2_IS35";"Exp60_2_IS35";NA;"2023-10-06 11:16:00";92035,3
"891109";"27:7:2";"Exp60_2_IS35";"Exp60_2_IS35";NA;"2023-10-06 11:47:00";90898,5
"891110";"27:7:2";"Exp60_2_IS35";"Exp60_2_IS35";NA;"2023-10-06 12:01:00";87394,2
"891111";"27:7:2";"Exp60_2_IS35";"Exp60_2_IS35";NA;"2023-10-06 20:01:00";107577
"891112";"27:7:2";"Exp60_2_IS35";"Exp60_2_IS35";NA;"2023-10-06 20:17:00";107656
"891113";"27:7:2";"Exp60_2_IS35";"Exp60_2_IS35";NA;"2023-10-06 20:31:00";106103
"891114";"27:7:2";"Exp60_2_IS35";"Exp60_2_IS35";NA;"2023-10-07 03:01:00";108948
"891115";"27:7:2";"Exp60_2_IS35";"Exp60_2_IS35";NA;"2023-10-07 03:17:00";102625
"891116";"27:7:2";"Exp60_2_IS35";"Exp60_2_IS35";NA;"2023-10-07 03:31:00";106916
"891117";"27:7:2";"Exp60_2_IS35";"Exp60_2_IS35";NA;"2023-10-07 03:47:00";109812
"891118";"27:7:2";"Exp60_2_IS35";"Exp60_2_IS35";NA;"2023-10-07 04:01:00";111596
"891119";"27:7:2";"Exp60_2_IS35";"Exp60_2_IS35";NA;"2023-10-07 11:01:00";91125,4
"891120";"27:7:2";"Exp60_2_IS35";"Exp60_2_IS35";NA;"2023-10-07 11:17:00";89961,4
"891121";"27:7:2";"Exp60_2_IS35";"Exp60_2_IS35";NA;"2023-10-07 11:31:00";88552,3
"891122";"27:7:2";"Exp60_2_IS35";"Exp60_2_IS35";NA;"2023-10-07 11:47:00";86746,7
"891123";"27:7:2";"Exp60_2_IS35";"Exp60_2_IS35";NA;"2023-10-07 12:01:00";85723,5
"891124";"27:7:2";"Exp60_2_IS35";"Exp60_2_IS35";NA;"2023-10-07 12:47:00";72034,6
"891125";"27:7:2";"Exp60_2_IS35";"Exp60_2_IS35";NA;"2023-10-07 13:01:00";76824,2
"891126";"27:7:2";"Exp60_2_IS35";"Exp60_2_IS35";NA;"2023-10-07 13:17:00";79362,8
"891127";"27:7:2";"Exp60_2_IS35";"Exp60_2_IS35";NA;"2023-10-07 13:31:00";79190,1
"891128";"27:7:2";"Exp60_2_IS35";"Exp60_2_IS35";NA;"2023-10-07 13:47:00";76049,9
"891129";"27:7:2";"Exp60_2_IS35";"Exp60_2_IS35";NA;"2023-10-07 14:01:00";78960,4
"891130";"27:7:2";"Exp60_2_IS35";"Exp60_2_IS35";NA;"2023-10-07 14:17:00";79288,5
"891131";"27:7:2";"Exp60_2_IS35";"Exp60_2_IS35";NA;"2023-10-07 14:31:00";79630,9
"891132";"27:7:2";"Exp60_2_IS35";"Exp60_2_IS35";NA;"2023-10-07 20:46:00";91580,9
"891133";"27:7:2";"Exp60_2_IS35";"Exp60_2_IS35";NA;"2023-10-07 21:02:00";90333,2
"891134";"27:7:2";"Exp60_2_IS35";"Exp60_2_IS35";NA;"2023-10-07 21:16:00";88728,2
"891135";"27:7:2";"Exp60_2_IS35";"Exp60_2_IS35";NA;"2023-10-07 21:32:00";87723
"891136";"27:7:2";"Exp60_2_IS35";"Exp60_2_IS35";NA;"2023-10-07 21:46:00";87607,6
"891137";"27:7:2";"Exp60_2_IS35";"Exp60_2_IS35";NA;"2023-10-07 22:02:00";88142,8
"891138";"27:7:2";"Exp60_2_IS35";"Exp60_2_IS35";NA;"2023-10-07 22:16:00";89763,9
"891139";"27:7:2";"Exp60_2_IS35";"Exp60_2_IS35";NA;"2023-10-07 22:32:00";91232
"891140";"27:7:2";"Exp60_2_IS35";"Exp60_2_IS35";NA;"2023-10-07 22:46:00";89173,7
"891141";"27:7:2";"Exp60_2_IS35";"Exp60_2_IS35";NA;"2023-10-07 23:02:00";88283,4
"891142";"27:7:2";"Exp60_2_IS35";"Exp60_2_IS35";NA;"2023-10-07 23:16:00";87761,9
"891143";"27:7:2";"Exp60_2_IS35";"Exp60_2_IS35";NA;"2023-10-07 23:32:00";90015,7
"891144";"27:7:2";"Exp60_2_IS35";"Exp60_2_IS35";NA;"2023-10-07 23:46:00";90946
"891145";"27:7:2";"Exp60_2_IS35";"Exp60_2_IS35";NA;"2023-10-08 00:02:00";90641,8
"891146";"27:7:2";"Exp60_2_IS35";"Exp60_2_IS35";NA;"2023-10-08 00:16:00";89538,9
"891147";"27:7:2";"Exp60_2_IS35";"Exp60_2_IS35";NA;"2023-10-08 00:32:00";90521,6
"891148";"27:7:2";"Exp60_2_IS35";"Exp60_2_IS35";NA;"2023-10-08 00:46:00";92111,6
"891149";"27:7:2";"Exp60_2_IS35";"Exp60_2_IS35";NA;"2023-10-08 01:02:00";92676,5
"891150";"27:7:2";"Exp60_2_IS35";"Exp60_2_IS35";NA;"2023-10-08 01:16:00";90418,5
"891151";"27:7:2";"Exp60_2_IS35";"Exp60_2_IS35";NA;"2023-10-08 01:32:00";89217,8
"891152";"27:7:2";"Exp60_2_IS35";"Exp60_2_IS35";NA;"2023-10-08 01:46:00";88183,2
"891153";"27:7:2";"Exp60_2_IS35";"Exp60_2_IS35";NA;"2023-10-08 02:02:00";90913,7
"891154";"27:7:2";"Exp60_2_IS35";"Exp60_2_IS35";NA;"2023-10-08 02:16:00";85448
"891155";"27:7:2";"Exp60_2_IS35";"Exp60_2_IS35";NA;"2023-10-08 02:32:00";95577,7
"891156";"27:7:2";"Exp60_2_IS35";"Exp60_2_IS35";NA;"2023-10-08 02:46:00";89845,2
"891157";"27:7:2";"Exp60_2_IS35";"Exp60_2_IS35";NA;"2023-10-08 03:02:00";92191,2
"891158";"27:7:2";"Exp60_2_IS35";"Exp60_2_IS35";NA;"2023-10-08 03:16:00";92957,7
"891159";"27:7:2";"Exp60_2_IS35";"Exp60_2_IS35";NA;"2023-10-08 03:32:00";91555,9
"891160";"27:7:2";"Exp60_2_IS35";"Exp60_2_IS35";NA;"2023-10-08 03:46:00";89700,6
"891161";"27:7:2";"Exp60_2_IS35";"Exp60_2_IS35";NA;"2023-10-08 04:02:00";88508,7
"891162";"27:7:2";"Exp60_2_IS35";"Exp60_2_IS35";NA;"2023-10-08 04:16:00";96543,7
"891163";"27:7:2";"Exp60_2_IS35";"Exp60_2_IS35";NA;"2023-10-08 04:32:00";93473,4
"891164";"27:7:2";"Exp60_2_IS35";"Exp60_2_IS35";NA;"2023-10-08 04:46:00";94700,5
"891165";"27:7:2";"Exp60_2_IS35";"Exp60_2_IS35";NA;"2023-10-08 05:02:00";94355,8
"891166";"27:7:2";"Exp60_2_IS35";"Exp60_2_IS35";NA;"2023-10-08 05:16:00";91721,7
"891167";"27:7:2";"Exp60_2_IS35";"Exp60_2_IS35";NA;"2023-10-08 05:32:00";91754
"891168";"27:7:2";"Exp60_2_IS35";"Exp60_2_IS35";NA;"2023-10-08 05:46:00";91524,3
"891169";"27:7:2";"Exp60_2_IS35";"Exp60_2_IS35";NA;"2023-10-08 06:02:00";92821,9
"891170";"27:7:2";"Exp60_2_IS35";"Exp60_2_IS35";NA;"2023-10-08 06:16:00";92910,3
"891171";"27:7:2";"Exp60_2_IS35";"Exp60_2_IS35";NA;"2023-10-08 06:32:00";88008,3
"891172";"27:7:2";"Exp60_2_IS35";"Exp60_2_IS35";NA;"2023-10-08 06:46:00";89087,3
"891173";"27:7:2";"Exp60_2_IS35";"Exp60_2_IS35";NA;"2023-10-08 07:02:00";87081,3
"891174";"27:7:2";"Exp60_2_IS35";"Exp60_2_IS35";NA;"2023-10-08 07:16:00";87692,7
"891175";"27:7:2";"Exp60_2_IS35";"Exp60_2_IS35";NA;"2023-10-08 07:32:00";87600,4
"891176";"27:7:2";"Exp60_2_IS35";"Exp60_2_IS35";NA;"2023-10-08 07:46:00";86604,1
"891177";"27:7:2";"Exp60_2_IS35";"Exp60_2_IS35";NA;"2023-10-08 08:02:00";85869,1
"891178";"27:7:2";"Exp60_2_IS35";"Exp60_2_IS35";NA;"2023-10-08 08:16:00";85979,3
"891179";"27:7:2";"Exp60_2_IS35";"Exp60_2_IS35";NA;"2023-10-08 08:32:00";85009,6
"891180";"27:7:2";"Exp60_2_IS35";"Exp60_2_IS35";NA;"2023-10-08 08:46:00";88612,5
"891181";"27:7:2";"Exp60_2_IS35";"Exp60_2_IS35";NA;"2023-10-08 09:02:00";85242,1
"891182";"27:7:2";"Exp60_2_IS35";"Exp60_2_IS35";NA;"2023-10-08 09:16:00";87208,1
"891183";"27:7:2";"Exp60_2_IS35";"Exp60_2_IS35";NA;"2023-10-08 09:32:00";86178,7
"891184";"27:7:2";"Exp60_2_IS35";"Exp60_2_IS35";NA;"2023-10-08 09:46:00";86409,9
"891185";"27:7:2";"Exp60_2_IS35";"Exp60_2_IS35";NA;"2023-10-08 10:32:00";85274,3
"891186";"27:7:2";"Exp60_2_IS35";"Exp60_2_IS35";NA;"2023-10-08 10:46:00";85218,3
"891187";"27:7:2";"Exp60_2_IS35";"Exp60_2_IS35";NA;"2023-10-08 11:17:00";84533,5
"891188";"27:7:2";"Exp60_2_IS35";"Exp60_2_IS35";NA;"2023-10-08 11:31:00";86919,7
"891189";"27:7:2";"Exp60_2_IS35";"Exp60_2_IS35";NA;"2023-10-08 12:02:00";85737
"891190";"27:7:2";"Exp60_2_IS35";"Exp60_2_IS35";NA;"2023-10-08 12:16:00";84512,2
"891191";"27:7:2";"Exp60_2_IS35";"Exp60_2_IS35";NA;"2023-10-08 12:32:00";85898,6
"891192";"27:7:2";"Exp60_2_IS35";"Exp60_2_IS35";NA;"2023-10-08 12:46:00";84829,2
"891193";"27:7:2";"Exp60_2_IS35";"Exp60_2_IS35";NA;"2023-10-08 13:02:00";83203,3
"891194";"27:7:2";"Exp60_2_IS35";"Exp60_2_IS35";NA;"2023-10-08 13:16:00";84551,4
"891195";"27:7:2";"Exp60_2_IS35";"Exp60_2_IS35";NA;"2023-10-08 13:47:00";82441,3
"891196";"27:7:2";"Exp60_2_IS35";"Exp60_2_IS35";NA;"2023-10-08 14:01:00";83790,4
"891197";"27:7:2";"Exp60_2_IS35";"Exp60_2_IS35";NA;"2023-10-08 14:17:00";84519,7
"891198";"27:7:2";"Exp60_2_IS35";"Exp60_2_IS35";NA;"2023-10-08 14:31:00";85217,6
"891199";"27:7:2";"Exp60_2_IS35";"Exp60_2_IS35";NA;"2023-10-08 14:47:00";86036
"891200";"27:7:2";"Exp60_2_IS35";"Exp60_2_IS35";NA;"2023-10-08 15:01:00";85098,9
"891201";"27:7:2";"Exp60_2_IS35";"Exp60_2_IS35";NA;"2023-10-08 22:46:00";95987,7
"891202";"27:7:2";"Exp60_2_IS35";"Exp60_2_IS35";NA;"2023-10-08 23:02:00";91589,8
"891203";"27:7:2";"Exp60_2_IS35";"Exp60_2_IS35";NA;"2023-10-08 23:16:00";93589,1
"891204";"27:7:2";"Exp60_2_IS35";"Exp60_2_IS35";NA;"2023-10-08 23:32:00";96685,3
"891205";"27:7:2";"Exp60_2_IS35";"Exp60_2_IS35";NA;"2023-10-08 23:46:00";91963,4
"891206";"27:7:2";"Exp60_2_IS35";"Exp60_2_IS35";NA;"2023-10-09 00:02:00";93522,5
"891207";"27:7:2";"Exp60_2_IS35";"Exp60_2_IS35";NA;"2023-10-09 00:16:00";89178,2
"891208";"27:7:2";"Exp60_2_IS35";"Exp60_2_IS35";NA;"2023-10-09 00:32:00";89358,9
"891209";"27:7:2";"Exp60_2_IS35";"Exp60_2_IS35";NA;"2023-10-09 00:46:00";88169,1
"891210";"27:7:2";"Exp60_2_IS35";"Exp60_2_IS35";NA;"2023-10-09 01:02:00";92069,5
"891211";"27:7:2";"Exp60_2_IS35";"Exp60_2_IS35";NA;"2023-10-09 01:16:00";93247
"891212";"27:7:2";"Exp60_2_IS35";"Exp60_2_IS35";NA;"2023-10-09 01:32:00";94216,9
"891213";"27:7:2";"Exp60_2_IS35";"Exp60_2_IS35";NA;"2023-10-09 01:46:00";97906,9
"891214";"27:7:2";"Exp60_2_IS35";"Exp60_2_IS35";NA;"2023-10-09 02:02:00";94350,3
"891215";"27:7:2";"Exp60_2_IS35";"Exp60_2_IS35";NA;"2023-10-09 02:16:00";94855,9
"891216";"27:7:2";"Exp60_2_IS35";"Exp60_2_IS35";NA;"2023-10-09 02:32:00";94276,5
"891217";"27:7:2";"Exp60_2_IS35";"Exp60_2_IS35";NA;"2023-10-09 02:46:00";94644,6
"891218";"27:7:2";"Exp60_2_IS35";"Exp60_2_IS35";NA;"2023-10-09 03:02:00";97563,5
"891219";"27:7:2";"Exp60_2_IS35";"Exp60_2_IS35";NA;"2023-10-09 03:16:00";93155,6
"891220";"27:7:2";"Exp60_2_IS35";"Exp60_2_IS35";NA;"2023-10-09 03:32:00";94423,8
"891221";"27:7:2";"Exp60_2_IS35";"Exp60_2_IS35";NA;"2023-10-09 03:46:00";93947,9
"891222";"27:7:2";"Exp60_2_IS35";"Exp60_2_IS35";NA;"2023-10-09 04:17:00";92894,6
"891223";"27:7:2";"Exp60_2_IS35";"Exp60_2_IS35";NA;"2023-10-09 04:31:00";95983,4
"891224";"27:7:2";"Exp60_2_IS35";"Exp60_2_IS35";NA;"2023-10-09 04:47:00";94633,1
"891225";"27:7:2";"Exp60_2_IS35";"Exp60_2_IS35";NA;"2023-10-09 05:01:00";93506
"891226";"27:7:2";"Exp60_2_IS35";"Exp60_2_IS35";NA;"2023-10-09 05:17:00";95503,3
"891227";"27:7:2";"Exp60_2_IS35";"Exp60_2_IS35";NA;"2023-10-09 05:31:00";90723,4
"891228";"27:7:2";"Exp60_2_IS35";"Exp60_2_IS35";NA;"2023-10-09 05:47:00";99179,2
"891229";"27:7:2";"Exp60_2_IS35";"Exp60_2_IS35";NA;"2023-10-09 06:01:00";90537,6
"891230";"27:7:2";"Exp60_2_IS35";"Exp60_2_IS35";NA;"2023-10-09 06:17:00";94357,1
"891231";"27:7:2";"Exp60_2_IS35";"Exp60_2_IS35";NA;"2023-10-09 06:31:00";95168
"891232";"27:7:2";"Exp60_2_IS35";"Exp60_2_IS35";NA;"2023-10-09 06:47:00";100877
"891233";"27:7:2";"Exp60_2_IS35";"Exp60_2_IS35";NA;"2023-10-09 07:01:00";93419,2
"891234";"27:7:2";"Exp60_2_IS35";"Exp60_2_IS35";NA;"2023-10-09 07:17:00";91314,7
"891235";"27:7:2";"Exp60_2_IS35";"Exp60_2_IS35";NA;"2023-10-09 07:31:00";95385,2
"891236";"27:7:2";"Exp60_2_IS35";"Exp60_2_IS35";NA;"2023-10-09 07:47:00";94783,8
"891237";"27:7:2";"Exp60_2_IS35";"Exp60_2_IS35";NA;"2023-10-09 08:01:00";96720,6
"891238";"27:7:2";"Exp60_2_IS35";"Exp60_2_IS35";NA;"2023-10-09 08:17:00";94433,2
"891239";"27:7:2";"Exp60_2_IS35";"Exp60_2_IS35";NA;"2023-10-09 08:31:00";95018,4
"891240";"27:7:2";"Exp60_2_IS35";"Exp60_2_IS35";NA;"2023-10-09 08:47:00";94032
"891241";"27:7:2";"Exp60_2_IS35";"Exp60_2_IS35";NA;"2023-10-09 09:01:00";92749,5
"891242";"27:7:2";"Exp60_2_IS35";"Exp60_2_IS35";NA;"2023-10-09 09:17:00";91541,5
"891243";"27:7:2";"Exp60_2_IS35";"Exp60_2_IS35";NA;"2023-10-09 09:31:00";85251,1
"891244";"27:7:2";"Exp60_2_IS35";"Exp60_2_IS35";NA;"2023-10-09 10:32:00";89328,8
"891245";"27:7:2";"Exp60_2_IS35";"Exp60_2_IS35";NA;"2023-10-09 10:46:00";86303,4
"891246";"27:7:2";"Exp60_2_IS35";"Exp60_2_IS35";NA;"2023-10-09 11:02:00";87724,4
"891247";"27:7:2";"Exp60_2_IS35";"Exp60_2_IS35";NA;"2023-10-09 11:16:00";86719,8
"891248";"27:7:2";"Exp60_2_IS35";"Exp60_2_IS35";NA;"2023-10-09 11:47:00";85388
"891249";"27:7:2";"Exp60_2_IS35";"Exp60_2_IS35";NA;"2023-10-09 12:01:00";86174,2
"891250";"27:7:2";"Exp60_2_IS35";"Exp60_2_IS35";NA;"2023-10-09 12:17:00";86346,4
"891251";"27:7:2";"Exp60_2_IS35";"Exp60_2_IS35";NA;"2023-10-09 12:31:00";83389,2
"891252";"27:7:2";"Exp60_2_IS35";"Exp60_2_IS35";NA;"2023-10-09 12:47:00";84841,9
"891253";"27:7:2";"Exp60_2_IS35";"Exp60_2_IS35";NA;"2023-10-09 13:01:00";82693,8
"891254";"27:7:2";"Exp60_2_IS35";"Exp60_2_IS35";NA;"2023-10-09 13:32:00";83900,4
"891255";"27:7:2";"Exp60_2_IS35";"Exp60_2_IS35";NA;"2023-10-09 13:46:00";83349,6
"891256";"27:7:2";"Exp60_2_IS35";"Exp60_2_IS35";NA;"2023-10-09 14:02:00";84960,9
"891257";"27:7:2";"Exp60_2_IS35";"Exp60_2_IS35";NA;"2023-10-09 14:16:00";85993,3
"891258";"27:7:2";"Exp60_2_IS35";"Exp60_2_IS35";NA;"2023-10-09 20:16:00";90917,8
"891259";"27:7:2";"Exp60_2_IS35";"Exp60_2_IS35";NA;"2023-10-09 20:32:00";93841,7
"891260";"27:7:2";"Exp60_2_IS35";"Exp60_2_IS35";NA;"2023-10-09 20:46:00";92380,6
"891261";"27:7:2";"Exp60_2_IS35";"Exp60_2_IS35";NA;"2023-10-09 21:02:00";94441,4
"891262";"27:7:2";"Exp60_2_IS35";"Exp60_2_IS35";NA;"2023-10-09 21:16:00";92983
"891263";"27:7:2";"Exp60_2_IS35";"Exp60_2_IS35";NA;"2023-10-09 21:32:00";93918,2
"891264";"27:7:2";"Exp60_2_IS35";"Exp60_2_IS35";NA;"2023-10-09 21:46:00";89982,8
"891265";"27:7:2";"Exp60_2_IS35";"Exp60_2_IS35";NA;"2023-10-09 22:32:00";88474,6
"891266";"27:7:2";"Exp60_2_IS35";"Exp60_2_IS35";NA;"2023-10-09 22:46:00";89417,8
"891267";"27:7:2";"Exp60_2_IS35";"Exp60_2_IS35";NA;"2023-10-09 23:17:00";90151,5
"891268";"27:7:2";"Exp60_2_IS35";"Exp60_2_IS35";NA;"2023-10-09 23:31:00";95963,7
"891269";"27:7:2";"Exp60_2_IS35";"Exp60_2_IS35";NA;"2023-10-09 23:47:00";91709,3
"891270";"27:7:2";"Exp60_2_IS35";"Exp60_2_IS35";NA;"2023-10-10 00:16:00";89014,4
"891271";"27:7:2";"Exp60_2_IS35";"Exp60_2_IS35";NA;"2023-10-10 00:47:00";91765,4
"891272";"27:7:2";"Exp60_2_IS35";"Exp60_2_IS35";NA;"2023-10-10 01:01:00";93585
"891273";"27:7:2";"Exp60_2_IS35";"Exp60_2_IS35";NA;"2023-10-10 01:17:00";94031,6
"891274";"27:7:2";"Exp60_2_IS35";"Exp60_2_IS35";NA;"2023-10-10 01:31:00";92503,2
"891275";"27:7:2";"Exp60_2_IS35";"Exp60_2_IS35";NA;"2023-10-10 01:47:00";92303,8
"891276";"27:7:2";"Exp60_2_IS35";"Exp60_2_IS35";NA;"2023-10-10 02:01:00";96609,1
"891277";"27:7:2";"Exp60_2_IS35";"Exp60_2_IS35";NA;"2023-10-10 02:17:00";89770,6
"891278";"27:7:2";"Exp60_2_IS35";"Exp60_2_IS35";NA;"2023-10-10 02:31:00";89858,1
"891279";"27:7:2";"Exp60_2_IS35";"Exp60_2_IS35";NA;"2023-10-10 02:47:00";91523,6
"891280";"27:7:2";"Exp60_2_IS35";"Exp60_2_IS35";NA;"2023-10-10 03:01:00";95606,4
"891281";"27:7:2";"Exp60_2_IS35";"Exp60_2_IS35";NA;"2023-10-10 03:17:00";89117,6
"891282";"27:7:2";"Exp60_2_IS35";"Exp60_2_IS35";NA;"2023-10-10 03:31:00";97780,8
"891283";"27:7:2";"Exp60_2_IS35";"Exp60_2_IS35";NA;"2023-10-10 03:47:00";90060,9
"891284";"27:7:2";"Exp60_2_IS35";"Exp60_2_IS35";NA;"2023-10-10 04:01:00";87973,7
"891285";"27:7:2";"Exp60_2_IS35";"Exp60_2_IS35";NA;"2023-10-10 04:17:00";92783,6
"891286";"27:7:2";"Exp60_2_IS35";"Exp60_2_IS35";NA;"2023-10-10 04:31:00";92770,6
"891287";"27:7:2";"Exp60_2_IS35";"Exp60_2_IS35";NA;"2023-10-10 04:47:00";95058,9
"891288";"27:7:2";"Exp60_2_IS35";"Exp60_2_IS35";NA;"2023-10-10 05:01:00";88237,5
"891289";"27:7:2";"Exp60_2_IS35";"Exp60_2_IS35";NA;"2023-10-10 05:17:00";87954,7
"891290";"27:7:2";"Exp60_2_IS35";"Exp60_2_IS35";NA;"2023-10-10 05:31:00";91579,9
"891291";"27:7:2";"Exp60_2_IS35";"Exp60_2_IS35";NA;"2023-10-10 05:47:00";95015
"891292";"27:7:2";"Exp60_2_IS35";"Exp60_2_IS35";NA;"2023-10-10 06:01:00";90871,5
"891293";"27:7:2";"Exp60_2_IS35";"Exp60_2_IS35";NA;"2023-10-10 06:17:00";93368
"891294";"27:7:2";"Exp60_2_IS35";"Exp60_2_IS35";NA;"2023-10-10 06:46:00";97123,8
"891295";"27:7:2";"Exp60_2_IS35";"Exp60_2_IS35";NA;"2023-10-10 07:17:00";95515,8
"891296";"27:7:2";"Exp60_2_IS35";"Exp60_2_IS35";NA;"2023-10-10 07:31:00";91156,6
"891297";"27:7:2";"Exp60_2_IS35";"Exp60_2_IS35";NA;"2023-10-10 08:02:00";89371
"891298";"27:7:2";"Exp60_2_IS35";"Exp60_2_IS35";NA;"2023-10-10 08:16:00";88095,1
"891299";"27:7:2";"Exp60_2_IS35";"Exp60_2_IS35";NA;"2023-10-10 08:32:00";88648,1
"891300";"27:7:2";"Exp60_2_IS35";"Exp60_2_IS35";NA;"2023-10-10 08:46:00";93550,6
"891301";"27:7:2";"Exp60_2_IS35";"Exp60_2_IS35";NA;"2023-10-10 09:02:00";87755,2
"891302";"27:7:2";"Exp60_2_IS35";"Exp60_2_IS35";NA;"2023-10-10 09:16:00";90481,1
"891303";"27:7:2";"Exp60_2_IS35";"Exp60_2_IS35";NA;"2023-10-10 09:32:00";88934,8
"891304";"27:7:2";"Exp60_2_IS35";"Exp60_2_IS35";NA;"2023-10-10 09:46:00";90192,4
"891305";"27:7:2";"Exp60_2_IS35";"Exp60_2_IS35";NA;"2023-10-10 10:02:00";86700
"891306";"27:7:2";"Exp60_2_IS35";"Exp60_2_IS35";NA;"2023-10-10 10:16:00";89185,4
"891307";"27:7:2";"Exp60_2_IS35";"Exp60_2_IS35";NA;"2023-10-10 10:32:00";88478,5
"891308";"27:7:2";"Exp60_2_IS35";"Exp60_2_IS35";NA;"2023-10-10 10:46:00";87028,5
"891309";"27:7:2";"Exp60_2_IS35";"Exp60_2_IS35";NA;"2023-10-10 11:02:00";89414,8
"891310";"27:7:2";"Exp60_2_IS35";"Exp60_2_IS35";NA;"2023-10-10 11:16:00";83065,3
"891311";"27:7:2";"Exp60_2_IS35";"Exp60_2_IS35";NA;"2023-10-10 15:46:00";84922,4
"891312";"27:7:2";"Exp60_2_IS35";"Exp60_2_IS35";NA;"2023-10-10 18:01:00";88810,5
"891313";"27:7:2";"Exp60_2_IS35";"Exp60_2_IS35";NA;"2023-10-10 18:17:00";90791,4
"891314";"27:7:2";"Exp60_2_IS35";"Exp60_2_IS35";NA;"2023-10-10 18:31:00";92165,9
"891315";"27:7:2";"Exp60_2_IS35";"Exp60_2_IS35";NA;"2023-10-10 18:47:00";96118,2
"891316";"27:7:2";"Exp60_2_IS35";"Exp60_2_IS35";NA;"2023-10-10 19:01:00";91759,1
"891317";"27:7:2";"Exp60_2_IS35";"Exp60_2_IS35";NA;"2023-10-10 19:17:00";93798,9
"891318";"27:7:2";"Exp60_2_IS35";"Exp60_2_IS35";NA;"2023-10-10 19:31:00";93305,2
"891319";"27:7:2";"Exp60_2_IS35";"Exp60_2_IS35";NA;"2023-10-10 19:47:00";89062,2
"891320";"27:7:2";"Exp60_2_IS35";"Exp60_2_IS35";NA;"2023-10-10 20:01:00";94282,2
"891321";"27:7:2";"Exp60_2_IS35";"Exp60_2_IS35";NA;"2023-10-10 20:17:00";93458,2
"891322";"27:7:2";"Exp60_2_IS35";"Exp60_2_IS35";NA;"2023-10-10 20:31:00";88321,8
"891323";"27:7:2";"Exp60_2_IS35";"Exp60_2_IS35";NA;"2023-10-10 20:47:00";95633,6
"891324";"27:7:2";"Exp60_2_IS35";"Exp60_2_IS35";NA;"2023-10-10 21:01:00";88140
"891325";"27:7:2";"Exp60_2_IS35";"Exp60_2_IS35";NA;"2023-10-10 21:17:00";89623,5
"891326";"27:7:2";"Exp60_2_IS35";"Exp60_2_IS35";NA;"2023-10-10 21:31:00";92980,7
"891327";"27:7:2";"Exp60_2_IS35";"Exp60_2_IS35";NA;"2023-10-10 21:47:00";89661,5
"891328";"27:7:2";"Exp60_2_IS35";"Exp60_2_IS35";NA;"2023-10-10 22:01:00";91111,9
"891329";"27:7:2";"Exp60_2_IS35";"Exp60_2_IS35";NA;"2023-10-10 22:32:00";89092,3
"891330";"27:7:2";"Exp60_2_IS35";"Exp60_2_IS35";NA;"2023-10-10 22:46:00";93168
"891331";"27:7:2";"Exp60_2_IS35";"Exp60_2_IS35";NA;"2023-10-10 23:02:00";95610
"891332";"27:7:2";"Exp60_2_IS35";"Exp60_2_IS35";NA;"2023-10-10 23:16:00";92814,7
"891333";"27:7:2";"Exp60_2_IS35";"Exp60_2_IS35";NA;"2023-10-10 23:32:00";90348,6
"891334";"27:7:2";"Exp60_2_IS35";"Exp60_2_IS35";NA;"2023-10-10 23:46:00";89084,9
"891335";"27:7:2";"Exp60_2_IS35";"Exp60_2_IS35";NA;"2023-10-11 00:02:00";88388,6
"891336";"27:7:2";"Exp60_2_IS35";"Exp60_2_IS35";NA;"2023-10-11 00:16:00";88122,9
"891337";"27:7:2";"Exp60_2_IS35";"Exp60_2_IS35";NA;"2023-10-11 00:32:00";90804,4
"891338";"27:7:2";"Exp60_2_IS35";"Exp60_2_IS35";NA;"2023-10-11 00:46:00";90986,4
"891339";"27:7:2";"Exp60_2_IS35";"Exp60_2_IS35";NA;"2023-10-11 06:31:00";89453,3
"891340";"27:7:2";"Exp60_2_IS35";"Exp60_2_IS35";NA;"2023-10-11 07:17:00";85851,4
"891341";"27:7:2";"Exp60_2_IS35";"Exp60_2_IS35";NA;"2023-10-11 07:31:00";87866,6
"891342";"27:7:2";"Exp60_2_IS35";"Exp60_2_IS35";NA;"2023-10-11 07:47:00";89886
"891343";"27:7:2";"Exp60_2_IS35";"Exp60_2_IS35";NA;"2023-10-11 08:01:00";88013,3
"891344";"27:7:2";"Exp60_2_IS35";"Exp60_2_IS35";NA;"2023-10-11 08:17:00";90018,2
"891345";"27:7:2";"Exp60_2_IS35";"Exp60_2_IS35";NA;"2023-10-11 08:31:00";88380,4
"891346";"27:7:2";"Exp60_2_IS35";"Exp60_2_IS35";NA;"2023-10-11 08:47:00";83166,7
"891347";"27:7:2";"Exp60_2_IS35";"Exp60_2_IS35";NA;"2023-10-11 09:01:00";84281
"891348";"27:7:2";"Exp60_2_IS35";"Exp60_2_IS35";NA;"2023-10-11 16:16:00";85242,3
"891349";"27:7:2";"Exp60_2_IS35";"Exp60_2_IS35";NA;"2023-10-11 16:32:00";84164,1
"891350";"27:7:2";"Exp60_2_IS35";"Exp60_2_IS35";NA;"2023-10-11 16:46:00";85399,6
"891351";"27:7:2";"Exp60_2_IS35";"Exp60_2_IS35";NA;"2023-10-11 17:02:00";84348,9
"891352";"27:7:2";"Exp60_2_IS35";"Exp60_2_IS35";NA;"2023-10-11 17:16:00";86507,4
"891353";"27:7:2";"Exp60_2_IS35";"Exp60_2_IS35";NA;"2023-10-11 17:32:00";85428,5
"891354";"27:7:2";"Exp60_2_IS35";"Exp60_2_IS35";NA;"2023-10-11 17:46:00";88713,8
"891355";"27:7:2";"Exp60_2_IS35";"Exp60_2_IS35";NA;"2023-10-11 18:02:00";86370,4
"891356";"27:7:2";"Exp60_2_IS35";"Exp60_2_IS35";NA;"2023-10-11 18:16:00";84656,1
"891357";"27:7:2";"Exp60_2_IS35";"Exp60_2_IS35";NA;"2023-10-11 18:32:00";83091,8
"891358";"27:7:2";"Exp60_2_IS35";"Exp60_2_IS35";NA;"2023-10-11 18:46:00";87899,8
"891359";"27:7:2";"Exp60_2_IS35";"Exp60_2_IS35";NA;"2023-10-11 19:02:00";86147,8
"891360";"27:7:2";"Exp60_2_IS35";"Exp60_2_IS35";NA;"2023-10-11 19:16:00";83632,4
"891361";"27:7:2";"Exp60_2_IS35";"Exp60_2_IS35";NA;"2023-10-11 19:32:00";84983,5
"891362";"27:7:2";"Exp60_2_IS35";"Exp60_2_IS35";NA;"2023-10-11 19:46:00";85629,6
"891363";"27:7:2";"Exp60_2_IS35";"Exp60_2_IS35";NA;"2023-10-11 20:02:00";89058,9
"891364";"27:7:2";"Exp60_2_IS35";"Exp60_2_IS35";NA;"2023-10-11 20:46:00";87590,1
"891365";"27:7:2";"Exp60_2_IS35";"Exp60_2_IS35";NA;"2023-10-11 21:02:00";87834,1
"891366";"27:7:2";"Exp60_2_IS35";"Exp60_2_IS35";NA;"2023-10-11 21:16:00";89197,2
"891367";"27:7:2";"Exp60_2_IS35";"Exp60_2_IS35";NA;"2023-10-11 21:32:00";91471,7
"891368";"27:7:2";"Exp60_2_IS35";"Exp60_2_IS35";NA;"2023-10-11 21:46:00";91738,7
"891369";"27:7:2";"Exp60_2_IS35";"Exp60_2_IS35";NA;"2023-10-11 22:17:00";81858,6
"891370";"27:7:2";"Exp60_2_IS35";"Exp60_2_IS35";NA;"2023-10-11 22:31:00";84126,7
"891371";"27:7:2";"Exp60_2_IS35";"Exp60_2_IS35";NA;"2023-10-11 22:47:00";90679,8
"891372";"27:7:2";"Exp60_2_IS35";"Exp60_2_IS35";NA;"2023-10-11 23:01:00";87242
"891373";"27:7:2";"Exp60_2_IS35";"Exp60_2_IS35";NA;"2023-10-11 23:17:00";87798,5
"891374";"27:7:2";"Exp60_2_IS35";"Exp60_2_IS35";NA;"2023-10-11 23:31:00";84803,9
"891375";"27:7:2";"Exp60_2_IS35";"Exp60_2_IS35";NA;"2023-10-11 23:47:00";84780,3
"891376";"27:7:2";"Exp60_2_IS35";"Exp60_2_IS35";NA;"2023-10-12 00:01:00";81596,8
"891377";"27:7:2";"Exp60_2_IS35";"Exp60_2_IS35";NA;"2023-10-12 00:17:00";85561,5
"891378";"27:7:2";"Exp60_2_IS35";"Exp60_2_IS35";NA;"2023-10-12 00:31:00";88508,1
"891379";"27:7:2";"Exp60_2_IS35";"Exp60_2_IS35";NA;"2023-10-12 00:47:00";89537,9
"891380";"27:7:2";"Exp60_2_IS35";"Exp60_2_IS35";NA;"2023-10-12 01:01:00";88338,5
"891381";"27:7:2";"Exp60_2_IS35";"Exp60_2_IS35";NA;"2023-10-12 01:17:00";90493,1
"891382";"27:7:2";"Exp60_2_IS35";"Exp60_2_IS35";NA;"2023-10-12 01:31:00";88662,7
"891383";"27:7:2";"Exp60_2_IS35";"Exp60_2_IS35";NA;"2023-10-12 01:47:00";91101,2
"891384";"27:7:2";"Exp60_2_IS35";"Exp60_2_IS35";NA;"2023-10-12 02:01:00";95435,3
"891385";"27:7:2";"Exp60_2_IS35";"Exp60_2_IS35";NA;"2023-10-12 02:17:00";94092,2
"891386";"27:7:2";"Exp60_2_IS35";"Exp60_2_IS35";NA;"2023-10-12 02:31:00";94049,9
"891387";"27:7:2";"Exp60_2_IS35";"Exp60_2_IS35";NA;"2023-10-12 02:47:00";91994,1
"891388";"27:7:2";"Exp60_2_IS35";"Exp60_2_IS35";NA;"2023-10-12 03:01:00";90860,6
"891389";"27:7:2";"Exp60_2_IS35";"Exp60_2_IS35";NA;"2023-10-12 03:17:00";88568,4
"891390";"27:7:2";"Exp60_2_IS35";"Exp60_2_IS35";NA;"2023-10-12 03:31:00";91929,3
"891391";"27:7:2";"Exp60_2_IS35";"Exp60_2_IS35";NA;"2023-10-12 03:47:00";88543,2
"891392";"27:7:2";"Exp60_2_IS35";"Exp60_2_IS35";NA;"2023-10-12 04:01:00";96516,5
"891393";"27:7:2";"Exp60_2_IS35";"Exp60_2_IS35";NA;"2023-10-12 04:17:00";88580,3
"891394";"27:7:2";"Exp60_2_IS35";"Exp60_2_IS35";NA;"2023-10-12 04:31:00";92371,1
"891395";"27:7:2";"Exp60_2_IS35";"Exp60_2_IS35";NA;"2023-10-12 04:47:00";87507,9
"891396";"27:7:2";"Exp60_2_IS35";"Exp60_2_IS35";NA;"2023-10-12 05:01:00";90129,6
"891397";"27:7:2";"Exp60_2_IS35";"Exp60_2_IS35";NA;"2023-10-12 05:32:00";91839,5
"891398";"27:7:2";"Exp60_2_IS35";"Exp60_2_IS35";NA;"2023-10-12 05:46:00";94687,9
"891399";"27:7:2";"Exp60_2_IS35";"Exp60_2_IS35";NA;"2023-10-12 06:02:00";90125,3
"891400";"27:7:2";"Exp60_2_IS35";"Exp60_2_IS35";NA;"2023-10-12 06:16:00";92139,2
"891401";"27:7:2";"Exp60_2_IS35";"Exp60_2_IS35";NA;"2023-10-12 06:47:00";89757,9
"891402";"27:7:2";"Exp60_2_IS35";"Exp60_2_IS35";NA;"2023-10-12 07:01:00";90901,8
"891403";"27:7:2";"Exp60_2_IS35";"Exp60_2_IS35";NA;"2023-10-12 07:17:00";85591,3
"891404";"27:7:2";"Exp60_2_IS35";"Exp60_2_IS35";NA;"2023-10-12 07:31:00";86787,5
"891405";"27:7:2";"Exp60_2_IS35";"Exp60_2_IS35";NA;"2023-10-12 07:47:00";85354,2
"891406";"27:7:2";"Exp60_2_IS35";"Exp60_2_IS35";NA;"2023-10-12 08:01:00";87071,5
"891407";"27:7:2";"Exp60_2_IS35";"Exp60_2_IS35";NA;"2023-10-12 08:17:00";88215,5
"891408";"27:7:2";"Exp60_2_IS35";"Exp60_2_IS35";NA;"2023-10-12 08:31:00";84206
"891409";"27:7:2";"Exp60_2_IS35";"Exp60_2_IS35";NA;"2023-10-12 08:47:00";88759,1
"891410";"27:7:2";"Exp60_2_IS35";"Exp60_2_IS35";NA;"2023-10-12 09:01:00";83988,7
"891411";"27:7:2";"Exp60_2_IS35";"Exp60_2_IS35";NA;"2023-10-12 09:17:00";86666,3
"891412";"27:7:2";"Exp60_2_IS35";"Exp60_2_IS35";NA;"2023-10-12 09:31:00";89378,6
"891413";"27:7:2";"Exp60_2_IS35";"Exp60_2_IS35";NA;"2023-10-12 09:47:00";88136,6
"891414";"27:7:2";"Exp60_2_IS35";"Exp60_2_IS35";NA;"2023-10-12 10:01:00";85999,3
"891415";"27:7:2";"Exp60_2_IS35";"Exp60_2_IS35";NA;"2023-10-12 15:01:00";81594
"891416";"27:7:2";"Exp60_2_IS35";"Exp60_2_IS35";NA;"2023-10-12 15:17:00";83671,8
"891417";"27:7:2";"Exp60_2_IS35";"Exp60_2_IS35";NA;"2023-10-12 15:31:00";85035,3
"891418";"27:7:2";"Exp60_2_IS35";"Exp60_2_IS35";NA;"2023-10-12 15:47:00";82124,6
"891419";"27:7:2";"Exp60_2_IS35";"Exp60_2_IS35";NA;"2023-10-12 16:01:00";83780,6
"891420";"27:7:2";"Exp60_2_IS35";"Exp60_2_IS35";NA;"2023-10-12 16:17:00";83125,7
"891421";"27:7:2";"Exp60_2_IS35";"Exp60_2_IS35";NA;"2023-10-12 16:31:00";82732,5
"891422";"27:7:2";"Exp60_2_IS35";"Exp60_2_IS35";NA;"2023-10-12 16:47:00";81843,2
"891423";"27:7:2";"Exp60_2_IS35";"Exp60_2_IS35";NA;"2023-10-12 17:01:00";84306,6
"891424";"27:7:2";"Exp60_2_IS35";"Exp60_2_IS35";NA;"2023-10-12 17:17:00";82993,8
"891425";"27:7:2";"Exp60_2_IS35";"Exp60_2_IS35";NA;"2023-10-12 17:31:00";85134,7
"891426";"27:7:2";"Exp60_2_IS35";"Exp60_2_IS35";NA;"2023-10-12 17:47:00";85579,4
"891427";"27:7:2";"Exp60_2_IS35";"Exp60_2_IS35";NA;"2023-10-12 18:01:00";85767,8
"891428";"27:7:2";"Exp60_2_IS35";"Exp60_2_IS35";NA;"2023-10-12 18:17:00";82791,7
"891429";"27:7:2";"Exp60_2_IS35";"Exp60_2_IS35";NA;"2023-10-12 18:31:00";88659,9
"891430";"27:7:2";"Exp60_2_IS35";"Exp60_2_IS35";NA;"2023-10-12 18:47:00";85457,9
"891431";"27:7:2";"Exp60_2_IS35";"Exp60_2_IS35";NA;"2023-10-12 19:01:00";81458,7
"891432";"27:7:2";"Exp60_2_IS35";"Exp60_2_IS35";NA;"2023-10-12 19:17:00";80879,1
"891433";"27:7:2";"Exp60_2_IS35";"Exp60_2_IS35";NA;"2023-10-12 19:31:00";84388,7
"891434";"27:7:2";"Exp60_2_IS35";"Exp60_2_IS35";NA;"2023-10-12 20:02:00";86994,9
"891435";"27:7:2";"Exp60_2_IS35";"Exp60_2_IS35";NA;"2023-10-12 20:16:00";88363,3
"891436";"27:7:2";"Exp60_2_IS35";"Exp60_2_IS35";NA;"2023-10-13 03:16:00";85713,2
"891437";"27:7:2";"Exp60_2_IS35";"Exp60_2_IS35";NA;"2023-10-13 03:32:00";84979,6
"891438";"27:7:2";"Exp60_2_IS35";"Exp60_2_IS35";NA;"2023-10-13 03:46:00";81900,8
"891439";"27:7:2";"Exp60_2_IS35";"Exp60_2_IS35";NA;"2023-10-13 04:02:00";79344,9
"891440";"27:7:2";"Exp60_2_IS35";"Exp60_2_IS35";NA;"2023-10-13 04:16:00";82936,7
"891441";"27:7:2";"Exp60_2_IS35";"Exp60_2_IS35";NA;"2023-10-13 04:32:00";82577,2
"891442";"27:7:2";"Exp60_2_IS35";"Exp60_2_IS35";NA;"2023-10-13 04:46:00";77657
"891443";"27:7:2";"Exp60_2_IS35";"Exp60_2_IS35";NA;"2023-10-13 05:02:00";81452,7
"891444";"27:7:2";"Exp60_2_IS35";"Exp60_2_IS35";NA;"2023-10-13 05:16:00";84469,9
"891445";"27:7:2";"Exp60_2_IS35";"Exp60_2_IS35";NA;"2023-10-13 05:32:00";86950,9
"891446";"27:7:2";"Exp60_2_IS35";"Exp60_2_IS35";NA;"2023-10-13 05:46:00";85476,5
"891447";"27:7:2";"Exp60_2_IS35";"Exp60_2_IS35";NA;"2023-10-13 06:02:00";88070,6
"891448";"27:7:2";"Exp60_2_IS35";"Exp60_2_IS35";NA;"2023-10-13 06:16:00";87142,8
"891449";"27:7:2";"Exp60_2_IS35";"Exp60_2_IS35";NA;"2023-10-13 06:32:00";87078,7
"891450";"27:7:2";"Exp60_2_IS35";"Exp60_2_IS35";NA;"2023-10-13 06:46:00";84256,9
"891451";"27:7:2";"Exp60_2_IS35";"Exp60_2_IS35";NA;"2023-10-13 12:46:00";81817,8
"891452";"27:7:2";"Exp60_2_IS35";"Exp60_2_IS35";NA;"2023-10-13 13:02:00";82012,1
"891453";"27:7:2";"Exp60_2_IS35";"Exp60_2_IS35";NA;"2023-10-13 13:16:00";80196,4
"891454";"27:7:2";"Exp60_2_IS35";"Exp60_2_IS35";NA;"2023-10-13 13:32:00";84098,3
"891455";"27:7:2";"Exp60_2_IS35";"Exp60_2_IS35";NA;"2023-10-13 13:46:00";81004,4
"891456";"27:7:2";"Exp60_2_IS35";"Exp60_2_IS35";NA;"2023-10-13 19:46:00";86528,4
"891457";"27:7:2";"Exp60_2_IS35";"Exp60_2_IS35";NA;"2023-10-13 20:02:00";90332,7
"891458";"27:7:2";"Exp60_2_IS35";"Exp60_2_IS35";NA;"2023-10-13 20:16:00";99227,1
"891459";"27:7:2";"Exp60_2_IS35";"Exp60_2_IS35";NA;"2023-10-13 20:32:00";86863
"891460";"27:7:2";"Exp60_2_IS35";"Exp60_2_IS35";NA;"2023-10-13 20:46:00";92658,6
"891461";"27:7:2";"Exp60_2_IS35";"Exp60_2_IS35";NA;"2023-10-13 21:02:00";94474,2
"891462";"27:7:2";"Exp60_2_IS35";"Exp60_2_IS35";NA;"2023-10-13 21:16:00";88061,4
"891463";"27:7:2";"Exp60_2_IS35";"Exp60_2_IS35";NA;"2023-10-13 21:32:00";90174,9
"891464";"27:7:2";"Exp60_2_IS35";"Exp60_2_IS35";NA;"2023-10-13 21:46:00";91430,4
"891465";"27:7:2";"Exp60_2_IS35";"Exp60_2_IS35";NA;"2023-10-13 22:02:00";88340,5
"891466";"27:7:2";"Exp60_2_IS35";"Exp60_2_IS35";NA;"2023-10-13 22:16:00";92310,5
"891467";"27:7:2";"Exp60_2_IS35";"Exp60_2_IS35";NA;"2023-10-13 22:32:00";91031,9
"891468";"27:7:2";"Exp60_2_IS35";"Exp60_2_IS35";NA;"2023-10-13 22:46:00";89318
"891469";"27:7:2";"Exp60_2_IS35";"Exp60_2_IS35";NA;"2023-10-13 23:02:00";92906,4
"891470";"27:7:2";"Exp60_2_IS35";"Exp60_2_IS35";NA;"2023-10-13 23:16:00";92641
"891471";"27:7:2";"Exp60_2_IS35";"Exp60_2_IS35";NA;"2023-10-13 23:47:00";92135,8
"891472";"27:7:2";"Exp60_2_IS35";"Exp60_2_IS35";NA;"2023-10-14 00:01:00";88063,1
"891473";"27:7:2";"Exp60_2_IS35";"Exp60_2_IS35";NA;"2023-10-14 00:17:00";87287,1
"891474";"27:7:2";"Exp60_2_IS35";"Exp60_2_IS35";NA;"2023-10-14 00:31:00";83309,4
"891475";"27:7:2";"Exp60_2_IS35";"Exp60_2_IS35";NA;"2023-10-14 00:47:00";86904,5
"891476";"27:7:2";"Exp60_2_IS35";"Exp60_2_IS35";NA;"2023-10-14 01:01:00";89480,8
"891477";"27:7:2";"Exp60_2_IS35";"Exp60_2_IS35";NA;"2023-10-14 01:17:00";94842,7
"891478";"27:7:2";"Exp60_2_IS35";"Exp60_2_IS35";NA;"2023-10-14 01:31:00";95099,9
"891479";"27:7:2";"Exp60_2_IS35";"Exp60_2_IS35";NA;"2023-10-14 01:47:00";91839,9
"891480";"27:7:2";"Exp60_2_IS35";"Exp60_2_IS35";NA;"2023-10-14 02:01:00";92722,2
"891481";"27:7:2";"Exp60_2_IS35";"Exp60_2_IS35";NA;"2023-10-14 02:17:00";89932,8
"891482";"27:7:2";"Exp60_2_IS35";"Exp60_2_IS35";NA;"2023-10-14 02:31:00";89526,9
"891483";"27:7:2";"Exp60_2_IS35";"Exp60_2_IS35";NA;"2023-10-14 02:47:00";92631,5
"891484";"27:7:2";"Exp60_2_IS35";"Exp60_2_IS35";NA;"2023-10-14 03:01:00";92369,9
"891485";"27:7:2";"Exp60_2_IS35";"Exp60_2_IS35";NA;"2023-10-14 03:17:00";88937,8
"891486";"27:7:2";"Exp60_2_IS35";"Exp60_2_IS35";NA;"2023-10-14 03:31:00";90566,4
"891487";"27:7:2";"Exp60_2_IS35";"Exp60_2_IS35";NA;"2023-10-14 04:17:00";88476
"891488";"27:7:2";"Exp60_2_IS35";"Exp60_2_IS35";NA;"2023-10-14 04:31:00";92173,9
"891489";"27:7:2";"Exp60_2_IS35";"Exp60_2_IS35";NA;"2023-10-14 04:47:00";88467,1
"891490";"27:7:2";"Exp60_2_IS35";"Exp60_2_IS35";NA;"2023-10-14 05:01:00";95095,7
"891491";"27:7:2";"Exp60_2_IS35";"Exp60_2_IS35";NA;"2023-10-14 05:17:00";93164,4
"891492";"27:7:2";"Exp60_2_IS35";"Exp60_2_IS35";NA;"2023-10-14 05:31:00";96878
"891493";"27:7:2";"Exp60_2_IS35";"Exp60_2_IS35";NA;"2023-10-14 05:47:00";89881,5
"891494";"27:7:2";"Exp60_2_IS35";"Exp60_2_IS35";NA;"2023-10-14 06:01:00";93507,6
"891495";"27:7:2";"Exp60_2_IS35";"Exp60_2_IS35";NA;"2023-10-14 06:17:00";86951,4
"891496";"27:7:2";"Exp60_2_IS35";"Exp60_2_IS35";NA;"2023-10-14 06:31:00";90025,5
"891497";"27:7:2";"Exp60_2_IS35";"Exp60_2_IS35";NA;"2023-10-14 07:02:00";84575
"891498";"27:7:2";"Exp60_2_IS35";"Exp60_2_IS35";NA;"2023-10-14 07:16:00";97351,8
"891499";"27:7:2";"Exp60_2_IS35";"Exp60_2_IS35";NA;"2023-10-14 07:32:00";92655,2
"891500";"27:7:2";"Exp60_2_IS35";"Exp60_2_IS35";NA;"2023-10-14 08:16:00";89950,7
"891501";"27:7:2";"Exp60_2_IS35";"Exp60_2_IS35";NA;"2023-10-14 08:32:00";87754,1
"891502";"27:7:2";"Exp60_2_IS35";"Exp60_2_IS35";NA;"2023-10-14 08:46:00";87164,8
"891503";"27:7:2";"Exp60_2_IS35";"Exp60_2_IS35";NA;"2023-10-14 09:02:00";89043,6
"891504";"27:7:2";"Exp60_2_IS35";"Exp60_2_IS35";NA;"2023-10-14 09:16:00";90749,6
"891505";"27:7:2";"Exp60_2_IS35";"Exp60_2_IS35";NA;"2023-10-14 09:32:00";80962,2
"891506";"27:7:2";"Exp60_2_IS35";"Exp60_2_IS35";NA;"2023-10-14 09:46:00";84791,5
"891507";"27:7:2";"Exp60_2_IS35";"Exp60_2_IS35";NA;"2023-10-14 10:02:00";87615,6
"891508";"27:7:2";"Exp60_2_IS35";"Exp60_2_IS35";NA;"2023-10-14 10:16:00";85245,1
"891509";"27:7:2";"Exp60_2_IS35";"Exp60_2_IS35";NA;"2023-10-14 10:32:00";83183,5
"891510";"27:7:2";"Exp60_2_IS35";"Exp60_2_IS35";NA;"2023-10-14 10:46:00";87798
"891511";"27:7:2";"Exp60_2_IS35";"Exp60_2_IS35";NA;"2023-10-14 11:02:00";78953,2
"891512";"27:7:2";"Exp60_2_IS35";"Exp60_2_IS35";NA;"2023-10-14 11:16:00";80185,7
"891513";"27:7:2";"Exp60_2_IS35";"Exp60_2_IS35";NA;"2023-10-14 11:32:00";79744,2
"891514";"27:7:2";"Exp60_2_IS35";"Exp60_2_IS35";NA;"2023-10-14 11:46:00";76874,4
"891515";"27:7:2";"Exp60_2_IS35";"Exp60_2_IS35";NA;"2023-10-14 12:02:00";84394,7
"891516";"27:7:2";"Exp60_2_IS35";"Exp60_2_IS35";NA;"2023-10-14 12:16:00";78814,5
"891517";"27:7:2";"Exp60_2_IS35";"Exp60_2_IS35";NA;"2023-10-14 12:32:00";86021,4
"891518";"27:7:2";"Exp60_2_IS35";"Exp60_2_IS35";NA;"2023-10-14 12:46:00";79987,1
"891519";"27:7:2";"Exp60_2_IS35";"Exp60_2_IS35";NA;"2023-10-14 13:02:00";90701,4
"891520";"27:7:2";"Exp60_2_IS35";"Exp60_2_IS35";NA;"2023-10-14 13:16:00";81357,2
"891521";"27:7:2";"Exp60_2_IS35";"Exp60_2_IS35";NA;"2023-10-14 13:32:00";78699,7
"891522";"27:7:2";"Exp60_2_IS35";"Exp60_2_IS35";NA;"2023-10-14 13:46:00";79427,5
"891523";"27:7:2";"Exp60_2_IS35";"Exp60_2_IS35";NA;"2023-10-14 19:31:00";82697,8
"891524";"27:7:2";"Exp60_2_IS35";"Exp60_2_IS35";NA;"2023-10-15 02:01:00";76031,7
"891525";"27:7:2";"Exp60_2_IS35";"Exp60_2_IS35";NA;"2023-10-15 02:17:00";88102,2
"891526";"27:7:2";"Exp60_2_IS35";"Exp60_2_IS35";NA;"2023-10-15 02:31:00";87158,7
"891527";"27:7:2";"Exp60_2_IS35";"Exp60_2_IS35";NA;"2023-10-15 02:47:00";88642,2
"891528";"27:7:2";"Exp60_2_IS35";"Exp60_2_IS35";NA;"2023-10-15 03:01:00";92413,2
"891529";"27:7:2";"Exp60_2_IS35";"Exp60_2_IS35";NA;"2023-10-15 03:17:00";88844,7
"891530";"27:7:2";"Exp60_2_IS35";"Exp60_2_IS35";NA;"2023-10-15 03:31:00";87097,4
"891531";"27:7:2";"Exp60_2_IS35";"Exp60_2_IS35";NA;"2023-10-15 03:47:00";85197,9
"891532";"27:7:2";"Exp60_2_IS35";"Exp60_2_IS35";NA;"2023-10-15 04:01:00";87300,9
"891533";"27:7:2";"Exp60_2_IS35";"Exp60_2_IS35";NA;"2023-10-15 04:32:00";90136,3
"891534";"27:7:2";"Exp60_2_IS35";"Exp60_2_IS35";NA;"2023-10-15 04:46:00";86062,8
"891535";"27:7:2";"Exp60_2_IS35";"Exp60_2_IS35";NA;"2023-10-15 05:32:00";86779
"891536";"27:7:2";"Exp60_2_IS35";"Exp60_2_IS35";NA;"2023-10-15 05:46:00";87808,2
"891537";"27:7:2";"Exp60_2_IS35";"Exp60_2_IS35";NA;"2023-10-15 06:17:00";85115,1
"891538";"27:7:2";"Exp60_2_IS35";"Exp60_2_IS35";NA;"2023-10-15 06:31:00";91509,9
"891539";"27:7:2";"Exp60_2_IS35";"Exp60_2_IS35";NA;"2023-10-15 07:02:00";82846,9
"891540";"27:7:2";"Exp60_2_IS35";"Exp60_2_IS35";NA;"2023-10-15 07:16:00";87991,8
"891541";"27:7:2";"Exp60_2_IS35";"Exp60_2_IS35";NA;"2023-10-15 07:32:00";87993,1
"891542";"27:7:2";"Exp60_2_IS35";"Exp60_2_IS35";NA;"2023-10-15 07:46:00";96843,9
"891543";"27:7:2";"Exp60_2_IS35";"Exp60_2_IS35";NA;"2023-10-15 08:17:00";88465,7
"891544";"27:7:2";"Exp60_2_IS35";"Exp60_2_IS35";NA;"2023-10-15 08:31:00";90860,8
"891545";"27:7:2";"Exp60_2_IS35";"Exp60_2_IS35";NA;"2023-10-15 08:47:00";87372,4
"891546";"27:7:2";"Exp60_2_IS35";"Exp60_2_IS35";NA;"2023-10-15 09:01:00";86650,7
"891547";"27:7:2";"Exp60_2_IS35";"Exp60_2_IS35";NA;"2023-10-15 09:17:00";93639,5
"891548";"27:7:2";"Exp60_2_IS35";"Exp60_2_IS35";NA;"2023-10-15 09:31:00";93074,7
"891549";"27:7:2";"Exp60_2_IS35";"Exp60_2_IS35";NA;"2023-10-15 09:47:00";86807,7
"891550";"27:7:2";"Exp60_2_IS35";"Exp60_2_IS35";NA;"2023-10-15 10:01:00";84510,6
"891551";"27:7:2";"Exp60_2_IS35";"Exp60_2_IS35";NA;"2023-10-15 10:17:00";88054,9
"891552";"27:7:2";"Exp60_2_IS35";"Exp60_2_IS35";NA;"2023-10-15 10:31:00";85065,6
"891553";"27:7:2";"Exp60_2_IS35";"Exp60_2_IS35";NA;"2023-10-15 10:47:00";82563,1
"891554";"27:7:2";"Exp60_2_IS35";"Exp60_2_IS35";NA;"2023-10-15 11:01:00";82365,8
"891555";"27:7:2";"Exp60_2_IS35";"Exp60_2_IS35";NA;"2023-10-15 18:01:00";85980,3
"891556";"27:7:2";"Exp60_2_IS35";"Exp60_2_IS35";NA;"2023-10-15 18:17:00";89865
"891557";"27:7:2";"Exp60_2_IS35";"Exp60_2_IS35";NA;"2023-10-15 18:31:00";91426,5
"891558";"27:7:2";"Exp60_2_IS35";"Exp60_2_IS35";NA;"2023-10-15 18:47:00";91097,7
"891559";"27:7:2";"Exp60_2_IS35";"Exp60_2_IS35";NA;"2023-10-15 19:01:00";93278,5
"891560";"27:7:2";"Exp60_2_IS35";"Exp60_2_IS35";NA;"2023-10-15 19:17:00";91532,3
"891561";"27:7:2";"Exp60_2_IS35";"Exp60_2_IS35";NA;"2023-10-15 19:31:00";92107,3
"891562";"27:7:2";"Exp60_2_IS35";"Exp60_2_IS35";NA;"2023-10-16 03:46:00";72877
"891563";"27:7:2";"Exp60_2_IS35";"Exp60_2_IS35";NA;"2023-10-16 04:02:00";75484,8
"891564";"27:7:2";"Exp60_2_IS35";"Exp60_2_IS35";NA;"2023-10-16 04:16:00";91411,6
"891565";"27:7:2";"Exp60_2_IS35";"Exp60_2_IS35";NA;"2023-10-16 04:32:00";78636,3
"891566";"27:7:2";"Exp60_2_IS35";"Exp60_2_IS35";NA;"2023-10-16 04:46:00";84331,4
"891567";"27:7:2";"Exp60_2_IS35";"Exp60_2_IS35";NA;"2023-10-16 05:02:00";84715
"891568";"27:7:2";"Exp60_2_IS35";"Exp60_2_IS35";NA;"2023-10-16 05:16:00";92271,4
"891569";"27:7:2";"Exp60_2_IS35";"Exp60_2_IS35";NA;"2023-10-16 05:32:00";90270,7
"891570";"27:7:2";"Exp60_2_IS35";"Exp60_2_IS35";NA;"2023-10-16 05:46:00";86735,7
"891571";"27:7:2";"Exp60_2_IS35";"Exp60_2_IS35";NA;"2023-10-16 06:02:00";91243,6
"891572";"27:7:2";"Exp60_2_IS35";"Exp60_2_IS35";NA;"2023-10-16 06:16:00";80668,4
"891573";"27:7:2";"Exp60_2_IS35";"Exp60_2_IS35";NA;"2023-10-16 06:32:00";85159,2
"891574";"27:7:2";"Exp60_2_IS35";"Exp60_2_IS35";NA;"2023-10-16 06:46:00";94167,7
"891575";"27:7:2";"Exp60_2_IS35";"Exp60_2_IS35";NA;"2023-10-16 07:02:00";86001,8
"891576";"27:7:2";"Exp60_2_IS35";"Exp60_2_IS35";NA;"2023-10-16 07:16:00";83152,9
"891577";"27:7:2";"Exp60_2_IS35";"Exp60_2_IS35";NA;"2023-10-16 07:47:00";92104,5
"891578";"27:7:2";"Exp60_2_IS35";"Exp60_2_IS35";NA;"2023-10-16 08:01:00";87307,8
"891579";"27:7:2";"Exp60_2_IS35";"Exp60_2_IS35";NA;"2023-10-16 08:17:00";85561,7
"891580";"27:7:2";"Exp60_2_IS35";"Exp60_2_IS35";NA;"2023-10-16 08:31:00";91489
"891581";"27:7:2";"Exp60_2_IS35";"Exp60_2_IS35";NA;"2023-10-16 08:47:00";88696,5
"891582";"27:7:2";"Exp60_2_IS35";"Exp60_2_IS35";NA;"2023-10-16 09:01:00";85805,2
"891583";"27:7:2";"Exp60_2_IS35";"Exp60_2_IS35";NA;"2023-10-16 09:17:00";83979,7
"891584";"27:7:2";"Exp60_2_IS35";"Exp60_2_IS35";NA;"2023-10-16 09:31:00";82845,6
"891585";"27:7:2";"Exp60_2_IS35";"Exp60_2_IS35";NA;"2023-10-16 09:47:00";86628,4
"891586";"27:7:2";"Exp60_2_IS35";"Exp60_2_IS35";NA;"2023-10-16 10:01:00";84858,1
"891587";"27:7:2";"Exp60_2_IS35";"Exp60_2_IS35";NA;"2023-10-16 10:17:00";86542,1
"891588";"27:7:2";"Exp60_2_IS35";"Exp60_2_IS35";NA;"2023-10-16 10:31:00";83588,6
"891589";"27:7:2";"Exp60_2_IS35";"Exp60_2_IS35";NA;"2023-10-16 10:47:00";81055,1
"891590";"27:7:2";"Exp60_2_IS35";"Exp60_2_IS35";NA;"2023-10-16 11:01:00";79557
"891591";"27:7:2";"Exp60_2_IS35";"Exp60_2_IS35";NA;"2023-10-16 11:32:00";82592,5
"891592";"27:7:2";"Exp60_2_IS35";"Exp60_2_IS35";NA;"2023-10-16 11:46:00";85854
"891593";"27:7:2";"Exp60_2_IS35";"Exp60_2_IS35";NA;"2023-10-16 12:17:00";80512,8
"891594";"27:7:2";"Exp60_2_IS35";"Exp60_2_IS35";NA;"2023-10-16 12:31:00";86424
"891595";"27:7:2";"Exp60_2_IS35";"Exp60_2_IS35";NA;"2023-10-16 13:02:00";83559,7
"891596";"27:7:2";"Exp60_2_IS35";"Exp60_2_IS35";NA;"2023-10-16 13:16:00";85557,6
"891597";"27:7:2";"Exp60_2_IS35";"Exp60_2_IS35";NA;"2023-10-16 13:32:00";86930,8
"891598";"27:7:2";"Exp60_2_IS35";"Exp60_2_IS35";NA;"2023-10-16 13:46:00";86205,1
"891599";"27:7:2";"Exp60_2_IS35";"Exp60_2_IS35";NA;"2023-10-16 14:02:00";85677,4
"891600";"27:7:2";"Exp60_2_IS35";"Exp60_2_IS35";NA;"2023-10-16 14:16:00";87911,7
"891601";"27:7:2";"Exp60_2_IS35";"Exp60_2_IS35";NA;"2023-10-16 14:32:00";84961,7
"891602";"27:7:2";"Exp60_2_IS35";"Exp60_2_IS35";NA;"2023-10-16 14:46:00";83315,5
"891603";"27:7:2";"Exp60_2_IS35";"Exp60_2_IS35";NA;"2023-10-16 22:16:00";82311,1
"891604";"27:7:2";"Exp60_2_IS35";"Exp60_2_IS35";NA;"2023-10-16 22:32:00";82067,6
"891605";"27:7:2";"Exp60_2_IS35";"Exp60_2_IS35";NA;"2023-10-16 22:46:00";83602,7
"891606";"27:7:2";"Exp60_2_IS35";"Exp60_2_IS35";NA;"2023-10-17 05:46:00";81745,4
"891607";"27:7:2";"Exp60_2_IS35";"Exp60_2_IS35";NA;"2023-10-17 06:02:00";88706,4
"891608";"27:7:2";"Exp60_2_IS35";"Exp60_2_IS35";NA;"2023-10-17 06:16:00";98563,4
"891609";"27:7:2";"Exp60_2_IS35";"Exp60_2_IS35";NA;"2023-10-17 06:32:00";86590,9
"891610";"27:7:2";"Exp60_2_IS35";"Exp60_2_IS35";NA;"2023-10-17 06:46:00";89573,9
"891611";"27:7:2";"Exp60_2_IS35";"Exp60_2_IS35";NA;"2023-10-17 12:46:00";82317,2
"891612";"27:7:2";"Exp60_2_IS35";"Exp60_2_IS35";NA;"2023-10-17 13:02:00";82558,2
"891613";"27:7:2";"Exp60_2_IS35";"Exp60_2_IS35";NA;"2023-10-17 13:16:00";82486,3
"891614";"27:7:2";"Exp60_2_IS35";"Exp60_2_IS35";NA;"2023-10-17 13:32:00";75736,7
"891615";"27:7:2";"Exp60_2_IS35";"Exp60_2_IS35";NA;"2023-10-17 13:46:00";79391,4
"891616";"27:7:2";"Exp60_2_IS35";"Exp60_2_IS35";NA;"2023-10-17 14:02:00";77334,5
"891617";"27:7:2";"Exp60_2_IS35";"Exp60_2_IS35";NA;"2023-10-17 14:16:00";79791,6
"891618";"27:7:2";"Exp60_2_IS35";"Exp60_2_IS35";NA;"2023-10-17 14:32:00";79010,2
"891619";"27:7:2";"Exp60_2_IS35";"Exp60_2_IS35";NA;"2023-10-17 14:46:00";78620
"891620";"27:7:2";"Exp60_2_IS35";"Exp60_2_IS35";NA;"2023-10-17 15:17:00";81434,8
"891621";"27:7:2";"Exp60_2_IS35";"Exp60_2_IS35";NA;"2023-10-17 15:31:00";80444,8
"891622";"27:7:2";"Exp60_2_IS35";"Exp60_2_IS35";NA;"2023-10-17 16:17:00";82121
"891623";"27:7:2";"Exp60_2_IS35";"Exp60_2_IS35";NA;"2023-10-17 16:31:00";81745,1
"891624";"27:7:2";"Exp60_2_IS35";"Exp60_2_IS35";NA;"2023-10-17 16:47:00";82809,5
"891625";"27:7:2";"Exp60_2_IS35";"Exp60_2_IS35";NA;"2023-10-17 17:01:00";80622,2
"891626";"27:7:2";"Exp60_2_IS35";"Exp60_2_IS35";NA;"2023-10-17 18:32:00";75772,3
"891627";"27:7:2";"Exp60_2_IS35";"Exp60_2_IS35";NA;"2023-10-17 18:46:00";75697,9
"891628";"27:7:2";"Exp60_2_IS35";"Exp60_2_IS35";NA;"2023-10-17 19:02:00";76432,9
"891629";"27:7:2";"Exp60_2_IS35";"Exp60_2_IS35";NA;"2023-10-17 19:16:00";78893
"891630";"27:7:2";"Exp60_2_IS35";"Exp60_2_IS35";NA;"2023-10-17 19:32:00";76866,4
"891631";"27:7:2";"Exp60_2_IS35";"Exp60_2_IS35";NA;"2023-10-17 19:46:00";83782,5
"891632";"27:7:2";"Exp60_2_IS35";"Exp60_2_IS35";NA;"2023-10-18 01:31:00";72236,8
"891633";"27:7:2";"Exp60_2_IS35";"Exp60_2_IS35";NA;"2023-10-18 02:02:00";78470
"891634";"27:7:2";"Exp60_2_IS35";"Exp60_2_IS35";NA;"2023-10-18 02:16:00";75979,1
"891635";"27:7:2";"Exp60_2_IS35";"Exp60_2_IS35";NA;"2023-10-18 02:32:00";75584,5
"891636";"27:7:2";"Exp60_2_IS35";"Exp60_2_IS35";NA;"2023-10-18 02:46:00";72894,7
"891637";"27:7:2";"Exp60_2_IS35";"Exp60_2_IS35";NA;"2023-10-18 03:02:00";73183,5
"891638";"27:7:2";"Exp60_2_IS35";"Exp60_2_IS35";NA;"2023-10-18 03:16:00";77346,7
"891639";"27:7:2";"Exp60_2_IS35";"Exp60_2_IS35";NA;"2023-10-18 03:32:00";76123,1
"891640";"27:7:2";"Exp60_2_IS35";"Exp60_2_IS35";NA;"2023-10-18 04:01:00";74636,8
"891641";"27:7:2";"Exp60_2_IS35";"Exp60_2_IS35";NA;"2023-10-18 04:17:00";70433
"891642";"27:7:2";"Exp60_2_IS35";"Exp60_2_IS35";NA;"2023-10-18 04:31:00";81901,9
"891643";"27:7:2";"Exp60_2_IS35";"Exp60_2_IS35";NA;"2023-10-18 04:47:00";83441,5
"891644";"27:7:2";"Exp60_2_IS35";"Exp60_2_IS35";NA;"2023-10-18 05:01:00";89640,3
"891645";"27:7:2";"Exp60_2_IS35";"Exp60_2_IS35";NA;"2023-10-18 05:17:00";86590,6
"891646";"27:7:2";"Exp60_2_IS35";"Exp60_2_IS35";NA;"2023-10-18 05:31:00";77138,7
"891647";"27:7:2";"Exp60_2_IS35";"Exp60_2_IS35";NA;"2023-10-18 05:47:00";79416,7
"891648";"27:7:2";"Exp60_2_IS35";"Exp60_2_IS35";NA;"2023-10-18 06:01:00";75272,7
"891649";"27:7:2";"Exp60_2_IS35";"Exp60_2_IS35";NA;"2023-10-18 06:17:00";83256,5
"891650";"27:7:2";"Exp60_2_IS35";"Exp60_2_IS35";NA;"2023-10-18 06:31:00";80801,1
"891651";"27:7:2";"Exp60_2_IS35";"Exp60_2_IS35";NA;"2023-10-18 07:32:00";90983,3
"891652";"27:7:2";"Exp60_2_IS35";"Exp60_2_IS35";NA;"2023-10-18 07:46:00";83867,9
"891653";"27:7:2";"Exp60_2_IS35";"Exp60_2_IS35";NA;"2023-10-18 08:02:00";84071,7
"891654";"27:7:2";"Exp60_2_IS35";"Exp60_2_IS35";NA;"2023-10-18 08:16:00";84706,7
"891655";"27:7:2";"Exp60_2_IS35";"Exp60_2_IS35";NA;"2023-10-18 08:47:00";83361,7
"891656";"27:7:2";"Exp60_2_IS35";"Exp60_2_IS35";NA;"2023-10-18 09:01:00";81414,5
"891657";"27:7:2";"Exp60_2_IS35";"Exp60_2_IS35";NA;"2023-10-18 09:17:00";79947,4
"891658";"27:7:2";"Exp60_2_IS35";"Exp60_2_IS35";NA;"2023-10-18 09:31:00";77450,8
"891659";"27:7:2";"Exp60_2_IS35";"Exp60_2_IS35";NA;"2023-10-18 15:31:00";78458,9
"891660";"27:7:2";"Exp60_2_IS35";"Exp60_2_IS35";NA;"2023-10-18 16:32:00";79587,2
"891661";"27:7:2";"Exp60_2_IS35";"Exp60_2_IS35";NA;"2023-10-18 16:46:00";78913,4
"891662";"27:7:2";"Exp60_2_IS35";"Exp60_2_IS35";NA;"2023-10-18 17:02:00";76490,1
"891663";"27:7:2";"Exp60_2_IS35";"Exp60_2_IS35";NA;"2023-10-18 17:16:00";78273,9
"891664";"27:7:2";"Exp60_2_IS35";"Exp60_2_IS35";NA;"2023-10-18 17:32:00";78737,7
"891665";"27:7:2";"Exp60_2_IS35";"Exp60_2_IS35";NA;"2023-10-18 17:46:00";75609,5
"891666";"27:7:2";"Exp60_2_IS35";"Exp60_2_IS35";NA;"2023-10-18 18:02:00";77323,8
"891667";"27:7:2";"Exp60_2_IS35";"Exp60_2_IS35";NA;"2023-10-18 18:16:00";80005,2
"891668";"27:7:2";"Exp60_2_IS35";"Exp60_2_IS35";NA;"2023-10-18 18:32:00";83398,4
"891669";"27:7:2";"Exp60_2_IS35";"Exp60_2_IS35";NA;"2023-10-18 18:46:00";78606,5
"891670";"27:7:2";"Exp60_2_IS35";"Exp60_2_IS35";NA;"2023-10-19 01:16:00";76312,1
"891671";"27:7:2";"Exp60_2_IS35";"Exp60_2_IS35";NA;"2023-10-19 01:32:00";80191,1
"891672";"27:7:2";"Exp60_2_IS35";"Exp60_2_IS35";NA;"2023-10-19 01:46:00";81665,5
"891673";"27:7:2";"Exp60_2_IS35";"Exp60_2_IS35";NA;"2023-10-19 02:02:00";81434,2
"891674";"27:7:2";"Exp60_2_IS35";"Exp60_2_IS35";NA;"2023-10-19 02:16:00";84355,6
"891675";"27:7:2";"Exp60_2_IS35";"Exp60_2_IS35";NA;"2023-10-19 02:32:00";80852,6
"891676";"27:7:2";"Exp60_2_IS35";"Exp60_2_IS35";NA;"2023-10-19 02:46:00";81427,9
"891677";"27:7:2";"Exp60_2_IS35";"Exp60_2_IS35";NA;"2023-10-19 03:17:00";81946,2
"891678";"27:7:2";"Exp60_2_IS35";"Exp60_2_IS35";NA;"2023-10-19 03:31:00";82231
"891679";"27:7:2";"Exp60_2_IS35";"Exp60_2_IS35";NA;"2023-10-19 03:47:00";84342,9
"891680";"27:7:2";"Exp60_2_IS35";"Exp60_2_IS35";NA;"2023-10-19 04:01:00";82113,7
"891681";"27:7:2";"Exp60_2_IS35";"Exp60_2_IS35";NA;"2023-10-19 04:17:00";74723,8
"891682";"27:7:2";"Exp60_2_IS35";"Exp60_2_IS35";NA;"2023-10-19 04:31:00";81052,2
"891683";"27:7:2";"Exp60_2_IS35";"Exp60_2_IS35";NA;"2023-10-19 04:47:00";77293
"891684";"27:7:2";"Exp60_2_IS35";"Exp60_2_IS35";NA;"2023-10-19 05:01:00";76189,2
"891685";"27:7:2";"Exp60_2_IS35";"Exp60_2_IS35";NA;"2023-10-19 05:17:00";80120,7
"891686";"27:7:2";"Exp60_2_IS35";"Exp60_2_IS35";NA;"2023-10-19 05:31:00";73792
"891687";"27:7:2";"Exp60_2_IS35";"Exp60_2_IS35";NA;"2023-10-19 05:47:00";78132
"891688";"27:7:2";"Exp60_2_IS35";"Exp60_2_IS35";NA;"2023-10-19 06:01:00";78881,7
"891689";"27:7:2";"Exp60_2_IS35";"Exp60_2_IS35";NA;"2023-10-19 06:17:00";81904,1
"891690";"27:7:2";"Exp60_2_IS35";"Exp60_2_IS35";NA;"2023-10-19 06:31:00";79394,2
"891691";"27:7:2";"Exp60_2_IS35";"Exp60_2_IS35";NA;"2023-10-19 06:47:00";79412,3
"891692";"27:7:2";"Exp60_2_IS35";"Exp60_2_IS35";NA;"2023-10-19 07:01:00";77774,6
"891693";"27:7:2";"Exp60_2_IS35";"Exp60_2_IS35";NA;"2023-10-19 13:46:00";76063,6
"891694";"27:7:2";"Exp60_2_IS35";"Exp60_2_IS35";NA;"2023-10-19 14:02:00";76115,9
"891695";"27:7:2";"Exp60_2_IS35";"Exp60_2_IS35";NA;"2023-10-19 14:16:00";78735,7
"891696";"27:7:2";"Exp60_2_IS35";"Exp60_2_IS35";NA;"2023-10-19 14:32:00";79657,7
"891697";"27:7:2";"Exp60_2_IS35";"Exp60_2_IS35";NA;"2023-10-19 14:46:00";78102,1
"891698";"27:7:2";"Exp60_2_IS35";"Exp60_2_IS35";NA;"2023-10-19 15:02:00";78451
"891699";"27:7:2";"Exp60_2_IS35";"Exp60_2_IS35";NA;"2023-10-19 15:16:00";76071,8
"891700";"27:7:2";"Exp60_2_IS35";"Exp60_2_IS35";NA;"2023-10-19 15:32:00";76954,2
"891701";"27:7:2";"Exp60_2_IS35";"Exp60_2_IS35";NA;"2023-10-19 15:46:00";77708,8
"891702";"27:7:2";"Exp60_2_IS35";"Exp60_2_IS35";NA;"2023-10-19 16:02:00";81927,2
"891703";"27:7:2";"Exp60_2_IS35";"Exp60_2_IS35";NA;"2023-10-19 16:16:00";82123,2
"891704";"27:7:2";"Exp60_2_IS35";"Exp60_2_IS35";NA;"2023-10-19 16:47:00";80563,2
"891705";"27:7:2";"Exp60_2_IS35";"Exp60_2_IS35";NA;"2023-10-19 17:01:00";83632,4
"891706";"27:7:2";"Exp60_2_IS35";"Exp60_2_IS35";NA;"2023-10-19 17:17:00";83940,5
"891707";"27:7:2";"Exp60_2_IS35";"Exp60_2_IS35";NA;"2023-10-19 17:31:00";82766,3
"891708";"27:7:2";"Exp60_2_IS35";"Exp60_2_IS35";NA;"2023-10-19 17:47:00";86038,4
"891709";"27:7:2";"Exp60_2_IS35";"Exp60_2_IS35";NA;"2023-10-19 18:01:00";83422,1
"891710";"27:7:2";"Exp60_2_IS35";"Exp60_2_IS35";NA;"2023-10-20 01:31:00";82464,8
"891711";"27:7:2";"Exp60_2_IS35";"Exp60_2_IS35";NA;"2023-10-20 01:47:00";82092,7
"891712";"27:7:2";"Exp60_2_IS35";"Exp60_2_IS35";NA;"2023-10-20 02:01:00";81981,2
"891713";"27:7:2";"Exp60_2_IS35";"Exp60_2_IS35";NA;"2023-10-20 02:17:00";81668,8
"891714";"27:7:2";"Exp60_2_IS35";"Exp60_2_IS35";NA;"2023-10-20 02:31:00";84331,3
"891715";"27:7:2";"Exp60_2_IS35";"Exp60_2_IS35";NA;"2023-10-20 02:47:00";81146,8
"891716";"27:7:2";"Exp60_2_IS35";"Exp60_2_IS35";NA;"2023-10-20 03:01:00";84110,8
"891717";"27:7:2";"Exp60_2_IS35";"Exp60_2_IS35";NA;"2023-10-20 03:47:00";86836,5
"891718";"27:7:2";"Exp60_2_IS35";"Exp60_2_IS35";NA;"2023-10-20 04:01:00";84054,1
"891719";"27:7:2";"Exp60_2_IS35";"Exp60_2_IS35";NA;"2023-10-20 04:32:00";84343,7
"891720";"27:7:2";"Exp60_2_IS35";"Exp60_2_IS35";NA;"2023-10-20 04:46:00";82802,2
"891721";"27:7:2";"Exp60_2_IS35";"Exp60_2_IS35";NA;"2023-10-20 05:02:00";89703
"891722";"27:7:2";"Exp60_2_IS35";"Exp60_2_IS35";NA;"2023-10-20 05:16:00";86984,8
"891723";"27:7:2";"Exp60_2_IS35";"Exp60_2_IS35";NA;"2023-10-20 05:32:00";83121,6
"891724";"27:7:2";"Exp60_2_IS35";"Exp60_2_IS35";NA;"2023-10-20 05:46:00";84671,4
"891725";"27:7:2";"Exp60_2_IS35";"Exp60_2_IS35";NA;"2023-10-20 06:02:00";83972,8
"891726";"27:7:2";"Exp60_2_IS35";"Exp60_2_IS35";NA;"2023-10-20 06:16:00";87828
"891727";"27:7:2";"Exp60_2_IS35";"Exp60_2_IS35";NA;"2023-10-20 06:32:00";77365,1
"891728";"27:7:2";"Exp60_2_IS35";"Exp60_2_IS35";NA;"2023-10-20 06:46:00";85286,1
"891729";"27:7:2";"Exp60_2_IS35";"Exp60_2_IS35";NA;"2023-10-20 07:02:00";81792,8
"891730";"27:7:2";"Exp60_2_IS35";"Exp60_2_IS35";NA;"2023-10-20 07:16:00";89843,8
"891731";"27:7:2";"Exp60_2_IS35";"Exp60_2_IS35";NA;"2023-10-20 07:47:00";83839,2
"891732";"27:7:2";"Exp60_2_IS35";"Exp60_2_IS35";NA;"2023-10-20 08:01:00";84368,8
"891733";"27:7:2";"Exp60_2_IS35";"Exp60_2_IS35";NA;"2023-10-20 08:17:00";85672,7
"891734";"27:7:2";"Exp60_2_IS35";"Exp60_2_IS35";NA;"2023-10-20 08:31:00";83261,8
"891735";"27:7:2";"Exp60_2_IS35";"Exp60_2_IS35";NA;"2023-10-20 08:47:00";83197,5
"891736";"27:7:2";"Exp60_2_IS35";"Exp60_2_IS35";NA;"2023-10-20 09:01:00";84587,2
"891737";"27:7:2";"Exp60_2_IS35";"Exp60_2_IS35";NA;"2023-10-20 13:46:00";82391,2
"891738";"27:7:2";"Exp60_2_IS35";"Exp60_2_IS35";NA;"2023-10-20 15:31:00";83918
"891739";"27:7:2";"Exp60_2_IS35";"Exp60_2_IS35";NA;"2023-10-20 15:47:00";82283,3
"891740";"27:7:2";"Exp60_2_IS35";"Exp60_2_IS35";NA;"2023-10-20 16:01:00";80891,8
"891741";"27:7:2";"Exp60_2_IS35";"Exp60_2_IS35";NA;"2023-10-20 16:17:00";80544,8
"891742";"27:7:2";"Exp60_2_IS35";"Exp60_2_IS35";NA;"2023-10-20 16:31:00";82622
"891743";"27:7:2";"Exp60_2_IS35";"Exp60_2_IS35";NA;"2023-10-20 16:47:00";85594,3
"891744";"27:7:2";"Exp60_2_IS35";"Exp60_2_IS35";NA;"2023-10-20 17:01:00";86163,2
"891745";"27:7:2";"Exp60_2_IS35";"Exp60_2_IS35";NA;"2023-10-20 23:31:00";80653,6
"891746";"27:7:2";"Exp60_2_IS35";"Exp60_2_IS35";NA;"2023-10-20 23:47:00";84952,8
"891747";"27:7:2";"Exp60_2_IS35";"Exp60_2_IS35";NA;"2023-10-21 00:01:00";82080,3
"891748";"27:7:2";"Exp60_2_IS35";"Exp60_2_IS35";NA;"2023-10-21 00:17:00";81975,7
"891749";"27:7:2";"Exp60_2_IS35";"Exp60_2_IS35";NA;"2023-10-21 00:31:00";82268,7
"891750";"27:7:2";"Exp60_2_IS35";"Exp60_2_IS35";NA;"2023-10-21 01:17:00";87567,9
"891751";"27:7:2";"Exp60_2_IS35";"Exp60_2_IS35";NA;"2023-10-21 01:31:00";86487,4
"891752";"27:7:2";"Exp60_2_IS35";"Exp60_2_IS35";NA;"2023-10-21 01:47:00";83608,2
"891753";"27:7:2";"Exp60_2_IS35";"Exp60_2_IS35";NA;"2023-10-21 02:01:00";84399,9
"891754";"27:7:2";"Exp60_2_IS35";"Exp60_2_IS35";NA;"2023-10-21 08:31:00";88528,5
"891755";"27:7:2";"Exp60_2_IS35";"Exp60_2_IS35";NA;"2023-10-21 08:47:00";84177,7
"891756";"27:7:2";"Exp60_2_IS35";"Exp60_2_IS35";NA;"2023-10-21 09:01:00";84966,7
"891757";"27:7:2";"Exp60_2_IS35";"Exp60_2_IS35";NA;"2023-10-21 09:17:00";79494,1
"891758";"27:7:2";"Exp60_2_IS35";"Exp60_2_IS35";NA;"2023-10-21 09:31:00";84231,4
"891759";"27:7:2";"Exp60_2_IS35";"Exp60_2_IS35";NA;"2023-10-21 09:47:00";84952,9
"891760";"27:7:2";"Exp60_2_IS35";"Exp60_2_IS35";NA;"2023-10-21 10:01:00";84468,4
"891761";"27:7:2";"Exp60_2_IS35";"Exp60_2_IS35";NA;"2023-10-21 10:32:00";83522,3
"891762";"27:7:2";"Exp60_2_IS35";"Exp60_2_IS35";NA;"2023-10-21 10:46:00";85132,1
"891763";"27:7:2";"Exp60_2_IS35";"Exp60_2_IS35";NA;"2023-10-21 17:01:00";81657,4
"891764";"27:7:2";"Exp60_2_IS35";"Exp60_2_IS35";NA;"2023-10-21 17:32:00";82453,7
"891765";"27:7:2";"Exp60_2_IS35";"Exp60_2_IS35";NA;"2023-10-21 17:46:00";82487,6
"891766";"27:7:2";"Exp60_2_IS35";"Exp60_2_IS35";NA;"2023-10-21 18:02:00";83153,5
"891767";"27:7:2";"Exp60_2_IS35";"Exp60_2_IS35";NA;"2023-10-21 18:16:00";84141,4
"891768";"27:7:2";"Exp60_2_IS35";"Exp60_2_IS35";NA;"2023-10-21 18:32:00";84059,5
"891769";"27:7:2";"Exp60_2_IS35";"Exp60_2_IS35";NA;"2023-10-21 18:46:00";88123,5
"891770";"27:7:2";"Exp60_2_IS35";"Exp60_2_IS35";NA;"2023-10-21 19:02:00";86979,2
"891771";"27:7:2";"Exp60_2_IS35";"Exp60_2_IS35";NA;"2023-10-21 19:16:00";82698,2
"891772";"27:7:2";"Exp60_2_IS35";"Exp60_2_IS35";NA;"2023-10-21 19:32:00";88093,9
"891773";"27:7:2";"Exp60_2_IS35";"Exp60_2_IS35";NA;"2023-10-21 19:46:00";86423,4
"891774";"27:7:2";"Exp60_2_IS35";"Exp60_2_IS35";NA;"2023-10-21 20:02:00";85674,4
"891775";"27:7:2";"Exp60_2_IS35";"Exp60_2_IS35";NA;"2023-10-21 20:16:00";87903,9
"891776";"27:7:2";"Exp60_2_IS35";"Exp60_2_IS35";NA;"2023-10-21 20:32:00";83062,9
"891777";"27:7:2";"Exp60_2_IS35";"Exp60_2_IS35";NA;"2023-10-21 20:46:00";85354,7
"891778";"27:8:1";"Exp60_291_IS32234";"Exp60_291_IS32234";NA;"2023-09-22 10:17:00";130310
"891779";"27:8:1";"Exp60_291_IS32234";"Exp60_291_IS32234";NA;"2023-09-22 10:31:00";140052
"891780";"27:8:1";"Exp60_291_IS32234";"Exp60_291_IS32234";NA;"2023-09-22 10:47:00";155517
"891781";"27:8:1";"Exp60_291_IS32234";"Exp60_291_IS32234";NA;"2023-09-22 11:01:00";166235
"891782";"27:8:1";"Exp60_291_IS32234";"Exp60_291_IS32234";NA;"2023-09-22 11:32:00";203751
"891783";"27:8:1";"Exp60_291_IS32234";"Exp60_291_IS32234";NA;"2023-09-22 11:46:00";230917
"891784";"27:8:1";"Exp60_291_IS32234";"Exp60_291_IS32234";NA;"2023-09-22 12:02:00";248356
"891785";"27:8:1";"Exp60_291_IS32234";"Exp60_291_IS32234";NA;"2023-09-22 12:16:00";281192
"891786";"27:8:1";"Exp60_291_IS32234";"Exp60_291_IS32234";NA;"2023-09-22 12:32:00";282585
"891787";"27:8:1";"Exp60_291_IS32234";"Exp60_291_IS32234";NA;"2023-09-22 12:46:00";282585
"891788";"27:8:1";"Exp60_291_IS32234";"Exp60_291_IS32234";NA;"2023-09-22 13:02:00";282585
"891789";"27:8:1";"Exp60_291_IS32234";"Exp60_291_IS32234";NA;"2023-09-22 13:16:00";282585
"891790";"27:8:1";"Exp60_291_IS32234";"Exp60_291_IS32234";NA;"2023-09-22 13:32:00";282585
"891791";"27:8:1";"Exp60_291_IS32234";"Exp60_291_IS32234";NA;"2023-09-22 13:46:00";282585
"891792";"27:8:1";"Exp60_291_IS32234";"Exp60_291_IS32234";NA;"2023-09-22 20:31:00";257894
"891793";"27:8:1";"Exp60_291_IS32234";"Exp60_291_IS32234";NA;"2023-09-22 20:47:00";219643
"891794";"27:8:1";"Exp60_291_IS32234";"Exp60_291_IS32234";NA;"2023-09-22 21:01:00";205830
"891795";"27:8:1";"Exp60_291_IS32234";"Exp60_291_IS32234";NA;"2023-09-22 21:17:00";196804
"891796";"27:8:1";"Exp60_291_IS32234";"Exp60_291_IS32234";NA;"2023-09-22 21:31:00";196777
"891797";"27:8:1";"Exp60_291_IS32234";"Exp60_291_IS32234";NA;"2023-09-22 21:47:00";191247
"891798";"27:8:1";"Exp60_291_IS32234";"Exp60_291_IS32234";NA;"2023-09-22 22:01:00";189213
"891799";"27:8:1";"Exp60_291_IS32234";"Exp60_291_IS32234";NA;"2023-09-22 22:17:00";184835
"891800";"27:8:1";"Exp60_291_IS32234";"Exp60_291_IS32234";NA;"2023-09-22 22:31:00";191337
"891801";"27:8:1";"Exp60_291_IS32234";"Exp60_291_IS32234";NA;"2023-09-22 22:47:00";183554
"891802";"27:8:1";"Exp60_291_IS32234";"Exp60_291_IS32234";NA;"2023-09-22 23:01:00";176674
"891803";"27:8:1";"Exp60_291_IS32234";"Exp60_291_IS32234";NA;"2023-09-22 23:17:00";200346
"891804";"27:8:1";"Exp60_291_IS32234";"Exp60_291_IS32234";NA;"2023-09-22 23:31:00";215119
"891805";"27:8:1";"Exp60_291_IS32234";"Exp60_291_IS32234";NA;"2023-09-22 23:47:00";215173
"891806";"27:8:1";"Exp60_291_IS32234";"Exp60_291_IS32234";NA;"2023-09-23 00:01:00";222009
"891807";"27:8:1";"Exp60_291_IS32234";"Exp60_291_IS32234";NA;"2023-09-23 00:17:00";224375
"891808";"27:8:1";"Exp60_291_IS32234";"Exp60_291_IS32234";NA;"2023-09-23 01:01:00";214002
"891809";"27:8:1";"Exp60_291_IS32234";"Exp60_291_IS32234";NA;"2023-09-23 01:17:00";240267
"891810";"27:8:1";"Exp60_291_IS32234";"Exp60_291_IS32234";NA;"2023-09-23 01:31:00";229518
"891811";"27:8:1";"Exp60_291_IS32234";"Exp60_291_IS32234";NA;"2023-09-23 01:47:00";277983
"891812";"27:8:1";"Exp60_291_IS32234";"Exp60_291_IS32234";NA;"2023-09-23 02:01:00";282585
"891813";"27:8:1";"Exp60_291_IS32234";"Exp60_291_IS32234";NA;"2023-09-23 02:17:00";264379
"891814";"27:8:1";"Exp60_291_IS32234";"Exp60_291_IS32234";NA;"2023-09-23 02:31:00";282585
"891815";"27:8:1";"Exp60_291_IS32234";"Exp60_291_IS32234";NA;"2023-09-23 02:47:00";282585
"891816";"27:8:1";"Exp60_291_IS32234";"Exp60_291_IS32234";NA;"2023-09-23 03:01:00";282585
"891817";"27:8:1";"Exp60_291_IS32234";"Exp60_291_IS32234";NA;"2023-09-23 03:17:00";257732
"891818";"27:8:1";"Exp60_291_IS32234";"Exp60_291_IS32234";NA;"2023-09-23 03:31:00";261774
"891819";"27:8:1";"Exp60_291_IS32234";"Exp60_291_IS32234";NA;"2023-09-23 03:47:00";258532
"891820";"27:8:1";"Exp60_291_IS32234";"Exp60_291_IS32234";NA;"2023-09-23 04:16:00";281700
"891821";"27:8:1";"Exp60_291_IS32234";"Exp60_291_IS32234";NA;"2023-09-23 04:32:00";282585
"891822";"27:8:1";"Exp60_291_IS32234";"Exp60_291_IS32234";NA;"2023-09-23 04:46:00";282585
"891823";"27:8:1";"Exp60_291_IS32234";"Exp60_291_IS32234";NA;"2023-09-23 05:02:00";282585
"891824";"27:8:1";"Exp60_291_IS32234";"Exp60_291_IS32234";NA;"2023-09-23 05:16:00";282585
"891825";"27:8:1";"Exp60_291_IS32234";"Exp60_291_IS32234";NA;"2023-09-23 05:32:00";282585
"891826";"27:8:1";"Exp60_291_IS32234";"Exp60_291_IS32234";NA;"2023-09-23 05:46:00";282585
"891827";"27:8:1";"Exp60_291_IS32234";"Exp60_291_IS32234";NA;"2023-09-23 06:02:00";282585
"891828";"27:8:1";"Exp60_291_IS32234";"Exp60_291_IS32234";NA;"2023-09-23 06:16:00";282585
"891829";"27:8:1";"Exp60_291_IS32234";"Exp60_291_IS32234";NA;"2023-09-23 06:32:00";282585
"891830";"27:8:1";"Exp60_291_IS32234";"Exp60_291_IS32234";NA;"2023-09-23 06:46:00";267740
"891831";"27:8:1";"Exp60_291_IS32234";"Exp60_291_IS32234";NA;"2023-09-23 07:02:00";282585
"891832";"27:8:1";"Exp60_291_IS32234";"Exp60_291_IS32234";NA;"2023-09-23 07:16:00";282585
"891833";"27:8:1";"Exp60_291_IS32234";"Exp60_291_IS32234";NA;"2023-09-23 07:32:00";282585
"891834";"27:8:1";"Exp60_291_IS32234";"Exp60_291_IS32234";NA;"2023-09-23 07:46:00";282585
"891835";"27:8:1";"Exp60_291_IS32234";"Exp60_291_IS32234";NA;"2023-09-23 08:02:00";282585
"891836";"27:8:1";"Exp60_291_IS32234";"Exp60_291_IS32234";NA;"2023-09-23 08:16:00";282585
"891837";"27:8:1";"Exp60_291_IS32234";"Exp60_291_IS32234";NA;"2023-09-23 08:32:00";282585
"891838";"27:8:1";"Exp60_291_IS32234";"Exp60_291_IS32234";NA;"2023-09-23 08:46:00";282585
"891839";"27:8:1";"Exp60_291_IS32234";"Exp60_291_IS32234";NA;"2023-09-23 09:02:00";282585
"891840";"27:8:1";"Exp60_291_IS32234";"Exp60_291_IS32234";NA;"2023-09-23 09:16:00";282585
"891841";"27:8:1";"Exp60_291_IS32234";"Exp60_291_IS32234";NA;"2023-09-23 14:01:00";282585
"891842";"27:8:1";"Exp60_291_IS32234";"Exp60_291_IS32234";NA;"2023-09-23 14:17:00";282585
"891843";"27:8:1";"Exp60_291_IS32234";"Exp60_291_IS32234";NA;"2023-09-23 14:31:00";282585
"891844";"27:8:1";"Exp60_291_IS32234";"Exp60_291_IS32234";NA;"2023-09-23 14:47:00";282585
"891845";"27:8:1";"Exp60_291_IS32234";"Exp60_291_IS32234";NA;"2023-09-23 15:01:00";282585
"891846";"27:8:1";"Exp60_291_IS32234";"Exp60_291_IS32234";NA;"2023-09-23 15:32:00";282585
"891847";"27:8:1";"Exp60_291_IS32234";"Exp60_291_IS32234";NA;"2023-09-23 15:46:00";282585
"891848";"27:8:1";"Exp60_291_IS32234";"Exp60_291_IS32234";NA;"2023-09-23 16:17:00";282585
"891849";"27:8:1";"Exp60_291_IS32234";"Exp60_291_IS32234";NA;"2023-09-23 16:31:00";282585
"891850";"27:8:1";"Exp60_291_IS32234";"Exp60_291_IS32234";NA;"2023-09-23 16:47:00";282585
"891851";"27:8:1";"Exp60_291_IS32234";"Exp60_291_IS32234";NA;"2023-09-23 17:01:00";282585
"891852";"27:8:1";"Exp60_291_IS32234";"Exp60_291_IS32234";NA;"2023-09-23 17:17:00";282585
"891853";"27:8:1";"Exp60_291_IS32234";"Exp60_291_IS32234";NA;"2023-09-23 17:31:00";282585
"891854";"27:8:1";"Exp60_291_IS32234";"Exp60_291_IS32234";NA;"2023-09-23 17:47:00";282585
"891855";"27:8:1";"Exp60_291_IS32234";"Exp60_291_IS32234";NA;"2023-09-23 18:01:00";282585
"891856";"27:8:1";"Exp60_291_IS32234";"Exp60_291_IS32234";NA;"2023-09-23 18:17:00";282585
"891857";"27:8:1";"Exp60_291_IS32234";"Exp60_291_IS32234";NA;"2023-09-23 18:31:00";282585
"891858";"27:8:1";"Exp60_291_IS32234";"Exp60_291_IS32234";NA;"2023-09-23 18:47:00";282585
"891859";"27:8:1";"Exp60_291_IS32234";"Exp60_291_IS32234";NA;"2023-09-23 19:01:00";282585
"891860";"27:8:1";"Exp60_291_IS32234";"Exp60_291_IS32234";NA;"2023-09-23 19:17:00";282585
"891861";"27:8:1";"Exp60_291_IS32234";"Exp60_291_IS32234";NA;"2023-09-23 19:31:00";282585
"891862";"27:8:1";"Exp60_291_IS32234";"Exp60_291_IS32234";NA;"2023-09-23 20:02:00";282585
"891863";"27:8:1";"Exp60_291_IS32234";"Exp60_291_IS32234";NA;"2023-09-23 20:16:00";282585
"891864";"27:8:1";"Exp60_291_IS32234";"Exp60_291_IS32234";NA;"2023-09-23 20:32:00";282585
"891865";"27:8:1";"Exp60_291_IS32234";"Exp60_291_IS32234";NA;"2023-09-23 20:46:00";282585
"891866";"27:8:1";"Exp60_291_IS32234";"Exp60_291_IS32234";NA;"2023-09-23 21:02:00";282585
"891867";"27:8:1";"Exp60_291_IS32234";"Exp60_291_IS32234";NA;"2023-09-23 21:16:00";282585
"891868";"27:8:1";"Exp60_291_IS32234";"Exp60_291_IS32234";NA;"2023-09-23 21:32:00";282585
"891869";"27:8:1";"Exp60_291_IS32234";"Exp60_291_IS32234";NA;"2023-09-23 21:46:00";282585
"891870";"27:8:1";"Exp60_291_IS32234";"Exp60_291_IS32234";NA;"2023-09-23 22:02:00";282585
"891871";"27:8:1";"Exp60_291_IS32234";"Exp60_291_IS32234";NA;"2023-09-23 22:16:00";282585
"891872";"27:8:1";"Exp60_291_IS32234";"Exp60_291_IS32234";NA;"2023-09-23 23:17:00";282585
"891873";"27:8:1";"Exp60_291_IS32234";"Exp60_291_IS32234";NA;"2023-09-23 23:31:00";282585
"891874";"27:8:1";"Exp60_291_IS32234";"Exp60_291_IS32234";NA;"2023-09-23 23:47:00";282585
"891875";"27:8:1";"Exp60_291_IS32234";"Exp60_291_IS32234";NA;"2023-09-24 00:01:00";282585
"891876";"27:8:1";"Exp60_291_IS32234";"Exp60_291_IS32234";NA;"2023-09-24 00:17:00";282585
"891877";"27:8:1";"Exp60_291_IS32234";"Exp60_291_IS32234";NA;"2023-09-24 00:31:00";282585
"891878";"27:8:1";"Exp60_291_IS32234";"Exp60_291_IS32234";NA;"2023-09-24 00:47:00";282585
"891879";"27:8:1";"Exp60_291_IS32234";"Exp60_291_IS32234";NA;"2023-09-24 01:01:00";282585
"891880";"27:8:1";"Exp60_291_IS32234";"Exp60_291_IS32234";NA;"2023-09-24 01:17:00";282585
"891881";"27:8:1";"Exp60_291_IS32234";"Exp60_291_IS32234";NA;"2023-09-24 01:31:00";282585
"891882";"27:8:1";"Exp60_291_IS32234";"Exp60_291_IS32234";NA;"2023-09-24 01:47:00";282585
"891883";"27:8:1";"Exp60_291_IS32234";"Exp60_291_IS32234";NA;"2023-09-24 02:01:00";282585
"891884";"27:8:1";"Exp60_291_IS32234";"Exp60_291_IS32234";NA;"2023-09-24 02:17:00";282585
"891885";"27:8:1";"Exp60_291_IS32234";"Exp60_291_IS32234";NA;"2023-09-24 02:31:00";282585
"891886";"27:8:1";"Exp60_291_IS32234";"Exp60_291_IS32234";NA;"2023-09-24 02:47:00";282585
"891887";"27:8:1";"Exp60_291_IS32234";"Exp60_291_IS32234";NA;"2023-09-24 03:01:00";282585
"891888";"27:8:1";"Exp60_291_IS32234";"Exp60_291_IS32234";NA;"2023-09-24 10:01:00";282585
"891889";"27:8:1";"Exp60_291_IS32234";"Exp60_291_IS32234";NA;"2023-09-24 10:17:00";282585
"891890";"27:8:1";"Exp60_291_IS32234";"Exp60_291_IS32234";NA;"2023-09-24 10:31:00";282585
"891891";"27:8:1";"Exp60_291_IS32234";"Exp60_291_IS32234";NA;"2023-09-24 10:47:00";282585
"891892";"27:8:1";"Exp60_291_IS32234";"Exp60_291_IS32234";NA;"2023-09-24 11:01:00";282585
"891893";"27:8:1";"Exp60_291_IS32234";"Exp60_291_IS32234";NA;"2023-09-24 11:17:00";282585
"891894";"27:8:1";"Exp60_291_IS32234";"Exp60_291_IS32234";NA;"2023-09-24 11:31:00";282585
"891895";"27:8:1";"Exp60_291_IS32234";"Exp60_291_IS32234";NA;"2023-09-24 11:47:00";282585
"891896";"27:8:1";"Exp60_291_IS32234";"Exp60_291_IS32234";NA;"2023-09-24 12:01:00";282585
"891897";"27:8:1";"Exp60_291_IS32234";"Exp60_291_IS32234";NA;"2023-09-24 12:17:00";282585
"891898";"27:8:1";"Exp60_291_IS32234";"Exp60_291_IS32234";NA;"2023-09-24 12:31:00";282585
"891899";"27:8:1";"Exp60_291_IS32234";"Exp60_291_IS32234";NA;"2023-09-24 12:47:00";282585
"891900";"27:8:1";"Exp60_291_IS32234";"Exp60_291_IS32234";NA;"2023-09-24 13:01:00";282585
"891901";"27:8:1";"Exp60_291_IS32234";"Exp60_291_IS32234";NA;"2023-09-24 13:17:00";282585
"891902";"27:8:1";"Exp60_291_IS32234";"Exp60_291_IS32234";NA;"2023-09-24 13:31:00";282585
"891903";"27:8:1";"Exp60_291_IS32234";"Exp60_291_IS32234";NA;"2023-09-24 13:47:00";282585
"891904";"27:8:1";"Exp60_291_IS32234";"Exp60_291_IS32234";NA;"2023-09-24 14:01:00";282585
"891905";"27:8:1";"Exp60_291_IS32234";"Exp60_291_IS32234";NA;"2023-09-24 14:17:00";282585
"891906";"27:8:1";"Exp60_291_IS32234";"Exp60_291_IS32234";NA;"2023-09-24 14:31:00";282585
"891907";"27:8:1";"Exp60_291_IS32234";"Exp60_291_IS32234";NA;"2023-09-24 14:47:00";282585
"891908";"27:8:1";"Exp60_291_IS32234";"Exp60_291_IS32234";NA;"2023-09-24 15:01:00";282585
"891909";"27:8:1";"Exp60_291_IS32234";"Exp60_291_IS32234";NA;"2023-09-24 15:17:00";282585
"891910";"27:8:1";"Exp60_291_IS32234";"Exp60_291_IS32234";NA;"2023-09-24 15:31:00";282585
"891911";"27:8:1";"Exp60_291_IS32234";"Exp60_291_IS32234";NA;"2023-09-24 15:47:00";282585
"891912";"27:8:1";"Exp60_291_IS32234";"Exp60_291_IS32234";NA;"2023-09-24 16:01:00";282585
"891913";"27:8:1";"Exp60_291_IS32234";"Exp60_291_IS32234";NA;"2023-09-24 22:31:00";282585
"891914";"27:8:1";"Exp60_291_IS32234";"Exp60_291_IS32234";NA;"2023-09-24 22:47:00";282585
"891915";"27:8:1";"Exp60_291_IS32234";"Exp60_291_IS32234";NA;"2023-09-24 23:01:00";282585
"891916";"27:8:1";"Exp60_291_IS32234";"Exp60_291_IS32234";NA;"2023-09-24 23:17:00";282585
"891917";"27:8:1";"Exp60_291_IS32234";"Exp60_291_IS32234";NA;"2023-09-24 23:31:00";282585
"891918";"27:8:1";"Exp60_291_IS32234";"Exp60_291_IS32234";NA;"2023-09-24 23:47:00";282585
"891919";"27:8:1";"Exp60_291_IS32234";"Exp60_291_IS32234";NA;"2023-09-25 00:01:00";282585
"891920";"27:8:1";"Exp60_291_IS32234";"Exp60_291_IS32234";NA;"2023-09-25 00:17:00";282585
"891921";"27:8:1";"Exp60_291_IS32234";"Exp60_291_IS32234";NA;"2023-09-25 00:31:00";282585
"891922";"27:8:1";"Exp60_291_IS32234";"Exp60_291_IS32234";NA;"2023-09-25 00:47:00";282585
"891923";"27:8:1";"Exp60_291_IS32234";"Exp60_291_IS32234";NA;"2023-09-25 01:01:00";282585
"891924";"27:8:1";"Exp60_291_IS32234";"Exp60_291_IS32234";NA;"2023-09-25 01:17:00";282585
"891925";"27:8:1";"Exp60_291_IS32234";"Exp60_291_IS32234";NA;"2023-09-25 01:31:00";282585
"891926";"27:8:1";"Exp60_291_IS32234";"Exp60_291_IS32234";NA;"2023-09-25 01:47:00";282585
"891927";"27:8:1";"Exp60_291_IS32234";"Exp60_291_IS32234";NA;"2023-09-25 02:01:00";282585
"891928";"27:8:1";"Exp60_291_IS32234";"Exp60_291_IS32234";NA;"2023-09-25 03:02:00";282585
"891929";"27:8:1";"Exp60_291_IS32234";"Exp60_291_IS32234";NA;"2023-09-25 03:16:00";282585
"891930";"27:8:1";"Exp60_291_IS32234";"Exp60_291_IS32234";NA;"2023-09-25 04:32:00";282585
"891931";"27:8:1";"Exp60_291_IS32234";"Exp60_291_IS32234";NA;"2023-09-25 04:46:00";282585
"891932";"27:8:1";"Exp60_291_IS32234";"Exp60_291_IS32234";NA;"2023-09-25 05:17:00";282585
"891933";"27:8:1";"Exp60_291_IS32234";"Exp60_291_IS32234";NA;"2023-09-25 05:31:00";282585
"891934";"27:8:1";"Exp60_291_IS32234";"Exp60_291_IS32234";NA;"2023-09-25 05:47:00";282585
"891935";"27:8:1";"Exp60_291_IS32234";"Exp60_291_IS32234";NA;"2023-09-25 06:01:00";282585
"891936";"27:8:1";"Exp60_291_IS32234";"Exp60_291_IS32234";NA;"2023-09-25 06:17:00";282585
"891937";"27:8:1";"Exp60_291_IS32234";"Exp60_291_IS32234";NA;"2023-09-25 06:31:00";282585
"891938";"27:8:1";"Exp60_291_IS32234";"Exp60_291_IS32234";NA;"2023-09-25 06:47:00";282585
"891939";"27:8:1";"Exp60_291_IS32234";"Exp60_291_IS32234";NA;"2023-09-25 07:01:00";282585
"891940";"27:8:1";"Exp60_291_IS32234";"Exp60_291_IS32234";NA;"2023-09-25 07:17:00";282585
"891941";"27:8:1";"Exp60_291_IS32234";"Exp60_291_IS32234";NA;"2023-09-25 07:31:00";282585
"891942";"27:8:1";"Exp60_291_IS32234";"Exp60_291_IS32234";NA;"2023-09-25 07:47:00";282585
"891943";"27:8:1";"Exp60_291_IS32234";"Exp60_291_IS32234";NA;"2023-09-25 08:01:00";282585
"891944";"27:8:1";"Exp60_291_IS32234";"Exp60_291_IS32234";NA;"2023-09-25 14:46:00";282585
"891945";"27:8:1";"Exp60_291_IS32234";"Exp60_291_IS32234";NA;"2023-09-25 15:02:00";282585
"891946";"27:8:1";"Exp60_291_IS32234";"Exp60_291_IS32234";NA;"2023-09-25 15:16:00";282585
"891947";"27:8:1";"Exp60_291_IS32234";"Exp60_291_IS32234";NA;"2023-09-25 15:32:00";282585
"891948";"27:8:1";"Exp60_291_IS32234";"Exp60_291_IS32234";NA;"2023-09-25 15:46:00";282585
"891949";"27:8:1";"Exp60_291_IS32234";"Exp60_291_IS32234";NA;"2023-09-25 16:02:00";282585
"891950";"27:8:1";"Exp60_291_IS32234";"Exp60_291_IS32234";NA;"2023-09-25 17:16:00";282585
"891951";"27:8:1";"Exp60_291_IS32234";"Exp60_291_IS32234";NA;"2023-09-25 17:32:00";282585
"891952";"27:8:1";"Exp60_291_IS32234";"Exp60_291_IS32234";NA;"2023-09-25 17:46:00";282585
"891953";"27:8:1";"Exp60_291_IS32234";"Exp60_291_IS32234";NA;"2023-09-25 18:02:00";282585
"891954";"27:8:1";"Exp60_291_IS32234";"Exp60_291_IS32234";NA;"2023-09-25 19:01:00";282585
"891955";"27:8:1";"Exp60_291_IS32234";"Exp60_291_IS32234";NA;"2023-09-25 19:17:00";282585
"891956";"27:8:1";"Exp60_291_IS32234";"Exp60_291_IS32234";NA;"2023-09-25 19:31:00";282585
"891957";"27:8:1";"Exp60_291_IS32234";"Exp60_291_IS32234";NA;"2023-09-25 19:47:00";282585
"891958";"27:8:1";"Exp60_291_IS32234";"Exp60_291_IS32234";NA;"2023-09-25 20:01:00";282585
"891959";"27:8:1";"Exp60_291_IS32234";"Exp60_291_IS32234";NA;"2023-09-25 20:17:00";282585
"891960";"27:8:1";"Exp60_291_IS32234";"Exp60_291_IS32234";NA;"2023-09-25 20:31:00";282585
"891961";"27:8:1";"Exp60_291_IS32234";"Exp60_291_IS32234";NA;"2023-09-25 20:47:00";282585
"891962";"27:8:1";"Exp60_291_IS32234";"Exp60_291_IS32234";NA;"2023-09-25 21:16:00";282585
"891963";"27:8:1";"Exp60_291_IS32234";"Exp60_291_IS32234";NA;"2023-09-25 21:32:00";282585
"891964";"27:8:1";"Exp60_291_IS32234";"Exp60_291_IS32234";NA;"2023-09-25 21:46:00";282585
"891965";"27:8:1";"Exp60_291_IS32234";"Exp60_291_IS32234";NA;"2023-09-25 22:02:00";282585
"891966";"27:8:1";"Exp60_291_IS32234";"Exp60_291_IS32234";NA;"2023-09-25 22:16:00";282585
"891967";"27:8:1";"Exp60_291_IS32234";"Exp60_291_IS32234";NA;"2023-09-25 22:32:00";282585
"891968";"27:8:1";"Exp60_291_IS32234";"Exp60_291_IS32234";NA;"2023-09-25 22:46:00";282585
"891969";"27:8:1";"Exp60_291_IS32234";"Exp60_291_IS32234";NA;"2023-09-25 23:02:00";282585
"891970";"27:8:1";"Exp60_291_IS32234";"Exp60_291_IS32234";NA;"2023-09-25 23:16:00";282585
"891971";"27:8:1";"Exp60_291_IS32234";"Exp60_291_IS32234";NA;"2023-09-25 23:32:00";282585
"891972";"27:8:1";"Exp60_291_IS32234";"Exp60_291_IS32234";NA;"2023-09-25 23:46:00";282585
"891973";"27:8:1";"Exp60_291_IS32234";"Exp60_291_IS32234";NA;"2023-09-26 00:02:00";282585
"891974";"27:8:1";"Exp60_291_IS32234";"Exp60_291_IS32234";NA;"2023-09-26 00:16:00";282585
"891975";"27:8:1";"Exp60_291_IS32234";"Exp60_291_IS32234";NA;"2023-09-26 00:32:00";282585
"891976";"27:8:1";"Exp60_291_IS32234";"Exp60_291_IS32234";NA;"2023-09-26 00:46:00";282585
"891977";"27:8:1";"Exp60_291_IS32234";"Exp60_291_IS32234";NA;"2023-09-26 01:02:00";282585
"891978";"27:8:1";"Exp60_291_IS32234";"Exp60_291_IS32234";NA;"2023-09-26 01:16:00";282585
"891979";"27:8:1";"Exp60_291_IS32234";"Exp60_291_IS32234";NA;"2023-09-26 01:32:00";282585
"891980";"27:8:1";"Exp60_291_IS32234";"Exp60_291_IS32234";NA;"2023-09-26 01:46:00";282585
"891981";"27:8:1";"Exp60_291_IS32234";"Exp60_291_IS32234";NA;"2023-09-26 02:02:00";282585
"891982";"27:8:1";"Exp60_291_IS32234";"Exp60_291_IS32234";NA;"2023-09-26 02:16:00";282585
"891983";"27:8:1";"Exp60_291_IS32234";"Exp60_291_IS32234";NA;"2023-09-26 02:32:00";282585
"891984";"27:8:1";"Exp60_291_IS32234";"Exp60_291_IS32234";NA;"2023-09-26 02:46:00";282585
"891985";"27:8:1";"Exp60_291_IS32234";"Exp60_291_IS32234";NA;"2023-09-26 03:02:00";282585
"891986";"27:8:1";"Exp60_291_IS32234";"Exp60_291_IS32234";NA;"2023-09-26 03:16:00";282585
"891987";"27:8:1";"Exp60_291_IS32234";"Exp60_291_IS32234";NA;"2023-09-26 03:32:00";282585
"891988";"27:8:1";"Exp60_291_IS32234";"Exp60_291_IS32234";NA;"2023-09-26 03:46:00";282585
"891989";"27:8:1";"Exp60_291_IS32234";"Exp60_291_IS32234";NA;"2023-09-26 04:02:00";282585
"891990";"27:8:1";"Exp60_291_IS32234";"Exp60_291_IS32234";NA;"2023-09-26 04:16:00";282585
"891991";"27:8:1";"Exp60_291_IS32234";"Exp60_291_IS32234";NA;"2023-09-26 04:32:00";282585
"891992";"27:8:1";"Exp60_291_IS32234";"Exp60_291_IS32234";NA;"2023-09-26 04:46:00";282585
"891993";"27:8:1";"Exp60_291_IS32234";"Exp60_291_IS32234";NA;"2023-09-26 05:02:00";282585
"891994";"27:8:1";"Exp60_291_IS32234";"Exp60_291_IS32234";NA;"2023-09-26 05:16:00";282585
"891995";"27:8:1";"Exp60_291_IS32234";"Exp60_291_IS32234";NA;"2023-09-26 05:32:00";282585
"891996";"27:8:1";"Exp60_291_IS32234";"Exp60_291_IS32234";NA;"2023-09-26 05:46:00";282585
"891997";"27:8:1";"Exp60_291_IS32234";"Exp60_291_IS32234";NA;"2023-09-26 06:02:00";282585
"891998";"27:8:1";"Exp60_291_IS32234";"Exp60_291_IS32234";NA;"2023-09-26 06:16:00";282585
"891999";"27:8:1";"Exp60_291_IS32234";"Exp60_291_IS32234";NA;"2023-09-26 06:32:00";282585
"892000";"27:8:1";"Exp60_291_IS32234";"Exp60_291_IS32234";NA;"2023-09-26 06:46:00";282585
"892001";"27:8:1";"Exp60_291_IS32234";"Exp60_291_IS32234";NA;"2023-09-26 07:02:00";282585
"892002";"27:8:1";"Exp60_291_IS32234";"Exp60_291_IS32234";NA;"2023-09-26 07:16:00";282585
"892003";"27:8:1";"Exp60_291_IS32234";"Exp60_291_IS32234";NA;"2023-09-26 07:47:00";282585
"892004";"27:8:1";"Exp60_291_IS32234";"Exp60_291_IS32234";NA;"2023-09-26 08:01:00";282585
"892005";"27:8:1";"Exp60_291_IS32234";"Exp60_291_IS32234";NA;"2023-09-26 08:17:00";282585
"892006";"27:8:1";"Exp60_291_IS32234";"Exp60_291_IS32234";NA;"2023-09-26 08:31:00";282585
"892007";"27:8:1";"Exp60_291_IS32234";"Exp60_291_IS32234";NA;"2023-09-26 09:02:00";282585
"892008";"27:8:1";"Exp60_291_IS32234";"Exp60_291_IS32234";NA;"2023-09-26 09:16:00";282585
"892009";"27:8:1";"Exp60_291_IS32234";"Exp60_291_IS32234";NA;"2023-09-26 09:32:00";282585
"892010";"27:8:1";"Exp60_291_IS32234";"Exp60_291_IS32234";NA;"2023-09-26 09:46:00";282585
"892011";"27:8:1";"Exp60_291_IS32234";"Exp60_291_IS32234";NA;"2023-09-26 10:02:00";282585
"892012";"27:8:1";"Exp60_291_IS32234";"Exp60_291_IS32234";NA;"2023-09-26 10:16:00";282585
"892013";"27:8:1";"Exp60_291_IS32234";"Exp60_291_IS32234";NA;"2023-09-26 10:32:00";282585
"892014";"27:8:1";"Exp60_291_IS32234";"Exp60_291_IS32234";NA;"2023-09-26 10:46:00";282585
"892015";"27:8:1";"Exp60_291_IS32234";"Exp60_291_IS32234";NA;"2023-09-26 11:02:00";282585
"892016";"27:8:1";"Exp60_291_IS32234";"Exp60_291_IS32234";NA;"2023-09-26 11:16:00";282585
"892017";"27:8:1";"Exp60_291_IS32234";"Exp60_291_IS32234";NA;"2023-09-26 11:47:00";282585
"892018";"27:8:1";"Exp60_291_IS32234";"Exp60_291_IS32234";NA;"2023-09-26 12:01:00";282585
"892019";"27:8:1";"Exp60_291_IS32234";"Exp60_291_IS32234";NA;"2023-09-26 12:17:00";282585
"892020";"27:8:1";"Exp60_291_IS32234";"Exp60_291_IS32234";NA;"2023-09-26 12:31:00";282585
"892021";"27:8:1";"Exp60_291_IS32234";"Exp60_291_IS32234";NA;"2023-09-26 12:47:00";282585
"892022";"27:8:1";"Exp60_291_IS32234";"Exp60_291_IS32234";NA;"2023-09-26 13:01:00";282585
"892023";"27:8:1";"Exp60_291_IS32234";"Exp60_291_IS32234";NA;"2023-09-26 13:32:00";282585
"892024";"27:8:1";"Exp60_291_IS32234";"Exp60_291_IS32234";NA;"2023-09-26 13:46:00";282585
"892025";"27:8:1";"Exp60_291_IS32234";"Exp60_291_IS32234";NA;"2023-09-26 14:02:00";282585
"892026";"27:8:1";"Exp60_291_IS32234";"Exp60_291_IS32234";NA;"2023-09-26 14:16:00";282585
"892027";"27:8:1";"Exp60_291_IS32234";"Exp60_291_IS32234";NA;"2023-09-26 14:32:00";282585
"892028";"27:8:1";"Exp60_291_IS32234";"Exp60_291_IS32234";NA;"2023-09-26 14:46:00";282585
"892029";"27:8:1";"Exp60_291_IS32234";"Exp60_291_IS32234";NA;"2023-09-26 15:02:00";282585
"892030";"27:8:1";"Exp60_291_IS32234";"Exp60_291_IS32234";NA;"2023-09-26 15:16:00";282585
"892031";"27:8:1";"Exp60_291_IS32234";"Exp60_291_IS32234";NA;"2023-09-26 15:32:00";282585
"892032";"27:8:1";"Exp60_291_IS32234";"Exp60_291_IS32234";NA;"2023-09-26 15:46:00";282585
"892033";"27:8:1";"Exp60_291_IS32234";"Exp60_291_IS32234";NA;"2023-09-26 16:02:00";282585
"892034";"27:8:1";"Exp60_291_IS32234";"Exp60_291_IS32234";NA;"2023-09-26 16:16:00";282585
"892035";"27:8:1";"Exp60_291_IS32234";"Exp60_291_IS32234";NA;"2023-09-26 22:01:00";282585
"892036";"27:8:1";"Exp60_291_IS32234";"Exp60_291_IS32234";NA;"2023-09-26 22:17:00";282585
"892037";"27:8:1";"Exp60_291_IS32234";"Exp60_291_IS32234";NA;"2023-09-26 22:31:00";282585
"892038";"27:8:1";"Exp60_291_IS32234";"Exp60_291_IS32234";NA;"2023-09-26 22:47:00";282585
"892039";"27:8:1";"Exp60_291_IS32234";"Exp60_291_IS32234";NA;"2023-09-26 23:01:00";282585
"892040";"27:8:1";"Exp60_291_IS32234";"Exp60_291_IS32234";NA;"2023-09-26 23:17:00";282585
"892041";"27:8:1";"Exp60_291_IS32234";"Exp60_291_IS32234";NA;"2023-09-26 23:31:00";282585
"892042";"27:8:1";"Exp60_291_IS32234";"Exp60_291_IS32234";NA;"2023-09-26 23:47:00";282585
"892043";"27:8:1";"Exp60_291_IS32234";"Exp60_291_IS32234";NA;"2023-09-27 00:31:00";282585
"892044";"27:8:1";"Exp60_291_IS32234";"Exp60_291_IS32234";NA;"2023-09-27 00:47:00";282585
"892045";"27:8:1";"Exp60_291_IS32234";"Exp60_291_IS32234";NA;"2023-09-27 01:01:00";282585
"892046";"27:8:1";"Exp60_291_IS32234";"Exp60_291_IS32234";NA;"2023-09-27 01:17:00";282585
"892047";"27:8:1";"Exp60_291_IS32234";"Exp60_291_IS32234";NA;"2023-09-27 01:31:00";282585
"892048";"27:8:1";"Exp60_291_IS32234";"Exp60_291_IS32234";NA;"2023-09-27 01:47:00";282585
"892049";"27:8:1";"Exp60_291_IS32234";"Exp60_291_IS32234";NA;"2023-09-27 02:01:00";282585
"892050";"27:8:1";"Exp60_291_IS32234";"Exp60_291_IS32234";NA;"2023-09-27 02:17:00";282585
"892051";"27:8:1";"Exp60_291_IS32234";"Exp60_291_IS32234";NA;"2023-09-27 02:31:00";282585
"892052";"27:8:1";"Exp60_291_IS32234";"Exp60_291_IS32234";NA;"2023-09-27 02:47:00";282585
"892053";"27:8:1";"Exp60_291_IS32234";"Exp60_291_IS32234";NA;"2023-09-27 03:01:00";282585
"892054";"27:8:1";"Exp60_291_IS32234";"Exp60_291_IS32234";NA;"2023-09-27 03:17:00";282585
"892055";"27:8:1";"Exp60_291_IS32234";"Exp60_291_IS32234";NA;"2023-09-27 03:31:00";282585
"892056";"27:8:1";"Exp60_291_IS32234";"Exp60_291_IS32234";NA;"2023-09-27 03:47:00";282585
"892057";"27:8:1";"Exp60_291_IS32234";"Exp60_291_IS32234";NA;"2023-09-27 04:01:00";282585
"892058";"27:8:1";"Exp60_291_IS32234";"Exp60_291_IS32234";NA;"2023-09-27 04:17:00";282585
"892059";"27:8:1";"Exp60_291_IS32234";"Exp60_291_IS32234";NA;"2023-09-27 04:31:00";282585
"892060";"27:8:1";"Exp60_291_IS32234";"Exp60_291_IS32234";NA;"2023-09-27 04:47:00";282585
"892061";"27:8:1";"Exp60_291_IS32234";"Exp60_291_IS32234";NA;"2023-09-27 05:01:00";282585
"892062";"27:8:1";"Exp60_291_IS32234";"Exp60_291_IS32234";NA;"2023-09-27 05:17:00";282585
"892063";"27:8:1";"Exp60_291_IS32234";"Exp60_291_IS32234";NA;"2023-09-27 05:31:00";282585
"892064";"27:8:1";"Exp60_291_IS32234";"Exp60_291_IS32234";NA;"2023-09-27 05:47:00";282585
"892065";"27:8:1";"Exp60_291_IS32234";"Exp60_291_IS32234";NA;"2023-09-27 06:01:00";282585
"892066";"27:8:1";"Exp60_291_IS32234";"Exp60_291_IS32234";NA;"2023-09-27 06:17:00";282585
"892067";"27:8:1";"Exp60_291_IS32234";"Exp60_291_IS32234";NA;"2023-09-27 06:31:00";282585
"892068";"27:8:1";"Exp60_291_IS32234";"Exp60_291_IS32234";NA;"2023-09-27 06:47:00";282585
"892069";"27:8:1";"Exp60_291_IS32234";"Exp60_291_IS32234";NA;"2023-09-27 07:01:00";282585
"892070";"27:8:1";"Exp60_291_IS32234";"Exp60_291_IS32234";NA;"2023-09-27 07:32:00";282585
"892071";"27:8:1";"Exp60_291_IS32234";"Exp60_291_IS32234";NA;"2023-09-27 07:46:00";282585
"892072";"27:8:1";"Exp60_291_IS32234";"Exp60_291_IS32234";NA;"2023-09-27 08:02:00";282585
"892073";"27:8:1";"Exp60_291_IS32234";"Exp60_291_IS32234";NA;"2023-09-27 08:16:00";282585
"892074";"27:8:1";"Exp60_291_IS32234";"Exp60_291_IS32234";NA;"2023-09-27 08:32:00";282585
"892075";"27:8:1";"Exp60_291_IS32234";"Exp60_291_IS32234";NA;"2023-09-27 08:46:00";282585
"892076";"27:8:1";"Exp60_291_IS32234";"Exp60_291_IS32234";NA;"2023-09-27 09:02:00";282585
"892077";"27:8:1";"Exp60_291_IS32234";"Exp60_291_IS32234";NA;"2023-09-27 09:16:00";282585
"892078";"27:8:1";"Exp60_291_IS32234";"Exp60_291_IS32234";NA;"2023-09-27 15:46:00";282585
"892079";"27:8:1";"Exp60_291_IS32234";"Exp60_291_IS32234";NA;"2023-09-27 16:02:00";282585
"892080";"27:8:1";"Exp60_291_IS32234";"Exp60_291_IS32234";NA;"2023-09-27 16:16:00";282585
"892081";"27:8:1";"Exp60_291_IS32234";"Exp60_291_IS32234";NA;"2023-09-27 16:32:00";282585
"892082";"27:8:1";"Exp60_291_IS32234";"Exp60_291_IS32234";NA;"2023-09-27 16:46:00";282585
"892083";"27:8:1";"Exp60_291_IS32234";"Exp60_291_IS32234";NA;"2023-09-27 17:17:00";282585
"892084";"27:8:1";"Exp60_291_IS32234";"Exp60_291_IS32234";NA;"2023-09-27 17:31:00";282585
"892085";"27:8:1";"Exp60_291_IS32234";"Exp60_291_IS32234";NA;"2023-09-27 17:47:00";282585
"892086";"27:8:1";"Exp60_291_IS32234";"Exp60_291_IS32234";NA;"2023-09-27 18:01:00";282585
"892087";"27:8:1";"Exp60_291_IS32234";"Exp60_291_IS32234";NA;"2023-09-27 18:17:00";282585
"892088";"27:8:1";"Exp60_291_IS32234";"Exp60_291_IS32234";NA;"2023-09-27 18:31:00";282585
"892089";"27:8:1";"Exp60_291_IS32234";"Exp60_291_IS32234";NA;"2023-09-27 18:47:00";282585
"892090";"27:8:1";"Exp60_291_IS32234";"Exp60_291_IS32234";NA;"2023-09-27 19:01:00";282585
"892091";"27:8:1";"Exp60_291_IS32234";"Exp60_291_IS32234";NA;"2023-09-27 19:17:00";282585
"892092";"27:8:1";"Exp60_291_IS32234";"Exp60_291_IS32234";NA;"2023-09-27 19:31:00";282585
"892093";"27:8:1";"Exp60_291_IS32234";"Exp60_291_IS32234";NA;"2023-09-27 19:47:00";282585
"892094";"27:8:1";"Exp60_291_IS32234";"Exp60_291_IS32234";NA;"2023-09-27 20:01:00";282585
"892095";"27:8:1";"Exp60_291_IS32234";"Exp60_291_IS32234";NA;"2023-09-27 20:17:00";282585
"892096";"27:8:1";"Exp60_291_IS32234";"Exp60_291_IS32234";NA;"2023-09-27 20:31:00";282585
"892097";"27:8:1";"Exp60_291_IS32234";"Exp60_291_IS32234";NA;"2023-09-27 20:47:00";282585
"892098";"27:8:1";"Exp60_291_IS32234";"Exp60_291_IS32234";NA;"2023-09-27 21:01:00";282585
"892099";"27:8:1";"Exp60_291_IS32234";"Exp60_291_IS32234";NA;"2023-09-28 01:31:00";194371
"892100";"27:8:1";"Exp60_291_IS32234";"Exp60_291_IS32234";NA;"2023-09-28 01:47:00";177315
"892101";"27:8:1";"Exp60_291_IS32234";"Exp60_291_IS32234";NA;"2023-09-28 02:01:00";149883
"892102";"27:8:1";"Exp60_291_IS32234";"Exp60_291_IS32234";NA;"2023-09-28 02:17:00";158995
"892103";"27:8:1";"Exp60_291_IS32234";"Exp60_291_IS32234";NA;"2023-09-28 02:31:00";136160
"892104";"27:8:1";"Exp60_291_IS32234";"Exp60_291_IS32234";NA;"2023-09-28 03:17:00";113531
"892105";"27:8:1";"Exp60_291_IS32234";"Exp60_291_IS32234";NA;"2023-09-28 03:31:00";101224
"892106";"27:8:1";"Exp60_291_IS32234";"Exp60_291_IS32234";NA;"2023-09-28 03:47:00";100812
"892107";"27:8:1";"Exp60_291_IS32234";"Exp60_291_IS32234";NA;"2023-09-28 04:01:00";88553,6
"892108";"27:8:1";"Exp60_291_IS32234";"Exp60_291_IS32234";NA;"2023-09-28 04:17:00";79485,4
"892109";"27:8:1";"Exp60_291_IS32234";"Exp60_291_IS32234";NA;"2023-09-28 04:31:00";75534,9
"892110";"27:8:1";"Exp60_291_IS32234";"Exp60_291_IS32234";NA;"2023-09-28 04:47:00";81420
"892111";"27:8:1";"Exp60_291_IS32234";"Exp60_291_IS32234";NA;"2023-09-28 05:01:00";70185,3
"892112";"27:8:1";"Exp60_291_IS32234";"Exp60_291_IS32234";NA;"2023-09-28 05:17:00";75765,7
"892113";"27:8:1";"Exp60_291_IS32234";"Exp60_291_IS32234";NA;"2023-09-28 05:31:00";76400,6
"892114";"27:8:1";"Exp60_291_IS32234";"Exp60_291_IS32234";NA;"2023-09-28 05:47:00";80942,1
"892115";"27:8:1";"Exp60_291_IS32234";"Exp60_291_IS32234";NA;"2023-09-28 06:01:00";74589,7
"892116";"27:8:1";"Exp60_291_IS32234";"Exp60_291_IS32234";NA;"2023-09-28 06:17:00";78895,5
"892117";"27:8:1";"Exp60_291_IS32234";"Exp60_291_IS32234";NA;"2023-09-28 07:16:00";74074
"892118";"27:8:1";"Exp60_291_IS32234";"Exp60_291_IS32234";NA;"2023-09-28 07:32:00";76159,8
"892119";"27:8:1";"Exp60_291_IS32234";"Exp60_291_IS32234";NA;"2023-09-28 08:16:00";90716,2
"892120";"27:8:1";"Exp60_291_IS32234";"Exp60_291_IS32234";NA;"2023-09-28 08:47:00";96343,2
"892121";"27:8:1";"Exp60_291_IS32234";"Exp60_291_IS32234";NA;"2023-09-28 09:01:00";149091
"892122";"27:8:1";"Exp60_291_IS32234";"Exp60_291_IS32234";NA;"2023-09-28 16:16:00";282585
"892123";"27:8:1";"Exp60_291_IS32234";"Exp60_291_IS32234";NA;"2023-09-28 16:47:00";282585
"892124";"27:8:1";"Exp60_291_IS32234";"Exp60_291_IS32234";NA;"2023-09-28 17:01:00";282585
"892125";"27:8:1";"Exp60_291_IS32234";"Exp60_291_IS32234";NA;"2023-09-28 17:17:00";282585
"892126";"27:8:1";"Exp60_291_IS32234";"Exp60_291_IS32234";NA;"2023-09-28 17:31:00";282585
"892127";"27:8:1";"Exp60_291_IS32234";"Exp60_291_IS32234";NA;"2023-09-28 18:02:00";282585
"892128";"27:8:1";"Exp60_291_IS32234";"Exp60_291_IS32234";NA;"2023-09-28 18:16:00";282585
"892129";"27:8:1";"Exp60_291_IS32234";"Exp60_291_IS32234";NA;"2023-09-28 18:32:00";282585
"892130";"27:8:1";"Exp60_291_IS32234";"Exp60_291_IS32234";NA;"2023-09-28 18:46:00";282585
"892131";"27:8:1";"Exp60_291_IS32234";"Exp60_291_IS32234";NA;"2023-09-28 19:02:00";282585
"892132";"27:8:1";"Exp60_291_IS32234";"Exp60_291_IS32234";NA;"2023-09-28 19:16:00";282585
"892133";"27:8:1";"Exp60_291_IS32234";"Exp60_291_IS32234";NA;"2023-09-28 19:32:00";282585
"892134";"27:8:1";"Exp60_291_IS32234";"Exp60_291_IS32234";NA;"2023-09-28 19:46:00";282585
"892135";"27:8:1";"Exp60_291_IS32234";"Exp60_291_IS32234";NA;"2023-09-28 20:02:00";282585
"892136";"27:8:1";"Exp60_291_IS32234";"Exp60_291_IS32234";NA;"2023-09-28 20:16:00";282585
"892137";"27:8:1";"Exp60_291_IS32234";"Exp60_291_IS32234";NA;"2023-09-28 20:32:00";282585
"892138";"27:8:1";"Exp60_291_IS32234";"Exp60_291_IS32234";NA;"2023-09-28 20:46:00";282585
"892139";"27:8:1";"Exp60_291_IS32234";"Exp60_291_IS32234";NA;"2023-09-28 21:02:00";282585
"892140";"27:8:1";"Exp60_291_IS32234";"Exp60_291_IS32234";NA;"2023-09-28 21:16:00";282585
"892141";"27:8:1";"Exp60_291_IS32234";"Exp60_291_IS32234";NA;"2023-09-28 21:32:00";282585
"892142";"27:8:1";"Exp60_291_IS32234";"Exp60_291_IS32234";NA;"2023-09-28 21:46:00";282585
"892143";"27:8:1";"Exp60_291_IS32234";"Exp60_291_IS32234";NA;"2023-09-28 22:17:00";282585
"892144";"27:8:1";"Exp60_291_IS32234";"Exp60_291_IS32234";NA;"2023-09-28 22:31:00";282585
"892145";"27:8:1";"Exp60_291_IS32234";"Exp60_291_IS32234";NA;"2023-09-28 22:47:00";282585
"892146";"27:8:1";"Exp60_291_IS32234";"Exp60_291_IS32234";NA;"2023-09-28 23:01:00";282585
"892147";"27:8:1";"Exp60_291_IS32234";"Exp60_291_IS32234";NA;"2023-09-28 23:17:00";282585
"892148";"27:8:1";"Exp60_291_IS32234";"Exp60_291_IS32234";NA;"2023-09-28 23:31:00";282585
"892149";"27:8:1";"Exp60_291_IS32234";"Exp60_291_IS32234";NA;"2023-09-29 00:17:00";282585
"892150";"27:8:1";"Exp60_291_IS32234";"Exp60_291_IS32234";NA;"2023-09-29 00:31:00";282585
"892151";"27:8:1";"Exp60_291_IS32234";"Exp60_291_IS32234";NA;"2023-09-29 00:47:00";282585
"892152";"27:8:1";"Exp60_291_IS32234";"Exp60_291_IS32234";NA;"2023-09-29 01:01:00";282585
"892153";"27:8:1";"Exp60_291_IS32234";"Exp60_291_IS32234";NA;"2023-09-29 01:17:00";263697
"892154";"27:8:1";"Exp60_291_IS32234";"Exp60_291_IS32234";NA;"2023-09-29 01:31:00";247651
"892155";"27:8:1";"Exp60_291_IS32234";"Exp60_291_IS32234";NA;"2023-09-29 01:47:00";282585
"892156";"27:8:1";"Exp60_291_IS32234";"Exp60_291_IS32234";NA;"2023-09-29 02:01:00";279584
"892157";"27:8:1";"Exp60_291_IS32234";"Exp60_291_IS32234";NA;"2023-09-29 02:17:00";265723
"892158";"27:8:1";"Exp60_291_IS32234";"Exp60_291_IS32234";NA;"2023-09-29 02:31:00";282585
"892159";"27:8:1";"Exp60_291_IS32234";"Exp60_291_IS32234";NA;"2023-09-29 02:47:00";282585
"892160";"27:8:1";"Exp60_291_IS32234";"Exp60_291_IS32234";NA;"2023-09-29 03:01:00";282585
"892161";"27:8:1";"Exp60_291_IS32234";"Exp60_291_IS32234";NA;"2023-09-29 03:47:00";282585
"892162";"27:8:1";"Exp60_291_IS32234";"Exp60_291_IS32234";NA;"2023-09-29 04:01:00";282585
"892163";"27:8:1";"Exp60_291_IS32234";"Exp60_291_IS32234";NA;"2023-09-29 04:17:00";282585
"892164";"27:8:1";"Exp60_291_IS32234";"Exp60_291_IS32234";NA;"2023-09-29 04:31:00";282585
"892165";"27:8:1";"Exp60_291_IS32234";"Exp60_291_IS32234";NA;"2023-09-29 12:31:00";282585
"892166";"27:8:1";"Exp60_291_IS32234";"Exp60_291_IS32234";NA;"2023-09-29 18:46:00";-32136,9
"892167";"27:8:1";"Exp60_291_IS32234";"Exp60_291_IS32234";NA;"2023-09-29 19:17:00";-32120,3
"892168";"27:8:1";"Exp60_291_IS32234";"Exp60_291_IS32234";NA;"2023-09-29 19:31:00";-31878,3
"892169";"27:8:1";"Exp60_291_IS32234";"Exp60_291_IS32234";NA;"2023-09-29 19:47:00";-31602,5
"892170";"27:8:1";"Exp60_291_IS32234";"Exp60_291_IS32234";NA;"2023-09-29 20:01:00";-31293,8
"892171";"27:8:1";"Exp60_291_IS32234";"Exp60_291_IS32234";NA;"2023-09-29 20:17:00";-30859,4
"892172";"27:8:1";"Exp60_291_IS32234";"Exp60_291_IS32234";NA;"2023-09-29 20:31:00";-30934,9
"892173";"27:8:1";"Exp60_291_IS32234";"Exp60_291_IS32234";NA;"2023-09-29 21:02:00";-31413,6
"892174";"27:8:1";"Exp60_291_IS32234";"Exp60_291_IS32234";NA;"2023-09-29 21:16:00";-47849,3
"892175";"27:8:1";"Exp60_291_IS32234";"Exp60_291_IS32234";NA;"2023-09-29 21:32:00";-292737
"892176";"27:8:1";"Exp60_291_IS32234";"Exp60_291_IS32234";NA;"2023-09-29 21:46:00";-292737
"892177";"27:8:1";"Exp60_291_IS32234";"Exp60_291_IS32234";NA;"2023-09-29 22:02:00";-292737
"892178";"27:8:1";"Exp60_291_IS32234";"Exp60_291_IS32234";NA;"2023-09-29 22:16:00";-292737
"892179";"27:8:1";"Exp60_291_IS32234";"Exp60_291_IS32234";NA;"2023-09-29 22:32:00";-292737
"892180";"27:8:1";"Exp60_291_IS32234";"Exp60_291_IS32234";NA;"2023-09-29 22:46:00";-292737
"892181";"27:8:1";"Exp60_291_IS32234";"Exp60_291_IS32234";NA;"2023-09-29 23:02:00";-292737
"892182";"27:8:1";"Exp60_291_IS32234";"Exp60_291_IS32234";NA;"2023-09-29 23:16:00";-292737
"892183";"27:8:1";"Exp60_291_IS32234";"Exp60_291_IS32234";NA;"2023-09-29 23:32:00";-292737
"892184";"27:8:1";"Exp60_291_IS32234";"Exp60_291_IS32234";NA;"2023-09-29 23:46:00";-292737
"892185";"27:8:1";"Exp60_291_IS32234";"Exp60_291_IS32234";NA;"2023-09-30 00:02:00";-292737
"892186";"27:8:1";"Exp60_291_IS32234";"Exp60_291_IS32234";NA;"2023-09-30 00:16:00";-292737
"892187";"27:8:1";"Exp60_291_IS32234";"Exp60_291_IS32234";NA;"2023-09-30 00:32:00";-292737
"892188";"27:8:1";"Exp60_291_IS32234";"Exp60_291_IS32234";NA;"2023-09-30 00:46:00";-292737
"892189";"27:8:1";"Exp60_291_IS32234";"Exp60_291_IS32234";NA;"2023-09-30 01:02:00";-292737
"892190";"27:8:1";"Exp60_291_IS32234";"Exp60_291_IS32234";NA;"2023-09-30 01:16:00";-292737
"892191";"27:8:1";"Exp60_291_IS32234";"Exp60_291_IS32234";NA;"2023-09-30 01:32:00";-292737
"892192";"27:8:1";"Exp60_291_IS32234";"Exp60_291_IS32234";NA;"2023-09-30 01:46:00";-292737
"892193";"27:8:1";"Exp60_291_IS32234";"Exp60_291_IS32234";NA;"2023-09-30 08:46:00";-292737
"892194";"27:8:1";"Exp60_291_IS32234";"Exp60_291_IS32234";NA;"2023-09-30 09:02:00";-292737
"892195";"27:8:1";"Exp60_291_IS32234";"Exp60_291_IS32234";NA;"2023-09-30 09:16:00";-292737
"892196";"27:8:1";"Exp60_291_IS32234";"Exp60_291_IS32234";NA;"2023-09-30 09:32:00";-292737
"892197";"27:8:1";"Exp60_291_IS32234";"Exp60_291_IS32234";NA;"2023-09-30 09:46:00";-292737
"892198";"27:8:1";"Exp60_291_IS32234";"Exp60_291_IS32234";NA;"2023-09-30 10:02:00";-292737
"892199";"27:8:1";"Exp60_291_IS32234";"Exp60_291_IS32234";NA;"2023-09-30 10:16:00";-292737
"892200";"27:8:1";"Exp60_291_IS32234";"Exp60_291_IS32234";NA;"2023-09-30 10:32:00";-292737
"892201";"27:8:1";"Exp60_291_IS32234";"Exp60_291_IS32234";NA;"2023-09-30 10:46:00";-292737
"892202";"27:8:1";"Exp60_291_IS32234";"Exp60_291_IS32234";NA;"2023-09-30 11:02:00";-292737
"892203";"27:8:1";"Exp60_291_IS32234";"Exp60_291_IS32234";NA;"2023-09-30 11:16:00";-292737
"892204";"27:8:1";"Exp60_291_IS32234";"Exp60_291_IS32234";NA;"2023-09-30 11:32:00";-292737
"892205";"27:8:1";"Exp60_291_IS32234";"Exp60_291_IS32234";NA;"2023-09-30 11:46:00";-292737
"892206";"27:8:1";"Exp60_291_IS32234";"Exp60_291_IS32234";NA;"2023-09-30 19:01:00";-292737
"892207";"27:8:1";"Exp60_291_IS32234";"Exp60_291_IS32234";NA;"2023-09-30 19:17:00";-292737
"892208";"27:8:1";"Exp60_291_IS32234";"Exp60_291_IS32234";NA;"2023-09-30 19:31:00";-292737
"892209";"27:8:1";"Exp60_291_IS32234";"Exp60_291_IS32234";NA;"2023-09-30 19:47:00";-292737
"892210";"27:8:1";"Exp60_291_IS32234";"Exp60_291_IS32234";NA;"2023-09-30 20:01:00";-292737
"892211";"27:8:1";"Exp60_291_IS32234";"Exp60_291_IS32234";NA;"2023-09-30 20:17:00";-292737
"892212";"27:8:1";"Exp60_291_IS32234";"Exp60_291_IS32234";NA;"2023-09-30 20:31:00";-292737
"892213";"27:8:1";"Exp60_291_IS32234";"Exp60_291_IS32234";NA;"2023-09-30 20:47:00";-292737
"892214";"27:8:1";"Exp60_291_IS32234";"Exp60_291_IS32234";NA;"2023-09-30 21:01:00";-292737
"892215";"27:8:1";"Exp60_291_IS32234";"Exp60_291_IS32234";NA;"2023-09-30 21:32:00";-292737
"892216";"27:8:1";"Exp60_291_IS32234";"Exp60_291_IS32234";NA;"2023-09-30 21:46:00";-292737
"892217";"27:8:1";"Exp60_291_IS32234";"Exp60_291_IS32234";NA;"2023-09-30 22:02:00";-292737
"892218";"27:8:1";"Exp60_291_IS32234";"Exp60_291_IS32234";NA;"2023-09-30 22:16:00";-292737
"892219";"27:8:1";"Exp60_291_IS32234";"Exp60_291_IS32234";NA;"2023-09-30 22:32:00";-292737
"892220";"27:8:1";"Exp60_291_IS32234";"Exp60_291_IS32234";NA;"2023-09-30 22:46:00";-292737
"892221";"27:8:1";"Exp60_291_IS32234";"Exp60_291_IS32234";NA;"2023-09-30 23:02:00";-292737
"892222";"27:8:1";"Exp60_291_IS32234";"Exp60_291_IS32234";NA;"2023-09-30 23:16:00";-292737
"892223";"27:8:1";"Exp60_291_IS32234";"Exp60_291_IS32234";NA;"2023-09-30 23:32:00";-292737
"892224";"27:8:1";"Exp60_291_IS32234";"Exp60_291_IS32234";NA;"2023-09-30 23:46:00";-292737
"892225";"27:8:1";"Exp60_291_IS32234";"Exp60_291_IS32234";NA;"2023-10-01 00:02:00";-292737
"892226";"27:8:1";"Exp60_291_IS32234";"Exp60_291_IS32234";NA;"2023-10-01 00:16:00";-292737
"892227";"27:8:1";"Exp60_291_IS32234";"Exp60_291_IS32234";NA;"2023-10-01 00:32:00";-292737
"892228";"27:8:1";"Exp60_291_IS32234";"Exp60_291_IS32234";NA;"2023-10-01 01:16:00";-292737
"892229";"27:8:1";"Exp60_291_IS32234";"Exp60_291_IS32234";NA;"2023-10-01 01:32:00";-292737
"892230";"27:8:1";"Exp60_291_IS32234";"Exp60_291_IS32234";NA;"2023-10-01 01:46:00";-292737
"892231";"27:8:1";"Exp60_291_IS32234";"Exp60_291_IS32234";NA;"2023-10-01 02:02:00";-292737
"892232";"27:8:1";"Exp60_291_IS32234";"Exp60_291_IS32234";NA;"2023-10-01 02:16:00";-292737
"892233";"27:8:1";"Exp60_291_IS32234";"Exp60_291_IS32234";NA;"2023-10-01 02:32:00";-292737
"892234";"27:8:1";"Exp60_291_IS32234";"Exp60_291_IS32234";NA;"2023-10-01 02:46:00";-292737
"892235";"27:8:1";"Exp60_291_IS32234";"Exp60_291_IS32234";NA;"2023-10-01 09:31:00";-292737
"892236";"27:8:1";"Exp60_291_IS32234";"Exp60_291_IS32234";NA;"2023-10-01 09:47:00";-292737
"892237";"27:8:1";"Exp60_291_IS32234";"Exp60_291_IS32234";NA;"2023-10-01 10:01:00";-292737
"892238";"27:8:1";"Exp60_291_IS32234";"Exp60_291_IS32234";NA;"2023-10-01 10:17:00";-292737
"892239";"27:8:1";"Exp60_291_IS32234";"Exp60_291_IS32234";NA;"2023-10-01 10:31:00";-292737
"892240";"27:8:1";"Exp60_291_IS32234";"Exp60_291_IS32234";NA;"2023-10-01 10:47:00";-292737
"892241";"27:8:1";"Exp60_291_IS32234";"Exp60_291_IS32234";NA;"2023-10-01 11:01:00";-292737
"892242";"27:8:1";"Exp60_291_IS32234";"Exp60_291_IS32234";NA;"2023-10-01 17:46:00";-292737
"892243";"27:8:1";"Exp60_291_IS32234";"Exp60_291_IS32234";NA;"2023-10-01 18:02:00";-292737
"892244";"27:8:1";"Exp60_291_IS32234";"Exp60_291_IS32234";NA;"2023-10-01 18:16:00";-292737
"892245";"27:8:1";"Exp60_291_IS32234";"Exp60_291_IS32234";NA;"2023-10-01 18:32:00";-292737
"892246";"27:8:1";"Exp60_291_IS32234";"Exp60_291_IS32234";NA;"2023-10-01 18:46:00";-292737
"892247";"27:8:1";"Exp60_291_IS32234";"Exp60_291_IS32234";NA;"2023-10-01 19:02:00";-292737
"892248";"27:8:1";"Exp60_291_IS32234";"Exp60_291_IS32234";NA;"2023-10-01 19:16:00";-292737
"892249";"27:8:1";"Exp60_291_IS32234";"Exp60_291_IS32234";NA;"2023-10-01 19:32:00";-292737
"892250";"27:8:1";"Exp60_291_IS32234";"Exp60_291_IS32234";NA;"2023-10-01 19:46:00";-292737
"892251";"27:8:1";"Exp60_291_IS32234";"Exp60_291_IS32234";NA;"2023-10-01 20:02:00";-292737
"892252";"27:8:1";"Exp60_291_IS32234";"Exp60_291_IS32234";NA;"2023-10-01 20:16:00";-292737
"892253";"27:8:1";"Exp60_291_IS32234";"Exp60_291_IS32234";NA;"2023-10-01 20:32:00";-292737
"892254";"27:8:1";"Exp60_291_IS32234";"Exp60_291_IS32234";NA;"2023-10-01 20:46:00";-292737
"892255";"27:8:1";"Exp60_291_IS32234";"Exp60_291_IS32234";NA;"2023-10-01 21:02:00";-292737
"892256";"27:8:1";"Exp60_291_IS32234";"Exp60_291_IS32234";NA;"2023-10-01 21:16:00";-292737
"892257";"27:8:1";"Exp60_291_IS32234";"Exp60_291_IS32234";NA;"2023-10-01 21:32:00";-292737
"892258";"27:8:1";"Exp60_291_IS32234";"Exp60_291_IS32234";NA;"2023-10-01 21:46:00";-292737
"892259";"27:8:1";"Exp60_291_IS32234";"Exp60_291_IS32234";NA;"2023-10-01 22:02:00";-292737
"892260";"27:8:1";"Exp60_291_IS32234";"Exp60_291_IS32234";NA;"2023-10-01 22:16:00";-292737
"892261";"27:8:1";"Exp60_291_IS32234";"Exp60_291_IS32234";NA;"2023-10-01 22:32:00";-292737
"892262";"27:8:1";"Exp60_291_IS32234";"Exp60_291_IS32234";NA;"2023-10-01 22:46:00";-292737
"892263";"27:8:1";"Exp60_291_IS32234";"Exp60_291_IS32234";NA;"2023-10-01 23:17:00";-292737
"892264";"27:8:1";"Exp60_291_IS32234";"Exp60_291_IS32234";NA;"2023-10-01 23:31:00";-292737
"892265";"27:8:1";"Exp60_291_IS32234";"Exp60_291_IS32234";NA;"2023-10-02 07:01:00";-292737
"892266";"27:8:1";"Exp60_291_IS32234";"Exp60_291_IS32234";NA;"2023-10-02 07:17:00";-292737
"892267";"27:8:1";"Exp60_291_IS32234";"Exp60_291_IS32234";NA;"2023-10-02 07:31:00";-292737
"892268";"27:8:1";"Exp60_291_IS32234";"Exp60_291_IS32234";NA;"2023-10-02 07:47:00";-292737
"892269";"27:8:1";"Exp60_291_IS32234";"Exp60_291_IS32234";NA;"2023-10-02 08:01:00";-292737
"892270";"27:8:1";"Exp60_291_IS32234";"Exp60_291_IS32234";NA;"2023-10-02 08:17:00";-292737
"892271";"27:8:1";"Exp60_291_IS32234";"Exp60_291_IS32234";NA;"2023-10-02 08:31:00";-292737
"892272";"27:8:1";"Exp60_291_IS32234";"Exp60_291_IS32234";NA;"2023-10-02 08:47:00";-292737
"892273";"27:8:1";"Exp60_291_IS32234";"Exp60_291_IS32234";NA;"2023-10-02 09:01:00";-292737
"892274";"27:8:1";"Exp60_291_IS32234";"Exp60_291_IS32234";NA;"2023-10-02 09:17:00";-292737
"892275";"27:8:1";"Exp60_291_IS32234";"Exp60_291_IS32234";NA;"2023-10-02 09:31:00";-292737
"892276";"27:8:1";"Exp60_291_IS32234";"Exp60_291_IS32234";NA;"2023-10-02 09:47:00";-292737
"892277";"27:8:1";"Exp60_291_IS32234";"Exp60_291_IS32234";NA;"2023-10-02 10:01:00";-292737
"892278";"27:8:1";"Exp60_291_IS32234";"Exp60_291_IS32234";NA;"2023-10-02 10:32:00";-292737
"892279";"27:8:1";"Exp60_291_IS32234";"Exp60_291_IS32234";NA;"2023-10-02 10:46:00";-292737
"892280";"27:8:1";"Exp60_291_IS32234";"Exp60_291_IS32234";NA;"2023-10-02 11:17:00";-292737
"892281";"27:8:1";"Exp60_291_IS32234";"Exp60_291_IS32234";NA;"2023-10-02 11:31:00";-292737
"892282";"27:8:1";"Exp60_291_IS32234";"Exp60_291_IS32234";NA;"2023-10-02 11:47:00";-292737
"892283";"27:8:1";"Exp60_291_IS32234";"Exp60_291_IS32234";NA;"2023-10-02 12:01:00";-292737
"892284";"27:8:1";"Exp60_291_IS32234";"Exp60_291_IS32234";NA;"2023-10-02 12:17:00";-292737
"892285";"27:8:1";"Exp60_291_IS32234";"Exp60_291_IS32234";NA;"2023-10-02 12:31:00";-292737
"892286";"27:8:1";"Exp60_291_IS32234";"Exp60_291_IS32234";NA;"2023-10-02 12:47:00";-292737
"892287";"27:8:1";"Exp60_291_IS32234";"Exp60_291_IS32234";NA;"2023-10-02 13:01:00";-292737
"892288";"27:8:1";"Exp60_291_IS32234";"Exp60_291_IS32234";NA;"2023-10-02 13:17:00";-292737
"892289";"27:8:1";"Exp60_291_IS32234";"Exp60_291_IS32234";NA;"2023-10-02 13:31:00";-292737
"892290";"27:8:1";"Exp60_291_IS32234";"Exp60_291_IS32234";NA;"2023-10-02 13:47:00";-292737
"892291";"27:8:1";"Exp60_291_IS32234";"Exp60_291_IS32234";NA;"2023-10-02 14:01:00";-292737
"892292";"27:8:1";"Exp60_291_IS32234";"Exp60_291_IS32234";NA;"2023-10-02 14:17:00";-292737
"892293";"27:8:1";"Exp60_291_IS32234";"Exp60_291_IS32234";NA;"2023-10-02 14:31:00";-292737
"892294";"27:8:1";"Exp60_291_IS32234";"Exp60_291_IS32234";NA;"2023-10-02 14:47:00";-292737
"892295";"27:8:1";"Exp60_291_IS32234";"Exp60_291_IS32234";NA;"2023-10-02 15:01:00";-292737
"892296";"27:8:1";"Exp60_291_IS32234";"Exp60_291_IS32234";NA;"2023-10-02 15:32:00";-292737
"892297";"27:8:1";"Exp60_291_IS32234";"Exp60_291_IS32234";NA;"2023-10-02 15:46:00";-292737
"892298";"27:8:1";"Exp60_291_IS32234";"Exp60_291_IS32234";NA;"2023-10-02 16:02:00";-292737
"892299";"27:8:1";"Exp60_291_IS32234";"Exp60_291_IS32234";NA;"2023-10-02 16:16:00";-292737
"892300";"27:8:1";"Exp60_291_IS32234";"Exp60_291_IS32234";NA;"2023-10-02 23:01:00";-292737
"892301";"27:8:1";"Exp60_291_IS32234";"Exp60_291_IS32234";NA;"2023-10-02 23:17:00";-292737
"892302";"27:8:1";"Exp60_291_IS32234";"Exp60_291_IS32234";NA;"2023-10-02 23:31:00";-292737
"892303";"27:8:1";"Exp60_291_IS32234";"Exp60_291_IS32234";NA;"2023-10-02 23:47:00";-292737
"892304";"27:8:1";"Exp60_291_IS32234";"Exp60_291_IS32234";NA;"2023-10-03 00:01:00";-292737
"892305";"27:8:1";"Exp60_291_IS32234";"Exp60_291_IS32234";NA;"2023-10-03 00:17:00";-292737
"892306";"27:8:1";"Exp60_291_IS32234";"Exp60_291_IS32234";NA;"2023-10-03 00:31:00";-292737
"892307";"27:8:1";"Exp60_291_IS32234";"Exp60_291_IS32234";NA;"2023-10-03 00:47:00";-292737
"892308";"27:8:1";"Exp60_291_IS32234";"Exp60_291_IS32234";NA;"2023-10-03 01:01:00";-292737
"892309";"27:8:1";"Exp60_291_IS32234";"Exp60_291_IS32234";NA;"2023-10-03 01:17:00";-292737
"892310";"27:8:1";"Exp60_291_IS32234";"Exp60_291_IS32234";NA;"2023-10-03 01:31:00";-292737
"892311";"27:8:1";"Exp60_291_IS32234";"Exp60_291_IS32234";NA;"2023-10-03 01:47:00";-292737
"892312";"27:8:1";"Exp60_291_IS32234";"Exp60_291_IS32234";NA;"2023-10-03 02:01:00";-292737
"892313";"27:8:1";"Exp60_291_IS32234";"Exp60_291_IS32234";NA;"2023-10-03 02:17:00";-292737
"892314";"27:8:1";"Exp60_291_IS32234";"Exp60_291_IS32234";NA;"2023-10-03 02:31:00";-292737
"892315";"27:8:1";"Exp60_291_IS32234";"Exp60_291_IS32234";NA;"2023-10-03 03:47:00";-292737
"892316";"27:8:1";"Exp60_291_IS32234";"Exp60_291_IS32234";NA;"2023-10-03 04:01:00";-292737
"892317";"27:8:1";"Exp60_291_IS32234";"Exp60_291_IS32234";NA;"2023-10-03 04:17:00";-292737
"892318";"27:8:1";"Exp60_291_IS32234";"Exp60_291_IS32234";NA;"2023-10-03 04:31:00";-292737
"892319";"27:8:1";"Exp60_291_IS32234";"Exp60_291_IS32234";NA;"2023-10-03 04:47:00";-292737
"892320";"27:8:1";"Exp60_291_IS32234";"Exp60_291_IS32234";NA;"2023-10-03 05:01:00";-292737
"892321";"27:8:1";"Exp60_291_IS32234";"Exp60_291_IS32234";NA;"2023-10-03 05:17:00";-292737
"892322";"27:8:1";"Exp60_291_IS32234";"Exp60_291_IS32234";NA;"2023-10-03 06:01:00";-292737
"892323";"27:8:1";"Exp60_291_IS32234";"Exp60_291_IS32234";NA;"2023-10-03 06:17:00";-292737
"892324";"27:8:1";"Exp60_291_IS32234";"Exp60_291_IS32234";NA;"2023-10-03 06:31:00";-292737
"892325";"27:8:1";"Exp60_291_IS32234";"Exp60_291_IS32234";NA;"2023-10-03 06:47:00";-292737
"892326";"27:8:1";"Exp60_291_IS32234";"Exp60_291_IS32234";NA;"2023-10-03 07:01:00";-292737
"892327";"27:8:1";"Exp60_291_IS32234";"Exp60_291_IS32234";NA;"2023-10-03 07:17:00";-292737
"892328";"27:8:1";"Exp60_291_IS32234";"Exp60_291_IS32234";NA;"2023-10-03 07:31:00";-292737
"892329";"27:8:1";"Exp60_291_IS32234";"Exp60_291_IS32234";NA;"2023-10-03 08:02:00";-292737
"892330";"27:8:1";"Exp60_291_IS32234";"Exp60_291_IS32234";NA;"2023-10-03 08:16:00";-292737
"892331";"27:8:1";"Exp60_291_IS32234";"Exp60_291_IS32234";NA;"2023-10-03 08:32:00";-292737
"892332";"27:8:1";"Exp60_291_IS32234";"Exp60_291_IS32234";NA;"2023-10-03 08:46:00";-292737
"892333";"27:8:1";"Exp60_291_IS32234";"Exp60_291_IS32234";NA;"2023-10-03 15:16:00";-292737
"892334";"27:8:1";"Exp60_291_IS32234";"Exp60_291_IS32234";NA;"2023-10-03 21:16:00";-292737
"892335";"27:8:1";"Exp60_291_IS32234";"Exp60_291_IS32234";NA;"2023-10-03 22:02:00";-292737
"892336";"27:8:1";"Exp60_291_IS32234";"Exp60_291_IS32234";NA;"2023-10-03 22:16:00";-292737
"892337";"27:8:1";"Exp60_291_IS32234";"Exp60_291_IS32234";NA;"2023-10-03 22:32:00";-292737
"892338";"27:8:1";"Exp60_291_IS32234";"Exp60_291_IS32234";NA;"2023-10-03 22:46:00";-292737
"892339";"27:8:1";"Exp60_291_IS32234";"Exp60_291_IS32234";NA;"2023-10-03 23:17:00";-292737
"892340";"27:8:1";"Exp60_291_IS32234";"Exp60_291_IS32234";NA;"2023-10-03 23:31:00";-292737
"892341";"27:8:1";"Exp60_291_IS32234";"Exp60_291_IS32234";NA;"2023-10-03 23:47:00";-292737
"892342";"27:8:1";"Exp60_291_IS32234";"Exp60_291_IS32234";NA;"2023-10-04 00:16:00";-292737
"892343";"27:8:1";"Exp60_291_IS32234";"Exp60_291_IS32234";NA;"2023-10-04 00:32:00";-292737
"892344";"27:8:1";"Exp60_291_IS32234";"Exp60_291_IS32234";NA;"2023-10-04 00:46:00";-292737
"892345";"27:8:1";"Exp60_291_IS32234";"Exp60_291_IS32234";NA;"2023-10-04 01:02:00";-292737
"892346";"27:8:1";"Exp60_291_IS32234";"Exp60_291_IS32234";NA;"2023-10-04 01:16:00";-292737
"892347";"27:8:1";"Exp60_291_IS32234";"Exp60_291_IS32234";NA;"2023-10-04 01:32:00";-292737
"892348";"27:8:1";"Exp60_291_IS32234";"Exp60_291_IS32234";NA;"2023-10-04 01:46:00";-292737
"892349";"27:8:1";"Exp60_291_IS32234";"Exp60_291_IS32234";NA;"2023-10-04 02:02:00";-292737
"892350";"27:8:1";"Exp60_291_IS32234";"Exp60_291_IS32234";NA;"2023-10-04 02:16:00";-292737
"892351";"27:8:1";"Exp60_291_IS32234";"Exp60_291_IS32234";NA;"2023-10-04 02:32:00";-292737
"892352";"27:8:1";"Exp60_291_IS32234";"Exp60_291_IS32234";NA;"2023-10-04 02:46:00";-292737
"892353";"27:8:1";"Exp60_291_IS32234";"Exp60_291_IS32234";NA;"2023-10-04 03:17:00";-292737
"892354";"27:8:1";"Exp60_291_IS32234";"Exp60_291_IS32234";NA;"2023-10-04 03:31:00";-292737
"892355";"27:8:1";"Exp60_291_IS32234";"Exp60_291_IS32234";NA;"2023-10-04 03:47:00";-292737
"892356";"27:8:1";"Exp60_291_IS32234";"Exp60_291_IS32234";NA;"2023-10-04 04:01:00";-292737
"892357";"27:8:1";"Exp60_291_IS32234";"Exp60_291_IS32234";NA;"2023-10-04 04:32:00";-292737
"892358";"27:8:1";"Exp60_291_IS32234";"Exp60_291_IS32234";NA;"2023-10-04 04:46:00";-292737
"892359";"27:8:1";"Exp60_291_IS32234";"Exp60_291_IS32234";NA;"2023-10-04 05:02:00";-292737
"892360";"27:8:1";"Exp60_291_IS32234";"Exp60_291_IS32234";NA;"2023-10-04 05:16:00";-292737
"892361";"27:8:1";"Exp60_291_IS32234";"Exp60_291_IS32234";NA;"2023-10-04 05:32:00";-292737
"892362";"27:8:1";"Exp60_291_IS32234";"Exp60_291_IS32234";NA;"2023-10-04 05:46:00";-292737
"892363";"27:8:1";"Exp60_291_IS32234";"Exp60_291_IS32234";NA;"2023-10-04 06:32:00";-292737
"892364";"27:8:1";"Exp60_291_IS32234";"Exp60_291_IS32234";NA;"2023-10-04 06:46:00";-292737
"892365";"27:8:1";"Exp60_291_IS32234";"Exp60_291_IS32234";NA;"2023-10-04 07:17:00";-292737
"892366";"27:8:1";"Exp60_291_IS32234";"Exp60_291_IS32234";NA;"2023-10-04 07:31:00";-292737
"892367";"27:8:1";"Exp60_291_IS32234";"Exp60_291_IS32234";NA;"2023-10-04 07:47:00";-292737
"892368";"27:8:1";"Exp60_291_IS32234";"Exp60_291_IS32234";NA;"2023-10-04 08:01:00";-292737
"892369";"27:8:1";"Exp60_291_IS32234";"Exp60_291_IS32234";NA;"2023-10-04 08:17:00";-292737
"892370";"27:8:1";"Exp60_291_IS32234";"Exp60_291_IS32234";NA;"2023-10-04 08:31:00";-292737
"892371";"27:8:1";"Exp60_291_IS32234";"Exp60_291_IS32234";NA;"2023-10-04 08:47:00";-292737
"892372";"27:8:1";"Exp60_291_IS32234";"Exp60_291_IS32234";NA;"2023-10-04 09:01:00";-292737
"892373";"27:8:1";"Exp60_291_IS32234";"Exp60_291_IS32234";NA;"2023-10-04 09:17:00";-292737
"892374";"27:8:1";"Exp60_291_IS32234";"Exp60_291_IS32234";NA;"2023-10-04 09:31:00";-292737
"892375";"27:8:1";"Exp60_291_IS32234";"Exp60_291_IS32234";NA;"2023-10-04 09:47:00";-292737
"892376";"27:8:1";"Exp60_291_IS32234";"Exp60_291_IS32234";NA;"2023-10-04 10:01:00";-292737
"892377";"27:8:1";"Exp60_291_IS32234";"Exp60_291_IS32234";NA;"2023-10-04 10:17:00";-292737
"892378";"27:8:1";"Exp60_291_IS32234";"Exp60_291_IS32234";NA;"2023-10-04 10:31:00";-292737
"892379";"27:8:1";"Exp60_291_IS32234";"Exp60_291_IS32234";NA;"2023-10-04 10:47:00";-292737
"892380";"27:8:1";"Exp60_291_IS32234";"Exp60_291_IS32234";NA;"2023-10-04 11:01:00";-292737
"892381";"27:8:1";"Exp60_291_IS32234";"Exp60_291_IS32234";NA;"2023-10-04 11:17:00";-292737
"892382";"27:8:1";"Exp60_291_IS32234";"Exp60_291_IS32234";NA;"2023-10-04 11:31:00";-292737
"892383";"27:8:1";"Exp60_291_IS32234";"Exp60_291_IS32234";NA;"2023-10-04 11:47:00";-292737
"892384";"27:8:1";"Exp60_291_IS32234";"Exp60_291_IS32234";NA;"2023-10-04 12:01:00";-292737
"892385";"27:8:1";"Exp60_291_IS32234";"Exp60_291_IS32234";NA;"2023-10-04 12:32:00";-292737
"892386";"27:8:1";"Exp60_291_IS32234";"Exp60_291_IS32234";NA;"2023-10-04 12:46:00";-292737
"892387";"27:8:1";"Exp60_291_IS32234";"Exp60_291_IS32234";NA;"2023-10-04 13:02:00";-292737
"892388";"27:8:1";"Exp60_291_IS32234";"Exp60_291_IS32234";NA;"2023-10-04 13:16:00";-292737
"892389";"27:8:1";"Exp60_291_IS32234";"Exp60_291_IS32234";NA;"2023-10-04 13:32:00";-292737
"892390";"27:8:1";"Exp60_291_IS32234";"Exp60_291_IS32234";NA;"2023-10-04 13:46:00";-292737
"892391";"27:8:1";"Exp60_291_IS32234";"Exp60_291_IS32234";NA;"2023-10-04 21:01:00";-292737
"892392";"27:8:1";"Exp60_291_IS32234";"Exp60_291_IS32234";NA;"2023-10-05 03:31:00";-292737
"892393";"27:8:1";"Exp60_291_IS32234";"Exp60_291_IS32234";NA;"2023-10-05 03:47:00";-292737
"892394";"27:8:1";"Exp60_291_IS32234";"Exp60_291_IS32234";NA;"2023-10-05 04:01:00";-292737
"892395";"27:8:1";"Exp60_291_IS32234";"Exp60_291_IS32234";NA;"2023-10-05 04:17:00";-292737
"892396";"27:8:1";"Exp60_291_IS32234";"Exp60_291_IS32234";NA;"2023-10-05 04:31:00";-292737
"892397";"27:8:1";"Exp60_291_IS32234";"Exp60_291_IS32234";NA;"2023-10-05 04:47:00";-292737
"892398";"27:8:1";"Exp60_291_IS32234";"Exp60_291_IS32234";NA;"2023-10-05 05:01:00";-292737
"892399";"27:8:1";"Exp60_291_IS32234";"Exp60_291_IS32234";NA;"2023-10-05 05:17:00";-292737
"892400";"27:8:1";"Exp60_291_IS32234";"Exp60_291_IS32234";NA;"2023-10-05 05:31:00";-292737
"892401";"27:8:1";"Exp60_291_IS32234";"Exp60_291_IS32234";NA;"2023-10-05 05:47:00";-292737
"892402";"27:8:1";"Exp60_291_IS32234";"Exp60_291_IS32234";NA;"2023-10-05 06:01:00";-292737
"892403";"27:8:1";"Exp60_291_IS32234";"Exp60_291_IS32234";NA;"2023-10-05 06:17:00";-292737
"892404";"27:8:1";"Exp60_291_IS32234";"Exp60_291_IS32234";NA;"2023-10-05 06:31:00";-292737
"892405";"27:8:1";"Exp60_291_IS32234";"Exp60_291_IS32234";NA;"2023-10-05 06:47:00";-292737
"892406";"27:8:1";"Exp60_291_IS32234";"Exp60_291_IS32234";NA;"2023-10-05 07:01:00";-292737
"892407";"27:8:1";"Exp60_291_IS32234";"Exp60_291_IS32234";NA;"2023-10-05 07:17:00";-292737
"892408";"27:8:1";"Exp60_291_IS32234";"Exp60_291_IS32234";NA;"2023-10-05 07:31:00";-292737
"892409";"27:8:1";"Exp60_291_IS32234";"Exp60_291_IS32234";NA;"2023-10-05 07:47:00";-292737
"892410";"27:8:1";"Exp60_291_IS32234";"Exp60_291_IS32234";NA;"2023-10-05 08:01:00";-292737
"892411";"27:8:1";"Exp60_291_IS32234";"Exp60_291_IS32234";NA;"2023-10-05 08:17:00";-292737
"892412";"27:8:1";"Exp60_291_IS32234";"Exp60_291_IS32234";NA;"2023-10-05 08:31:00";-292737
"892413";"27:8:1";"Exp60_291_IS32234";"Exp60_291_IS32234";NA;"2023-10-05 08:47:00";-292737
"892414";"27:8:1";"Exp60_291_IS32234";"Exp60_291_IS32234";NA;"2023-10-05 09:01:00";-292737
"892415";"27:8:1";"Exp60_291_IS32234";"Exp60_291_IS32234";NA;"2023-10-05 09:17:00";-292737
"892416";"27:8:1";"Exp60_291_IS32234";"Exp60_291_IS32234";NA;"2023-10-05 09:31:00";-292737
"892417";"27:8:1";"Exp60_291_IS32234";"Exp60_291_IS32234";NA;"2023-10-05 09:47:00";-292737
"892418";"27:8:1";"Exp60_291_IS32234";"Exp60_291_IS32234";NA;"2023-10-05 10:01:00";-292737
"892419";"27:8:1";"Exp60_291_IS32234";"Exp60_291_IS32234";NA;"2023-10-05 10:17:00";-292737
"892420";"27:8:1";"Exp60_291_IS32234";"Exp60_291_IS32234";NA;"2023-10-05 10:31:00";-292737
"892421";"27:8:1";"Exp60_291_IS32234";"Exp60_291_IS32234";NA;"2023-10-05 10:47:00";-292737
"892422";"27:8:1";"Exp60_291_IS32234";"Exp60_291_IS32234";NA;"2023-10-05 11:01:00";-292737
"892423";"27:8:1";"Exp60_291_IS32234";"Exp60_291_IS32234";NA;"2023-10-05 11:17:00";-292737
"892424";"27:8:1";"Exp60_291_IS32234";"Exp60_291_IS32234";NA;"2023-10-05 11:31:00";-292737
"892425";"27:8:1";"Exp60_291_IS32234";"Exp60_291_IS32234";NA;"2023-10-05 11:47:00";-292737
"892426";"27:8:1";"Exp60_291_IS32234";"Exp60_291_IS32234";NA;"2023-10-05 12:01:00";-292737
"892427";"27:8:1";"Exp60_291_IS32234";"Exp60_291_IS32234";NA;"2023-10-05 18:01:00";-292737
"892428";"27:8:1";"Exp60_291_IS32234";"Exp60_291_IS32234";NA;"2023-10-05 18:17:00";-292737
"892429";"27:8:1";"Exp60_291_IS32234";"Exp60_291_IS32234";NA;"2023-10-05 18:31:00";-292737
"892430";"27:8:1";"Exp60_291_IS32234";"Exp60_291_IS32234";NA;"2023-10-06 00:31:00";-292737
"892431";"27:8:1";"Exp60_291_IS32234";"Exp60_291_IS32234";NA;"2023-10-06 00:47:00";-292737
"892432";"27:8:1";"Exp60_291_IS32234";"Exp60_291_IS32234";NA;"2023-10-06 01:01:00";-292737
"892433";"27:8:1";"Exp60_291_IS32234";"Exp60_291_IS32234";NA;"2023-10-06 01:17:00";-292737
"892434";"27:8:1";"Exp60_291_IS32234";"Exp60_291_IS32234";NA;"2023-10-06 01:31:00";-292737
"892435";"27:8:1";"Exp60_291_IS32234";"Exp60_291_IS32234";NA;"2023-10-06 01:47:00";-292737
"892436";"27:8:1";"Exp60_291_IS32234";"Exp60_291_IS32234";NA;"2023-10-06 02:01:00";-292737
"892437";"27:8:1";"Exp60_291_IS32234";"Exp60_291_IS32234";NA;"2023-10-06 02:17:00";-292737
"892438";"27:8:1";"Exp60_291_IS32234";"Exp60_291_IS32234";NA;"2023-10-06 02:31:00";-292737
"892439";"27:8:1";"Exp60_291_IS32234";"Exp60_291_IS32234";NA;"2023-10-06 02:47:00";-292737
"892440";"27:8:1";"Exp60_291_IS32234";"Exp60_291_IS32234";NA;"2023-10-06 03:16:00";-292737
"892441";"27:8:1";"Exp60_291_IS32234";"Exp60_291_IS32234";NA;"2023-10-06 03:32:00";-292737
"892442";"27:8:1";"Exp60_291_IS32234";"Exp60_291_IS32234";NA;"2023-10-06 03:46:00";-292737
"892443";"27:8:1";"Exp60_291_IS32234";"Exp60_291_IS32234";NA;"2023-10-06 10:46:00";-292737
"892444";"27:8:1";"Exp60_291_IS32234";"Exp60_291_IS32234";NA;"2023-10-06 11:02:00";-292737
"892445";"27:8:1";"Exp60_291_IS32234";"Exp60_291_IS32234";NA;"2023-10-06 11:16:00";-292737
"892446";"27:8:1";"Exp60_291_IS32234";"Exp60_291_IS32234";NA;"2023-10-06 11:47:00";-292737
"892447";"27:8:1";"Exp60_291_IS32234";"Exp60_291_IS32234";NA;"2023-10-06 12:01:00";-292737
"892448";"27:8:1";"Exp60_291_IS32234";"Exp60_291_IS32234";NA;"2023-10-06 20:01:00";-292737
"892449";"27:8:1";"Exp60_291_IS32234";"Exp60_291_IS32234";NA;"2023-10-06 20:17:00";-292737
"892450";"27:8:1";"Exp60_291_IS32234";"Exp60_291_IS32234";NA;"2023-10-06 20:31:00";-292737
"892451";"27:8:1";"Exp60_291_IS32234";"Exp60_291_IS32234";NA;"2023-10-07 03:01:00";-292737
"892452";"27:8:1";"Exp60_291_IS32234";"Exp60_291_IS32234";NA;"2023-10-07 03:17:00";-292737
"892453";"27:8:1";"Exp60_291_IS32234";"Exp60_291_IS32234";NA;"2023-10-07 03:31:00";-292737
"892454";"27:8:1";"Exp60_291_IS32234";"Exp60_291_IS32234";NA;"2023-10-07 03:47:00";-292737
"892455";"27:8:1";"Exp60_291_IS32234";"Exp60_291_IS32234";NA;"2023-10-07 04:01:00";-292737
"892456";"27:8:1";"Exp60_291_IS32234";"Exp60_291_IS32234";NA;"2023-10-07 11:01:00";-292737
"892457";"27:8:1";"Exp60_291_IS32234";"Exp60_291_IS32234";NA;"2023-10-07 11:17:00";-292737
"892458";"27:8:1";"Exp60_291_IS32234";"Exp60_291_IS32234";NA;"2023-10-07 11:31:00";-292737
"892459";"27:8:1";"Exp60_291_IS32234";"Exp60_291_IS32234";NA;"2023-10-07 11:47:00";-292737
"892460";"27:8:1";"Exp60_291_IS32234";"Exp60_291_IS32234";NA;"2023-10-07 12:01:00";-292737
"892461";"27:8:1";"Exp60_291_IS32234";"Exp60_291_IS32234";NA;"2023-10-07 12:47:00";-292737
"892462";"27:8:1";"Exp60_291_IS32234";"Exp60_291_IS32234";NA;"2023-10-07 13:01:00";-292737
"892463";"27:8:1";"Exp60_291_IS32234";"Exp60_291_IS32234";NA;"2023-10-07 13:17:00";-292737
"892464";"27:8:1";"Exp60_291_IS32234";"Exp60_291_IS32234";NA;"2023-10-07 13:31:00";-292737
"892465";"27:8:1";"Exp60_291_IS32234";"Exp60_291_IS32234";NA;"2023-10-07 13:47:00";-292737
"892466";"27:8:1";"Exp60_291_IS32234";"Exp60_291_IS32234";NA;"2023-10-07 14:01:00";-292737
"892467";"27:8:1";"Exp60_291_IS32234";"Exp60_291_IS32234";NA;"2023-10-07 14:17:00";-292737
"892468";"27:8:1";"Exp60_291_IS32234";"Exp60_291_IS32234";NA;"2023-10-07 14:31:00";-292737
"892469";"27:8:1";"Exp60_291_IS32234";"Exp60_291_IS32234";NA;"2023-10-07 20:46:00";-292737
"892470";"27:8:1";"Exp60_291_IS32234";"Exp60_291_IS32234";NA;"2023-10-07 21:02:00";-292737
"892471";"27:8:1";"Exp60_291_IS32234";"Exp60_291_IS32234";NA;"2023-10-07 21:16:00";-292737
"892472";"27:8:1";"Exp60_291_IS32234";"Exp60_291_IS32234";NA;"2023-10-07 21:32:00";-292737
"892473";"27:8:1";"Exp60_291_IS32234";"Exp60_291_IS32234";NA;"2023-10-07 21:46:00";-292737
"892474";"27:8:1";"Exp60_291_IS32234";"Exp60_291_IS32234";NA;"2023-10-07 22:02:00";-292737
"892475";"27:8:1";"Exp60_291_IS32234";"Exp60_291_IS32234";NA;"2023-10-07 22:16:00";-292737
"892476";"27:8:1";"Exp60_291_IS32234";"Exp60_291_IS32234";NA;"2023-10-07 22:32:00";-292737
"892477";"27:8:1";"Exp60_291_IS32234";"Exp60_291_IS32234";NA;"2023-10-07 22:46:00";-292737
"892478";"27:8:1";"Exp60_291_IS32234";"Exp60_291_IS32234";NA;"2023-10-07 23:02:00";-292737
"892479";"27:8:1";"Exp60_291_IS32234";"Exp60_291_IS32234";NA;"2023-10-07 23:16:00";-292737
"892480";"27:8:1";"Exp60_291_IS32234";"Exp60_291_IS32234";NA;"2023-10-07 23:32:00";-292737
"892481";"27:8:1";"Exp60_291_IS32234";"Exp60_291_IS32234";NA;"2023-10-07 23:46:00";-292737
"892482";"27:8:1";"Exp60_291_IS32234";"Exp60_291_IS32234";NA;"2023-10-08 00:02:00";-292737
"892483";"27:8:1";"Exp60_291_IS32234";"Exp60_291_IS32234";NA;"2023-10-08 00:16:00";-292737
"892484";"27:8:1";"Exp60_291_IS32234";"Exp60_291_IS32234";NA;"2023-10-08 00:32:00";-292737
"892485";"27:8:1";"Exp60_291_IS32234";"Exp60_291_IS32234";NA;"2023-10-08 00:46:00";-292737
"892486";"27:8:1";"Exp60_291_IS32234";"Exp60_291_IS32234";NA;"2023-10-08 01:02:00";-292737
"892487";"27:8:1";"Exp60_291_IS32234";"Exp60_291_IS32234";NA;"2023-10-08 01:16:00";-292737
"892488";"27:8:1";"Exp60_291_IS32234";"Exp60_291_IS32234";NA;"2023-10-08 01:32:00";-292737
"892489";"27:8:1";"Exp60_291_IS32234";"Exp60_291_IS32234";NA;"2023-10-08 01:46:00";-292737
"892490";"27:8:1";"Exp60_291_IS32234";"Exp60_291_IS32234";NA;"2023-10-08 02:02:00";-292737
"892491";"27:8:1";"Exp60_291_IS32234";"Exp60_291_IS32234";NA;"2023-10-08 02:16:00";-292737
"892492";"27:8:1";"Exp60_291_IS32234";"Exp60_291_IS32234";NA;"2023-10-08 02:32:00";-292737
"892493";"27:8:1";"Exp60_291_IS32234";"Exp60_291_IS32234";NA;"2023-10-08 02:46:00";-292737
"892494";"27:8:1";"Exp60_291_IS32234";"Exp60_291_IS32234";NA;"2023-10-08 03:02:00";-292737
"892495";"27:8:1";"Exp60_291_IS32234";"Exp60_291_IS32234";NA;"2023-10-08 03:16:00";-292737
"892496";"27:8:1";"Exp60_291_IS32234";"Exp60_291_IS32234";NA;"2023-10-08 03:32:00";-292737
"892497";"27:8:1";"Exp60_291_IS32234";"Exp60_291_IS32234";NA;"2023-10-08 03:46:00";-292737
"892498";"27:8:1";"Exp60_291_IS32234";"Exp60_291_IS32234";NA;"2023-10-08 04:02:00";-292737
"892499";"27:8:1";"Exp60_291_IS32234";"Exp60_291_IS32234";NA;"2023-10-08 04:16:00";-292737
"892500";"27:8:1";"Exp60_291_IS32234";"Exp60_291_IS32234";NA;"2023-10-08 04:32:00";-292737
"892501";"27:8:1";"Exp60_291_IS32234";"Exp60_291_IS32234";NA;"2023-10-08 04:46:00";-292737
"892502";"27:8:1";"Exp60_291_IS32234";"Exp60_291_IS32234";NA;"2023-10-08 05:02:00";-292737
"892503";"27:8:1";"Exp60_291_IS32234";"Exp60_291_IS32234";NA;"2023-10-08 05:16:00";-292737
"892504";"27:8:1";"Exp60_291_IS32234";"Exp60_291_IS32234";NA;"2023-10-08 05:32:00";-292737
"892505";"27:8:1";"Exp60_291_IS32234";"Exp60_291_IS32234";NA;"2023-10-08 05:46:00";-292737
"892506";"27:8:1";"Exp60_291_IS32234";"Exp60_291_IS32234";NA;"2023-10-08 06:02:00";-292737
"892507";"27:8:1";"Exp60_291_IS32234";"Exp60_291_IS32234";NA;"2023-10-08 06:16:00";-292737
"892508";"27:8:1";"Exp60_291_IS32234";"Exp60_291_IS32234";NA;"2023-10-08 06:32:00";-292737
"892509";"27:8:1";"Exp60_291_IS32234";"Exp60_291_IS32234";NA;"2023-10-08 06:46:00";-292737
"892510";"27:8:1";"Exp60_291_IS32234";"Exp60_291_IS32234";NA;"2023-10-08 07:02:00";-292737
"892511";"27:8:1";"Exp60_291_IS32234";"Exp60_291_IS32234";NA;"2023-10-08 07:16:00";-292737
"892512";"27:8:1";"Exp60_291_IS32234";"Exp60_291_IS32234";NA;"2023-10-08 07:32:00";-292737
"892513";"27:8:1";"Exp60_291_IS32234";"Exp60_291_IS32234";NA;"2023-10-08 07:46:00";-292737
"892514";"27:8:1";"Exp60_291_IS32234";"Exp60_291_IS32234";NA;"2023-10-08 08:02:00";-292737
"892515";"27:8:1";"Exp60_291_IS32234";"Exp60_291_IS32234";NA;"2023-10-08 08:16:00";-292737
"892516";"27:8:1";"Exp60_291_IS32234";"Exp60_291_IS32234";NA;"2023-10-08 08:32:00";-292737
"892517";"27:8:1";"Exp60_291_IS32234";"Exp60_291_IS32234";NA;"2023-10-08 08:46:00";-292737
"892518";"27:8:1";"Exp60_291_IS32234";"Exp60_291_IS32234";NA;"2023-10-08 09:02:00";-292737
"892519";"27:8:1";"Exp60_291_IS32234";"Exp60_291_IS32234";NA;"2023-10-08 09:16:00";-292737
"892520";"27:8:1";"Exp60_291_IS32234";"Exp60_291_IS32234";NA;"2023-10-08 09:32:00";-292737
"892521";"27:8:1";"Exp60_291_IS32234";"Exp60_291_IS32234";NA;"2023-10-08 09:46:00";-292737
"892522";"27:8:1";"Exp60_291_IS32234";"Exp60_291_IS32234";NA;"2023-10-08 10:32:00";-292737
"892523";"27:8:1";"Exp60_291_IS32234";"Exp60_291_IS32234";NA;"2023-10-08 10:46:00";-292737
"892524";"27:8:1";"Exp60_291_IS32234";"Exp60_291_IS32234";NA;"2023-10-08 11:17:00";-292737
"892525";"27:8:1";"Exp60_291_IS32234";"Exp60_291_IS32234";NA;"2023-10-08 11:31:00";-292737
"892526";"27:8:1";"Exp60_291_IS32234";"Exp60_291_IS32234";NA;"2023-10-08 12:02:00";-292737
"892527";"27:8:1";"Exp60_291_IS32234";"Exp60_291_IS32234";NA;"2023-10-08 12:16:00";-292737
"892528";"27:8:1";"Exp60_291_IS32234";"Exp60_291_IS32234";NA;"2023-10-08 12:32:00";-292737
"892529";"27:8:1";"Exp60_291_IS32234";"Exp60_291_IS32234";NA;"2023-10-08 12:46:00";-292737
"892530";"27:8:1";"Exp60_291_IS32234";"Exp60_291_IS32234";NA;"2023-10-08 13:02:00";-292737
"892531";"27:8:1";"Exp60_291_IS32234";"Exp60_291_IS32234";NA;"2023-10-08 13:16:00";-292737
"892532";"27:8:1";"Exp60_291_IS32234";"Exp60_291_IS32234";NA;"2023-10-08 13:47:00";-292737
"892533";"27:8:1";"Exp60_291_IS32234";"Exp60_291_IS32234";NA;"2023-10-08 14:01:00";-292737
"892534";"27:8:1";"Exp60_291_IS32234";"Exp60_291_IS32234";NA;"2023-10-08 14:17:00";-292737
"892535";"27:8:1";"Exp60_291_IS32234";"Exp60_291_IS32234";NA;"2023-10-08 14:31:00";-292737
"892536";"27:8:1";"Exp60_291_IS32234";"Exp60_291_IS32234";NA;"2023-10-08 14:47:00";-292737
"892537";"27:8:1";"Exp60_291_IS32234";"Exp60_291_IS32234";NA;"2023-10-08 15:01:00";-292737
"892538";"27:8:1";"Exp60_291_IS32234";"Exp60_291_IS32234";NA;"2023-10-08 22:46:00";-292737
"892539";"27:8:1";"Exp60_291_IS32234";"Exp60_291_IS32234";NA;"2023-10-08 23:02:00";-292737
"892540";"27:8:1";"Exp60_291_IS32234";"Exp60_291_IS32234";NA;"2023-10-08 23:16:00";-292737
"892541";"27:8:1";"Exp60_291_IS32234";"Exp60_291_IS32234";NA;"2023-10-08 23:32:00";-292737
"892542";"27:8:1";"Exp60_291_IS32234";"Exp60_291_IS32234";NA;"2023-10-08 23:46:00";-292737
"892543";"27:8:1";"Exp60_291_IS32234";"Exp60_291_IS32234";NA;"2023-10-09 00:02:00";-292737
"892544";"27:8:1";"Exp60_291_IS32234";"Exp60_291_IS32234";NA;"2023-10-09 00:16:00";-292737
"892545";"27:8:1";"Exp60_291_IS32234";"Exp60_291_IS32234";NA;"2023-10-09 00:32:00";-292737
"892546";"27:8:1";"Exp60_291_IS32234";"Exp60_291_IS32234";NA;"2023-10-09 00:46:00";-292737
"892547";"27:8:1";"Exp60_291_IS32234";"Exp60_291_IS32234";NA;"2023-10-09 01:02:00";-292737
"892548";"27:8:1";"Exp60_291_IS32234";"Exp60_291_IS32234";NA;"2023-10-09 01:16:00";-292737
"892549";"27:8:1";"Exp60_291_IS32234";"Exp60_291_IS32234";NA;"2023-10-09 01:32:00";-292737
"892550";"27:8:1";"Exp60_291_IS32234";"Exp60_291_IS32234";NA;"2023-10-09 01:46:00";-292737
"892551";"27:8:1";"Exp60_291_IS32234";"Exp60_291_IS32234";NA;"2023-10-09 02:02:00";-292737
"892552";"27:8:1";"Exp60_291_IS32234";"Exp60_291_IS32234";NA;"2023-10-09 02:16:00";-292737
"892553";"27:8:1";"Exp60_291_IS32234";"Exp60_291_IS32234";NA;"2023-10-09 02:32:00";-292737
"892554";"27:8:1";"Exp60_291_IS32234";"Exp60_291_IS32234";NA;"2023-10-09 02:46:00";-292737
"892555";"27:8:1";"Exp60_291_IS32234";"Exp60_291_IS32234";NA;"2023-10-09 03:02:00";-292737
"892556";"27:8:1";"Exp60_291_IS32234";"Exp60_291_IS32234";NA;"2023-10-09 03:16:00";-292737
"892557";"27:8:1";"Exp60_291_IS32234";"Exp60_291_IS32234";NA;"2023-10-09 03:32:00";-292737
"892558";"27:8:1";"Exp60_291_IS32234";"Exp60_291_IS32234";NA;"2023-10-09 03:46:00";-292737
"892559";"27:8:1";"Exp60_291_IS32234";"Exp60_291_IS32234";NA;"2023-10-09 04:17:00";-292737
"892560";"27:8:1";"Exp60_291_IS32234";"Exp60_291_IS32234";NA;"2023-10-09 04:31:00";-292737
"892561";"27:8:1";"Exp60_291_IS32234";"Exp60_291_IS32234";NA;"2023-10-09 04:47:00";-292737
"892562";"27:8:1";"Exp60_291_IS32234";"Exp60_291_IS32234";NA;"2023-10-09 05:01:00";-292737
"892563";"27:8:1";"Exp60_291_IS32234";"Exp60_291_IS32234";NA;"2023-10-09 05:17:00";-292737
"892564";"27:8:1";"Exp60_291_IS32234";"Exp60_291_IS32234";NA;"2023-10-09 05:31:00";-292737
"892565";"27:8:1";"Exp60_291_IS32234";"Exp60_291_IS32234";NA;"2023-10-09 05:47:00";-292737
"892566";"27:8:1";"Exp60_291_IS32234";"Exp60_291_IS32234";NA;"2023-10-09 06:01:00";-292737
"892567";"27:8:1";"Exp60_291_IS32234";"Exp60_291_IS32234";NA;"2023-10-09 06:17:00";-292737
"892568";"27:8:1";"Exp60_291_IS32234";"Exp60_291_IS32234";NA;"2023-10-09 06:31:00";-292737
"892569";"27:8:1";"Exp60_291_IS32234";"Exp60_291_IS32234";NA;"2023-10-09 06:47:00";-292737
"892570";"27:8:1";"Exp60_291_IS32234";"Exp60_291_IS32234";NA;"2023-10-09 07:01:00";-292737
"892571";"27:8:1";"Exp60_291_IS32234";"Exp60_291_IS32234";NA;"2023-10-09 07:17:00";-292737
"892572";"27:8:1";"Exp60_291_IS32234";"Exp60_291_IS32234";NA;"2023-10-09 07:31:00";-292737
"892573";"27:8:1";"Exp60_291_IS32234";"Exp60_291_IS32234";NA;"2023-10-09 07:47:00";-292737
"892574";"27:8:1";"Exp60_291_IS32234";"Exp60_291_IS32234";NA;"2023-10-09 08:01:00";-292737
"892575";"27:8:1";"Exp60_291_IS32234";"Exp60_291_IS32234";NA;"2023-10-09 08:17:00";-292737
"892576";"27:8:1";"Exp60_291_IS32234";"Exp60_291_IS32234";NA;"2023-10-09 08:31:00";-292737
"892577";"27:8:1";"Exp60_291_IS32234";"Exp60_291_IS32234";NA;"2023-10-09 08:47:00";-292737
"892578";"27:8:1";"Exp60_291_IS32234";"Exp60_291_IS32234";NA;"2023-10-09 09:01:00";-292737
"892579";"27:8:1";"Exp60_291_IS32234";"Exp60_291_IS32234";NA;"2023-10-09 09:17:00";-292737
"892580";"27:8:1";"Exp60_291_IS32234";"Exp60_291_IS32234";NA;"2023-10-09 09:31:00";-292737
"892581";"27:8:1";"Exp60_291_IS32234";"Exp60_291_IS32234";NA;"2023-10-09 10:32:00";-292737
"892582";"27:8:1";"Exp60_291_IS32234";"Exp60_291_IS32234";NA;"2023-10-09 10:46:00";-292737
"892583";"27:8:1";"Exp60_291_IS32234";"Exp60_291_IS32234";NA;"2023-10-09 11:02:00";-292737
"892584";"27:8:1";"Exp60_291_IS32234";"Exp60_291_IS32234";NA;"2023-10-09 11:16:00";-292737
"892585";"27:8:1";"Exp60_291_IS32234";"Exp60_291_IS32234";NA;"2023-10-09 11:47:00";-292737
"892586";"27:8:1";"Exp60_291_IS32234";"Exp60_291_IS32234";NA;"2023-10-09 12:01:00";-292737
"892587";"27:8:1";"Exp60_291_IS32234";"Exp60_291_IS32234";NA;"2023-10-09 12:17:00";-292737
"892588";"27:8:1";"Exp60_291_IS32234";"Exp60_291_IS32234";NA;"2023-10-09 12:31:00";-292737
"892589";"27:8:1";"Exp60_291_IS32234";"Exp60_291_IS32234";NA;"2023-10-09 12:47:00";-292737
"892590";"27:8:1";"Exp60_291_IS32234";"Exp60_291_IS32234";NA;"2023-10-09 13:01:00";-292737
"892591";"27:8:1";"Exp60_291_IS32234";"Exp60_291_IS32234";NA;"2023-10-09 13:32:00";-292737
"892592";"27:8:1";"Exp60_291_IS32234";"Exp60_291_IS32234";NA;"2023-10-09 13:46:00";-292737
"892593";"27:8:1";"Exp60_291_IS32234";"Exp60_291_IS32234";NA;"2023-10-09 14:02:00";-292737
"892594";"27:8:1";"Exp60_291_IS32234";"Exp60_291_IS32234";NA;"2023-10-09 14:16:00";-292737
"892595";"27:8:1";"Exp60_291_IS32234";"Exp60_291_IS32234";NA;"2023-10-09 20:16:00";-292737
"892596";"27:8:1";"Exp60_291_IS32234";"Exp60_291_IS32234";NA;"2023-10-09 20:32:00";-292737
"892597";"27:8:1";"Exp60_291_IS32234";"Exp60_291_IS32234";NA;"2023-10-09 20:46:00";-292737
"892598";"27:8:1";"Exp60_291_IS32234";"Exp60_291_IS32234";NA;"2023-10-09 21:02:00";-292737
"892599";"27:8:1";"Exp60_291_IS32234";"Exp60_291_IS32234";NA;"2023-10-09 21:16:00";-292737
"892600";"27:8:1";"Exp60_291_IS32234";"Exp60_291_IS32234";NA;"2023-10-09 21:32:00";-292737
"892601";"27:8:1";"Exp60_291_IS32234";"Exp60_291_IS32234";NA;"2023-10-09 21:46:00";-292737
"892602";"27:8:1";"Exp60_291_IS32234";"Exp60_291_IS32234";NA;"2023-10-09 22:32:00";-292737
"892603";"27:8:1";"Exp60_291_IS32234";"Exp60_291_IS32234";NA;"2023-10-09 22:46:00";-292737
"892604";"27:8:1";"Exp60_291_IS32234";"Exp60_291_IS32234";NA;"2023-10-09 23:17:00";-292737
"892605";"27:8:1";"Exp60_291_IS32234";"Exp60_291_IS32234";NA;"2023-10-09 23:31:00";-292737
"892606";"27:8:1";"Exp60_291_IS32234";"Exp60_291_IS32234";NA;"2023-10-09 23:47:00";-292737
"892607";"27:8:1";"Exp60_291_IS32234";"Exp60_291_IS32234";NA;"2023-10-10 00:16:00";-292737
"892608";"27:8:1";"Exp60_291_IS32234";"Exp60_291_IS32234";NA;"2023-10-10 00:47:00";-292737
"892609";"27:8:1";"Exp60_291_IS32234";"Exp60_291_IS32234";NA;"2023-10-10 01:01:00";-292737
"892610";"27:8:1";"Exp60_291_IS32234";"Exp60_291_IS32234";NA;"2023-10-10 01:17:00";-292737
"892611";"27:8:1";"Exp60_291_IS32234";"Exp60_291_IS32234";NA;"2023-10-10 01:31:00";-292737
"892612";"27:8:1";"Exp60_291_IS32234";"Exp60_291_IS32234";NA;"2023-10-10 01:47:00";-292737
"892613";"27:8:1";"Exp60_291_IS32234";"Exp60_291_IS32234";NA;"2023-10-10 02:01:00";-292737
"892614";"27:8:1";"Exp60_291_IS32234";"Exp60_291_IS32234";NA;"2023-10-10 02:17:00";-292737
"892615";"27:8:1";"Exp60_291_IS32234";"Exp60_291_IS32234";NA;"2023-10-10 02:31:00";-292737
"892616";"27:8:1";"Exp60_291_IS32234";"Exp60_291_IS32234";NA;"2023-10-10 02:47:00";-292737
"892617";"27:8:1";"Exp60_291_IS32234";"Exp60_291_IS32234";NA;"2023-10-10 03:01:00";-292737
"892618";"27:8:1";"Exp60_291_IS32234";"Exp60_291_IS32234";NA;"2023-10-10 03:17:00";-292737
"892619";"27:8:1";"Exp60_291_IS32234";"Exp60_291_IS32234";NA;"2023-10-10 03:31:00";-292737
"892620";"27:8:1";"Exp60_291_IS32234";"Exp60_291_IS32234";NA;"2023-10-10 03:47:00";-292737
"892621";"27:8:1";"Exp60_291_IS32234";"Exp60_291_IS32234";NA;"2023-10-10 04:01:00";-292737
"892622";"27:8:1";"Exp60_291_IS32234";"Exp60_291_IS32234";NA;"2023-10-10 04:17:00";-292737
"892623";"27:8:1";"Exp60_291_IS32234";"Exp60_291_IS32234";NA;"2023-10-10 04:31:00";-292737
"892624";"27:8:1";"Exp60_291_IS32234";"Exp60_291_IS32234";NA;"2023-10-10 04:47:00";-292737
"892625";"27:8:1";"Exp60_291_IS32234";"Exp60_291_IS32234";NA;"2023-10-10 05:01:00";-292737
"892626";"27:8:1";"Exp60_291_IS32234";"Exp60_291_IS32234";NA;"2023-10-10 05:17:00";-292737
"892627";"27:8:1";"Exp60_291_IS32234";"Exp60_291_IS32234";NA;"2023-10-10 05:31:00";-292737
"892628";"27:8:1";"Exp60_291_IS32234";"Exp60_291_IS32234";NA;"2023-10-10 05:47:00";-292737
"892629";"27:8:1";"Exp60_291_IS32234";"Exp60_291_IS32234";NA;"2023-10-10 06:01:00";-292737
"892630";"27:8:1";"Exp60_291_IS32234";"Exp60_291_IS32234";NA;"2023-10-10 06:17:00";-292737
"892631";"27:8:1";"Exp60_291_IS32234";"Exp60_291_IS32234";NA;"2023-10-10 06:46:00";-292737
"892632";"27:8:1";"Exp60_291_IS32234";"Exp60_291_IS32234";NA;"2023-10-10 07:17:00";-292737
"892633";"27:8:1";"Exp60_291_IS32234";"Exp60_291_IS32234";NA;"2023-10-10 07:31:00";-292737
"892634";"27:8:1";"Exp60_291_IS32234";"Exp60_291_IS32234";NA;"2023-10-10 08:02:00";-292737
"892635";"27:8:1";"Exp60_291_IS32234";"Exp60_291_IS32234";NA;"2023-10-10 08:16:00";-292737
"892636";"27:8:1";"Exp60_291_IS32234";"Exp60_291_IS32234";NA;"2023-10-10 08:32:00";-292737
"892637";"27:8:1";"Exp60_291_IS32234";"Exp60_291_IS32234";NA;"2023-10-10 08:46:00";-292737
"892638";"27:8:1";"Exp60_291_IS32234";"Exp60_291_IS32234";NA;"2023-10-10 09:02:00";-292737
"892639";"27:8:1";"Exp60_291_IS32234";"Exp60_291_IS32234";NA;"2023-10-10 09:16:00";-292737
"892640";"27:8:1";"Exp60_291_IS32234";"Exp60_291_IS32234";NA;"2023-10-10 09:32:00";-292737
"892641";"27:8:1";"Exp60_291_IS32234";"Exp60_291_IS32234";NA;"2023-10-10 09:46:00";-292737
"892642";"27:8:1";"Exp60_291_IS32234";"Exp60_291_IS32234";NA;"2023-10-10 10:02:00";-292737
"892643";"27:8:1";"Exp60_291_IS32234";"Exp60_291_IS32234";NA;"2023-10-10 10:16:00";-292737
"892644";"27:8:1";"Exp60_291_IS32234";"Exp60_291_IS32234";NA;"2023-10-10 10:32:00";-292737
"892645";"27:8:1";"Exp60_291_IS32234";"Exp60_291_IS32234";NA;"2023-10-10 10:46:00";-292737
"892646";"27:8:1";"Exp60_291_IS32234";"Exp60_291_IS32234";NA;"2023-10-10 11:02:00";-292737
"892647";"27:8:1";"Exp60_291_IS32234";"Exp60_291_IS32234";NA;"2023-10-10 11:16:00";-292737
"892648";"27:8:1";"Exp60_291_IS32234";"Exp60_291_IS32234";NA;"2023-10-10 15:46:00";-292737
"892649";"27:8:1";"Exp60_291_IS32234";"Exp60_291_IS32234";NA;"2023-10-10 18:01:00";-292737
"892650";"27:8:1";"Exp60_291_IS32234";"Exp60_291_IS32234";NA;"2023-10-10 18:17:00";-292737
"892651";"27:8:1";"Exp60_291_IS32234";"Exp60_291_IS32234";NA;"2023-10-10 18:31:00";-292737
"892652";"27:8:1";"Exp60_291_IS32234";"Exp60_291_IS32234";NA;"2023-10-10 18:47:00";-292737
"892653";"27:8:1";"Exp60_291_IS32234";"Exp60_291_IS32234";NA;"2023-10-10 19:01:00";-292737
"892654";"27:8:1";"Exp60_291_IS32234";"Exp60_291_IS32234";NA;"2023-10-10 19:17:00";-292737
"892655";"27:8:1";"Exp60_291_IS32234";"Exp60_291_IS32234";NA;"2023-10-10 19:31:00";-292737
"892656";"27:8:1";"Exp60_291_IS32234";"Exp60_291_IS32234";NA;"2023-10-10 19:47:00";-292737
"892657";"27:8:1";"Exp60_291_IS32234";"Exp60_291_IS32234";NA;"2023-10-10 20:01:00";-292737
"892658";"27:8:1";"Exp60_291_IS32234";"Exp60_291_IS32234";NA;"2023-10-10 20:17:00";-292737
"892659";"27:8:1";"Exp60_291_IS32234";"Exp60_291_IS32234";NA;"2023-10-10 20:31:00";-292737
"892660";"27:8:1";"Exp60_291_IS32234";"Exp60_291_IS32234";NA;"2023-10-10 20:47:00";-292737
"892661";"27:8:1";"Exp60_291_IS32234";"Exp60_291_IS32234";NA;"2023-10-10 21:01:00";-292737
"892662";"27:8:1";"Exp60_291_IS32234";"Exp60_291_IS32234";NA;"2023-10-10 21:17:00";-292737
"892663";"27:8:1";"Exp60_291_IS32234";"Exp60_291_IS32234";NA;"2023-10-10 21:31:00";-292737
"892664";"27:8:1";"Exp60_291_IS32234";"Exp60_291_IS32234";NA;"2023-10-10 21:47:00";-292737
"892665";"27:8:1";"Exp60_291_IS32234";"Exp60_291_IS32234";NA;"2023-10-10 22:01:00";-292737
"892666";"27:8:1";"Exp60_291_IS32234";"Exp60_291_IS32234";NA;"2023-10-10 22:32:00";-292737
"892667";"27:8:1";"Exp60_291_IS32234";"Exp60_291_IS32234";NA;"2023-10-10 22:46:00";-292737
"892668";"27:8:1";"Exp60_291_IS32234";"Exp60_291_IS32234";NA;"2023-10-10 23:02:00";-292737
"892669";"27:8:1";"Exp60_291_IS32234";"Exp60_291_IS32234";NA;"2023-10-10 23:16:00";-292737
"892670";"27:8:1";"Exp60_291_IS32234";"Exp60_291_IS32234";NA;"2023-10-10 23:32:00";-292737
"892671";"27:8:1";"Exp60_291_IS32234";"Exp60_291_IS32234";NA;"2023-10-10 23:46:00";-292737
"892672";"27:8:1";"Exp60_291_IS32234";"Exp60_291_IS32234";NA;"2023-10-11 00:02:00";-292737
"892673";"27:8:1";"Exp60_291_IS32234";"Exp60_291_IS32234";NA;"2023-10-11 00:16:00";-292737
"892674";"27:8:1";"Exp60_291_IS32234";"Exp60_291_IS32234";NA;"2023-10-11 00:32:00";-292737
"892675";"27:8:1";"Exp60_291_IS32234";"Exp60_291_IS32234";NA;"2023-10-11 00:46:00";-292737
"892676";"27:8:1";"Exp60_291_IS32234";"Exp60_291_IS32234";NA;"2023-10-11 06:31:00";-292737
"892677";"27:8:1";"Exp60_291_IS32234";"Exp60_291_IS32234";NA;"2023-10-11 07:17:00";-292737
"892678";"27:8:1";"Exp60_291_IS32234";"Exp60_291_IS32234";NA;"2023-10-11 07:31:00";-292737
"892679";"27:8:1";"Exp60_291_IS32234";"Exp60_291_IS32234";NA;"2023-10-11 07:47:00";-292737
"892680";"27:8:1";"Exp60_291_IS32234";"Exp60_291_IS32234";NA;"2023-10-11 08:01:00";-292737
"892681";"27:8:1";"Exp60_291_IS32234";"Exp60_291_IS32234";NA;"2023-10-11 08:17:00";-292737
"892682";"27:8:1";"Exp60_291_IS32234";"Exp60_291_IS32234";NA;"2023-10-11 08:31:00";-292737
"892683";"27:8:1";"Exp60_291_IS32234";"Exp60_291_IS32234";NA;"2023-10-11 08:47:00";-292737
"892684";"27:8:1";"Exp60_291_IS32234";"Exp60_291_IS32234";NA;"2023-10-11 09:01:00";-292737
"892685";"27:8:1";"Exp60_291_IS32234";"Exp60_291_IS32234";NA;"2023-10-11 16:16:00";-292737
"892686";"27:8:1";"Exp60_291_IS32234";"Exp60_291_IS32234";NA;"2023-10-11 16:32:00";-292737
"892687";"27:8:1";"Exp60_291_IS32234";"Exp60_291_IS32234";NA;"2023-10-11 16:46:00";-292737
"892688";"27:8:1";"Exp60_291_IS32234";"Exp60_291_IS32234";NA;"2023-10-11 17:02:00";-292737
"892689";"27:8:1";"Exp60_291_IS32234";"Exp60_291_IS32234";NA;"2023-10-11 17:16:00";-292737
"892690";"27:8:1";"Exp60_291_IS32234";"Exp60_291_IS32234";NA;"2023-10-11 17:32:00";-292737
"892691";"27:8:1";"Exp60_291_IS32234";"Exp60_291_IS32234";NA;"2023-10-11 17:46:00";-292737
"892692";"27:8:1";"Exp60_291_IS32234";"Exp60_291_IS32234";NA;"2023-10-11 18:02:00";-292737
"892693";"27:8:1";"Exp60_291_IS32234";"Exp60_291_IS32234";NA;"2023-10-11 18:16:00";-292737
"892694";"27:8:1";"Exp60_291_IS32234";"Exp60_291_IS32234";NA;"2023-10-11 18:32:00";-292737
"892695";"27:8:1";"Exp60_291_IS32234";"Exp60_291_IS32234";NA;"2023-10-11 18:46:00";-292737
"892696";"27:8:1";"Exp60_291_IS32234";"Exp60_291_IS32234";NA;"2023-10-11 19:02:00";-292737
"892697";"27:8:1";"Exp60_291_IS32234";"Exp60_291_IS32234";NA;"2023-10-11 19:16:00";-292737
"892698";"27:8:1";"Exp60_291_IS32234";"Exp60_291_IS32234";NA;"2023-10-11 19:32:00";-292737
"892699";"27:8:1";"Exp60_291_IS32234";"Exp60_291_IS32234";NA;"2023-10-11 19:46:00";-292737
"892700";"27:8:1";"Exp60_291_IS32234";"Exp60_291_IS32234";NA;"2023-10-11 20:02:00";-292737
"892701";"27:8:1";"Exp60_291_IS32234";"Exp60_291_IS32234";NA;"2023-10-11 20:46:00";-292737
"892702";"27:8:1";"Exp60_291_IS32234";"Exp60_291_IS32234";NA;"2023-10-11 21:02:00";-292737
"892703";"27:8:1";"Exp60_291_IS32234";"Exp60_291_IS32234";NA;"2023-10-11 21:16:00";-292737
"892704";"27:8:1";"Exp60_291_IS32234";"Exp60_291_IS32234";NA;"2023-10-11 21:32:00";-292737
"892705";"27:8:1";"Exp60_291_IS32234";"Exp60_291_IS32234";NA;"2023-10-11 21:46:00";-292737
"892706";"27:8:1";"Exp60_291_IS32234";"Exp60_291_IS32234";NA;"2023-10-11 22:17:00";-292737
"892707";"27:8:1";"Exp60_291_IS32234";"Exp60_291_IS32234";NA;"2023-10-11 22:31:00";-292737
"892708";"27:8:1";"Exp60_291_IS32234";"Exp60_291_IS32234";NA;"2023-10-11 22:47:00";-292737
"892709";"27:8:1";"Exp60_291_IS32234";"Exp60_291_IS32234";NA;"2023-10-11 23:01:00";-292737
"892710";"27:8:1";"Exp60_291_IS32234";"Exp60_291_IS32234";NA;"2023-10-11 23:17:00";-292737
"892711";"27:8:1";"Exp60_291_IS32234";"Exp60_291_IS32234";NA;"2023-10-11 23:31:00";-292737
"892712";"27:8:1";"Exp60_291_IS32234";"Exp60_291_IS32234";NA;"2023-10-11 23:47:00";-292737
"892713";"27:8:1";"Exp60_291_IS32234";"Exp60_291_IS32234";NA;"2023-10-12 00:01:00";-292737
"892714";"27:8:1";"Exp60_291_IS32234";"Exp60_291_IS32234";NA;"2023-10-12 00:17:00";-292737
"892715";"27:8:1";"Exp60_291_IS32234";"Exp60_291_IS32234";NA;"2023-10-12 00:31:00";-292737
"892716";"27:8:1";"Exp60_291_IS32234";"Exp60_291_IS32234";NA;"2023-10-12 00:47:00";-292737
"892717";"27:8:1";"Exp60_291_IS32234";"Exp60_291_IS32234";NA;"2023-10-12 01:01:00";-292737
"892718";"27:8:1";"Exp60_291_IS32234";"Exp60_291_IS32234";NA;"2023-10-12 01:17:00";-292737
"892719";"27:8:1";"Exp60_291_IS32234";"Exp60_291_IS32234";NA;"2023-10-12 01:31:00";-292737
"892720";"27:8:1";"Exp60_291_IS32234";"Exp60_291_IS32234";NA;"2023-10-12 01:47:00";-292737
"892721";"27:8:1";"Exp60_291_IS32234";"Exp60_291_IS32234";NA;"2023-10-12 02:01:00";-292737
"892722";"27:8:1";"Exp60_291_IS32234";"Exp60_291_IS32234";NA;"2023-10-12 02:17:00";-292737
"892723";"27:8:1";"Exp60_291_IS32234";"Exp60_291_IS32234";NA;"2023-10-12 02:31:00";-292737
"892724";"27:8:1";"Exp60_291_IS32234";"Exp60_291_IS32234";NA;"2023-10-12 02:47:00";-292737
"892725";"27:8:1";"Exp60_291_IS32234";"Exp60_291_IS32234";NA;"2023-10-12 03:01:00";-292737
"892726";"27:8:1";"Exp60_291_IS32234";"Exp60_291_IS32234";NA;"2023-10-12 03:17:00";-292737
"892727";"27:8:1";"Exp60_291_IS32234";"Exp60_291_IS32234";NA;"2023-10-12 03:31:00";-292737
"892728";"27:8:1";"Exp60_291_IS32234";"Exp60_291_IS32234";NA;"2023-10-12 03:47:00";-292737
"892729";"27:8:1";"Exp60_291_IS32234";"Exp60_291_IS32234";NA;"2023-10-12 04:01:00";-292737
"892730";"27:8:1";"Exp60_291_IS32234";"Exp60_291_IS32234";NA;"2023-10-12 04:17:00";-292737
"892731";"27:8:1";"Exp60_291_IS32234";"Exp60_291_IS32234";NA;"2023-10-12 04:31:00";-292737
"892732";"27:8:1";"Exp60_291_IS32234";"Exp60_291_IS32234";NA;"2023-10-12 04:47:00";-292737
"892733";"27:8:1";"Exp60_291_IS32234";"Exp60_291_IS32234";NA;"2023-10-12 05:01:00";-292737
"892734";"27:8:1";"Exp60_291_IS32234";"Exp60_291_IS32234";NA;"2023-10-12 05:32:00";-292737
"892735";"27:8:1";"Exp60_291_IS32234";"Exp60_291_IS32234";NA;"2023-10-12 05:46:00";-292737
"892736";"27:8:1";"Exp60_291_IS32234";"Exp60_291_IS32234";NA;"2023-10-12 06:02:00";-292737
"892737";"27:8:1";"Exp60_291_IS32234";"Exp60_291_IS32234";NA;"2023-10-12 06:16:00";-292737
"892738";"27:8:1";"Exp60_291_IS32234";"Exp60_291_IS32234";NA;"2023-10-12 06:47:00";-292737
"892739";"27:8:1";"Exp60_291_IS32234";"Exp60_291_IS32234";NA;"2023-10-12 07:01:00";-292737
"892740";"27:8:1";"Exp60_291_IS32234";"Exp60_291_IS32234";NA;"2023-10-12 07:17:00";-292737
"892741";"27:8:1";"Exp60_291_IS32234";"Exp60_291_IS32234";NA;"2023-10-12 07:31:00";-292737
"892742";"27:8:1";"Exp60_291_IS32234";"Exp60_291_IS32234";NA;"2023-10-12 07:47:00";-292737
"892743";"27:8:1";"Exp60_291_IS32234";"Exp60_291_IS32234";NA;"2023-10-12 08:01:00";-292737
"892744";"27:8:1";"Exp60_291_IS32234";"Exp60_291_IS32234";NA;"2023-10-12 08:17:00";-292737
"892745";"27:8:1";"Exp60_291_IS32234";"Exp60_291_IS32234";NA;"2023-10-12 08:31:00";-292737
"892746";"27:8:1";"Exp60_291_IS32234";"Exp60_291_IS32234";NA;"2023-10-12 08:47:00";-292737
"892747";"27:8:1";"Exp60_291_IS32234";"Exp60_291_IS32234";NA;"2023-10-12 09:01:00";-292737
"892748";"27:8:1";"Exp60_291_IS32234";"Exp60_291_IS32234";NA;"2023-10-12 09:17:00";-292737
"892749";"27:8:1";"Exp60_291_IS32234";"Exp60_291_IS32234";NA;"2023-10-12 09:31:00";-292737
"892750";"27:8:1";"Exp60_291_IS32234";"Exp60_291_IS32234";NA;"2023-10-12 09:47:00";-292737
"892751";"27:8:1";"Exp60_291_IS32234";"Exp60_291_IS32234";NA;"2023-10-12 10:01:00";-292737
"892752";"27:8:1";"Exp60_291_IS32234";"Exp60_291_IS32234";NA;"2023-10-12 15:01:00";-292737
"892753";"27:8:1";"Exp60_291_IS32234";"Exp60_291_IS32234";NA;"2023-10-12 15:17:00";-292737
"892754";"27:8:1";"Exp60_291_IS32234";"Exp60_291_IS32234";NA;"2023-10-12 15:31:00";-292737
"892755";"27:8:1";"Exp60_291_IS32234";"Exp60_291_IS32234";NA;"2023-10-12 15:47:00";-292737
"892756";"27:8:1";"Exp60_291_IS32234";"Exp60_291_IS32234";NA;"2023-10-12 16:01:00";-292737
"892757";"27:8:1";"Exp60_291_IS32234";"Exp60_291_IS32234";NA;"2023-10-12 16:17:00";-292737
"892758";"27:8:1";"Exp60_291_IS32234";"Exp60_291_IS32234";NA;"2023-10-12 16:31:00";-292737
"892759";"27:8:1";"Exp60_291_IS32234";"Exp60_291_IS32234";NA;"2023-10-12 16:47:00";-292737
"892760";"27:8:1";"Exp60_291_IS32234";"Exp60_291_IS32234";NA;"2023-10-12 17:01:00";-292737
"892761";"27:8:1";"Exp60_291_IS32234";"Exp60_291_IS32234";NA;"2023-10-12 17:17:00";-292737
"892762";"27:8:1";"Exp60_291_IS32234";"Exp60_291_IS32234";NA;"2023-10-12 17:31:00";-292737
"892763";"27:8:1";"Exp60_291_IS32234";"Exp60_291_IS32234";NA;"2023-10-12 17:47:00";-292737
"892764";"27:8:1";"Exp60_291_IS32234";"Exp60_291_IS32234";NA;"2023-10-12 18:01:00";-292737
"892765";"27:8:1";"Exp60_291_IS32234";"Exp60_291_IS32234";NA;"2023-10-12 18:17:00";-292737
"892766";"27:8:1";"Exp60_291_IS32234";"Exp60_291_IS32234";NA;"2023-10-12 18:31:00";-292737
"892767";"27:8:1";"Exp60_291_IS32234";"Exp60_291_IS32234";NA;"2023-10-12 18:47:00";-292737
"892768";"27:8:1";"Exp60_291_IS32234";"Exp60_291_IS32234";NA;"2023-10-12 19:01:00";-292737
"892769";"27:8:1";"Exp60_291_IS32234";"Exp60_291_IS32234";NA;"2023-10-12 19:17:00";-292737
"892770";"27:8:1";"Exp60_291_IS32234";"Exp60_291_IS32234";NA;"2023-10-12 19:31:00";-292737
"892771";"27:8:1";"Exp60_291_IS32234";"Exp60_291_IS32234";NA;"2023-10-12 20:02:00";-292737
"892772";"27:8:1";"Exp60_291_IS32234";"Exp60_291_IS32234";NA;"2023-10-12 20:16:00";-292737
"892773";"27:8:1";"Exp60_291_IS32234";"Exp60_291_IS32234";NA;"2023-10-13 03:16:00";-292737
"892774";"27:8:1";"Exp60_291_IS32234";"Exp60_291_IS32234";NA;"2023-10-13 03:32:00";-292737
"892775";"27:8:1";"Exp60_291_IS32234";"Exp60_291_IS32234";NA;"2023-10-13 03:46:00";-292737
"892776";"27:8:1";"Exp60_291_IS32234";"Exp60_291_IS32234";NA;"2023-10-13 04:02:00";-292737
"892777";"27:8:1";"Exp60_291_IS32234";"Exp60_291_IS32234";NA;"2023-10-13 04:16:00";-292737
"892778";"27:8:1";"Exp60_291_IS32234";"Exp60_291_IS32234";NA;"2023-10-13 04:32:00";-292737
"892779";"27:8:1";"Exp60_291_IS32234";"Exp60_291_IS32234";NA;"2023-10-13 04:46:00";-292737
"892780";"27:8:1";"Exp60_291_IS32234";"Exp60_291_IS32234";NA;"2023-10-13 05:02:00";-292737
"892781";"27:8:1";"Exp60_291_IS32234";"Exp60_291_IS32234";NA;"2023-10-13 05:16:00";-292737
"892782";"27:8:1";"Exp60_291_IS32234";"Exp60_291_IS32234";NA;"2023-10-13 05:32:00";-292737
"892783";"27:8:1";"Exp60_291_IS32234";"Exp60_291_IS32234";NA;"2023-10-13 05:46:00";-292737
"892784";"27:8:1";"Exp60_291_IS32234";"Exp60_291_IS32234";NA;"2023-10-13 06:02:00";-292737
"892785";"27:8:1";"Exp60_291_IS32234";"Exp60_291_IS32234";NA;"2023-10-13 06:16:00";-292737
"892786";"27:8:1";"Exp60_291_IS32234";"Exp60_291_IS32234";NA;"2023-10-13 06:32:00";-292737
"892787";"27:8:1";"Exp60_291_IS32234";"Exp60_291_IS32234";NA;"2023-10-13 06:46:00";-292737
"892788";"27:8:1";"Exp60_291_IS32234";"Exp60_291_IS32234";NA;"2023-10-13 12:46:00";-292737
"892789";"27:8:1";"Exp60_291_IS32234";"Exp60_291_IS32234";NA;"2023-10-13 13:02:00";-292737
"892790";"27:8:1";"Exp60_291_IS32234";"Exp60_291_IS32234";NA;"2023-10-13 13:16:00";-292737
"892791";"27:8:1";"Exp60_291_IS32234";"Exp60_291_IS32234";NA;"2023-10-13 13:32:00";-292737
"892792";"27:8:1";"Exp60_291_IS32234";"Exp60_291_IS32234";NA;"2023-10-13 13:46:00";-292737
"892793";"27:8:1";"Exp60_291_IS32234";"Exp60_291_IS32234";NA;"2023-10-13 19:46:00";-292737
"892794";"27:8:1";"Exp60_291_IS32234";"Exp60_291_IS32234";NA;"2023-10-13 20:02:00";-292737
"892795";"27:8:1";"Exp60_291_IS32234";"Exp60_291_IS32234";NA;"2023-10-13 20:16:00";-292737
"892796";"27:8:1";"Exp60_291_IS32234";"Exp60_291_IS32234";NA;"2023-10-13 20:32:00";-292737
"892797";"27:8:1";"Exp60_291_IS32234";"Exp60_291_IS32234";NA;"2023-10-13 20:46:00";-292737
"892798";"27:8:1";"Exp60_291_IS32234";"Exp60_291_IS32234";NA;"2023-10-13 21:02:00";-292737
"892799";"27:8:1";"Exp60_291_IS32234";"Exp60_291_IS32234";NA;"2023-10-13 21:16:00";-292737
"892800";"27:8:1";"Exp60_291_IS32234";"Exp60_291_IS32234";NA;"2023-10-13 21:32:00";-292737
"892801";"27:8:1";"Exp60_291_IS32234";"Exp60_291_IS32234";NA;"2023-10-13 21:46:00";-292737
"892802";"27:8:1";"Exp60_291_IS32234";"Exp60_291_IS32234";NA;"2023-10-13 22:02:00";-292737
"892803";"27:8:1";"Exp60_291_IS32234";"Exp60_291_IS32234";NA;"2023-10-13 22:16:00";-292737
"892804";"27:8:1";"Exp60_291_IS32234";"Exp60_291_IS32234";NA;"2023-10-13 22:32:00";-292737
"892805";"27:8:1";"Exp60_291_IS32234";"Exp60_291_IS32234";NA;"2023-10-13 22:46:00";-292737
"892806";"27:8:1";"Exp60_291_IS32234";"Exp60_291_IS32234";NA;"2023-10-13 23:02:00";-292737
"892807";"27:8:1";"Exp60_291_IS32234";"Exp60_291_IS32234";NA;"2023-10-13 23:16:00";-292737
"892808";"27:8:1";"Exp60_291_IS32234";"Exp60_291_IS32234";NA;"2023-10-13 23:47:00";-292737
"892809";"27:8:1";"Exp60_291_IS32234";"Exp60_291_IS32234";NA;"2023-10-14 00:01:00";-292737
"892810";"27:8:1";"Exp60_291_IS32234";"Exp60_291_IS32234";NA;"2023-10-14 00:17:00";-292737
"892811";"27:8:1";"Exp60_291_IS32234";"Exp60_291_IS32234";NA;"2023-10-14 00:31:00";-292737
"892812";"27:8:1";"Exp60_291_IS32234";"Exp60_291_IS32234";NA;"2023-10-14 00:47:00";-292737
"892813";"27:8:1";"Exp60_291_IS32234";"Exp60_291_IS32234";NA;"2023-10-14 01:01:00";-292737
"892814";"27:8:1";"Exp60_291_IS32234";"Exp60_291_IS32234";NA;"2023-10-14 01:17:00";-292737
"892815";"27:8:1";"Exp60_291_IS32234";"Exp60_291_IS32234";NA;"2023-10-14 01:31:00";-292737
"892816";"27:8:1";"Exp60_291_IS32234";"Exp60_291_IS32234";NA;"2023-10-14 01:47:00";-292737
"892817";"27:8:1";"Exp60_291_IS32234";"Exp60_291_IS32234";NA;"2023-10-14 02:01:00";-292737
"892818";"27:8:1";"Exp60_291_IS32234";"Exp60_291_IS32234";NA;"2023-10-14 02:17:00";-292737
"892819";"27:8:1";"Exp60_291_IS32234";"Exp60_291_IS32234";NA;"2023-10-14 02:31:00";-292737
"892820";"27:8:1";"Exp60_291_IS32234";"Exp60_291_IS32234";NA;"2023-10-14 02:47:00";-292737
"892821";"27:8:1";"Exp60_291_IS32234";"Exp60_291_IS32234";NA;"2023-10-14 03:01:00";-292737
"892822";"27:8:1";"Exp60_291_IS32234";"Exp60_291_IS32234";NA;"2023-10-14 03:17:00";-292737
"892823";"27:8:1";"Exp60_291_IS32234";"Exp60_291_IS32234";NA;"2023-10-14 03:31:00";-292737
"892824";"27:8:1";"Exp60_291_IS32234";"Exp60_291_IS32234";NA;"2023-10-14 04:17:00";-292737
"892825";"27:8:1";"Exp60_291_IS32234";"Exp60_291_IS32234";NA;"2023-10-14 04:31:00";-292737
"892826";"27:8:1";"Exp60_291_IS32234";"Exp60_291_IS32234";NA;"2023-10-14 04:47:00";-292737
"892827";"27:8:1";"Exp60_291_IS32234";"Exp60_291_IS32234";NA;"2023-10-14 05:01:00";-292737
"892828";"27:8:1";"Exp60_291_IS32234";"Exp60_291_IS32234";NA;"2023-10-14 05:17:00";-292737
"892829";"27:8:1";"Exp60_291_IS32234";"Exp60_291_IS32234";NA;"2023-10-14 05:31:00";-292737
"892830";"27:8:1";"Exp60_291_IS32234";"Exp60_291_IS32234";NA;"2023-10-14 05:47:00";-292737
"892831";"27:8:1";"Exp60_291_IS32234";"Exp60_291_IS32234";NA;"2023-10-14 06:01:00";-292737
"892832";"27:8:1";"Exp60_291_IS32234";"Exp60_291_IS32234";NA;"2023-10-14 06:17:00";-292737
"892833";"27:8:1";"Exp60_291_IS32234";"Exp60_291_IS32234";NA;"2023-10-14 06:31:00";-292737
"892834";"27:8:1";"Exp60_291_IS32234";"Exp60_291_IS32234";NA;"2023-10-14 07:02:00";-292737
"892835";"27:8:1";"Exp60_291_IS32234";"Exp60_291_IS32234";NA;"2023-10-14 07:16:00";-292737
"892836";"27:8:1";"Exp60_291_IS32234";"Exp60_291_IS32234";NA;"2023-10-14 07:32:00";-292737
"892837";"27:8:1";"Exp60_291_IS32234";"Exp60_291_IS32234";NA;"2023-10-14 08:16:00";-292737
"892838";"27:8:1";"Exp60_291_IS32234";"Exp60_291_IS32234";NA;"2023-10-14 08:32:00";-292737
"892839";"27:8:1";"Exp60_291_IS32234";"Exp60_291_IS32234";NA;"2023-10-14 08:46:00";-292737
"892840";"27:8:1";"Exp60_291_IS32234";"Exp60_291_IS32234";NA;"2023-10-14 09:02:00";-292737
"892841";"27:8:1";"Exp60_291_IS32234";"Exp60_291_IS32234";NA;"2023-10-14 09:16:00";-292737
"892842";"27:8:1";"Exp60_291_IS32234";"Exp60_291_IS32234";NA;"2023-10-14 09:32:00";-292737
"892843";"27:8:1";"Exp60_291_IS32234";"Exp60_291_IS32234";NA;"2023-10-14 09:46:00";-292737
"892844";"27:8:1";"Exp60_291_IS32234";"Exp60_291_IS32234";NA;"2023-10-14 10:02:00";-292737
"892845";"27:8:1";"Exp60_291_IS32234";"Exp60_291_IS32234";NA;"2023-10-14 10:16:00";-292737
"892846";"27:8:1";"Exp60_291_IS32234";"Exp60_291_IS32234";NA;"2023-10-14 10:32:00";-292737
"892847";"27:8:1";"Exp60_291_IS32234";"Exp60_291_IS32234";NA;"2023-10-14 10:46:00";-292737
"892848";"27:8:1";"Exp60_291_IS32234";"Exp60_291_IS32234";NA;"2023-10-14 11:02:00";-292737
"892849";"27:8:1";"Exp60_291_IS32234";"Exp60_291_IS32234";NA;"2023-10-14 11:16:00";-292737
"892850";"27:8:1";"Exp60_291_IS32234";"Exp60_291_IS32234";NA;"2023-10-14 11:32:00";-292737
"892851";"27:8:1";"Exp60_291_IS32234";"Exp60_291_IS32234";NA;"2023-10-14 11:46:00";-292737
"892852";"27:8:1";"Exp60_291_IS32234";"Exp60_291_IS32234";NA;"2023-10-14 12:02:00";-292737
"892853";"27:8:1";"Exp60_291_IS32234";"Exp60_291_IS32234";NA;"2023-10-14 12:16:00";-292737
"892854";"27:8:1";"Exp60_291_IS32234";"Exp60_291_IS32234";NA;"2023-10-14 12:32:00";-292737
"892855";"27:8:1";"Exp60_291_IS32234";"Exp60_291_IS32234";NA;"2023-10-14 12:46:00";-292737
"892856";"27:8:1";"Exp60_291_IS32234";"Exp60_291_IS32234";NA;"2023-10-14 13:02:00";-292737
"892857";"27:8:1";"Exp60_291_IS32234";"Exp60_291_IS32234";NA;"2023-10-14 13:16:00";-292737
"892858";"27:8:1";"Exp60_291_IS32234";"Exp60_291_IS32234";NA;"2023-10-14 13:32:00";-292737
"892859";"27:8:1";"Exp60_291_IS32234";"Exp60_291_IS32234";NA;"2023-10-14 13:46:00";-292737
"892860";"27:8:1";"Exp60_291_IS32234";"Exp60_291_IS32234";NA;"2023-10-14 19:31:00";-292737
"892861";"27:8:1";"Exp60_291_IS32234";"Exp60_291_IS32234";NA;"2023-10-15 02:01:00";-292737
"892862";"27:8:1";"Exp60_291_IS32234";"Exp60_291_IS32234";NA;"2023-10-15 02:17:00";-292737
"892863";"27:8:1";"Exp60_291_IS32234";"Exp60_291_IS32234";NA;"2023-10-15 02:31:00";-292737
"892864";"27:8:1";"Exp60_291_IS32234";"Exp60_291_IS32234";NA;"2023-10-15 02:47:00";-292737
"892865";"27:8:1";"Exp60_291_IS32234";"Exp60_291_IS32234";NA;"2023-10-15 03:01:00";-292737
"892866";"27:8:1";"Exp60_291_IS32234";"Exp60_291_IS32234";NA;"2023-10-15 03:17:00";-292737
"892867";"27:8:1";"Exp60_291_IS32234";"Exp60_291_IS32234";NA;"2023-10-15 03:31:00";-292737
"892868";"27:8:1";"Exp60_291_IS32234";"Exp60_291_IS32234";NA;"2023-10-15 03:47:00";-292737
"892869";"27:8:1";"Exp60_291_IS32234";"Exp60_291_IS32234";NA;"2023-10-15 04:01:00";-292737
"892870";"27:8:1";"Exp60_291_IS32234";"Exp60_291_IS32234";NA;"2023-10-15 04:32:00";-292737
"892871";"27:8:1";"Exp60_291_IS32234";"Exp60_291_IS32234";NA;"2023-10-15 04:46:00";-292737
"892872";"27:8:1";"Exp60_291_IS32234";"Exp60_291_IS32234";NA;"2023-10-15 05:32:00";-292737
"892873";"27:8:1";"Exp60_291_IS32234";"Exp60_291_IS32234";NA;"2023-10-15 05:46:00";-292737
"892874";"27:8:1";"Exp60_291_IS32234";"Exp60_291_IS32234";NA;"2023-10-15 06:17:00";-292737
"892875";"27:8:1";"Exp60_291_IS32234";"Exp60_291_IS32234";NA;"2023-10-15 06:31:00";-292737
"892876";"27:8:1";"Exp60_291_IS32234";"Exp60_291_IS32234";NA;"2023-10-15 07:02:00";-292737
"892877";"27:8:1";"Exp60_291_IS32234";"Exp60_291_IS32234";NA;"2023-10-15 07:16:00";-292737
"892878";"27:8:1";"Exp60_291_IS32234";"Exp60_291_IS32234";NA;"2023-10-15 07:32:00";-292737
"892879";"27:8:1";"Exp60_291_IS32234";"Exp60_291_IS32234";NA;"2023-10-15 07:46:00";-292737
"892880";"27:8:1";"Exp60_291_IS32234";"Exp60_291_IS32234";NA;"2023-10-15 08:17:00";-292737
"892881";"27:8:1";"Exp60_291_IS32234";"Exp60_291_IS32234";NA;"2023-10-15 08:31:00";-292737
"892882";"27:8:1";"Exp60_291_IS32234";"Exp60_291_IS32234";NA;"2023-10-15 08:47:00";-292737
"892883";"27:8:1";"Exp60_291_IS32234";"Exp60_291_IS32234";NA;"2023-10-15 09:01:00";-292737
"892884";"27:8:1";"Exp60_291_IS32234";"Exp60_291_IS32234";NA;"2023-10-15 09:17:00";-292737
"892885";"27:8:1";"Exp60_291_IS32234";"Exp60_291_IS32234";NA;"2023-10-15 09:31:00";-292737
"892886";"27:8:1";"Exp60_291_IS32234";"Exp60_291_IS32234";NA;"2023-10-15 09:47:00";-292737
"892887";"27:8:1";"Exp60_291_IS32234";"Exp60_291_IS32234";NA;"2023-10-15 10:01:00";-292737
"892888";"27:8:1";"Exp60_291_IS32234";"Exp60_291_IS32234";NA;"2023-10-15 10:17:00";-292737
"892889";"27:8:1";"Exp60_291_IS32234";"Exp60_291_IS32234";NA;"2023-10-15 10:31:00";-292737
"892890";"27:8:1";"Exp60_291_IS32234";"Exp60_291_IS32234";NA;"2023-10-15 10:47:00";-292737
"892891";"27:8:1";"Exp60_291_IS32234";"Exp60_291_IS32234";NA;"2023-10-15 11:01:00";-292737
"892892";"27:8:1";"Exp60_291_IS32234";"Exp60_291_IS32234";NA;"2023-10-15 18:01:00";-292737
"892893";"27:8:1";"Exp60_291_IS32234";"Exp60_291_IS32234";NA;"2023-10-15 18:17:00";-292737
"892894";"27:8:1";"Exp60_291_IS32234";"Exp60_291_IS32234";NA;"2023-10-15 18:31:00";-292737
"892895";"27:8:1";"Exp60_291_IS32234";"Exp60_291_IS32234";NA;"2023-10-15 18:47:00";-292737
"892896";"27:8:1";"Exp60_291_IS32234";"Exp60_291_IS32234";NA;"2023-10-15 19:01:00";-292737
"892897";"27:8:1";"Exp60_291_IS32234";"Exp60_291_IS32234";NA;"2023-10-15 19:17:00";-292737
"892898";"27:8:1";"Exp60_291_IS32234";"Exp60_291_IS32234";NA;"2023-10-15 19:31:00";-292737
"892899";"27:8:1";"Exp60_291_IS32234";"Exp60_291_IS32234";NA;"2023-10-16 03:46:00";-292737
"892900";"27:8:1";"Exp60_291_IS32234";"Exp60_291_IS32234";NA;"2023-10-16 04:02:00";-292737
"892901";"27:8:1";"Exp60_291_IS32234";"Exp60_291_IS32234";NA;"2023-10-16 04:16:00";-292737
"892902";"27:8:1";"Exp60_291_IS32234";"Exp60_291_IS32234";NA;"2023-10-16 04:32:00";-292737
"892903";"27:8:1";"Exp60_291_IS32234";"Exp60_291_IS32234";NA;"2023-10-16 04:46:00";-292737
"892904";"27:8:1";"Exp60_291_IS32234";"Exp60_291_IS32234";NA;"2023-10-16 05:02:00";-292737
"892905";"27:8:1";"Exp60_291_IS32234";"Exp60_291_IS32234";NA;"2023-10-16 05:16:00";-292737
"892906";"27:8:1";"Exp60_291_IS32234";"Exp60_291_IS32234";NA;"2023-10-16 05:32:00";-292737
"892907";"27:8:1";"Exp60_291_IS32234";"Exp60_291_IS32234";NA;"2023-10-16 05:46:00";-292737
"892908";"27:8:1";"Exp60_291_IS32234";"Exp60_291_IS32234";NA;"2023-10-16 06:02:00";-292737
"892909";"27:8:1";"Exp60_291_IS32234";"Exp60_291_IS32234";NA;"2023-10-16 06:16:00";-292737
"892910";"27:8:1";"Exp60_291_IS32234";"Exp60_291_IS32234";NA;"2023-10-16 06:32:00";-292737
"892911";"27:8:1";"Exp60_291_IS32234";"Exp60_291_IS32234";NA;"2023-10-16 06:46:00";-292737
"892912";"27:8:1";"Exp60_291_IS32234";"Exp60_291_IS32234";NA;"2023-10-16 07:02:00";-292737
"892913";"27:8:1";"Exp60_291_IS32234";"Exp60_291_IS32234";NA;"2023-10-16 07:16:00";-292737
"892914";"27:8:1";"Exp60_291_IS32234";"Exp60_291_IS32234";NA;"2023-10-16 07:47:00";-292737
"892915";"27:8:1";"Exp60_291_IS32234";"Exp60_291_IS32234";NA;"2023-10-16 08:01:00";-292737
"892916";"27:8:1";"Exp60_291_IS32234";"Exp60_291_IS32234";NA;"2023-10-16 08:17:00";-292737
"892917";"27:8:1";"Exp60_291_IS32234";"Exp60_291_IS32234";NA;"2023-10-16 08:31:00";-292737
"892918";"27:8:1";"Exp60_291_IS32234";"Exp60_291_IS32234";NA;"2023-10-16 08:47:00";-292737
"892919";"27:8:1";"Exp60_291_IS32234";"Exp60_291_IS32234";NA;"2023-10-16 09:01:00";-292737
"892920";"27:8:1";"Exp60_291_IS32234";"Exp60_291_IS32234";NA;"2023-10-16 09:17:00";-292737
"892921";"27:8:1";"Exp60_291_IS32234";"Exp60_291_IS32234";NA;"2023-10-16 09:31:00";-292737
"892922";"27:8:1";"Exp60_291_IS32234";"Exp60_291_IS32234";NA;"2023-10-16 09:47:00";-292737
"892923";"27:8:1";"Exp60_291_IS32234";"Exp60_291_IS32234";NA;"2023-10-16 10:01:00";-292737
"892924";"27:8:1";"Exp60_291_IS32234";"Exp60_291_IS32234";NA;"2023-10-16 10:17:00";-292737
"892925";"27:8:1";"Exp60_291_IS32234";"Exp60_291_IS32234";NA;"2023-10-16 10:31:00";-292737
"892926";"27:8:1";"Exp60_291_IS32234";"Exp60_291_IS32234";NA;"2023-10-16 10:47:00";-292737
"892927";"27:8:1";"Exp60_291_IS32234";"Exp60_291_IS32234";NA;"2023-10-16 11:01:00";-292737
"892928";"27:8:1";"Exp60_291_IS32234";"Exp60_291_IS32234";NA;"2023-10-16 11:32:00";-292737
"892929";"27:8:1";"Exp60_291_IS32234";"Exp60_291_IS32234";NA;"2023-10-16 11:46:00";-292737
"892930";"27:8:1";"Exp60_291_IS32234";"Exp60_291_IS32234";NA;"2023-10-16 12:17:00";-292737
"892931";"27:8:1";"Exp60_291_IS32234";"Exp60_291_IS32234";NA;"2023-10-16 12:31:00";-292737
"892932";"27:8:1";"Exp60_291_IS32234";"Exp60_291_IS32234";NA;"2023-10-16 13:02:00";-292737
"892933";"27:8:1";"Exp60_291_IS32234";"Exp60_291_IS32234";NA;"2023-10-16 13:16:00";-292737
"892934";"27:8:1";"Exp60_291_IS32234";"Exp60_291_IS32234";NA;"2023-10-16 13:32:00";-292737
"892935";"27:8:1";"Exp60_291_IS32234";"Exp60_291_IS32234";NA;"2023-10-16 13:46:00";-292737
"892936";"27:8:1";"Exp60_291_IS32234";"Exp60_291_IS32234";NA;"2023-10-16 14:02:00";-292737
"892937";"27:8:1";"Exp60_291_IS32234";"Exp60_291_IS32234";NA;"2023-10-16 14:16:00";-292737
"892938";"27:8:1";"Exp60_291_IS32234";"Exp60_291_IS32234";NA;"2023-10-16 14:32:00";-292737
"892939";"27:8:1";"Exp60_291_IS32234";"Exp60_291_IS32234";NA;"2023-10-16 14:46:00";-292737
"892940";"27:8:1";"Exp60_291_IS32234";"Exp60_291_IS32234";NA;"2023-10-16 22:16:00";-292737
"892941";"27:8:1";"Exp60_291_IS32234";"Exp60_291_IS32234";NA;"2023-10-16 22:32:00";-292737
"892942";"27:8:1";"Exp60_291_IS32234";"Exp60_291_IS32234";NA;"2023-10-16 22:46:00";-292737
"892943";"27:8:1";"Exp60_291_IS32234";"Exp60_291_IS32234";NA;"2023-10-17 05:46:00";-292737
"892944";"27:8:1";"Exp60_291_IS32234";"Exp60_291_IS32234";NA;"2023-10-17 06:02:00";-292737
"892945";"27:8:1";"Exp60_291_IS32234";"Exp60_291_IS32234";NA;"2023-10-17 06:16:00";-292737
"892946";"27:8:1";"Exp60_291_IS32234";"Exp60_291_IS32234";NA;"2023-10-17 06:32:00";-292737
"892947";"27:8:1";"Exp60_291_IS32234";"Exp60_291_IS32234";NA;"2023-10-17 06:46:00";-292737
"892948";"27:8:1";"Exp60_291_IS32234";"Exp60_291_IS32234";NA;"2023-10-17 12:46:00";-292737
"892949";"27:8:1";"Exp60_291_IS32234";"Exp60_291_IS32234";NA;"2023-10-17 13:02:00";-292737
"892950";"27:8:1";"Exp60_291_IS32234";"Exp60_291_IS32234";NA;"2023-10-17 13:16:00";-292737
"892951";"27:8:1";"Exp60_291_IS32234";"Exp60_291_IS32234";NA;"2023-10-17 13:32:00";-292737
"892952";"27:8:1";"Exp60_291_IS32234";"Exp60_291_IS32234";NA;"2023-10-17 13:46:00";-292737
"892953";"27:8:1";"Exp60_291_IS32234";"Exp60_291_IS32234";NA;"2023-10-17 14:02:00";-292737
"892954";"27:8:1";"Exp60_291_IS32234";"Exp60_291_IS32234";NA;"2023-10-17 14:16:00";-292737
"892955";"27:8:1";"Exp60_291_IS32234";"Exp60_291_IS32234";NA;"2023-10-17 14:32:00";-292737
"892956";"27:8:1";"Exp60_291_IS32234";"Exp60_291_IS32234";NA;"2023-10-17 14:46:00";-292737
"892957";"27:8:1";"Exp60_291_IS32234";"Exp60_291_IS32234";NA;"2023-10-17 15:17:00";-292737
"892958";"27:8:1";"Exp60_291_IS32234";"Exp60_291_IS32234";NA;"2023-10-17 15:31:00";-292737
"892959";"27:8:1";"Exp60_291_IS32234";"Exp60_291_IS32234";NA;"2023-10-17 16:17:00";-292737
"892960";"27:8:1";"Exp60_291_IS32234";"Exp60_291_IS32234";NA;"2023-10-17 16:31:00";-292737
"892961";"27:8:1";"Exp60_291_IS32234";"Exp60_291_IS32234";NA;"2023-10-17 16:47:00";-292737
"892962";"27:8:1";"Exp60_291_IS32234";"Exp60_291_IS32234";NA;"2023-10-17 17:01:00";-292737
"892963";"27:8:1";"Exp60_291_IS32234";"Exp60_291_IS32234";NA;"2023-10-17 18:32:00";-292737
"892964";"27:8:1";"Exp60_291_IS32234";"Exp60_291_IS32234";NA;"2023-10-17 18:46:00";-292737
"892965";"27:8:1";"Exp60_291_IS32234";"Exp60_291_IS32234";NA;"2023-10-17 19:02:00";-292737
"892966";"27:8:1";"Exp60_291_IS32234";"Exp60_291_IS32234";NA;"2023-10-17 19:16:00";-292737
"892967";"27:8:1";"Exp60_291_IS32234";"Exp60_291_IS32234";NA;"2023-10-17 19:32:00";-292737
"892968";"27:8:1";"Exp60_291_IS32234";"Exp60_291_IS32234";NA;"2023-10-17 19:46:00";-292737
"892969";"27:8:1";"Exp60_291_IS32234";"Exp60_291_IS32234";NA;"2023-10-18 01:31:00";-292737
"892970";"27:8:1";"Exp60_291_IS32234";"Exp60_291_IS32234";NA;"2023-10-18 02:02:00";-292737
"892971";"27:8:1";"Exp60_291_IS32234";"Exp60_291_IS32234";NA;"2023-10-18 02:16:00";-292737
"892972";"27:8:1";"Exp60_291_IS32234";"Exp60_291_IS32234";NA;"2023-10-18 02:32:00";-292737
"892973";"27:8:1";"Exp60_291_IS32234";"Exp60_291_IS32234";NA;"2023-10-18 02:46:00";-292737
"892974";"27:8:1";"Exp60_291_IS32234";"Exp60_291_IS32234";NA;"2023-10-18 03:02:00";-292737
"892975";"27:8:1";"Exp60_291_IS32234";"Exp60_291_IS32234";NA;"2023-10-18 03:16:00";-292737
"892976";"27:8:1";"Exp60_291_IS32234";"Exp60_291_IS32234";NA;"2023-10-18 03:32:00";-292737
"892977";"27:8:1";"Exp60_291_IS32234";"Exp60_291_IS32234";NA;"2023-10-18 04:01:00";-292737
"892978";"27:8:1";"Exp60_291_IS32234";"Exp60_291_IS32234";NA;"2023-10-18 04:17:00";-292737
"892979";"27:8:1";"Exp60_291_IS32234";"Exp60_291_IS32234";NA;"2023-10-18 04:31:00";-292737
"892980";"27:8:1";"Exp60_291_IS32234";"Exp60_291_IS32234";NA;"2023-10-18 04:47:00";-292737
"892981";"27:8:1";"Exp60_291_IS32234";"Exp60_291_IS32234";NA;"2023-10-18 05:01:00";-292737
"892982";"27:8:1";"Exp60_291_IS32234";"Exp60_291_IS32234";NA;"2023-10-18 05:17:00";-292737
"892983";"27:8:1";"Exp60_291_IS32234";"Exp60_291_IS32234";NA;"2023-10-18 05:31:00";-292737
"892984";"27:8:1";"Exp60_291_IS32234";"Exp60_291_IS32234";NA;"2023-10-18 05:47:00";-292737
"892985";"27:8:1";"Exp60_291_IS32234";"Exp60_291_IS32234";NA;"2023-10-18 06:01:00";-292737
"892986";"27:8:1";"Exp60_291_IS32234";"Exp60_291_IS32234";NA;"2023-10-18 06:17:00";-292737
"892987";"27:8:1";"Exp60_291_IS32234";"Exp60_291_IS32234";NA;"2023-10-18 06:31:00";-292737
"892988";"27:8:1";"Exp60_291_IS32234";"Exp60_291_IS32234";NA;"2023-10-18 07:32:00";-292737
"892989";"27:8:1";"Exp60_291_IS32234";"Exp60_291_IS32234";NA;"2023-10-18 07:46:00";-292737
"892990";"27:8:1";"Exp60_291_IS32234";"Exp60_291_IS32234";NA;"2023-10-18 08:02:00";-292737
"892991";"27:8:1";"Exp60_291_IS32234";"Exp60_291_IS32234";NA;"2023-10-18 08:16:00";-292737
"892992";"27:8:1";"Exp60_291_IS32234";"Exp60_291_IS32234";NA;"2023-10-18 08:47:00";-292737
"892993";"27:8:1";"Exp60_291_IS32234";"Exp60_291_IS32234";NA;"2023-10-18 09:01:00";-292737
"892994";"27:8:1";"Exp60_291_IS32234";"Exp60_291_IS32234";NA;"2023-10-18 09:17:00";-292737
"892995";"27:8:1";"Exp60_291_IS32234";"Exp60_291_IS32234";NA;"2023-10-18 09:31:00";-292737
"892996";"27:8:1";"Exp60_291_IS32234";"Exp60_291_IS32234";NA;"2023-10-18 15:31:00";-292737
"892997";"27:8:1";"Exp60_291_IS32234";"Exp60_291_IS32234";NA;"2023-10-18 16:32:00";-292737
"892998";"27:8:1";"Exp60_291_IS32234";"Exp60_291_IS32234";NA;"2023-10-18 16:46:00";-292737
"892999";"27:8:1";"Exp60_291_IS32234";"Exp60_291_IS32234";NA;"2023-10-18 17:02:00";-292737
"893000";"27:8:1";"Exp60_291_IS32234";"Exp60_291_IS32234";NA;"2023-10-18 17:16:00";-292737
"893001";"27:8:1";"Exp60_291_IS32234";"Exp60_291_IS32234";NA;"2023-10-18 17:32:00";-292737
"893002";"27:8:1";"Exp60_291_IS32234";"Exp60_291_IS32234";NA;"2023-10-18 17:46:00";-292737
"893003";"27:8:1";"Exp60_291_IS32234";"Exp60_291_IS32234";NA;"2023-10-18 18:02:00";-292737
"893004";"27:8:1";"Exp60_291_IS32234";"Exp60_291_IS32234";NA;"2023-10-18 18:16:00";-292737
"893005";"27:8:1";"Exp60_291_IS32234";"Exp60_291_IS32234";NA;"2023-10-18 18:32:00";-292737
"893006";"27:8:1";"Exp60_291_IS32234";"Exp60_291_IS32234";NA;"2023-10-18 18:46:00";-292737
"893007";"27:8:1";"Exp60_291_IS32234";"Exp60_291_IS32234";NA;"2023-10-19 01:16:00";-292737
"893008";"27:8:1";"Exp60_291_IS32234";"Exp60_291_IS32234";NA;"2023-10-19 01:32:00";-292737
"893009";"27:8:1";"Exp60_291_IS32234";"Exp60_291_IS32234";NA;"2023-10-19 01:46:00";-292737
"893010";"27:8:1";"Exp60_291_IS32234";"Exp60_291_IS32234";NA;"2023-10-19 02:02:00";-292737
"893011";"27:8:1";"Exp60_291_IS32234";"Exp60_291_IS32234";NA;"2023-10-19 02:16:00";-292737
"893012";"27:8:1";"Exp60_291_IS32234";"Exp60_291_IS32234";NA;"2023-10-19 02:32:00";-292737
"893013";"27:8:1";"Exp60_291_IS32234";"Exp60_291_IS32234";NA;"2023-10-19 02:46:00";-292737
"893014";"27:8:1";"Exp60_291_IS32234";"Exp60_291_IS32234";NA;"2023-10-19 03:17:00";-292737
"893015";"27:8:1";"Exp60_291_IS32234";"Exp60_291_IS32234";NA;"2023-10-19 03:31:00";-292737
"893016";"27:8:1";"Exp60_291_IS32234";"Exp60_291_IS32234";NA;"2023-10-19 03:47:00";-292737
"893017";"27:8:1";"Exp60_291_IS32234";"Exp60_291_IS32234";NA;"2023-10-19 04:01:00";-292737
"893018";"27:8:1";"Exp60_291_IS32234";"Exp60_291_IS32234";NA;"2023-10-19 04:17:00";-292737
"893019";"27:8:1";"Exp60_291_IS32234";"Exp60_291_IS32234";NA;"2023-10-19 04:31:00";-292737
"893020";"27:8:1";"Exp60_291_IS32234";"Exp60_291_IS32234";NA;"2023-10-19 04:47:00";-292737
"893021";"27:8:1";"Exp60_291_IS32234";"Exp60_291_IS32234";NA;"2023-10-19 05:01:00";-292737
"893022";"27:8:1";"Exp60_291_IS32234";"Exp60_291_IS32234";NA;"2023-10-19 05:17:00";-292737
"893023";"27:8:1";"Exp60_291_IS32234";"Exp60_291_IS32234";NA;"2023-10-19 05:31:00";-292737
"893024";"27:8:1";"Exp60_291_IS32234";"Exp60_291_IS32234";NA;"2023-10-19 05:47:00";-292737
"893025";"27:8:1";"Exp60_291_IS32234";"Exp60_291_IS32234";NA;"2023-10-19 06:01:00";-292737
"893026";"27:8:1";"Exp60_291_IS32234";"Exp60_291_IS32234";NA;"2023-10-19 06:17:00";-292737
"893027";"27:8:1";"Exp60_291_IS32234";"Exp60_291_IS32234";NA;"2023-10-19 06:31:00";-292737
"893028";"27:8:1";"Exp60_291_IS32234";"Exp60_291_IS32234";NA;"2023-10-19 06:47:00";-292737
"893029";"27:8:1";"Exp60_291_IS32234";"Exp60_291_IS32234";NA;"2023-10-19 07:01:00";-292737
"893030";"27:8:1";"Exp60_291_IS32234";"Exp60_291_IS32234";NA;"2023-10-19 13:46:00";-292737
"893031";"27:8:1";"Exp60_291_IS32234";"Exp60_291_IS32234";NA;"2023-10-19 14:02:00";-292737
"893032";"27:8:1";"Exp60_291_IS32234";"Exp60_291_IS32234";NA;"2023-10-19 14:16:00";-292737
"893033";"27:8:1";"Exp60_291_IS32234";"Exp60_291_IS32234";NA;"2023-10-19 14:32:00";-292737
"893034";"27:8:1";"Exp60_291_IS32234";"Exp60_291_IS32234";NA;"2023-10-19 14:46:00";-292737
"893035";"27:8:1";"Exp60_291_IS32234";"Exp60_291_IS32234";NA;"2023-10-19 15:02:00";-292737
"893036";"27:8:1";"Exp60_291_IS32234";"Exp60_291_IS32234";NA;"2023-10-19 15:16:00";-292737
"893037";"27:8:1";"Exp60_291_IS32234";"Exp60_291_IS32234";NA;"2023-10-19 15:32:00";-292737
"893038";"27:8:1";"Exp60_291_IS32234";"Exp60_291_IS32234";NA;"2023-10-19 15:46:00";-292737
"893039";"27:8:1";"Exp60_291_IS32234";"Exp60_291_IS32234";NA;"2023-10-19 16:02:00";-292737
"893040";"27:8:1";"Exp60_291_IS32234";"Exp60_291_IS32234";NA;"2023-10-19 16:16:00";-292737
"893041";"27:8:1";"Exp60_291_IS32234";"Exp60_291_IS32234";NA;"2023-10-19 16:47:00";-292737
"893042";"27:8:1";"Exp60_291_IS32234";"Exp60_291_IS32234";NA;"2023-10-19 17:01:00";-292737
"893043";"27:8:1";"Exp60_291_IS32234";"Exp60_291_IS32234";NA;"2023-10-19 17:17:00";-292737
"893044";"27:8:1";"Exp60_291_IS32234";"Exp60_291_IS32234";NA;"2023-10-19 17:31:00";-292737
"893045";"27:8:1";"Exp60_291_IS32234";"Exp60_291_IS32234";NA;"2023-10-19 17:47:00";-292737
"893046";"27:8:1";"Exp60_291_IS32234";"Exp60_291_IS32234";NA;"2023-10-19 18:01:00";-292737
"893047";"27:8:1";"Exp60_291_IS32234";"Exp60_291_IS32234";NA;"2023-10-20 01:31:00";-292737
"893048";"27:8:1";"Exp60_291_IS32234";"Exp60_291_IS32234";NA;"2023-10-20 01:47:00";-292737
"893049";"27:8:1";"Exp60_291_IS32234";"Exp60_291_IS32234";NA;"2023-10-20 02:01:00";-292737
"893050";"27:8:1";"Exp60_291_IS32234";"Exp60_291_IS32234";NA;"2023-10-20 02:17:00";-292737
"893051";"27:8:1";"Exp60_291_IS32234";"Exp60_291_IS32234";NA;"2023-10-20 02:31:00";-292737
"893052";"27:8:1";"Exp60_291_IS32234";"Exp60_291_IS32234";NA;"2023-10-20 02:47:00";-292737
"893053";"27:8:1";"Exp60_291_IS32234";"Exp60_291_IS32234";NA;"2023-10-20 03:01:00";-292737
"893054";"27:8:1";"Exp60_291_IS32234";"Exp60_291_IS32234";NA;"2023-10-20 03:47:00";-292737
"893055";"27:8:1";"Exp60_291_IS32234";"Exp60_291_IS32234";NA;"2023-10-20 04:01:00";-292737
"893056";"27:8:1";"Exp60_291_IS32234";"Exp60_291_IS32234";NA;"2023-10-20 04:32:00";-292737
"893057";"27:8:1";"Exp60_291_IS32234";"Exp60_291_IS32234";NA;"2023-10-20 04:46:00";-292737
"893058";"27:8:1";"Exp60_291_IS32234";"Exp60_291_IS32234";NA;"2023-10-20 05:02:00";-292737
"893059";"27:8:1";"Exp60_291_IS32234";"Exp60_291_IS32234";NA;"2023-10-20 05:16:00";-292737
"893060";"27:8:1";"Exp60_291_IS32234";"Exp60_291_IS32234";NA;"2023-10-20 05:32:00";-292737
"893061";"27:8:1";"Exp60_291_IS32234";"Exp60_291_IS32234";NA;"2023-10-20 05:46:00";-292737
"893062";"27:8:1";"Exp60_291_IS32234";"Exp60_291_IS32234";NA;"2023-10-20 06:02:00";-292737
"893063";"27:8:1";"Exp60_291_IS32234";"Exp60_291_IS32234";NA;"2023-10-20 06:16:00";-292737
"893064";"27:8:1";"Exp60_291_IS32234";"Exp60_291_IS32234";NA;"2023-10-20 06:32:00";-292737
"893065";"27:8:1";"Exp60_291_IS32234";"Exp60_291_IS32234";NA;"2023-10-20 06:46:00";-292737
"893066";"27:8:1";"Exp60_291_IS32234";"Exp60_291_IS32234";NA;"2023-10-20 07:02:00";-292737
"893067";"27:8:1";"Exp60_291_IS32234";"Exp60_291_IS32234";NA;"2023-10-20 07:16:00";-292737
"893068";"27:8:1";"Exp60_291_IS32234";"Exp60_291_IS32234";NA;"2023-10-20 07:47:00";-292737
"893069";"27:8:1";"Exp60_291_IS32234";"Exp60_291_IS32234";NA;"2023-10-20 08:01:00";-292737
"893070";"27:8:1";"Exp60_291_IS32234";"Exp60_291_IS32234";NA;"2023-10-20 08:17:00";-292737
"893071";"27:8:1";"Exp60_291_IS32234";"Exp60_291_IS32234";NA;"2023-10-20 08:31:00";-292737
"893072";"27:8:1";"Exp60_291_IS32234";"Exp60_291_IS32234";NA;"2023-10-20 08:47:00";-292737
"893073";"27:8:1";"Exp60_291_IS32234";"Exp60_291_IS32234";NA;"2023-10-20 09:01:00";-292737
"893074";"27:8:1";"Exp60_291_IS32234";"Exp60_291_IS32234";NA;"2023-10-20 13:46:00";-292737
"893075";"27:8:1";"Exp60_291_IS32234";"Exp60_291_IS32234";NA;"2023-10-20 15:31:00";-292737
"893076";"27:8:1";"Exp60_291_IS32234";"Exp60_291_IS32234";NA;"2023-10-20 15:47:00";-292737
"893077";"27:8:1";"Exp60_291_IS32234";"Exp60_291_IS32234";NA;"2023-10-20 16:01:00";-292737
"893078";"27:8:1";"Exp60_291_IS32234";"Exp60_291_IS32234";NA;"2023-10-20 16:17:00";-292737
"893079";"27:8:1";"Exp60_291_IS32234";"Exp60_291_IS32234";NA;"2023-10-20 16:31:00";-292737
"893080";"27:8:1";"Exp60_291_IS32234";"Exp60_291_IS32234";NA;"2023-10-20 16:47:00";-292737
"893081";"27:8:1";"Exp60_291_IS32234";"Exp60_291_IS32234";NA;"2023-10-20 17:01:00";-292737
"893082";"27:8:1";"Exp60_291_IS32234";"Exp60_291_IS32234";NA;"2023-10-20 23:31:00";-292737
"893083";"27:8:1";"Exp60_291_IS32234";"Exp60_291_IS32234";NA;"2023-10-20 23:47:00";-292737
"893084";"27:8:1";"Exp60_291_IS32234";"Exp60_291_IS32234";NA;"2023-10-21 00:01:00";-292737
"893085";"27:8:1";"Exp60_291_IS32234";"Exp60_291_IS32234";NA;"2023-10-21 00:17:00";-292737
"893086";"27:8:1";"Exp60_291_IS32234";"Exp60_291_IS32234";NA;"2023-10-21 00:31:00";-292737
"893087";"27:8:1";"Exp60_291_IS32234";"Exp60_291_IS32234";NA;"2023-10-21 01:17:00";-292737
"893088";"27:8:1";"Exp60_291_IS32234";"Exp60_291_IS32234";NA;"2023-10-21 01:31:00";-292737
"893089";"27:8:1";"Exp60_291_IS32234";"Exp60_291_IS32234";NA;"2023-10-21 01:47:00";-292737
"893090";"27:8:1";"Exp60_291_IS32234";"Exp60_291_IS32234";NA;"2023-10-21 02:01:00";-292737
"893091";"27:8:1";"Exp60_291_IS32234";"Exp60_291_IS32234";NA;"2023-10-21 08:31:00";-292737
"893092";"27:8:1";"Exp60_291_IS32234";"Exp60_291_IS32234";NA;"2023-10-21 08:47:00";-292737
"893093";"27:8:1";"Exp60_291_IS32234";"Exp60_291_IS32234";NA;"2023-10-21 09:01:00";-292737
"893094";"27:8:1";"Exp60_291_IS32234";"Exp60_291_IS32234";NA;"2023-10-21 09:17:00";-292737
"893095";"27:8:1";"Exp60_291_IS32234";"Exp60_291_IS32234";NA;"2023-10-21 09:31:00";-292737
"893096";"27:8:1";"Exp60_291_IS32234";"Exp60_291_IS32234";NA;"2023-10-21 09:47:00";-292737
"893097";"27:8:1";"Exp60_291_IS32234";"Exp60_291_IS32234";NA;"2023-10-21 10:01:00";-292737
"893098";"27:8:1";"Exp60_291_IS32234";"Exp60_291_IS32234";NA;"2023-10-21 10:32:00";-292737
"893099";"27:8:1";"Exp60_291_IS32234";"Exp60_291_IS32234";NA;"2023-10-21 10:46:00";-292737
"893100";"27:8:1";"Exp60_291_IS32234";"Exp60_291_IS32234";NA;"2023-10-21 17:01:00";-292737
"893101";"27:8:1";"Exp60_291_IS32234";"Exp60_291_IS32234";NA;"2023-10-21 17:32:00";-292737
"893102";"27:8:1";"Exp60_291_IS32234";"Exp60_291_IS32234";NA;"2023-10-21 17:46:00";-292737
"893103";"27:8:1";"Exp60_291_IS32234";"Exp60_291_IS32234";NA;"2023-10-21 18:02:00";-292737
"893104";"27:8:1";"Exp60_291_IS32234";"Exp60_291_IS32234";NA;"2023-10-21 18:16:00";-292737
"893105";"27:8:1";"Exp60_291_IS32234";"Exp60_291_IS32234";NA;"2023-10-21 18:32:00";-292737
"893106";"27:8:1";"Exp60_291_IS32234";"Exp60_291_IS32234";NA;"2023-10-21 18:46:00";-292737
"893107";"27:8:1";"Exp60_291_IS32234";"Exp60_291_IS32234";NA;"2023-10-21 19:02:00";-292737
"893108";"27:8:1";"Exp60_291_IS32234";"Exp60_291_IS32234";NA;"2023-10-21 19:16:00";-292737
"893109";"27:8:1";"Exp60_291_IS32234";"Exp60_291_IS32234";NA;"2023-10-21 19:32:00";-292737
"893110";"27:8:1";"Exp60_291_IS32234";"Exp60_291_IS32234";NA;"2023-10-21 19:46:00";-292737
"893111";"27:8:1";"Exp60_291_IS32234";"Exp60_291_IS32234";NA;"2023-10-21 20:02:00";-292737
"893112";"27:8:1";"Exp60_291_IS32234";"Exp60_291_IS32234";NA;"2023-10-21 20:16:00";-292737
"893113";"27:8:1";"Exp60_291_IS32234";"Exp60_291_IS32234";NA;"2023-10-21 20:32:00";-292737
"893114";"27:8:1";"Exp60_291_IS32234";"Exp60_291_IS32234";NA;"2023-10-21 20:46:00";-292737
"893115";"27:8:2";"Exp60_48_IS5106";"Exp60_48_IS5106";NA;"2023-09-22 10:17:00";81028,9
"893116";"27:8:2";"Exp60_48_IS5106";"Exp60_48_IS5106";NA;"2023-09-22 10:31:00";81008,5
"893117";"27:8:2";"Exp60_48_IS5106";"Exp60_48_IS5106";NA;"2023-09-22 10:47:00";80987,9
"893118";"27:8:2";"Exp60_48_IS5106";"Exp60_48_IS5106";NA;"2023-09-22 11:01:00";80968,2
"893119";"27:8:2";"Exp60_48_IS5106";"Exp60_48_IS5106";NA;"2023-09-22 11:32:00";80909,1
"893120";"27:8:2";"Exp60_48_IS5106";"Exp60_48_IS5106";NA;"2023-09-22 11:46:00";80892,5
"893121";"27:8:2";"Exp60_48_IS5106";"Exp60_48_IS5106";NA;"2023-09-22 12:02:00";80852,4
"893122";"27:8:2";"Exp60_48_IS5106";"Exp60_48_IS5106";NA;"2023-09-22 12:16:00";80840,3
"893123";"27:8:2";"Exp60_48_IS5106";"Exp60_48_IS5106";NA;"2023-09-22 12:32:00";80804,2
"893124";"27:8:2";"Exp60_48_IS5106";"Exp60_48_IS5106";NA;"2023-09-22 12:46:00";80792,5
"893125";"27:8:2";"Exp60_48_IS5106";"Exp60_48_IS5106";NA;"2023-09-22 13:02:00";80761,3
"893126";"27:8:2";"Exp60_48_IS5106";"Exp60_48_IS5106";NA;"2023-09-22 13:16:00";80739,5
"893127";"27:8:2";"Exp60_48_IS5106";"Exp60_48_IS5106";NA;"2023-09-22 13:32:00";80736,6
"893128";"27:8:2";"Exp60_48_IS5106";"Exp60_48_IS5106";NA;"2023-09-22 13:46:00";80703,4
"893129";"27:8:2";"Exp60_48_IS5106";"Exp60_48_IS5106";NA;"2023-09-22 20:31:00";80560,4
"893130";"27:8:2";"Exp60_48_IS5106";"Exp60_48_IS5106";NA;"2023-09-22 20:47:00";80560,2
"893131";"27:8:2";"Exp60_48_IS5106";"Exp60_48_IS5106";NA;"2023-09-22 21:01:00";80559,8
"893132";"27:8:2";"Exp60_48_IS5106";"Exp60_48_IS5106";NA;"2023-09-22 21:17:00";80560
"893133";"27:8:2";"Exp60_48_IS5106";"Exp60_48_IS5106";NA;"2023-09-22 21:31:00";80557,9
"893134";"27:8:2";"Exp60_48_IS5106";"Exp60_48_IS5106";NA;"2023-09-22 21:47:00";80558,3
"893135";"27:8:2";"Exp60_48_IS5106";"Exp60_48_IS5106";NA;"2023-09-22 22:01:00";80558,3
"893136";"27:8:2";"Exp60_48_IS5106";"Exp60_48_IS5106";NA;"2023-09-22 22:17:00";80559,8
"893137";"27:8:2";"Exp60_48_IS5106";"Exp60_48_IS5106";NA;"2023-09-22 22:31:00";80558
"893138";"27:8:2";"Exp60_48_IS5106";"Exp60_48_IS5106";NA;"2023-09-22 22:47:00";80558,6
"893139";"27:8:2";"Exp60_48_IS5106";"Exp60_48_IS5106";NA;"2023-09-22 23:01:00";80559,9
"893140";"27:8:2";"Exp60_48_IS5106";"Exp60_48_IS5106";NA;"2023-09-22 23:17:00";80560,5
"893141";"27:8:2";"Exp60_48_IS5106";"Exp60_48_IS5106";NA;"2023-09-22 23:31:00";80559,5
"893142";"27:8:2";"Exp60_48_IS5106";"Exp60_48_IS5106";NA;"2023-09-22 23:47:00";80558,4
"893143";"27:8:2";"Exp60_48_IS5106";"Exp60_48_IS5106";NA;"2023-09-23 00:01:00";80558,2
"893144";"27:8:2";"Exp60_48_IS5106";"Exp60_48_IS5106";NA;"2023-09-23 00:17:00";80553,8
"893145";"27:8:2";"Exp60_48_IS5106";"Exp60_48_IS5106";NA;"2023-09-23 01:01:00";80559,4
"893146";"27:8:2";"Exp60_48_IS5106";"Exp60_48_IS5106";NA;"2023-09-23 01:17:00";80565,2
"893147";"27:8:2";"Exp60_48_IS5106";"Exp60_48_IS5106";NA;"2023-09-23 01:31:00";80564,3
"893148";"27:8:2";"Exp60_48_IS5106";"Exp60_48_IS5106";NA;"2023-09-23 01:47:00";80568,2
"893149";"27:8:2";"Exp60_48_IS5106";"Exp60_48_IS5106";NA;"2023-09-23 02:01:00";80572,8
"893150";"27:8:2";"Exp60_48_IS5106";"Exp60_48_IS5106";NA;"2023-09-23 02:17:00";80576,6
"893151";"27:8:2";"Exp60_48_IS5106";"Exp60_48_IS5106";NA;"2023-09-23 02:31:00";80574,7
"893152";"27:8:2";"Exp60_48_IS5106";"Exp60_48_IS5106";NA;"2023-09-23 02:47:00";80573,8
"893153";"27:8:2";"Exp60_48_IS5106";"Exp60_48_IS5106";NA;"2023-09-23 03:01:00";80571,4
"893154";"27:8:2";"Exp60_48_IS5106";"Exp60_48_IS5106";NA;"2023-09-23 03:17:00";80569,7
"893155";"27:8:2";"Exp60_48_IS5106";"Exp60_48_IS5106";NA;"2023-09-23 03:31:00";80569,5
"893156";"27:8:2";"Exp60_48_IS5106";"Exp60_48_IS5106";NA;"2023-09-23 03:47:00";80566,8
"893157";"27:8:2";"Exp60_48_IS5106";"Exp60_48_IS5106";NA;"2023-09-23 04:16:00";80572,4
"893158";"27:8:2";"Exp60_48_IS5106";"Exp60_48_IS5106";NA;"2023-09-23 04:32:00";80576,2
"893159";"27:8:2";"Exp60_48_IS5106";"Exp60_48_IS5106";NA;"2023-09-23 04:46:00";80574,2
"893160";"27:8:2";"Exp60_48_IS5106";"Exp60_48_IS5106";NA;"2023-09-23 05:02:00";80574,9
"893161";"27:8:2";"Exp60_48_IS5106";"Exp60_48_IS5106";NA;"2023-09-23 05:16:00";80576,4
"893162";"27:8:2";"Exp60_48_IS5106";"Exp60_48_IS5106";NA;"2023-09-23 05:32:00";80578,1
"893163";"27:8:2";"Exp60_48_IS5106";"Exp60_48_IS5106";NA;"2023-09-23 05:46:00";80576,7
"893164";"27:8:2";"Exp60_48_IS5106";"Exp60_48_IS5106";NA;"2023-09-23 06:02:00";80577,8
"893165";"27:8:2";"Exp60_48_IS5106";"Exp60_48_IS5106";NA;"2023-09-23 06:16:00";80577,2
"893166";"27:8:2";"Exp60_48_IS5106";"Exp60_48_IS5106";NA;"2023-09-23 06:32:00";80575,3
"893167";"27:8:2";"Exp60_48_IS5106";"Exp60_48_IS5106";NA;"2023-09-23 06:46:00";80572,4
"893168";"27:8:2";"Exp60_48_IS5106";"Exp60_48_IS5106";NA;"2023-09-23 07:02:00";80567
"893169";"27:8:2";"Exp60_48_IS5106";"Exp60_48_IS5106";NA;"2023-09-23 07:16:00";80557,1
"893170";"27:8:2";"Exp60_48_IS5106";"Exp60_48_IS5106";NA;"2023-09-23 07:32:00";80543,5
"893171";"27:8:2";"Exp60_48_IS5106";"Exp60_48_IS5106";NA;"2023-09-23 07:46:00";80544,2
"893172";"27:8:2";"Exp60_48_IS5106";"Exp60_48_IS5106";NA;"2023-09-23 08:02:00";80538,3
"893173";"27:8:2";"Exp60_48_IS5106";"Exp60_48_IS5106";NA;"2023-09-23 08:16:00";80523,4
"893174";"27:8:2";"Exp60_48_IS5106";"Exp60_48_IS5106";NA;"2023-09-23 08:32:00";80516,5
"893175";"27:8:2";"Exp60_48_IS5106";"Exp60_48_IS5106";NA;"2023-09-23 08:46:00";80513,4
"893176";"27:8:2";"Exp60_48_IS5106";"Exp60_48_IS5106";NA;"2023-09-23 09:02:00";80511,3
"893177";"27:8:2";"Exp60_48_IS5106";"Exp60_48_IS5106";NA;"2023-09-23 09:16:00";80508,3
"893178";"27:8:2";"Exp60_48_IS5106";"Exp60_48_IS5106";NA;"2023-09-23 14:01:00";80125,4
"893179";"27:8:2";"Exp60_48_IS5106";"Exp60_48_IS5106";NA;"2023-09-23 14:17:00";80100,1
"893180";"27:8:2";"Exp60_48_IS5106";"Exp60_48_IS5106";NA;"2023-09-23 14:31:00";80081,3
"893181";"27:8:2";"Exp60_48_IS5106";"Exp60_48_IS5106";NA;"2023-09-23 14:47:00";80070,2
"893182";"27:8:2";"Exp60_48_IS5106";"Exp60_48_IS5106";NA;"2023-09-23 15:01:00";80050,1
"893183";"27:8:2";"Exp60_48_IS5106";"Exp60_48_IS5106";NA;"2023-09-23 15:32:00";80035,1
"893184";"27:8:2";"Exp60_48_IS5106";"Exp60_48_IS5106";NA;"2023-09-23 15:46:00";80020,7
"893185";"27:8:2";"Exp60_48_IS5106";"Exp60_48_IS5106";NA;"2023-09-23 16:17:00";79998,8
"893186";"27:8:2";"Exp60_48_IS5106";"Exp60_48_IS5106";NA;"2023-09-23 16:31:00";79999,9
"893187";"27:8:2";"Exp60_48_IS5106";"Exp60_48_IS5106";NA;"2023-09-23 16:47:00";79993,9
"893188";"27:8:2";"Exp60_48_IS5106";"Exp60_48_IS5106";NA;"2023-09-23 17:01:00";79987,9
"893189";"27:8:2";"Exp60_48_IS5106";"Exp60_48_IS5106";NA;"2023-09-23 17:17:00";79982,1
"893190";"27:8:2";"Exp60_48_IS5106";"Exp60_48_IS5106";NA;"2023-09-23 17:31:00";79979,1
"893191";"27:8:2";"Exp60_48_IS5106";"Exp60_48_IS5106";NA;"2023-09-23 17:47:00";79979,8
"893192";"27:8:2";"Exp60_48_IS5106";"Exp60_48_IS5106";NA;"2023-09-23 18:01:00";79972,1
"893193";"27:8:2";"Exp60_48_IS5106";"Exp60_48_IS5106";NA;"2023-09-23 18:17:00";79965,6
"893194";"27:8:2";"Exp60_48_IS5106";"Exp60_48_IS5106";NA;"2023-09-23 18:31:00";79965,7
"893195";"27:8:2";"Exp60_48_IS5106";"Exp60_48_IS5106";NA;"2023-09-23 18:47:00";79963,8
"893196";"27:8:2";"Exp60_48_IS5106";"Exp60_48_IS5106";NA;"2023-09-23 19:01:00";79964,5
"893197";"27:8:2";"Exp60_48_IS5106";"Exp60_48_IS5106";NA;"2023-09-23 19:17:00";79958,1
"893198";"27:8:2";"Exp60_48_IS5106";"Exp60_48_IS5106";NA;"2023-09-23 19:31:00";79956,9
"893199";"27:8:2";"Exp60_48_IS5106";"Exp60_48_IS5106";NA;"2023-09-23 20:02:00";79954,9
"893200";"27:8:2";"Exp60_48_IS5106";"Exp60_48_IS5106";NA;"2023-09-23 20:16:00";79952
"893201";"27:8:2";"Exp60_48_IS5106";"Exp60_48_IS5106";NA;"2023-09-23 20:32:00";79950,1
"893202";"27:8:2";"Exp60_48_IS5106";"Exp60_48_IS5106";NA;"2023-09-23 20:46:00";79949,1
"893203";"27:8:2";"Exp60_48_IS5106";"Exp60_48_IS5106";NA;"2023-09-23 21:02:00";79947,9
"893204";"27:8:2";"Exp60_48_IS5106";"Exp60_48_IS5106";NA;"2023-09-23 21:16:00";79945,7
"893205";"27:8:2";"Exp60_48_IS5106";"Exp60_48_IS5106";NA;"2023-09-23 21:32:00";79946
"893206";"27:8:2";"Exp60_48_IS5106";"Exp60_48_IS5106";NA;"2023-09-23 21:46:00";79942,8
"893207";"27:8:2";"Exp60_48_IS5106";"Exp60_48_IS5106";NA;"2023-09-23 22:02:00";79943,4
"893208";"27:8:2";"Exp60_48_IS5106";"Exp60_48_IS5106";NA;"2023-09-23 22:16:00";79942,5
"893209";"27:8:2";"Exp60_48_IS5106";"Exp60_48_IS5106";NA;"2023-09-23 23:17:00";79936,9
"893210";"27:8:2";"Exp60_48_IS5106";"Exp60_48_IS5106";NA;"2023-09-23 23:31:00";79938,6
"893211";"27:8:2";"Exp60_48_IS5106";"Exp60_48_IS5106";NA;"2023-09-23 23:47:00";79947,5
"893212";"27:8:2";"Exp60_48_IS5106";"Exp60_48_IS5106";NA;"2023-09-24 00:01:00";79942,2
"893213";"27:8:2";"Exp60_48_IS5106";"Exp60_48_IS5106";NA;"2023-09-24 00:17:00";79939
"893214";"27:8:2";"Exp60_48_IS5106";"Exp60_48_IS5106";NA;"2023-09-24 00:31:00";79939,5
"893215";"27:8:2";"Exp60_48_IS5106";"Exp60_48_IS5106";NA;"2023-09-24 00:47:00";79937,8
"893216";"27:8:2";"Exp60_48_IS5106";"Exp60_48_IS5106";NA;"2023-09-24 01:01:00";79937,3
"893217";"27:8:2";"Exp60_48_IS5106";"Exp60_48_IS5106";NA;"2023-09-24 01:17:00";79930,5
"893218";"27:8:2";"Exp60_48_IS5106";"Exp60_48_IS5106";NA;"2023-09-24 01:31:00";79928,9
"893219";"27:8:2";"Exp60_48_IS5106";"Exp60_48_IS5106";NA;"2023-09-24 01:47:00";79930,2
"893220";"27:8:2";"Exp60_48_IS5106";"Exp60_48_IS5106";NA;"2023-09-24 02:01:00";79930,6
"893221";"27:8:2";"Exp60_48_IS5106";"Exp60_48_IS5106";NA;"2023-09-24 02:17:00";79929,2
"893222";"27:8:2";"Exp60_48_IS5106";"Exp60_48_IS5106";NA;"2023-09-24 02:31:00";79927,9
"893223";"27:8:2";"Exp60_48_IS5106";"Exp60_48_IS5106";NA;"2023-09-24 02:47:00";79924,2
"893224";"27:8:2";"Exp60_48_IS5106";"Exp60_48_IS5106";NA;"2023-09-24 03:01:00";79923,6
"893225";"27:8:2";"Exp60_48_IS5106";"Exp60_48_IS5106";NA;"2023-09-24 10:01:00";79839,4
"893226";"27:8:2";"Exp60_48_IS5106";"Exp60_48_IS5106";NA;"2023-09-24 10:17:00";79801
"893227";"27:8:2";"Exp60_48_IS5106";"Exp60_48_IS5106";NA;"2023-09-24 10:31:00";79784,1
"893228";"27:8:2";"Exp60_48_IS5106";"Exp60_48_IS5106";NA;"2023-09-24 10:47:00";79677,1
"893229";"27:8:2";"Exp60_48_IS5106";"Exp60_48_IS5106";NA;"2023-09-24 11:01:00";79727,7
"893230";"27:8:2";"Exp60_48_IS5106";"Exp60_48_IS5106";NA;"2023-09-24 11:17:00";79741,8
"893231";"27:8:2";"Exp60_48_IS5106";"Exp60_48_IS5106";NA;"2023-09-24 11:31:00";79721
"893232";"27:8:2";"Exp60_48_IS5106";"Exp60_48_IS5106";NA;"2023-09-24 11:47:00";79654,7
"893233";"27:8:2";"Exp60_48_IS5106";"Exp60_48_IS5106";NA;"2023-09-24 12:01:00";79637,6
"893234";"27:8:2";"Exp60_48_IS5106";"Exp60_48_IS5106";NA;"2023-09-24 12:17:00";79644,8
"893235";"27:8:2";"Exp60_48_IS5106";"Exp60_48_IS5106";NA;"2023-09-24 12:31:00";79641,4
"893236";"27:8:2";"Exp60_48_IS5106";"Exp60_48_IS5106";NA;"2023-09-24 12:47:00";79648,5
"893237";"27:8:2";"Exp60_48_IS5106";"Exp60_48_IS5106";NA;"2023-09-24 13:01:00";79653,6
"893238";"27:8:2";"Exp60_48_IS5106";"Exp60_48_IS5106";NA;"2023-09-24 13:17:00";79645,8
"893239";"27:8:2";"Exp60_48_IS5106";"Exp60_48_IS5106";NA;"2023-09-24 13:31:00";79615,3
"893240";"27:8:2";"Exp60_48_IS5106";"Exp60_48_IS5106";NA;"2023-09-24 13:47:00";79611,2
"893241";"27:8:2";"Exp60_48_IS5106";"Exp60_48_IS5106";NA;"2023-09-24 14:01:00";79616,9
"893242";"27:8:2";"Exp60_48_IS5106";"Exp60_48_IS5106";NA;"2023-09-24 14:17:00";79634,7
"893243";"27:8:2";"Exp60_48_IS5106";"Exp60_48_IS5106";NA;"2023-09-24 14:31:00";79681
"893244";"27:8:2";"Exp60_48_IS5106";"Exp60_48_IS5106";NA;"2023-09-24 14:47:00";79714,8
"893245";"27:8:2";"Exp60_48_IS5106";"Exp60_48_IS5106";NA;"2023-09-24 15:01:00";79704,1
"893246";"27:8:2";"Exp60_48_IS5106";"Exp60_48_IS5106";NA;"2023-09-24 15:17:00";79702,1
"893247";"27:8:2";"Exp60_48_IS5106";"Exp60_48_IS5106";NA;"2023-09-24 15:31:00";79698,8
"893248";"27:8:2";"Exp60_48_IS5106";"Exp60_48_IS5106";NA;"2023-09-24 15:47:00";79681,2
"893249";"27:8:2";"Exp60_48_IS5106";"Exp60_48_IS5106";NA;"2023-09-24 16:01:00";79664
"893250";"27:8:2";"Exp60_48_IS5106";"Exp60_48_IS5106";NA;"2023-09-24 22:31:00";79907,6
"893251";"27:8:2";"Exp60_48_IS5106";"Exp60_48_IS5106";NA;"2023-09-24 22:47:00";79907,6
"893252";"27:8:2";"Exp60_48_IS5106";"Exp60_48_IS5106";NA;"2023-09-24 23:01:00";79908
"893253";"27:8:2";"Exp60_48_IS5106";"Exp60_48_IS5106";NA;"2023-09-24 23:17:00";79909,3
"893254";"27:8:2";"Exp60_48_IS5106";"Exp60_48_IS5106";NA;"2023-09-24 23:31:00";79909,9
"893255";"27:8:2";"Exp60_48_IS5106";"Exp60_48_IS5106";NA;"2023-09-24 23:47:00";79909,8
"893256";"27:8:2";"Exp60_48_IS5106";"Exp60_48_IS5106";NA;"2023-09-25 00:01:00";79907,4
"893257";"27:8:2";"Exp60_48_IS5106";"Exp60_48_IS5106";NA;"2023-09-25 00:17:00";79908,3
"893258";"27:8:2";"Exp60_48_IS5106";"Exp60_48_IS5106";NA;"2023-09-25 00:31:00";79908
"893259";"27:8:2";"Exp60_48_IS5106";"Exp60_48_IS5106";NA;"2023-09-25 00:47:00";79906,8
"893260";"27:8:2";"Exp60_48_IS5106";"Exp60_48_IS5106";NA;"2023-09-25 01:01:00";79910,6
"893261";"27:8:2";"Exp60_48_IS5106";"Exp60_48_IS5106";NA;"2023-09-25 01:17:00";79911,4
"893262";"27:8:2";"Exp60_48_IS5106";"Exp60_48_IS5106";NA;"2023-09-25 01:31:00";79909,9
"893263";"27:8:2";"Exp60_48_IS5106";"Exp60_48_IS5106";NA;"2023-09-25 01:47:00";79909,9
"893264";"27:8:2";"Exp60_48_IS5106";"Exp60_48_IS5106";NA;"2023-09-25 02:01:00";79907,8
"893265";"27:8:2";"Exp60_48_IS5106";"Exp60_48_IS5106";NA;"2023-09-25 03:02:00";79913,8
"893266";"27:8:2";"Exp60_48_IS5106";"Exp60_48_IS5106";NA;"2023-09-25 03:16:00";79913,8
"893267";"27:8:2";"Exp60_48_IS5106";"Exp60_48_IS5106";NA;"2023-09-25 04:32:00";79907,9
"893268";"27:8:2";"Exp60_48_IS5106";"Exp60_48_IS5106";NA;"2023-09-25 04:46:00";79907,8
"893269";"27:8:2";"Exp60_48_IS5106";"Exp60_48_IS5106";NA;"2023-09-25 05:17:00";79906,5
"893270";"27:8:2";"Exp60_48_IS5106";"Exp60_48_IS5106";NA;"2023-09-25 05:31:00";79907,8
"893271";"27:8:2";"Exp60_48_IS5106";"Exp60_48_IS5106";NA;"2023-09-25 05:47:00";79909,2
"893272";"27:8:2";"Exp60_48_IS5106";"Exp60_48_IS5106";NA;"2023-09-25 06:01:00";79909,8
"893273";"27:8:2";"Exp60_48_IS5106";"Exp60_48_IS5106";NA;"2023-09-25 06:17:00";79908,8
"893274";"27:8:2";"Exp60_48_IS5106";"Exp60_48_IS5106";NA;"2023-09-25 06:31:00";79907,9
"893275";"27:8:2";"Exp60_48_IS5106";"Exp60_48_IS5106";NA;"2023-09-25 06:47:00";79903,4
"893276";"27:8:2";"Exp60_48_IS5106";"Exp60_48_IS5106";NA;"2023-09-25 07:01:00";79896,6
"893277";"27:8:2";"Exp60_48_IS5106";"Exp60_48_IS5106";NA;"2023-09-25 07:17:00";79892,9
"893278";"27:8:2";"Exp60_48_IS5106";"Exp60_48_IS5106";NA;"2023-09-25 07:31:00";79893
"893279";"27:8:2";"Exp60_48_IS5106";"Exp60_48_IS5106";NA;"2023-09-25 07:47:00";79887,5
"893280";"27:8:2";"Exp60_48_IS5106";"Exp60_48_IS5106";NA;"2023-09-25 08:01:00";79882,6
"893281";"27:8:2";"Exp60_48_IS5106";"Exp60_48_IS5106";NA;"2023-09-25 14:46:00";79460,8
"893282";"27:8:2";"Exp60_48_IS5106";"Exp60_48_IS5106";NA;"2023-09-25 15:02:00";79439,4
"893283";"27:8:2";"Exp60_48_IS5106";"Exp60_48_IS5106";NA;"2023-09-25 15:16:00";79435,8
"893284";"27:8:2";"Exp60_48_IS5106";"Exp60_48_IS5106";NA;"2023-09-25 15:32:00";79400,7
"893285";"27:8:2";"Exp60_48_IS5106";"Exp60_48_IS5106";NA;"2023-09-25 15:46:00";79415,7
"893286";"27:8:2";"Exp60_48_IS5106";"Exp60_48_IS5106";NA;"2023-09-25 16:02:00";79420
"893287";"27:8:2";"Exp60_48_IS5106";"Exp60_48_IS5106";NA;"2023-09-25 17:16:00";79431,8
"893288";"27:8:2";"Exp60_48_IS5106";"Exp60_48_IS5106";NA;"2023-09-25 17:32:00";79431,4
"893289";"27:8:2";"Exp60_48_IS5106";"Exp60_48_IS5106";NA;"2023-09-25 17:46:00";79432,3
"893290";"27:8:2";"Exp60_48_IS5106";"Exp60_48_IS5106";NA;"2023-09-25 18:02:00";79433
"893291";"27:8:2";"Exp60_48_IS5106";"Exp60_48_IS5106";NA;"2023-09-25 19:01:00";79436,7
"893292";"27:8:2";"Exp60_48_IS5106";"Exp60_48_IS5106";NA;"2023-09-25 19:17:00";79435,7
"893293";"27:8:2";"Exp60_48_IS5106";"Exp60_48_IS5106";NA;"2023-09-25 19:31:00";79437,5
"893294";"27:8:2";"Exp60_48_IS5106";"Exp60_48_IS5106";NA;"2023-09-25 19:47:00";79438,7
"893295";"27:8:2";"Exp60_48_IS5106";"Exp60_48_IS5106";NA;"2023-09-25 20:01:00";79438,5
"893296";"27:8:2";"Exp60_48_IS5106";"Exp60_48_IS5106";NA;"2023-09-25 20:17:00";79440,1
"893297";"27:8:2";"Exp60_48_IS5106";"Exp60_48_IS5106";NA;"2023-09-25 20:31:00";79439,5
"893298";"27:8:2";"Exp60_48_IS5106";"Exp60_48_IS5106";NA;"2023-09-25 20:47:00";79440,1
"893299";"27:8:2";"Exp60_48_IS5106";"Exp60_48_IS5106";NA;"2023-09-25 21:16:00";79443
"893300";"27:8:2";"Exp60_48_IS5106";"Exp60_48_IS5106";NA;"2023-09-25 21:32:00";79444,1
"893301";"27:8:2";"Exp60_48_IS5106";"Exp60_48_IS5106";NA;"2023-09-25 21:46:00";79445,2
"893302";"27:8:2";"Exp60_48_IS5106";"Exp60_48_IS5106";NA;"2023-09-25 22:02:00";79446,2
"893303";"27:8:2";"Exp60_48_IS5106";"Exp60_48_IS5106";NA;"2023-09-25 22:16:00";79445,5
"893304";"27:8:2";"Exp60_48_IS5106";"Exp60_48_IS5106";NA;"2023-09-25 22:32:00";79445
"893305";"27:8:2";"Exp60_48_IS5106";"Exp60_48_IS5106";NA;"2023-09-25 22:46:00";79444,7
"893306";"27:8:2";"Exp60_48_IS5106";"Exp60_48_IS5106";NA;"2023-09-25 23:02:00";79445,6
"893307";"27:8:2";"Exp60_48_IS5106";"Exp60_48_IS5106";NA;"2023-09-25 23:16:00";79445,9
"893308";"27:8:2";"Exp60_48_IS5106";"Exp60_48_IS5106";NA;"2023-09-25 23:32:00";79446
"893309";"27:8:2";"Exp60_48_IS5106";"Exp60_48_IS5106";NA;"2023-09-25 23:46:00";79447,3
"893310";"27:8:2";"Exp60_48_IS5106";"Exp60_48_IS5106";NA;"2023-09-26 00:02:00";79441,5
"893311";"27:8:2";"Exp60_48_IS5106";"Exp60_48_IS5106";NA;"2023-09-26 00:16:00";79440,3
"893312";"27:8:2";"Exp60_48_IS5106";"Exp60_48_IS5106";NA;"2023-09-26 00:32:00";79440,1
"893313";"27:8:2";"Exp60_48_IS5106";"Exp60_48_IS5106";NA;"2023-09-26 00:46:00";79444,7
"893314";"27:8:2";"Exp60_48_IS5106";"Exp60_48_IS5106";NA;"2023-09-26 01:02:00";79450,1
"893315";"27:8:2";"Exp60_48_IS5106";"Exp60_48_IS5106";NA;"2023-09-26 01:16:00";79449,6
"893316";"27:8:2";"Exp60_48_IS5106";"Exp60_48_IS5106";NA;"2023-09-26 01:32:00";79451,9
"893317";"27:8:2";"Exp60_48_IS5106";"Exp60_48_IS5106";NA;"2023-09-26 01:46:00";79450,5
"893318";"27:8:2";"Exp60_48_IS5106";"Exp60_48_IS5106";NA;"2023-09-26 02:02:00";79450,9
"893319";"27:8:2";"Exp60_48_IS5106";"Exp60_48_IS5106";NA;"2023-09-26 02:16:00";79448
"893320";"27:8:2";"Exp60_48_IS5106";"Exp60_48_IS5106";NA;"2023-09-26 02:32:00";79447,6
"893321";"27:8:2";"Exp60_48_IS5106";"Exp60_48_IS5106";NA;"2023-09-26 02:46:00";79448,3
"893322";"27:8:2";"Exp60_48_IS5106";"Exp60_48_IS5106";NA;"2023-09-26 03:02:00";79448
"893323";"27:8:2";"Exp60_48_IS5106";"Exp60_48_IS5106";NA;"2023-09-26 03:16:00";79447,4
"893324";"27:8:2";"Exp60_48_IS5106";"Exp60_48_IS5106";NA;"2023-09-26 03:32:00";79450,1
"893325";"27:8:2";"Exp60_48_IS5106";"Exp60_48_IS5106";NA;"2023-09-26 03:46:00";79451,5
"893326";"27:8:2";"Exp60_48_IS5106";"Exp60_48_IS5106";NA;"2023-09-26 04:02:00";79451,2
"893327";"27:8:2";"Exp60_48_IS5106";"Exp60_48_IS5106";NA;"2023-09-26 04:16:00";79452,5
"893328";"27:8:2";"Exp60_48_IS5106";"Exp60_48_IS5106";NA;"2023-09-26 04:32:00";79451,3
"893329";"27:8:2";"Exp60_48_IS5106";"Exp60_48_IS5106";NA;"2023-09-26 04:46:00";79448,7
"893330";"27:8:2";"Exp60_48_IS5106";"Exp60_48_IS5106";NA;"2023-09-26 05:02:00";79449,1
"893331";"27:8:2";"Exp60_48_IS5106";"Exp60_48_IS5106";NA;"2023-09-26 05:16:00";79448,8
"893332";"27:8:2";"Exp60_48_IS5106";"Exp60_48_IS5106";NA;"2023-09-26 05:32:00";79448,9
"893333";"27:8:2";"Exp60_48_IS5106";"Exp60_48_IS5106";NA;"2023-09-26 05:46:00";79448,2
"893334";"27:8:2";"Exp60_48_IS5106";"Exp60_48_IS5106";NA;"2023-09-26 06:02:00";79446,9
"893335";"27:8:2";"Exp60_48_IS5106";"Exp60_48_IS5106";NA;"2023-09-26 06:16:00";79447,7
"893336";"27:8:2";"Exp60_48_IS5106";"Exp60_48_IS5106";NA;"2023-09-26 06:32:00";79443,4
"893337";"27:8:2";"Exp60_48_IS5106";"Exp60_48_IS5106";NA;"2023-09-26 06:46:00";79438,4
"893338";"27:8:2";"Exp60_48_IS5106";"Exp60_48_IS5106";NA;"2023-09-26 07:02:00";79435,5
"893339";"27:8:2";"Exp60_48_IS5106";"Exp60_48_IS5106";NA;"2023-09-26 07:16:00";79428,8
"893340";"27:8:2";"Exp60_48_IS5106";"Exp60_48_IS5106";NA;"2023-09-26 07:47:00";79430,1
"893341";"27:8:2";"Exp60_48_IS5106";"Exp60_48_IS5106";NA;"2023-09-26 08:01:00";79421
"893342";"27:8:2";"Exp60_48_IS5106";"Exp60_48_IS5106";NA;"2023-09-26 08:17:00";79411,2
"893343";"27:8:2";"Exp60_48_IS5106";"Exp60_48_IS5106";NA;"2023-09-26 08:31:00";79409,7
"893344";"27:8:2";"Exp60_48_IS5106";"Exp60_48_IS5106";NA;"2023-09-26 09:02:00";79394,3
"893345";"27:8:2";"Exp60_48_IS5106";"Exp60_48_IS5106";NA;"2023-09-26 09:16:00";79375,5
"893346";"27:8:2";"Exp60_48_IS5106";"Exp60_48_IS5106";NA;"2023-09-26 09:32:00";79363,5
"893347";"27:8:2";"Exp60_48_IS5106";"Exp60_48_IS5106";NA;"2023-09-26 09:46:00";79328,8
"893348";"27:8:2";"Exp60_48_IS5106";"Exp60_48_IS5106";NA;"2023-09-26 10:02:00";79318,2
"893349";"27:8:2";"Exp60_48_IS5106";"Exp60_48_IS5106";NA;"2023-09-26 10:16:00";79260,4
"893350";"27:8:2";"Exp60_48_IS5106";"Exp60_48_IS5106";NA;"2023-09-26 10:32:00";79260,5
"893351";"27:8:2";"Exp60_48_IS5106";"Exp60_48_IS5106";NA;"2023-09-26 10:46:00";79274,4
"893352";"27:8:2";"Exp60_48_IS5106";"Exp60_48_IS5106";NA;"2023-09-26 11:02:00";79197,4
"893353";"27:8:2";"Exp60_48_IS5106";"Exp60_48_IS5106";NA;"2023-09-26 11:16:00";79193,5
"893354";"27:8:2";"Exp60_48_IS5106";"Exp60_48_IS5106";NA;"2023-09-26 11:47:00";79166
"893355";"27:8:2";"Exp60_48_IS5106";"Exp60_48_IS5106";NA;"2023-09-26 12:01:00";79155,4
"893356";"27:8:2";"Exp60_48_IS5106";"Exp60_48_IS5106";NA;"2023-09-26 12:17:00";79173,8
"893357";"27:8:2";"Exp60_48_IS5106";"Exp60_48_IS5106";NA;"2023-09-26 12:31:00";79160,9
"893358";"27:8:2";"Exp60_48_IS5106";"Exp60_48_IS5106";NA;"2023-09-26 12:47:00";79116,7
"893359";"27:8:2";"Exp60_48_IS5106";"Exp60_48_IS5106";NA;"2023-09-26 13:01:00";79118,2
"893360";"27:8:2";"Exp60_48_IS5106";"Exp60_48_IS5106";NA;"2023-09-26 13:32:00";79136,9
"893361";"27:8:2";"Exp60_48_IS5106";"Exp60_48_IS5106";NA;"2023-09-26 13:46:00";79121,3
"893362";"27:8:2";"Exp60_48_IS5106";"Exp60_48_IS5106";NA;"2023-09-26 14:02:00";79107,1
"893363";"27:8:2";"Exp60_48_IS5106";"Exp60_48_IS5106";NA;"2023-09-26 14:16:00";79104,4
"893364";"27:8:2";"Exp60_48_IS5106";"Exp60_48_IS5106";NA;"2023-09-26 14:32:00";79093,6
"893365";"27:8:2";"Exp60_48_IS5106";"Exp60_48_IS5106";NA;"2023-09-26 14:46:00";79099,8
"893366";"27:8:2";"Exp60_48_IS5106";"Exp60_48_IS5106";NA;"2023-09-26 15:02:00";79091
"893367";"27:8:2";"Exp60_48_IS5106";"Exp60_48_IS5106";NA;"2023-09-26 15:16:00";79093,9
"893368";"27:8:2";"Exp60_48_IS5106";"Exp60_48_IS5106";NA;"2023-09-26 15:32:00";79093,6
"893369";"27:8:2";"Exp60_48_IS5106";"Exp60_48_IS5106";NA;"2023-09-26 15:46:00";79195,7
"893370";"27:8:2";"Exp60_48_IS5106";"Exp60_48_IS5106";NA;"2023-09-26 16:02:00";79930,3
"893371";"27:8:2";"Exp60_48_IS5106";"Exp60_48_IS5106";NA;"2023-09-26 16:16:00";80339,2
"893372";"27:8:2";"Exp60_48_IS5106";"Exp60_48_IS5106";NA;"2023-09-26 22:01:00";80269,3
"893373";"27:8:2";"Exp60_48_IS5106";"Exp60_48_IS5106";NA;"2023-09-26 22:17:00";80268,9
"893374";"27:8:2";"Exp60_48_IS5106";"Exp60_48_IS5106";NA;"2023-09-26 22:31:00";80270,3
"893375";"27:8:2";"Exp60_48_IS5106";"Exp60_48_IS5106";NA;"2023-09-26 22:47:00";80268,3
"893376";"27:8:2";"Exp60_48_IS5106";"Exp60_48_IS5106";NA;"2023-09-26 23:01:00";80268,7
"893377";"27:8:2";"Exp60_48_IS5106";"Exp60_48_IS5106";NA;"2023-09-26 23:17:00";80269,3
"893378";"27:8:2";"Exp60_48_IS5106";"Exp60_48_IS5106";NA;"2023-09-26 23:31:00";80268,7
"893379";"27:8:2";"Exp60_48_IS5106";"Exp60_48_IS5106";NA;"2023-09-26 23:47:00";80268,1
"893380";"27:8:2";"Exp60_48_IS5106";"Exp60_48_IS5106";NA;"2023-09-27 00:31:00";80267,8
"893381";"27:8:2";"Exp60_48_IS5106";"Exp60_48_IS5106";NA;"2023-09-27 00:47:00";80267,2
"893382";"27:8:2";"Exp60_48_IS5106";"Exp60_48_IS5106";NA;"2023-09-27 01:01:00";80268,1
"893383";"27:8:2";"Exp60_48_IS5106";"Exp60_48_IS5106";NA;"2023-09-27 01:17:00";80267,7
"893384";"27:8:2";"Exp60_48_IS5106";"Exp60_48_IS5106";NA;"2023-09-27 01:31:00";80267,4
"893385";"27:8:2";"Exp60_48_IS5106";"Exp60_48_IS5106";NA;"2023-09-27 01:47:00";80267
"893386";"27:8:2";"Exp60_48_IS5106";"Exp60_48_IS5106";NA;"2023-09-27 02:01:00";80267,5
"893387";"27:8:2";"Exp60_48_IS5106";"Exp60_48_IS5106";NA;"2023-09-27 02:17:00";80266,9
"893388";"27:8:2";"Exp60_48_IS5106";"Exp60_48_IS5106";NA;"2023-09-27 02:31:00";80266,9
"893389";"27:8:2";"Exp60_48_IS5106";"Exp60_48_IS5106";NA;"2023-09-27 02:47:00";80266,3
"893390";"27:8:2";"Exp60_48_IS5106";"Exp60_48_IS5106";NA;"2023-09-27 03:01:00";80266,9
"893391";"27:8:2";"Exp60_48_IS5106";"Exp60_48_IS5106";NA;"2023-09-27 03:17:00";80267,2
"893392";"27:8:2";"Exp60_48_IS5106";"Exp60_48_IS5106";NA;"2023-09-27 03:31:00";80268,1
"893393";"27:8:2";"Exp60_48_IS5106";"Exp60_48_IS5106";NA;"2023-09-27 03:47:00";80269
"893394";"27:8:2";"Exp60_48_IS5106";"Exp60_48_IS5106";NA;"2023-09-27 04:01:00";80269
"893395";"27:8:2";"Exp60_48_IS5106";"Exp60_48_IS5106";NA;"2023-09-27 04:17:00";80268,3
"893396";"27:8:2";"Exp60_48_IS5106";"Exp60_48_IS5106";NA;"2023-09-27 04:31:00";80265,2
"893397";"27:8:2";"Exp60_48_IS5106";"Exp60_48_IS5106";NA;"2023-09-27 04:47:00";80266,1
"893398";"27:8:2";"Exp60_48_IS5106";"Exp60_48_IS5106";NA;"2023-09-27 05:01:00";80267,5
"893399";"27:8:2";"Exp60_48_IS5106";"Exp60_48_IS5106";NA;"2023-09-27 05:17:00";80268,4
"893400";"27:8:2";"Exp60_48_IS5106";"Exp60_48_IS5106";NA;"2023-09-27 05:31:00";80268,4
"893401";"27:8:2";"Exp60_48_IS5106";"Exp60_48_IS5106";NA;"2023-09-27 05:47:00";80269,1
"893402";"27:8:2";"Exp60_48_IS5106";"Exp60_48_IS5106";NA;"2023-09-27 06:01:00";80266,7
"893403";"27:8:2";"Exp60_48_IS5106";"Exp60_48_IS5106";NA;"2023-09-27 06:17:00";80268,4
"893404";"27:8:2";"Exp60_48_IS5106";"Exp60_48_IS5106";NA;"2023-09-27 06:31:00";80266,1
"893405";"27:8:2";"Exp60_48_IS5106";"Exp60_48_IS5106";NA;"2023-09-27 06:47:00";80263,7
"893406";"27:8:2";"Exp60_48_IS5106";"Exp60_48_IS5106";NA;"2023-09-27 07:01:00";80258,7
"893407";"27:8:2";"Exp60_48_IS5106";"Exp60_48_IS5106";NA;"2023-09-27 07:32:00";80238,2
"893408";"27:8:2";"Exp60_48_IS5106";"Exp60_48_IS5106";NA;"2023-09-27 07:46:00";80226,4
"893409";"27:8:2";"Exp60_48_IS5106";"Exp60_48_IS5106";NA;"2023-09-27 08:02:00";80212,8
"893410";"27:8:2";"Exp60_48_IS5106";"Exp60_48_IS5106";NA;"2023-09-27 08:16:00";80200,1
"893411";"27:8:2";"Exp60_48_IS5106";"Exp60_48_IS5106";NA;"2023-09-27 08:32:00";80190,6
"893412";"27:8:2";"Exp60_48_IS5106";"Exp60_48_IS5106";NA;"2023-09-27 08:46:00";80169,1
"893413";"27:8:2";"Exp60_48_IS5106";"Exp60_48_IS5106";NA;"2023-09-27 09:02:00";80116,8
"893414";"27:8:2";"Exp60_48_IS5106";"Exp60_48_IS5106";NA;"2023-09-27 09:16:00";80088
"893415";"27:8:2";"Exp60_48_IS5106";"Exp60_48_IS5106";NA;"2023-09-27 15:46:00";80717,8
"893416";"27:8:2";"Exp60_48_IS5106";"Exp60_48_IS5106";NA;"2023-09-27 16:02:00";81375,4
"893417";"27:8:2";"Exp60_48_IS5106";"Exp60_48_IS5106";NA;"2023-09-27 16:16:00";81540,1
"893418";"27:8:2";"Exp60_48_IS5106";"Exp60_48_IS5106";NA;"2023-09-27 16:32:00";81333,3
"893419";"27:8:2";"Exp60_48_IS5106";"Exp60_48_IS5106";NA;"2023-09-27 16:46:00";81189,2
"893420";"27:8:2";"Exp60_48_IS5106";"Exp60_48_IS5106";NA;"2023-09-27 17:17:00";80896,9
"893421";"27:8:2";"Exp60_48_IS5106";"Exp60_48_IS5106";NA;"2023-09-27 17:31:00";80825,4
"893422";"27:8:2";"Exp60_48_IS5106";"Exp60_48_IS5106";NA;"2023-09-27 17:47:00";80765,6
"893423";"27:8:2";"Exp60_48_IS5106";"Exp60_48_IS5106";NA;"2023-09-27 18:01:00";80719,5
"893424";"27:8:2";"Exp60_48_IS5106";"Exp60_48_IS5106";NA;"2023-09-27 18:17:00";80674,8
"893425";"27:8:2";"Exp60_48_IS5106";"Exp60_48_IS5106";NA;"2023-09-27 18:31:00";80660,8
"893426";"27:8:2";"Exp60_48_IS5106";"Exp60_48_IS5106";NA;"2023-09-27 18:47:00";80670,4
"893427";"27:8:2";"Exp60_48_IS5106";"Exp60_48_IS5106";NA;"2023-09-27 19:01:00";80651,5
"893428";"27:8:2";"Exp60_48_IS5106";"Exp60_48_IS5106";NA;"2023-09-27 19:17:00";80631,9
"893429";"27:8:2";"Exp60_48_IS5106";"Exp60_48_IS5106";NA;"2023-09-27 19:31:00";80623,3
"893430";"27:8:2";"Exp60_48_IS5106";"Exp60_48_IS5106";NA;"2023-09-27 19:47:00";80637,9
"893431";"27:8:2";"Exp60_48_IS5106";"Exp60_48_IS5106";NA;"2023-09-27 20:01:00";80633,6
"893432";"27:8:2";"Exp60_48_IS5106";"Exp60_48_IS5106";NA;"2023-09-27 20:17:00";80633,7
"893433";"27:8:2";"Exp60_48_IS5106";"Exp60_48_IS5106";NA;"2023-09-27 20:31:00";80645,5
"893434";"27:8:2";"Exp60_48_IS5106";"Exp60_48_IS5106";NA;"2023-09-27 20:47:00";80642,3
"893435";"27:8:2";"Exp60_48_IS5106";"Exp60_48_IS5106";NA;"2023-09-27 21:01:00";80629,9
"893436";"27:8:2";"Exp60_48_IS5106";"Exp60_48_IS5106";NA;"2023-09-28 01:31:00";80541,1
"893437";"27:8:2";"Exp60_48_IS5106";"Exp60_48_IS5106";NA;"2023-09-28 01:47:00";80536,7
"893438";"27:8:2";"Exp60_48_IS5106";"Exp60_48_IS5106";NA;"2023-09-28 02:01:00";80530,8
"893439";"27:8:2";"Exp60_48_IS5106";"Exp60_48_IS5106";NA;"2023-09-28 02:17:00";80528,7
"893440";"27:8:2";"Exp60_48_IS5106";"Exp60_48_IS5106";NA;"2023-09-28 02:31:00";80530,9
"893441";"27:8:2";"Exp60_48_IS5106";"Exp60_48_IS5106";NA;"2023-09-28 03:17:00";80526,9
"893442";"27:8:2";"Exp60_48_IS5106";"Exp60_48_IS5106";NA;"2023-09-28 03:31:00";80526,2
"893443";"27:8:2";"Exp60_48_IS5106";"Exp60_48_IS5106";NA;"2023-09-28 03:47:00";80525,8
"893444";"27:8:2";"Exp60_48_IS5106";"Exp60_48_IS5106";NA;"2023-09-28 04:01:00";80526,1
"893445";"27:8:2";"Exp60_48_IS5106";"Exp60_48_IS5106";NA;"2023-09-28 04:17:00";80524,6
"893446";"27:8:2";"Exp60_48_IS5106";"Exp60_48_IS5106";NA;"2023-09-28 04:31:00";80522,9
"893447";"27:8:2";"Exp60_48_IS5106";"Exp60_48_IS5106";NA;"2023-09-28 04:47:00";80525,6
"893448";"27:8:2";"Exp60_48_IS5106";"Exp60_48_IS5106";NA;"2023-09-28 05:01:00";80525,1
"893449";"27:8:2";"Exp60_48_IS5106";"Exp60_48_IS5106";NA;"2023-09-28 05:17:00";80525,1
"893450";"27:8:2";"Exp60_48_IS5106";"Exp60_48_IS5106";NA;"2023-09-28 05:31:00";80526,3
"893451";"27:8:2";"Exp60_48_IS5106";"Exp60_48_IS5106";NA;"2023-09-28 05:47:00";80526
"893452";"27:8:2";"Exp60_48_IS5106";"Exp60_48_IS5106";NA;"2023-09-28 06:01:00";80527,5
"893453";"27:8:2";"Exp60_48_IS5106";"Exp60_48_IS5106";NA;"2023-09-28 06:17:00";80526
"893454";"27:8:2";"Exp60_48_IS5106";"Exp60_48_IS5106";NA;"2023-09-28 07:16:00";80477,2
"893455";"27:8:2";"Exp60_48_IS5106";"Exp60_48_IS5106";NA;"2023-09-28 07:32:00";80458,9
"893456";"27:8:2";"Exp60_48_IS5106";"Exp60_48_IS5106";NA;"2023-09-28 08:16:00";80393
"893457";"27:8:2";"Exp60_48_IS5106";"Exp60_48_IS5106";NA;"2023-09-28 08:47:00";80344,5
"893458";"27:8:2";"Exp60_48_IS5106";"Exp60_48_IS5106";NA;"2023-09-28 09:01:00";80291,2
"893459";"27:8:2";"Exp60_48_IS5106";"Exp60_48_IS5106";NA;"2023-09-28 16:16:00";79644,9
"893460";"27:8:2";"Exp60_48_IS5106";"Exp60_48_IS5106";NA;"2023-09-28 16:47:00";79630,1
"893461";"27:8:2";"Exp60_48_IS5106";"Exp60_48_IS5106";NA;"2023-09-28 17:01:00";79643
"893462";"27:8:2";"Exp60_48_IS5106";"Exp60_48_IS5106";NA;"2023-09-28 17:17:00";79651,5
"893463";"27:8:2";"Exp60_48_IS5106";"Exp60_48_IS5106";NA;"2023-09-28 17:31:00";79650,9
"893464";"27:8:2";"Exp60_48_IS5106";"Exp60_48_IS5106";NA;"2023-09-28 18:02:00";79651,9
"893465";"27:8:2";"Exp60_48_IS5106";"Exp60_48_IS5106";NA;"2023-09-28 18:16:00";79662,4
"893466";"27:8:2";"Exp60_48_IS5106";"Exp60_48_IS5106";NA;"2023-09-28 18:32:00";79758
"893467";"27:8:2";"Exp60_48_IS5106";"Exp60_48_IS5106";NA;"2023-09-28 18:46:00";79790,1
"893468";"27:8:2";"Exp60_48_IS5106";"Exp60_48_IS5106";NA;"2023-09-28 19:02:00";79823,3
"893469";"27:8:2";"Exp60_48_IS5106";"Exp60_48_IS5106";NA;"2023-09-28 19:16:00";79828,4
"893470";"27:8:2";"Exp60_48_IS5106";"Exp60_48_IS5106";NA;"2023-09-28 19:32:00";79847,3
"893471";"27:8:2";"Exp60_48_IS5106";"Exp60_48_IS5106";NA;"2023-09-28 19:46:00";79859,4
"893472";"27:8:2";"Exp60_48_IS5106";"Exp60_48_IS5106";NA;"2023-09-28 20:02:00";79861,3
"893473";"27:8:2";"Exp60_48_IS5106";"Exp60_48_IS5106";NA;"2023-09-28 20:16:00";79865,1
"893474";"27:8:2";"Exp60_48_IS5106";"Exp60_48_IS5106";NA;"2023-09-28 20:32:00";79867,4
"893475";"27:8:2";"Exp60_48_IS5106";"Exp60_48_IS5106";NA;"2023-09-28 20:46:00";79865,2
"893476";"27:8:2";"Exp60_48_IS5106";"Exp60_48_IS5106";NA;"2023-09-28 21:02:00";79858,1
"893477";"27:8:2";"Exp60_48_IS5106";"Exp60_48_IS5106";NA;"2023-09-28 21:16:00";79851
"893478";"27:8:2";"Exp60_48_IS5106";"Exp60_48_IS5106";NA;"2023-09-28 21:32:00";79845,2
"893479";"27:8:2";"Exp60_48_IS5106";"Exp60_48_IS5106";NA;"2023-09-28 21:46:00";79847
"893480";"27:8:2";"Exp60_48_IS5106";"Exp60_48_IS5106";NA;"2023-09-28 22:17:00";79846,5
"893481";"27:8:2";"Exp60_48_IS5106";"Exp60_48_IS5106";NA;"2023-09-28 22:31:00";79840,9
"893482";"27:8:2";"Exp60_48_IS5106";"Exp60_48_IS5106";NA;"2023-09-28 22:47:00";79838,9
"893483";"27:8:2";"Exp60_48_IS5106";"Exp60_48_IS5106";NA;"2023-09-28 23:01:00";79837,9
"893484";"27:8:2";"Exp60_48_IS5106";"Exp60_48_IS5106";NA;"2023-09-28 23:17:00";79835,8
"893485";"27:8:2";"Exp60_48_IS5106";"Exp60_48_IS5106";NA;"2023-09-28 23:31:00";79834,2
"893486";"27:8:2";"Exp60_48_IS5106";"Exp60_48_IS5106";NA;"2023-09-29 00:17:00";79829,2
"893487";"27:8:2";"Exp60_48_IS5106";"Exp60_48_IS5106";NA;"2023-09-29 00:31:00";79829,2
"893488";"27:8:2";"Exp60_48_IS5106";"Exp60_48_IS5106";NA;"2023-09-29 00:47:00";79829,8
"893489";"27:8:2";"Exp60_48_IS5106";"Exp60_48_IS5106";NA;"2023-09-29 01:01:00";79826,9
"893490";"27:8:2";"Exp60_48_IS5106";"Exp60_48_IS5106";NA;"2023-09-29 01:17:00";79827
"893491";"27:8:2";"Exp60_48_IS5106";"Exp60_48_IS5106";NA;"2023-09-29 01:31:00";79826,9
"893492";"27:8:2";"Exp60_48_IS5106";"Exp60_48_IS5106";NA;"2023-09-29 01:47:00";79824,2
"893493";"27:8:2";"Exp60_48_IS5106";"Exp60_48_IS5106";NA;"2023-09-29 02:01:00";79820,3
"893494";"27:8:2";"Exp60_48_IS5106";"Exp60_48_IS5106";NA;"2023-09-29 02:17:00";79819,6
"893495";"27:8:2";"Exp60_48_IS5106";"Exp60_48_IS5106";NA;"2023-09-29 02:31:00";79820,5
"893496";"27:8:2";"Exp60_48_IS5106";"Exp60_48_IS5106";NA;"2023-09-29 02:47:00";79814,7
"893497";"27:8:2";"Exp60_48_IS5106";"Exp60_48_IS5106";NA;"2023-09-29 03:01:00";79814,1
"893498";"27:8:2";"Exp60_48_IS5106";"Exp60_48_IS5106";NA;"2023-09-29 03:47:00";79815,1
"893499";"27:8:2";"Exp60_48_IS5106";"Exp60_48_IS5106";NA;"2023-09-29 04:01:00";79815,8
"893500";"27:8:2";"Exp60_48_IS5106";"Exp60_48_IS5106";NA;"2023-09-29 04:17:00";79816,6
"893501";"27:8:2";"Exp60_48_IS5106";"Exp60_48_IS5106";NA;"2023-09-29 04:31:00";79814,8
"893502";"27:8:2";"Exp60_48_IS5106";"Exp60_48_IS5106";NA;"2023-09-29 12:31:00";79500,1
"893503";"27:8:2";"Exp60_48_IS5106";"Exp60_48_IS5106";NA;"2023-09-29 18:46:00";79627,3
"893504";"27:8:2";"Exp60_48_IS5106";"Exp60_48_IS5106";NA;"2023-09-29 19:17:00";79619,5
"893505";"27:8:2";"Exp60_48_IS5106";"Exp60_48_IS5106";NA;"2023-09-29 19:31:00";79619,5
"893506";"27:8:2";"Exp60_48_IS5106";"Exp60_48_IS5106";NA;"2023-09-29 19:47:00";79601,8
"893507";"27:8:2";"Exp60_48_IS5106";"Exp60_48_IS5106";NA;"2023-09-29 20:01:00";79603,4
"893508";"27:8:2";"Exp60_48_IS5106";"Exp60_48_IS5106";NA;"2023-09-29 20:17:00";79593,2
"893509";"27:8:2";"Exp60_48_IS5106";"Exp60_48_IS5106";NA;"2023-09-29 20:31:00";79594,8
"893510";"27:8:2";"Exp60_48_IS5106";"Exp60_48_IS5106";NA;"2023-09-29 21:02:00";79589
"893511";"27:8:2";"Exp60_48_IS5106";"Exp60_48_IS5106";NA;"2023-09-29 21:16:00";79585
"893512";"27:8:2";"Exp60_48_IS5106";"Exp60_48_IS5106";NA;"2023-09-29 21:32:00";79584,3
"893513";"27:8:2";"Exp60_48_IS5106";"Exp60_48_IS5106";NA;"2023-09-29 21:46:00";79582,7
"893514";"27:8:2";"Exp60_48_IS5106";"Exp60_48_IS5106";NA;"2023-09-29 22:02:00";79581,4
"893515";"27:8:2";"Exp60_48_IS5106";"Exp60_48_IS5106";NA;"2023-09-29 22:16:00";79578,7
"893516";"27:8:2";"Exp60_48_IS5106";"Exp60_48_IS5106";NA;"2023-09-29 22:32:00";79578,4
"893517";"27:8:2";"Exp60_48_IS5106";"Exp60_48_IS5106";NA;"2023-09-29 22:46:00";79577,7
"893518";"27:8:2";"Exp60_48_IS5106";"Exp60_48_IS5106";NA;"2023-09-29 23:02:00";79576,7
"893519";"27:8:2";"Exp60_48_IS5106";"Exp60_48_IS5106";NA;"2023-09-29 23:16:00";79573,4
"893520";"27:8:2";"Exp60_48_IS5106";"Exp60_48_IS5106";NA;"2023-09-29 23:32:00";79570,5
"893521";"27:8:2";"Exp60_48_IS5106";"Exp60_48_IS5106";NA;"2023-09-29 23:46:00";79567,9
"893522";"27:8:2";"Exp60_48_IS5106";"Exp60_48_IS5106";NA;"2023-09-30 00:02:00";79567,1
"893523";"27:8:2";"Exp60_48_IS5106";"Exp60_48_IS5106";NA;"2023-09-30 00:16:00";79566,4
"893524";"27:8:2";"Exp60_48_IS5106";"Exp60_48_IS5106";NA;"2023-09-30 00:32:00";79564
"893525";"27:8:2";"Exp60_48_IS5106";"Exp60_48_IS5106";NA;"2023-09-30 00:46:00";79563,7
"893526";"27:8:2";"Exp60_48_IS5106";"Exp60_48_IS5106";NA;"2023-09-30 01:02:00";79560,3
"893527";"27:8:2";"Exp60_48_IS5106";"Exp60_48_IS5106";NA;"2023-09-30 01:16:00";79560,3
"893528";"27:8:2";"Exp60_48_IS5106";"Exp60_48_IS5106";NA;"2023-09-30 01:32:00";79557,1
"893529";"27:8:2";"Exp60_48_IS5106";"Exp60_48_IS5106";NA;"2023-09-30 01:46:00";79594,7
"893530";"27:8:2";"Exp60_48_IS5106";"Exp60_48_IS5106";NA;"2023-09-30 08:46:00";79770,1
"893531";"27:8:2";"Exp60_48_IS5106";"Exp60_48_IS5106";NA;"2023-09-30 09:02:00";79770,2
"893532";"27:8:2";"Exp60_48_IS5106";"Exp60_48_IS5106";NA;"2023-09-30 09:16:00";79738,4
"893533";"27:8:2";"Exp60_48_IS5106";"Exp60_48_IS5106";NA;"2023-09-30 09:32:00";79732,8
"893534";"27:8:2";"Exp60_48_IS5106";"Exp60_48_IS5106";NA;"2023-09-30 09:46:00";79723,7
"893535";"27:8:2";"Exp60_48_IS5106";"Exp60_48_IS5106";NA;"2023-09-30 10:02:00";79703,9
"893536";"27:8:2";"Exp60_48_IS5106";"Exp60_48_IS5106";NA;"2023-09-30 10:16:00";79712,4
"893537";"27:8:2";"Exp60_48_IS5106";"Exp60_48_IS5106";NA;"2023-09-30 10:32:00";79836
"893538";"27:8:2";"Exp60_48_IS5106";"Exp60_48_IS5106";NA;"2023-09-30 10:46:00";79934,8
"893539";"27:8:2";"Exp60_48_IS5106";"Exp60_48_IS5106";NA;"2023-09-30 11:02:00";79851,4
"893540";"27:8:2";"Exp60_48_IS5106";"Exp60_48_IS5106";NA;"2023-09-30 11:16:00";79694,1
"893541";"27:8:2";"Exp60_48_IS5106";"Exp60_48_IS5106";NA;"2023-09-30 11:32:00";79879,2
"893542";"27:8:2";"Exp60_48_IS5106";"Exp60_48_IS5106";NA;"2023-09-30 11:46:00";79707,8
"893543";"27:8:2";"Exp60_48_IS5106";"Exp60_48_IS5106";NA;"2023-09-30 19:01:00";81198,4
"893544";"27:8:2";"Exp60_48_IS5106";"Exp60_48_IS5106";NA;"2023-09-30 19:17:00";81181,8
"893545";"27:8:2";"Exp60_48_IS5106";"Exp60_48_IS5106";NA;"2023-09-30 19:31:00";81159,2
"893546";"27:8:2";"Exp60_48_IS5106";"Exp60_48_IS5106";NA;"2023-09-30 19:47:00";81148,3
"893547";"27:8:2";"Exp60_48_IS5106";"Exp60_48_IS5106";NA;"2023-09-30 20:01:00";81129,6
"893548";"27:8:2";"Exp60_48_IS5106";"Exp60_48_IS5106";NA;"2023-09-30 20:17:00";81119,9
"893549";"27:8:2";"Exp60_48_IS5106";"Exp60_48_IS5106";NA;"2023-09-30 20:31:00";81107,8
"893550";"27:8:2";"Exp60_48_IS5106";"Exp60_48_IS5106";NA;"2023-09-30 20:47:00";81098,3
"893551";"27:8:2";"Exp60_48_IS5106";"Exp60_48_IS5106";NA;"2023-09-30 21:01:00";81092,1
"893552";"27:8:2";"Exp60_48_IS5106";"Exp60_48_IS5106";NA;"2023-09-30 21:32:00";81077
"893553";"27:8:2";"Exp60_48_IS5106";"Exp60_48_IS5106";NA;"2023-09-30 21:46:00";81069,7
"893554";"27:8:2";"Exp60_48_IS5106";"Exp60_48_IS5106";NA;"2023-09-30 22:02:00";81062
"893555";"27:8:2";"Exp60_48_IS5106";"Exp60_48_IS5106";NA;"2023-09-30 22:16:00";81057,5
"893556";"27:8:2";"Exp60_48_IS5106";"Exp60_48_IS5106";NA;"2023-09-30 22:32:00";81048,3
"893557";"27:8:2";"Exp60_48_IS5106";"Exp60_48_IS5106";NA;"2023-09-30 22:46:00";81041,9
"893558";"27:8:2";"Exp60_48_IS5106";"Exp60_48_IS5106";NA;"2023-09-30 23:02:00";81034,7
"893559";"27:8:2";"Exp60_48_IS5106";"Exp60_48_IS5106";NA;"2023-09-30 23:16:00";81028,1
"893560";"27:8:2";"Exp60_48_IS5106";"Exp60_48_IS5106";NA;"2023-09-30 23:32:00";81022,2
"893561";"27:8:2";"Exp60_48_IS5106";"Exp60_48_IS5106";NA;"2023-09-30 23:46:00";81023,7
"893562";"27:8:2";"Exp60_48_IS5106";"Exp60_48_IS5106";NA;"2023-10-01 00:02:00";81016
"893563";"27:8:2";"Exp60_48_IS5106";"Exp60_48_IS5106";NA;"2023-10-01 00:16:00";81008,3
"893564";"27:8:2";"Exp60_48_IS5106";"Exp60_48_IS5106";NA;"2023-10-01 00:32:00";80999,3
"893565";"27:8:2";"Exp60_48_IS5106";"Exp60_48_IS5106";NA;"2023-10-01 01:16:00";80986
"893566";"27:8:2";"Exp60_48_IS5106";"Exp60_48_IS5106";NA;"2023-10-01 01:32:00";80985,4
"893567";"27:8:2";"Exp60_48_IS5106";"Exp60_48_IS5106";NA;"2023-10-01 01:46:00";80981,1
"893568";"27:8:2";"Exp60_48_IS5106";"Exp60_48_IS5106";NA;"2023-10-01 02:02:00";80971,7
"893569";"27:8:2";"Exp60_48_IS5106";"Exp60_48_IS5106";NA;"2023-10-01 02:16:00";80966,5
"893570";"27:8:2";"Exp60_48_IS5106";"Exp60_48_IS5106";NA;"2023-10-01 02:32:00";80968,7
"893571";"27:8:2";"Exp60_48_IS5106";"Exp60_48_IS5106";NA;"2023-10-01 02:46:00";80962,6
"893572";"27:8:2";"Exp60_48_IS5106";"Exp60_48_IS5106";NA;"2023-10-01 09:31:00";80833,9
"893573";"27:8:2";"Exp60_48_IS5106";"Exp60_48_IS5106";NA;"2023-10-01 09:47:00";80815,9
"893574";"27:8:2";"Exp60_48_IS5106";"Exp60_48_IS5106";NA;"2023-10-01 10:01:00";80809,2
"893575";"27:8:2";"Exp60_48_IS5106";"Exp60_48_IS5106";NA;"2023-10-01 10:17:00";80773,7
"893576";"27:8:2";"Exp60_48_IS5106";"Exp60_48_IS5106";NA;"2023-10-01 10:31:00";80760,9
"893577";"27:8:2";"Exp60_48_IS5106";"Exp60_48_IS5106";NA;"2023-10-01 10:47:00";80715,3
"893578";"27:8:2";"Exp60_48_IS5106";"Exp60_48_IS5106";NA;"2023-10-01 11:01:00";80681,9
"893579";"27:8:2";"Exp60_48_IS5106";"Exp60_48_IS5106";NA;"2023-10-01 17:46:00";80175,3
"893580";"27:8:2";"Exp60_48_IS5106";"Exp60_48_IS5106";NA;"2023-10-01 18:02:00";80170
"893581";"27:8:2";"Exp60_48_IS5106";"Exp60_48_IS5106";NA;"2023-10-01 18:16:00";80163,8
"893582";"27:8:2";"Exp60_48_IS5106";"Exp60_48_IS5106";NA;"2023-10-01 18:32:00";80164
"893583";"27:8:2";"Exp60_48_IS5106";"Exp60_48_IS5106";NA;"2023-10-01 18:46:00";80160,2
"893584";"27:8:2";"Exp60_48_IS5106";"Exp60_48_IS5106";NA;"2023-10-01 19:02:00";80160,2
"893585";"27:8:2";"Exp60_48_IS5106";"Exp60_48_IS5106";NA;"2023-10-01 19:16:00";80156,4
"893586";"27:8:2";"Exp60_48_IS5106";"Exp60_48_IS5106";NA;"2023-10-01 19:32:00";80153,7
"893587";"27:8:2";"Exp60_48_IS5106";"Exp60_48_IS5106";NA;"2023-10-01 19:46:00";80152,3
"893588";"27:8:2";"Exp60_48_IS5106";"Exp60_48_IS5106";NA;"2023-10-01 20:02:00";80153,7
"893589";"27:8:2";"Exp60_48_IS5106";"Exp60_48_IS5106";NA;"2023-10-01 20:16:00";80144,8
"893590";"27:8:2";"Exp60_48_IS5106";"Exp60_48_IS5106";NA;"2023-10-01 20:32:00";80145,1
"893591";"27:8:2";"Exp60_48_IS5106";"Exp60_48_IS5106";NA;"2023-10-01 20:46:00";80141,8
"893592";"27:8:2";"Exp60_48_IS5106";"Exp60_48_IS5106";NA;"2023-10-01 21:02:00";80140,4
"893593";"27:8:2";"Exp60_48_IS5106";"Exp60_48_IS5106";NA;"2023-10-01 21:16:00";80124
"893594";"27:8:2";"Exp60_48_IS5106";"Exp60_48_IS5106";NA;"2023-10-01 21:32:00";80141,2
"893595";"27:8:2";"Exp60_48_IS5106";"Exp60_48_IS5106";NA;"2023-10-01 21:46:00";80132,8
"893596";"27:8:2";"Exp60_48_IS5106";"Exp60_48_IS5106";NA;"2023-10-01 22:02:00";80129,2
"893597";"27:8:2";"Exp60_48_IS5106";"Exp60_48_IS5106";NA;"2023-10-01 22:16:00";80135
"893598";"27:8:2";"Exp60_48_IS5106";"Exp60_48_IS5106";NA;"2023-10-01 22:32:00";80125,6
"893599";"27:8:2";"Exp60_48_IS5106";"Exp60_48_IS5106";NA;"2023-10-01 22:46:00";80123,4
"893600";"27:8:2";"Exp60_48_IS5106";"Exp60_48_IS5106";NA;"2023-10-01 23:17:00";80121,5
"893601";"27:8:2";"Exp60_48_IS5106";"Exp60_48_IS5106";NA;"2023-10-01 23:31:00";80120,7
"893602";"27:8:2";"Exp60_48_IS5106";"Exp60_48_IS5106";NA;"2023-10-02 07:01:00";80078,1
"893603";"27:8:2";"Exp60_48_IS5106";"Exp60_48_IS5106";NA;"2023-10-02 07:17:00";80076,2
"893604";"27:8:2";"Exp60_48_IS5106";"Exp60_48_IS5106";NA;"2023-10-02 07:31:00";80072,7
"893605";"27:8:2";"Exp60_48_IS5106";"Exp60_48_IS5106";NA;"2023-10-02 07:47:00";80055,8
"893606";"27:8:2";"Exp60_48_IS5106";"Exp60_48_IS5106";NA;"2023-10-02 08:01:00";80061,7
"893607";"27:8:2";"Exp60_48_IS5106";"Exp60_48_IS5106";NA;"2023-10-02 08:17:00";80051,3
"893608";"27:8:2";"Exp60_48_IS5106";"Exp60_48_IS5106";NA;"2023-10-02 08:31:00";80049,9
"893609";"27:8:2";"Exp60_48_IS5106";"Exp60_48_IS5106";NA;"2023-10-02 08:47:00";80042,3
"893610";"27:8:2";"Exp60_48_IS5106";"Exp60_48_IS5106";NA;"2023-10-02 09:01:00";80037,8
"893611";"27:8:2";"Exp60_48_IS5106";"Exp60_48_IS5106";NA;"2023-10-02 09:17:00";80024,4
"893612";"27:8:2";"Exp60_48_IS5106";"Exp60_48_IS5106";NA;"2023-10-02 09:31:00";80013,6
"893613";"27:8:2";"Exp60_48_IS5106";"Exp60_48_IS5106";NA;"2023-10-02 09:47:00";80015,2
"893614";"27:8:2";"Exp60_48_IS5106";"Exp60_48_IS5106";NA;"2023-10-02 10:01:00";80000,7
"893615";"27:8:2";"Exp60_48_IS5106";"Exp60_48_IS5106";NA;"2023-10-02 10:32:00";79987,2
"893616";"27:8:2";"Exp60_48_IS5106";"Exp60_48_IS5106";NA;"2023-10-02 10:46:00";79978,6
"893617";"27:8:2";"Exp60_48_IS5106";"Exp60_48_IS5106";NA;"2023-10-02 11:17:00";79957,1
"893618";"27:8:2";"Exp60_48_IS5106";"Exp60_48_IS5106";NA;"2023-10-02 11:31:00";79953,3
"893619";"27:8:2";"Exp60_48_IS5106";"Exp60_48_IS5106";NA;"2023-10-02 11:47:00";79932,9
"893620";"27:8:2";"Exp60_48_IS5106";"Exp60_48_IS5106";NA;"2023-10-02 12:01:00";79920,5
"893621";"27:8:2";"Exp60_48_IS5106";"Exp60_48_IS5106";NA;"2023-10-02 12:17:00";79903,2
"893622";"27:8:2";"Exp60_48_IS5106";"Exp60_48_IS5106";NA;"2023-10-02 12:31:00";79885
"893623";"27:8:2";"Exp60_48_IS5106";"Exp60_48_IS5106";NA;"2023-10-02 12:47:00";79875,1
"893624";"27:8:2";"Exp60_48_IS5106";"Exp60_48_IS5106";NA;"2023-10-02 13:01:00";79853,8
"893625";"27:8:2";"Exp60_48_IS5106";"Exp60_48_IS5106";NA;"2023-10-02 13:17:00";79834,4
"893626";"27:8:2";"Exp60_48_IS5106";"Exp60_48_IS5106";NA;"2023-10-02 13:31:00";79817,7
"893627";"27:8:2";"Exp60_48_IS5106";"Exp60_48_IS5106";NA;"2023-10-02 13:47:00";79795,1
"893628";"27:8:2";"Exp60_48_IS5106";"Exp60_48_IS5106";NA;"2023-10-02 14:01:00";79780,9
"893629";"27:8:2";"Exp60_48_IS5106";"Exp60_48_IS5106";NA;"2023-10-02 14:17:00";79765,8
"893630";"27:8:2";"Exp60_48_IS5106";"Exp60_48_IS5106";NA;"2023-10-02 14:31:00";79752,9
"893631";"27:8:2";"Exp60_48_IS5106";"Exp60_48_IS5106";NA;"2023-10-02 14:47:00";79735
"893632";"27:8:2";"Exp60_48_IS5106";"Exp60_48_IS5106";NA;"2023-10-02 15:01:00";79722
"893633";"27:8:2";"Exp60_48_IS5106";"Exp60_48_IS5106";NA;"2023-10-02 15:32:00";79696,2
"893634";"27:8:2";"Exp60_48_IS5106";"Exp60_48_IS5106";NA;"2023-10-02 15:46:00";79690,8
"893635";"27:8:2";"Exp60_48_IS5106";"Exp60_48_IS5106";NA;"2023-10-02 16:02:00";79676,4
"893636";"27:8:2";"Exp60_48_IS5106";"Exp60_48_IS5106";NA;"2023-10-02 16:16:00";79667
"893637";"27:8:2";"Exp60_48_IS5106";"Exp60_48_IS5106";NA;"2023-10-02 23:01:00";79625,7
"893638";"27:8:2";"Exp60_48_IS5106";"Exp60_48_IS5106";NA;"2023-10-02 23:17:00";79624,8
"893639";"27:8:2";"Exp60_48_IS5106";"Exp60_48_IS5106";NA;"2023-10-02 23:31:00";79624,5
"893640";"27:8:2";"Exp60_48_IS5106";"Exp60_48_IS5106";NA;"2023-10-02 23:47:00";79624,6
"893641";"27:8:2";"Exp60_48_IS5106";"Exp60_48_IS5106";NA;"2023-10-03 00:01:00";79622,2
"893642";"27:8:2";"Exp60_48_IS5106";"Exp60_48_IS5106";NA;"2023-10-03 00:17:00";79622,8
"893643";"27:8:2";"Exp60_48_IS5106";"Exp60_48_IS5106";NA;"2023-10-03 00:31:00";79622,2
"893644";"27:8:2";"Exp60_48_IS5106";"Exp60_48_IS5106";NA;"2023-10-03 00:47:00";79619,6
"893645";"27:8:2";"Exp60_48_IS5106";"Exp60_48_IS5106";NA;"2023-10-03 01:01:00";79617,4
"893646";"27:8:2";"Exp60_48_IS5106";"Exp60_48_IS5106";NA;"2023-10-03 01:17:00";79615,1
"893647";"27:8:2";"Exp60_48_IS5106";"Exp60_48_IS5106";NA;"2023-10-03 01:31:00";79613,7
"893648";"27:8:2";"Exp60_48_IS5106";"Exp60_48_IS5106";NA;"2023-10-03 01:47:00";79613,1
"893649";"27:8:2";"Exp60_48_IS5106";"Exp60_48_IS5106";NA;"2023-10-03 02:01:00";79610,7
"893650";"27:8:2";"Exp60_48_IS5106";"Exp60_48_IS5106";NA;"2023-10-03 02:17:00";79609,8
"893651";"27:8:2";"Exp60_48_IS5106";"Exp60_48_IS5106";NA;"2023-10-03 02:31:00";79606
"893652";"27:8:2";"Exp60_48_IS5106";"Exp60_48_IS5106";NA;"2023-10-03 03:47:00";79602
"893653";"27:8:2";"Exp60_48_IS5106";"Exp60_48_IS5106";NA;"2023-10-03 04:01:00";79601,9
"893654";"27:8:2";"Exp60_48_IS5106";"Exp60_48_IS5106";NA;"2023-10-03 04:17:00";79597,8
"893655";"27:8:2";"Exp60_48_IS5106";"Exp60_48_IS5106";NA;"2023-10-03 04:31:00";79598,9
"893656";"27:8:2";"Exp60_48_IS5106";"Exp60_48_IS5106";NA;"2023-10-03 04:47:00";79596,1
"893657";"27:8:2";"Exp60_48_IS5106";"Exp60_48_IS5106";NA;"2023-10-03 05:01:00";79590,8
"893658";"27:8:2";"Exp60_48_IS5106";"Exp60_48_IS5106";NA;"2023-10-03 05:17:00";79592,3
"893659";"27:8:2";"Exp60_48_IS5106";"Exp60_48_IS5106";NA;"2023-10-03 06:01:00";79587,8
"893660";"27:8:2";"Exp60_48_IS5106";"Exp60_48_IS5106";NA;"2023-10-03 06:17:00";79585,9
"893661";"27:8:2";"Exp60_48_IS5106";"Exp60_48_IS5106";NA;"2023-10-03 06:31:00";79586,2
"893662";"27:8:2";"Exp60_48_IS5106";"Exp60_48_IS5106";NA;"2023-10-03 06:47:00";79584,9
"893663";"27:8:2";"Exp60_48_IS5106";"Exp60_48_IS5106";NA;"2023-10-03 07:01:00";79582
"893664";"27:8:2";"Exp60_48_IS5106";"Exp60_48_IS5106";NA;"2023-10-03 07:17:00";79581
"893665";"27:8:2";"Exp60_48_IS5106";"Exp60_48_IS5106";NA;"2023-10-03 07:31:00";79576
"893666";"27:8:2";"Exp60_48_IS5106";"Exp60_48_IS5106";NA;"2023-10-03 08:02:00";79565,1
"893667";"27:8:2";"Exp60_48_IS5106";"Exp60_48_IS5106";NA;"2023-10-03 08:16:00";79552,6
"893668";"27:8:2";"Exp60_48_IS5106";"Exp60_48_IS5106";NA;"2023-10-03 08:32:00";79545,6
"893669";"27:8:2";"Exp60_48_IS5106";"Exp60_48_IS5106";NA;"2023-10-03 08:46:00";79536,4
"893670";"27:8:2";"Exp60_48_IS5106";"Exp60_48_IS5106";NA;"2023-10-03 15:16:00";79045,9
"893671";"27:8:2";"Exp60_48_IS5106";"Exp60_48_IS5106";NA;"2023-10-03 21:16:00";80345,6
"893672";"27:8:2";"Exp60_48_IS5106";"Exp60_48_IS5106";NA;"2023-10-03 22:02:00";80342,9
"893673";"27:8:2";"Exp60_48_IS5106";"Exp60_48_IS5106";NA;"2023-10-03 22:16:00";80342,5
"893674";"27:8:2";"Exp60_48_IS5106";"Exp60_48_IS5106";NA;"2023-10-03 22:32:00";80341,5
"893675";"27:8:2";"Exp60_48_IS5106";"Exp60_48_IS5106";NA;"2023-10-03 22:46:00";80341,1
"893676";"27:8:2";"Exp60_48_IS5106";"Exp60_48_IS5106";NA;"2023-10-03 23:17:00";80339,4
"893677";"27:8:2";"Exp60_48_IS5106";"Exp60_48_IS5106";NA;"2023-10-03 23:31:00";80338,7
"893678";"27:8:2";"Exp60_48_IS5106";"Exp60_48_IS5106";NA;"2023-10-03 23:47:00";80338,1
"893679";"27:8:2";"Exp60_48_IS5106";"Exp60_48_IS5106";NA;"2023-10-04 00:16:00";80336,7
"893680";"27:8:2";"Exp60_48_IS5106";"Exp60_48_IS5106";NA;"2023-10-04 00:32:00";80336,4
"893681";"27:8:2";"Exp60_48_IS5106";"Exp60_48_IS5106";NA;"2023-10-04 00:46:00";80336
"893682";"27:8:2";"Exp60_48_IS5106";"Exp60_48_IS5106";NA;"2023-10-04 01:02:00";80334,9
"893683";"27:8:2";"Exp60_48_IS5106";"Exp60_48_IS5106";NA;"2023-10-04 01:16:00";80334,6
"893684";"27:8:2";"Exp60_48_IS5106";"Exp60_48_IS5106";NA;"2023-10-04 01:32:00";80333,5
"893685";"27:8:2";"Exp60_48_IS5106";"Exp60_48_IS5106";NA;"2023-10-04 01:46:00";80331
"893686";"27:8:2";"Exp60_48_IS5106";"Exp60_48_IS5106";NA;"2023-10-04 02:02:00";80330,2
"893687";"27:8:2";"Exp60_48_IS5106";"Exp60_48_IS5106";NA;"2023-10-04 02:16:00";80330,4
"893688";"27:8:2";"Exp60_48_IS5106";"Exp60_48_IS5106";NA;"2023-10-04 02:32:00";80329,8
"893689";"27:8:2";"Exp60_48_IS5106";"Exp60_48_IS5106";NA;"2023-10-04 02:46:00";80329,4
"893690";"27:8:2";"Exp60_48_IS5106";"Exp60_48_IS5106";NA;"2023-10-04 03:17:00";80327,1
"893691";"27:8:2";"Exp60_48_IS5106";"Exp60_48_IS5106";NA;"2023-10-04 03:31:00";80327
"893692";"27:8:2";"Exp60_48_IS5106";"Exp60_48_IS5106";NA;"2023-10-04 03:47:00";80326
"893693";"27:8:2";"Exp60_48_IS5106";"Exp60_48_IS5106";NA;"2023-10-04 04:01:00";80322,8
"893694";"27:8:2";"Exp60_48_IS5106";"Exp60_48_IS5106";NA;"2023-10-04 04:32:00";80317
"893695";"27:8:2";"Exp60_48_IS5106";"Exp60_48_IS5106";NA;"2023-10-04 04:46:00";80316,6
"893696";"27:8:2";"Exp60_48_IS5106";"Exp60_48_IS5106";NA;"2023-10-04 05:02:00";80314,2
"893697";"27:8:2";"Exp60_48_IS5106";"Exp60_48_IS5106";NA;"2023-10-04 05:16:00";80313,5
"893698";"27:8:2";"Exp60_48_IS5106";"Exp60_48_IS5106";NA;"2023-10-04 05:32:00";80314,1
"893699";"27:8:2";"Exp60_48_IS5106";"Exp60_48_IS5106";NA;"2023-10-04 05:46:00";80307,6
"893700";"27:8:2";"Exp60_48_IS5106";"Exp60_48_IS5106";NA;"2023-10-04 06:32:00";80305,1
"893701";"27:8:2";"Exp60_48_IS5106";"Exp60_48_IS5106";NA;"2023-10-04 06:46:00";80305,1
"893702";"27:8:2";"Exp60_48_IS5106";"Exp60_48_IS5106";NA;"2023-10-04 07:17:00";80305,4
"893703";"27:8:2";"Exp60_48_IS5106";"Exp60_48_IS5106";NA;"2023-10-04 07:31:00";80304,4
"893704";"27:8:2";"Exp60_48_IS5106";"Exp60_48_IS5106";NA;"2023-10-04 07:47:00";80298
"893705";"27:8:2";"Exp60_48_IS5106";"Exp60_48_IS5106";NA;"2023-10-04 08:01:00";80291,5
"893706";"27:8:2";"Exp60_48_IS5106";"Exp60_48_IS5106";NA;"2023-10-04 08:17:00";80278,8
"893707";"27:8:2";"Exp60_48_IS5106";"Exp60_48_IS5106";NA;"2023-10-04 08:31:00";80267,2
"893708";"27:8:2";"Exp60_48_IS5106";"Exp60_48_IS5106";NA;"2023-10-04 08:47:00";80247,1
"893709";"27:8:2";"Exp60_48_IS5106";"Exp60_48_IS5106";NA;"2023-10-04 09:01:00";80231,1
"893710";"27:8:2";"Exp60_48_IS5106";"Exp60_48_IS5106";NA;"2023-10-04 09:17:00";80217,2
"893711";"27:8:2";"Exp60_48_IS5106";"Exp60_48_IS5106";NA;"2023-10-04 09:31:00";80198,5
"893712";"27:8:2";"Exp60_48_IS5106";"Exp60_48_IS5106";NA;"2023-10-04 09:47:00";80180,9
"893713";"27:8:2";"Exp60_48_IS5106";"Exp60_48_IS5106";NA;"2023-10-04 10:01:00";80158
"893714";"27:8:2";"Exp60_48_IS5106";"Exp60_48_IS5106";NA;"2023-10-04 10:17:00";80160,7
"893715";"27:8:2";"Exp60_48_IS5106";"Exp60_48_IS5106";NA;"2023-10-04 10:31:00";80139,6
"893716";"27:8:2";"Exp60_48_IS5106";"Exp60_48_IS5106";NA;"2023-10-04 10:47:00";80099,1
"893717";"27:8:2";"Exp60_48_IS5106";"Exp60_48_IS5106";NA;"2023-10-04 11:01:00";80080,6
"893718";"27:8:2";"Exp60_48_IS5106";"Exp60_48_IS5106";NA;"2023-10-04 11:17:00";80040,4
"893719";"27:8:2";"Exp60_48_IS5106";"Exp60_48_IS5106";NA;"2023-10-04 11:31:00";80028
"893720";"27:8:2";"Exp60_48_IS5106";"Exp60_48_IS5106";NA;"2023-10-04 11:47:00";80009,3
"893721";"27:8:2";"Exp60_48_IS5106";"Exp60_48_IS5106";NA;"2023-10-04 12:01:00";79975
"893722";"27:8:2";"Exp60_48_IS5106";"Exp60_48_IS5106";NA;"2023-10-04 12:32:00";79927,6
"893723";"27:8:2";"Exp60_48_IS5106";"Exp60_48_IS5106";NA;"2023-10-04 12:46:00";79906,2
"893724";"27:8:2";"Exp60_48_IS5106";"Exp60_48_IS5106";NA;"2023-10-04 13:02:00";79875,7
"893725";"27:8:2";"Exp60_48_IS5106";"Exp60_48_IS5106";NA;"2023-10-04 13:16:00";79864,6
"893726";"27:8:2";"Exp60_48_IS5106";"Exp60_48_IS5106";NA;"2023-10-04 13:32:00";79843,3
"893727";"27:8:2";"Exp60_48_IS5106";"Exp60_48_IS5106";NA;"2023-10-04 13:46:00";79824,1
"893728";"27:8:2";"Exp60_48_IS5106";"Exp60_48_IS5106";NA;"2023-10-04 21:01:00";79577,5
"893729";"27:8:2";"Exp60_48_IS5106";"Exp60_48_IS5106";NA;"2023-10-05 03:31:00";79553,6
"893730";"27:8:2";"Exp60_48_IS5106";"Exp60_48_IS5106";NA;"2023-10-05 03:47:00";79551,8
"893731";"27:8:2";"Exp60_48_IS5106";"Exp60_48_IS5106";NA;"2023-10-05 04:01:00";79551,8
"893732";"27:8:2";"Exp60_48_IS5106";"Exp60_48_IS5106";NA;"2023-10-05 04:17:00";79549,8
"893733";"27:8:2";"Exp60_48_IS5106";"Exp60_48_IS5106";NA;"2023-10-05 04:31:00";79549,1
"893734";"27:8:2";"Exp60_48_IS5106";"Exp60_48_IS5106";NA;"2023-10-05 04:47:00";79548,7
"893735";"27:8:2";"Exp60_48_IS5106";"Exp60_48_IS5106";NA;"2023-10-05 05:01:00";79549,2
"893736";"27:8:2";"Exp60_48_IS5106";"Exp60_48_IS5106";NA;"2023-10-05 05:17:00";79549,3
"893737";"27:8:2";"Exp60_48_IS5106";"Exp60_48_IS5106";NA;"2023-10-05 05:31:00";79550
"893738";"27:8:2";"Exp60_48_IS5106";"Exp60_48_IS5106";NA;"2023-10-05 05:47:00";79550,1
"893739";"27:8:2";"Exp60_48_IS5106";"Exp60_48_IS5106";NA;"2023-10-05 06:01:00";79550,6
"893740";"27:8:2";"Exp60_48_IS5106";"Exp60_48_IS5106";NA;"2023-10-05 06:17:00";79551,3
"893741";"27:8:2";"Exp60_48_IS5106";"Exp60_48_IS5106";NA;"2023-10-05 06:31:00";79551
"893742";"27:8:2";"Exp60_48_IS5106";"Exp60_48_IS5106";NA;"2023-10-05 06:47:00";79550,3
"893743";"27:8:2";"Exp60_48_IS5106";"Exp60_48_IS5106";NA;"2023-10-05 07:01:00";79549,1
"893744";"27:8:2";"Exp60_48_IS5106";"Exp60_48_IS5106";NA;"2023-10-05 07:17:00";79546,3
"893745";"27:8:2";"Exp60_48_IS5106";"Exp60_48_IS5106";NA;"2023-10-05 07:31:00";79546,5
"893746";"27:8:2";"Exp60_48_IS5106";"Exp60_48_IS5106";NA;"2023-10-05 07:47:00";79541,5
"893747";"27:8:2";"Exp60_48_IS5106";"Exp60_48_IS5106";NA;"2023-10-05 08:01:00";79535,5
"893748";"27:8:2";"Exp60_48_IS5106";"Exp60_48_IS5106";NA;"2023-10-05 08:17:00";79524,3
"893749";"27:8:2";"Exp60_48_IS5106";"Exp60_48_IS5106";NA;"2023-10-05 08:31:00";79513,3
"893750";"27:8:2";"Exp60_48_IS5106";"Exp60_48_IS5106";NA;"2023-10-05 08:47:00";79502,9
"893751";"27:8:2";"Exp60_48_IS5106";"Exp60_48_IS5106";NA;"2023-10-05 09:01:00";79490,5
"893752";"27:8:2";"Exp60_48_IS5106";"Exp60_48_IS5106";NA;"2023-10-05 09:17:00";79478,1
"893753";"27:8:2";"Exp60_48_IS5106";"Exp60_48_IS5106";NA;"2023-10-05 09:31:00";79463,5
"893754";"27:8:2";"Exp60_48_IS5106";"Exp60_48_IS5106";NA;"2023-10-05 09:47:00";79444,7
"893755";"27:8:2";"Exp60_48_IS5106";"Exp60_48_IS5106";NA;"2023-10-05 10:01:00";79436,1
"893756";"27:8:2";"Exp60_48_IS5106";"Exp60_48_IS5106";NA;"2023-10-05 10:17:00";79448,2
"893757";"27:8:2";"Exp60_48_IS5106";"Exp60_48_IS5106";NA;"2023-10-05 10:31:00";79441,1
"893758";"27:8:2";"Exp60_48_IS5106";"Exp60_48_IS5106";NA;"2023-10-05 10:47:00";79433,5
"893759";"27:8:2";"Exp60_48_IS5106";"Exp60_48_IS5106";NA;"2023-10-05 11:01:00";79424,3
"893760";"27:8:2";"Exp60_48_IS5106";"Exp60_48_IS5106";NA;"2023-10-05 11:17:00";79408,9
"893761";"27:8:2";"Exp60_48_IS5106";"Exp60_48_IS5106";NA;"2023-10-05 11:31:00";79396,6
"893762";"27:8:2";"Exp60_48_IS5106";"Exp60_48_IS5106";NA;"2023-10-05 11:47:00";79365,3
"893763";"27:8:2";"Exp60_48_IS5106";"Exp60_48_IS5106";NA;"2023-10-05 12:01:00";79306,6
"893764";"27:8:2";"Exp60_48_IS5106";"Exp60_48_IS5106";NA;"2023-10-05 18:01:00";78893,1
"893765";"27:8:2";"Exp60_48_IS5106";"Exp60_48_IS5106";NA;"2023-10-05 18:17:00";78888
"893766";"27:8:2";"Exp60_48_IS5106";"Exp60_48_IS5106";NA;"2023-10-05 18:31:00";78886
"893767";"27:8:2";"Exp60_48_IS5106";"Exp60_48_IS5106";NA;"2023-10-06 00:31:00";78846,7
"893768";"27:8:2";"Exp60_48_IS5106";"Exp60_48_IS5106";NA;"2023-10-06 00:47:00";78845,7
"893769";"27:8:2";"Exp60_48_IS5106";"Exp60_48_IS5106";NA;"2023-10-06 01:01:00";78844,5
"893770";"27:8:2";"Exp60_48_IS5106";"Exp60_48_IS5106";NA;"2023-10-06 01:17:00";78843,1
"893771";"27:8:2";"Exp60_48_IS5106";"Exp60_48_IS5106";NA;"2023-10-06 01:31:00";78841,1
"893772";"27:8:2";"Exp60_48_IS5106";"Exp60_48_IS5106";NA;"2023-10-06 01:47:00";78839,8
"893773";"27:8:2";"Exp60_48_IS5106";"Exp60_48_IS5106";NA;"2023-10-06 02:01:00";78839,6
"893774";"27:8:2";"Exp60_48_IS5106";"Exp60_48_IS5106";NA;"2023-10-06 02:17:00";78839,5
"893775";"27:8:2";"Exp60_48_IS5106";"Exp60_48_IS5106";NA;"2023-10-06 02:31:00";78838,7
"893776";"27:8:2";"Exp60_48_IS5106";"Exp60_48_IS5106";NA;"2023-10-06 02:47:00";78837,1
"893777";"27:8:2";"Exp60_48_IS5106";"Exp60_48_IS5106";NA;"2023-10-06 03:16:00";78835,4
"893778";"27:8:2";"Exp60_48_IS5106";"Exp60_48_IS5106";NA;"2023-10-06 03:32:00";78834,8
"893779";"27:8:2";"Exp60_48_IS5106";"Exp60_48_IS5106";NA;"2023-10-06 03:46:00";78833,5
"893780";"27:8:2";"Exp60_48_IS5106";"Exp60_48_IS5106";NA;"2023-10-06 10:46:00";78752,6
"893781";"27:8:2";"Exp60_48_IS5106";"Exp60_48_IS5106";NA;"2023-10-06 11:02:00";78743,7
"893782";"27:8:2";"Exp60_48_IS5106";"Exp60_48_IS5106";NA;"2023-10-06 11:16:00";78722,3
"893783";"27:8:2";"Exp60_48_IS5106";"Exp60_48_IS5106";NA;"2023-10-06 11:47:00";78693,4
"893784";"27:8:2";"Exp60_48_IS5106";"Exp60_48_IS5106";NA;"2023-10-06 12:01:00";78629,7
"893785";"27:8:2";"Exp60_48_IS5106";"Exp60_48_IS5106";NA;"2023-10-06 20:01:00";80757,2
"893786";"27:8:2";"Exp60_48_IS5106";"Exp60_48_IS5106";NA;"2023-10-06 20:17:00";80746,7
"893787";"27:8:2";"Exp60_48_IS5106";"Exp60_48_IS5106";NA;"2023-10-06 20:31:00";80738,2
"893788";"27:8:2";"Exp60_48_IS5106";"Exp60_48_IS5106";NA;"2023-10-07 03:01:00";80653,2
"893789";"27:8:2";"Exp60_48_IS5106";"Exp60_48_IS5106";NA;"2023-10-07 03:17:00";80652,4
"893790";"27:8:2";"Exp60_48_IS5106";"Exp60_48_IS5106";NA;"2023-10-07 03:31:00";80651,1
"893791";"27:8:2";"Exp60_48_IS5106";"Exp60_48_IS5106";NA;"2023-10-07 03:47:00";80650,2
"893792";"27:8:2";"Exp60_48_IS5106";"Exp60_48_IS5106";NA;"2023-10-07 04:01:00";80649,7
"893793";"27:8:2";"Exp60_48_IS5106";"Exp60_48_IS5106";NA;"2023-10-07 11:01:00";80444,3
"893794";"27:8:2";"Exp60_48_IS5106";"Exp60_48_IS5106";NA;"2023-10-07 11:17:00";80423,2
"893795";"27:8:2";"Exp60_48_IS5106";"Exp60_48_IS5106";NA;"2023-10-07 11:31:00";80413,5
"893796";"27:8:2";"Exp60_48_IS5106";"Exp60_48_IS5106";NA;"2023-10-07 11:47:00";80372
"893797";"27:8:2";"Exp60_48_IS5106";"Exp60_48_IS5106";NA;"2023-10-07 12:01:00";80298,3
"893798";"27:8:2";"Exp60_48_IS5106";"Exp60_48_IS5106";NA;"2023-10-07 12:47:00";80205,7
"893799";"27:8:2";"Exp60_48_IS5106";"Exp60_48_IS5106";NA;"2023-10-07 13:01:00";80182,9
"893800";"27:8:2";"Exp60_48_IS5106";"Exp60_48_IS5106";NA;"2023-10-07 13:17:00";80151,2
"893801";"27:8:2";"Exp60_48_IS5106";"Exp60_48_IS5106";NA;"2023-10-07 13:31:00";80129,7
"893802";"27:8:2";"Exp60_48_IS5106";"Exp60_48_IS5106";NA;"2023-10-07 13:47:00";80101,6
"893803";"27:8:2";"Exp60_48_IS5106";"Exp60_48_IS5106";NA;"2023-10-07 14:01:00";80077,5
"893804";"27:8:2";"Exp60_48_IS5106";"Exp60_48_IS5106";NA;"2023-10-07 14:17:00";80061,4
"893805";"27:8:2";"Exp60_48_IS5106";"Exp60_48_IS5106";NA;"2023-10-07 14:31:00";80034,6
"893806";"27:8:2";"Exp60_48_IS5106";"Exp60_48_IS5106";NA;"2023-10-07 20:46:00";79832,7
"893807";"27:8:2";"Exp60_48_IS5106";"Exp60_48_IS5106";NA;"2023-10-07 21:02:00";79830,2
"893808";"27:8:2";"Exp60_48_IS5106";"Exp60_48_IS5106";NA;"2023-10-07 21:16:00";79829
"893809";"27:8:2";"Exp60_48_IS5106";"Exp60_48_IS5106";NA;"2023-10-07 21:32:00";79827,4
"893810";"27:8:2";"Exp60_48_IS5106";"Exp60_48_IS5106";NA;"2023-10-07 21:46:00";79825,1
"893811";"27:8:2";"Exp60_48_IS5106";"Exp60_48_IS5106";NA;"2023-10-07 22:02:00";79821,2
"893812";"27:8:2";"Exp60_48_IS5106";"Exp60_48_IS5106";NA;"2023-10-07 22:16:00";79820,9
"893813";"27:8:2";"Exp60_48_IS5106";"Exp60_48_IS5106";NA;"2023-10-07 22:32:00";79819,4
"893814";"27:8:2";"Exp60_48_IS5106";"Exp60_48_IS5106";NA;"2023-10-07 22:46:00";79817,4
"893815";"27:8:2";"Exp60_48_IS5106";"Exp60_48_IS5106";NA;"2023-10-07 23:02:00";79815,2
"893816";"27:8:2";"Exp60_48_IS5106";"Exp60_48_IS5106";NA;"2023-10-07 23:16:00";79814,2
"893817";"27:8:2";"Exp60_48_IS5106";"Exp60_48_IS5106";NA;"2023-10-07 23:32:00";79812,2
"893818";"27:8:2";"Exp60_48_IS5106";"Exp60_48_IS5106";NA;"2023-10-07 23:46:00";79811
"893819";"27:8:2";"Exp60_48_IS5106";"Exp60_48_IS5106";NA;"2023-10-08 00:02:00";79809,2
"893820";"27:8:2";"Exp60_48_IS5106";"Exp60_48_IS5106";NA;"2023-10-08 00:16:00";79807,3
"893821";"27:8:2";"Exp60_48_IS5106";"Exp60_48_IS5106";NA;"2023-10-08 00:32:00";79807,2
"893822";"27:8:2";"Exp60_48_IS5106";"Exp60_48_IS5106";NA;"2023-10-08 00:46:00";79805,5
"893823";"27:8:2";"Exp60_48_IS5106";"Exp60_48_IS5106";NA;"2023-10-08 01:02:00";79805
"893824";"27:8:2";"Exp60_48_IS5106";"Exp60_48_IS5106";NA;"2023-10-08 01:16:00";79802,9
"893825";"27:8:2";"Exp60_48_IS5106";"Exp60_48_IS5106";NA;"2023-10-08 01:32:00";79801,6
"893826";"27:8:2";"Exp60_48_IS5106";"Exp60_48_IS5106";NA;"2023-10-08 01:46:00";79801,5
"893827";"27:8:2";"Exp60_48_IS5106";"Exp60_48_IS5106";NA;"2023-10-08 02:02:00";79800,7
"893828";"27:8:2";"Exp60_48_IS5106";"Exp60_48_IS5106";NA;"2023-10-08 02:16:00";79799,4
"893829";"27:8:2";"Exp60_48_IS5106";"Exp60_48_IS5106";NA;"2023-10-08 02:32:00";79798,4
"893830";"27:8:2";"Exp60_48_IS5106";"Exp60_48_IS5106";NA;"2023-10-08 02:46:00";79799,9
"893831";"27:8:2";"Exp60_48_IS5106";"Exp60_48_IS5106";NA;"2023-10-08 03:02:00";79798,2
"893832";"27:8:2";"Exp60_48_IS5106";"Exp60_48_IS5106";NA;"2023-10-08 03:16:00";79795,2
"893833";"27:8:2";"Exp60_48_IS5106";"Exp60_48_IS5106";NA;"2023-10-08 03:32:00";79794,6
"893834";"27:8:2";"Exp60_48_IS5106";"Exp60_48_IS5106";NA;"2023-10-08 03:46:00";79794,3
"893835";"27:8:2";"Exp60_48_IS5106";"Exp60_48_IS5106";NA;"2023-10-08 04:02:00";79793
"893836";"27:8:2";"Exp60_48_IS5106";"Exp60_48_IS5106";NA;"2023-10-08 04:16:00";79792,6
"893837";"27:8:2";"Exp60_48_IS5106";"Exp60_48_IS5106";NA;"2023-10-08 04:32:00";79791,3
"893838";"27:8:2";"Exp60_48_IS5106";"Exp60_48_IS5106";NA;"2023-10-08 04:46:00";79790,6
"893839";"27:8:2";"Exp60_48_IS5106";"Exp60_48_IS5106";NA;"2023-10-08 05:02:00";79791,7
"893840";"27:8:2";"Exp60_48_IS5106";"Exp60_48_IS5106";NA;"2023-10-08 05:16:00";79788,7
"893841";"27:8:2";"Exp60_48_IS5106";"Exp60_48_IS5106";NA;"2023-10-08 05:32:00";79786,7
"893842";"27:8:2";"Exp60_48_IS5106";"Exp60_48_IS5106";NA;"2023-10-08 05:46:00";79787,1
"893843";"27:8:2";"Exp60_48_IS5106";"Exp60_48_IS5106";NA;"2023-10-08 06:02:00";79784,2
"893844";"27:8:2";"Exp60_48_IS5106";"Exp60_48_IS5106";NA;"2023-10-08 06:16:00";79783,9
"893845";"27:8:2";"Exp60_48_IS5106";"Exp60_48_IS5106";NA;"2023-10-08 06:32:00";79783,7
"893846";"27:8:2";"Exp60_48_IS5106";"Exp60_48_IS5106";NA;"2023-10-08 06:46:00";79784,3
"893847";"27:8:2";"Exp60_48_IS5106";"Exp60_48_IS5106";NA;"2023-10-08 07:02:00";79785,1
"893848";"27:8:2";"Exp60_48_IS5106";"Exp60_48_IS5106";NA;"2023-10-08 07:16:00";79785,1
"893849";"27:8:2";"Exp60_48_IS5106";"Exp60_48_IS5106";NA;"2023-10-08 07:32:00";79784,2
"893850";"27:8:2";"Exp60_48_IS5106";"Exp60_48_IS5106";NA;"2023-10-08 07:46:00";79781,2
"893851";"27:8:2";"Exp60_48_IS5106";"Exp60_48_IS5106";NA;"2023-10-08 08:02:00";79776,9
"893852";"27:8:2";"Exp60_48_IS5106";"Exp60_48_IS5106";NA;"2023-10-08 08:16:00";79772,4
"893853";"27:8:2";"Exp60_48_IS5106";"Exp60_48_IS5106";NA;"2023-10-08 08:32:00";79763,4
"893854";"27:8:2";"Exp60_48_IS5106";"Exp60_48_IS5106";NA;"2023-10-08 08:46:00";79756,8
"893855";"27:8:2";"Exp60_48_IS5106";"Exp60_48_IS5106";NA;"2023-10-08 09:02:00";79743,3
"893856";"27:8:2";"Exp60_48_IS5106";"Exp60_48_IS5106";NA;"2023-10-08 09:16:00";79733,1
"893857";"27:8:2";"Exp60_48_IS5106";"Exp60_48_IS5106";NA;"2023-10-08 09:32:00";79721,2
"893858";"27:8:2";"Exp60_48_IS5106";"Exp60_48_IS5106";NA;"2023-10-08 09:46:00";79702,3
"893859";"27:8:2";"Exp60_48_IS5106";"Exp60_48_IS5106";NA;"2023-10-08 10:32:00";79700,8
"893860";"27:8:2";"Exp60_48_IS5106";"Exp60_48_IS5106";NA;"2023-10-08 10:46:00";79686,4
"893861";"27:8:2";"Exp60_48_IS5106";"Exp60_48_IS5106";NA;"2023-10-08 11:17:00";79664,9
"893862";"27:8:2";"Exp60_48_IS5106";"Exp60_48_IS5106";NA;"2023-10-08 11:31:00";79658,4
"893863";"27:8:2";"Exp60_48_IS5106";"Exp60_48_IS5106";NA;"2023-10-08 12:02:00";79534,1
"893864";"27:8:2";"Exp60_48_IS5106";"Exp60_48_IS5106";NA;"2023-10-08 12:16:00";79506,1
"893865";"27:8:2";"Exp60_48_IS5106";"Exp60_48_IS5106";NA;"2023-10-08 12:32:00";79480
"893866";"27:8:2";"Exp60_48_IS5106";"Exp60_48_IS5106";NA;"2023-10-08 12:46:00";79457,1
"893867";"27:8:2";"Exp60_48_IS5106";"Exp60_48_IS5106";NA;"2023-10-08 13:02:00";79433,4
"893868";"27:8:2";"Exp60_48_IS5106";"Exp60_48_IS5106";NA;"2023-10-08 13:16:00";79408,3
"893869";"27:8:2";"Exp60_48_IS5106";"Exp60_48_IS5106";NA;"2023-10-08 13:47:00";79359,2
"893870";"27:8:2";"Exp60_48_IS5106";"Exp60_48_IS5106";NA;"2023-10-08 14:01:00";79338
"893871";"27:8:2";"Exp60_48_IS5106";"Exp60_48_IS5106";NA;"2023-10-08 14:17:00";79313,9
"893872";"27:8:2";"Exp60_48_IS5106";"Exp60_48_IS5106";NA;"2023-10-08 14:31:00";79299,4
"893873";"27:8:2";"Exp60_48_IS5106";"Exp60_48_IS5106";NA;"2023-10-08 14:47:00";79267,8
"893874";"27:8:2";"Exp60_48_IS5106";"Exp60_48_IS5106";NA;"2023-10-08 15:01:00";79261,5
"893875";"27:8:2";"Exp60_48_IS5106";"Exp60_48_IS5106";NA;"2023-10-08 22:46:00";79088,1
"893876";"27:8:2";"Exp60_48_IS5106";"Exp60_48_IS5106";NA;"2023-10-08 23:02:00";79085,1
"893877";"27:8:2";"Exp60_48_IS5106";"Exp60_48_IS5106";NA;"2023-10-08 23:16:00";79083,2
"893878";"27:8:2";"Exp60_48_IS5106";"Exp60_48_IS5106";NA;"2023-10-08 23:32:00";79083
"893879";"27:8:2";"Exp60_48_IS5106";"Exp60_48_IS5106";NA;"2023-10-08 23:46:00";79081,2
"893880";"27:8:2";"Exp60_48_IS5106";"Exp60_48_IS5106";NA;"2023-10-09 00:02:00";79080
"893881";"27:8:2";"Exp60_48_IS5106";"Exp60_48_IS5106";NA;"2023-10-09 00:16:00";79079,5
"893882";"27:8:2";"Exp60_48_IS5106";"Exp60_48_IS5106";NA;"2023-10-09 00:32:00";79076,2
"893883";"27:8:2";"Exp60_48_IS5106";"Exp60_48_IS5106";NA;"2023-10-09 00:46:00";79075,9
"893884";"27:8:2";"Exp60_48_IS5106";"Exp60_48_IS5106";NA;"2023-10-09 01:02:00";79073,4
"893885";"27:8:2";"Exp60_48_IS5106";"Exp60_48_IS5106";NA;"2023-10-09 01:16:00";79073,9
"893886";"27:8:2";"Exp60_48_IS5106";"Exp60_48_IS5106";NA;"2023-10-09 01:32:00";79073,8
"893887";"27:8:2";"Exp60_48_IS5106";"Exp60_48_IS5106";NA;"2023-10-09 01:46:00";79073,2
"893888";"27:8:2";"Exp60_48_IS5106";"Exp60_48_IS5106";NA;"2023-10-09 02:02:00";79072,3
"893889";"27:8:2";"Exp60_48_IS5106";"Exp60_48_IS5106";NA;"2023-10-09 02:16:00";79072,7
"893890";"27:8:2";"Exp60_48_IS5106";"Exp60_48_IS5106";NA;"2023-10-09 02:32:00";79070,8
"893891";"27:8:2";"Exp60_48_IS5106";"Exp60_48_IS5106";NA;"2023-10-09 02:46:00";79067,6
"893892";"27:8:2";"Exp60_48_IS5106";"Exp60_48_IS5106";NA;"2023-10-09 03:02:00";79068,6
"893893";"27:8:2";"Exp60_48_IS5106";"Exp60_48_IS5106";NA;"2023-10-09 03:16:00";79067,9
"893894";"27:8:2";"Exp60_48_IS5106";"Exp60_48_IS5106";NA;"2023-10-09 03:32:00";79064,9
"893895";"27:8:2";"Exp60_48_IS5106";"Exp60_48_IS5106";NA;"2023-10-09 03:46:00";79065,8
"893896";"27:8:2";"Exp60_48_IS5106";"Exp60_48_IS5106";NA;"2023-10-09 04:17:00";79064,7
"893897";"27:8:2";"Exp60_48_IS5106";"Exp60_48_IS5106";NA;"2023-10-09 04:31:00";79062
"893898";"27:8:2";"Exp60_48_IS5106";"Exp60_48_IS5106";NA;"2023-10-09 04:47:00";79061,5
"893899";"27:8:2";"Exp60_48_IS5106";"Exp60_48_IS5106";NA;"2023-10-09 05:01:00";79062,1
"893900";"27:8:2";"Exp60_48_IS5106";"Exp60_48_IS5106";NA;"2023-10-09 05:17:00";79062,9
"893901";"27:8:2";"Exp60_48_IS5106";"Exp60_48_IS5106";NA;"2023-10-09 05:31:00";79061,7
"893902";"27:8:2";"Exp60_48_IS5106";"Exp60_48_IS5106";NA;"2023-10-09 05:47:00";79060,1
"893903";"27:8:2";"Exp60_48_IS5106";"Exp60_48_IS5106";NA;"2023-10-09 06:01:00";79060,5
"893904";"27:8:2";"Exp60_48_IS5106";"Exp60_48_IS5106";NA;"2023-10-09 06:17:00";79057,7
"893905";"27:8:2";"Exp60_48_IS5106";"Exp60_48_IS5106";NA;"2023-10-09 06:31:00";79056,6
"893906";"27:8:2";"Exp60_48_IS5106";"Exp60_48_IS5106";NA;"2023-10-09 06:47:00";79058
"893907";"27:8:2";"Exp60_48_IS5106";"Exp60_48_IS5106";NA;"2023-10-09 07:01:00";79058,1
"893908";"27:8:2";"Exp60_48_IS5106";"Exp60_48_IS5106";NA;"2023-10-09 07:17:00";79057,5
"893909";"27:8:2";"Exp60_48_IS5106";"Exp60_48_IS5106";NA;"2023-10-09 07:31:00";79057,2
"893910";"27:8:2";"Exp60_48_IS5106";"Exp60_48_IS5106";NA;"2023-10-09 07:47:00";79054,8
"893911";"27:8:2";"Exp60_48_IS5106";"Exp60_48_IS5106";NA;"2023-10-09 08:01:00";79051,3
"893912";"27:8:2";"Exp60_48_IS5106";"Exp60_48_IS5106";NA;"2023-10-09 08:17:00";79046
"893913";"27:8:2";"Exp60_48_IS5106";"Exp60_48_IS5106";NA;"2023-10-09 08:31:00";79040,3
"893914";"27:8:2";"Exp60_48_IS5106";"Exp60_48_IS5106";NA;"2023-10-09 08:47:00";79032,1
"893915";"27:8:2";"Exp60_48_IS5106";"Exp60_48_IS5106";NA;"2023-10-09 09:01:00";79023,9
"893916";"27:8:2";"Exp60_48_IS5106";"Exp60_48_IS5106";NA;"2023-10-09 09:17:00";79012
"893917";"27:8:2";"Exp60_48_IS5106";"Exp60_48_IS5106";NA;"2023-10-09 09:31:00";78999,9
"893918";"27:8:2";"Exp60_48_IS5106";"Exp60_48_IS5106";NA;"2023-10-09 10:32:00";78988,2
"893919";"27:8:2";"Exp60_48_IS5106";"Exp60_48_IS5106";NA;"2023-10-09 10:46:00";78952,5
"893920";"27:8:2";"Exp60_48_IS5106";"Exp60_48_IS5106";NA;"2023-10-09 11:02:00";78953,8
"893921";"27:8:2";"Exp60_48_IS5106";"Exp60_48_IS5106";NA;"2023-10-09 11:16:00";78955,7
"893922";"27:8:2";"Exp60_48_IS5106";"Exp60_48_IS5106";NA;"2023-10-09 11:47:00";78894,1
"893923";"27:8:2";"Exp60_48_IS5106";"Exp60_48_IS5106";NA;"2023-10-09 12:01:00";78838,2
"893924";"27:8:2";"Exp60_48_IS5106";"Exp60_48_IS5106";NA;"2023-10-09 12:17:00";78808,9
"893925";"27:8:2";"Exp60_48_IS5106";"Exp60_48_IS5106";NA;"2023-10-09 12:31:00";78796,9
"893926";"27:8:2";"Exp60_48_IS5106";"Exp60_48_IS5106";NA;"2023-10-09 12:47:00";78763,5
"893927";"27:8:2";"Exp60_48_IS5106";"Exp60_48_IS5106";NA;"2023-10-09 13:01:00";78751,7
"893928";"27:8:2";"Exp60_48_IS5106";"Exp60_48_IS5106";NA;"2023-10-09 13:32:00";78710,7
"893929";"27:8:2";"Exp60_48_IS5106";"Exp60_48_IS5106";NA;"2023-10-09 13:46:00";78692,4
"893930";"27:8:2";"Exp60_48_IS5106";"Exp60_48_IS5106";NA;"2023-10-09 14:02:00";78673
"893931";"27:8:2";"Exp60_48_IS5106";"Exp60_48_IS5106";NA;"2023-10-09 14:16:00";78659,1
"893932";"27:8:2";"Exp60_48_IS5106";"Exp60_48_IS5106";NA;"2023-10-09 20:16:00";78474,9
"893933";"27:8:2";"Exp60_48_IS5106";"Exp60_48_IS5106";NA;"2023-10-09 20:32:00";78472,8
"893934";"27:8:2";"Exp60_48_IS5106";"Exp60_48_IS5106";NA;"2023-10-09 20:46:00";78472,9
"893935";"27:8:2";"Exp60_48_IS5106";"Exp60_48_IS5106";NA;"2023-10-09 21:02:00";78470,6
"893936";"27:8:2";"Exp60_48_IS5106";"Exp60_48_IS5106";NA;"2023-10-09 21:16:00";78470,5
"893937";"27:8:2";"Exp60_48_IS5106";"Exp60_48_IS5106";NA;"2023-10-09 21:32:00";78470
"893938";"27:8:2";"Exp60_48_IS5106";"Exp60_48_IS5106";NA;"2023-10-09 21:46:00";78468,7
"893939";"27:8:2";"Exp60_48_IS5106";"Exp60_48_IS5106";NA;"2023-10-09 22:32:00";78464,5
"893940";"27:8:2";"Exp60_48_IS5106";"Exp60_48_IS5106";NA;"2023-10-09 22:46:00";78462,8
"893941";"27:8:2";"Exp60_48_IS5106";"Exp60_48_IS5106";NA;"2023-10-09 23:17:00";78459,4
"893942";"27:8:2";"Exp60_48_IS5106";"Exp60_48_IS5106";NA;"2023-10-09 23:31:00";78457,9
"893943";"27:8:2";"Exp60_48_IS5106";"Exp60_48_IS5106";NA;"2023-10-09 23:47:00";78459,2
"893944";"27:8:2";"Exp60_48_IS5106";"Exp60_48_IS5106";NA;"2023-10-10 00:16:00";78456,3
"893945";"27:8:2";"Exp60_48_IS5106";"Exp60_48_IS5106";NA;"2023-10-10 00:47:00";78455,3
"893946";"27:8:2";"Exp60_48_IS5106";"Exp60_48_IS5106";NA;"2023-10-10 01:01:00";78455,5
"893947";"27:8:2";"Exp60_48_IS5106";"Exp60_48_IS5106";NA;"2023-10-10 01:17:00";78454,1
"893948";"27:8:2";"Exp60_48_IS5106";"Exp60_48_IS5106";NA;"2023-10-10 01:31:00";78452,2
"893949";"27:8:2";"Exp60_48_IS5106";"Exp60_48_IS5106";NA;"2023-10-10 01:47:00";78449,1
"893950";"27:8:2";"Exp60_48_IS5106";"Exp60_48_IS5106";NA;"2023-10-10 02:01:00";78450,1
"893951";"27:8:2";"Exp60_48_IS5106";"Exp60_48_IS5106";NA;"2023-10-10 02:17:00";78448,7
"893952";"27:8:2";"Exp60_48_IS5106";"Exp60_48_IS5106";NA;"2023-10-10 02:31:00";78448,1
"893953";"27:8:2";"Exp60_48_IS5106";"Exp60_48_IS5106";NA;"2023-10-10 02:47:00";78448
"893954";"27:8:2";"Exp60_48_IS5106";"Exp60_48_IS5106";NA;"2023-10-10 03:01:00";78447,6
"893955";"27:8:2";"Exp60_48_IS5106";"Exp60_48_IS5106";NA;"2023-10-10 03:17:00";78445
"893956";"27:8:2";"Exp60_48_IS5106";"Exp60_48_IS5106";NA;"2023-10-10 03:31:00";78445,3
"893957";"27:8:2";"Exp60_48_IS5106";"Exp60_48_IS5106";NA;"2023-10-10 03:47:00";78443,5
"893958";"27:8:2";"Exp60_48_IS5106";"Exp60_48_IS5106";NA;"2023-10-10 04:01:00";78441,6
"893959";"27:8:2";"Exp60_48_IS5106";"Exp60_48_IS5106";NA;"2023-10-10 04:17:00";78443
"893960";"27:8:2";"Exp60_48_IS5106";"Exp60_48_IS5106";NA;"2023-10-10 04:31:00";78440,9
"893961";"27:8:2";"Exp60_48_IS5106";"Exp60_48_IS5106";NA;"2023-10-10 04:47:00";78439,2
"893962";"27:8:2";"Exp60_48_IS5106";"Exp60_48_IS5106";NA;"2023-10-10 05:01:00";78441,4
"893963";"27:8:2";"Exp60_48_IS5106";"Exp60_48_IS5106";NA;"2023-10-10 05:17:00";78438,6
"893964";"27:8:2";"Exp60_48_IS5106";"Exp60_48_IS5106";NA;"2023-10-10 05:31:00";78439,8
"893965";"27:8:2";"Exp60_48_IS5106";"Exp60_48_IS5106";NA;"2023-10-10 05:47:00";78439,1
"893966";"27:8:2";"Exp60_48_IS5106";"Exp60_48_IS5106";NA;"2023-10-10 06:01:00";78437,1
"893967";"27:8:2";"Exp60_48_IS5106";"Exp60_48_IS5106";NA;"2023-10-10 06:17:00";78438
"893968";"27:8:2";"Exp60_48_IS5106";"Exp60_48_IS5106";NA;"2023-10-10 06:46:00";78436,4
"893969";"27:8:2";"Exp60_48_IS5106";"Exp60_48_IS5106";NA;"2023-10-10 07:17:00";78438,3
"893970";"27:8:2";"Exp60_48_IS5106";"Exp60_48_IS5106";NA;"2023-10-10 07:31:00";78437
"893971";"27:8:2";"Exp60_48_IS5106";"Exp60_48_IS5106";NA;"2023-10-10 08:02:00";78431,6
"893972";"27:8:2";"Exp60_48_IS5106";"Exp60_48_IS5106";NA;"2023-10-10 08:16:00";78427,3
"893973";"27:8:2";"Exp60_48_IS5106";"Exp60_48_IS5106";NA;"2023-10-10 08:32:00";78420,6
"893974";"27:8:2";"Exp60_48_IS5106";"Exp60_48_IS5106";NA;"2023-10-10 08:46:00";78415,7
"893975";"27:8:2";"Exp60_48_IS5106";"Exp60_48_IS5106";NA;"2023-10-10 09:02:00";78406,7
"893976";"27:8:2";"Exp60_48_IS5106";"Exp60_48_IS5106";NA;"2023-10-10 09:16:00";78397,4
"893977";"27:8:2";"Exp60_48_IS5106";"Exp60_48_IS5106";NA;"2023-10-10 09:32:00";78385
"893978";"27:8:2";"Exp60_48_IS5106";"Exp60_48_IS5106";NA;"2023-10-10 09:46:00";78374
"893979";"27:8:2";"Exp60_48_IS5106";"Exp60_48_IS5106";NA;"2023-10-10 10:02:00";78365,7
"893980";"27:8:2";"Exp60_48_IS5106";"Exp60_48_IS5106";NA;"2023-10-10 10:16:00";78388,2
"893981";"27:8:2";"Exp60_48_IS5106";"Exp60_48_IS5106";NA;"2023-10-10 10:32:00";78364,9
"893982";"27:8:2";"Exp60_48_IS5106";"Exp60_48_IS5106";NA;"2023-10-10 10:46:00";78332,1
"893983";"27:8:2";"Exp60_48_IS5106";"Exp60_48_IS5106";NA;"2023-10-10 11:02:00";78330,6
"893984";"27:8:2";"Exp60_48_IS5106";"Exp60_48_IS5106";NA;"2023-10-10 11:16:00";78318,7
"893985";"27:8:2";"Exp60_48_IS5106";"Exp60_48_IS5106";NA;"2023-10-10 15:46:00";78004,9
"893986";"27:8:2";"Exp60_48_IS5106";"Exp60_48_IS5106";NA;"2023-10-10 18:01:00";80096
"893987";"27:8:2";"Exp60_48_IS5106";"Exp60_48_IS5106";NA;"2023-10-10 18:17:00";80091,8
"893988";"27:8:2";"Exp60_48_IS5106";"Exp60_48_IS5106";NA;"2023-10-10 18:31:00";80088,6
"893989";"27:8:2";"Exp60_48_IS5106";"Exp60_48_IS5106";NA;"2023-10-10 18:47:00";80083,3
"893990";"27:8:2";"Exp60_48_IS5106";"Exp60_48_IS5106";NA;"2023-10-10 19:01:00";80080,4
"893991";"27:8:2";"Exp60_48_IS5106";"Exp60_48_IS5106";NA;"2023-10-10 19:17:00";80077,3
"893992";"27:8:2";"Exp60_48_IS5106";"Exp60_48_IS5106";NA;"2023-10-10 19:31:00";80074,4
"893993";"27:8:2";"Exp60_48_IS5106";"Exp60_48_IS5106";NA;"2023-10-10 19:47:00";80071,9
"893994";"27:8:2";"Exp60_48_IS5106";"Exp60_48_IS5106";NA;"2023-10-10 20:01:00";80068,1
"893995";"27:8:2";"Exp60_48_IS5106";"Exp60_48_IS5106";NA;"2023-10-10 20:17:00";80065,2
"893996";"27:8:2";"Exp60_48_IS5106";"Exp60_48_IS5106";NA;"2023-10-10 20:31:00";80061,4
"893997";"27:8:2";"Exp60_48_IS5106";"Exp60_48_IS5106";NA;"2023-10-10 20:47:00";80059,6
"893998";"27:8:2";"Exp60_48_IS5106";"Exp60_48_IS5106";NA;"2023-10-10 21:01:00";80057,6
"893999";"27:8:2";"Exp60_48_IS5106";"Exp60_48_IS5106";NA;"2023-10-10 21:17:00";80055
"894000";"27:8:2";"Exp60_48_IS5106";"Exp60_48_IS5106";NA;"2023-10-10 21:31:00";80051,2
"894001";"27:8:2";"Exp60_48_IS5106";"Exp60_48_IS5106";NA;"2023-10-10 21:47:00";80048,7
"894002";"27:8:2";"Exp60_48_IS5106";"Exp60_48_IS5106";NA;"2023-10-10 22:01:00";80045,5
"894003";"27:8:2";"Exp60_48_IS5106";"Exp60_48_IS5106";NA;"2023-10-10 22:32:00";80041,5
"894004";"27:8:2";"Exp60_48_IS5106";"Exp60_48_IS5106";NA;"2023-10-10 22:46:00";80038,2
"894005";"27:8:2";"Exp60_48_IS5106";"Exp60_48_IS5106";NA;"2023-10-10 23:02:00";80037,1
"894006";"27:8:2";"Exp60_48_IS5106";"Exp60_48_IS5106";NA;"2023-10-10 23:16:00";80035,1
"894007";"27:8:2";"Exp60_48_IS5106";"Exp60_48_IS5106";NA;"2023-10-10 23:32:00";80031,5
"894008";"27:8:2";"Exp60_48_IS5106";"Exp60_48_IS5106";NA;"2023-10-10 23:46:00";80030,8
"894009";"27:8:2";"Exp60_48_IS5106";"Exp60_48_IS5106";NA;"2023-10-11 00:02:00";80029,6
"894010";"27:8:2";"Exp60_48_IS5106";"Exp60_48_IS5106";NA;"2023-10-11 00:16:00";80028,2
"894011";"27:8:2";"Exp60_48_IS5106";"Exp60_48_IS5106";NA;"2023-10-11 00:32:00";80026,5
"894012";"27:8:2";"Exp60_48_IS5106";"Exp60_48_IS5106";NA;"2023-10-11 00:46:00";80026,9
"894013";"27:8:2";"Exp60_48_IS5106";"Exp60_48_IS5106";NA;"2023-10-11 06:31:00";80006,9
"894014";"27:8:2";"Exp60_48_IS5106";"Exp60_48_IS5106";NA;"2023-10-11 07:17:00";80007,1
"894015";"27:8:2";"Exp60_48_IS5106";"Exp60_48_IS5106";NA;"2023-10-11 07:31:00";80005,8
"894016";"27:8:2";"Exp60_48_IS5106";"Exp60_48_IS5106";NA;"2023-10-11 07:47:00";80003,9
"894017";"27:8:2";"Exp60_48_IS5106";"Exp60_48_IS5106";NA;"2023-10-11 08:01:00";80002,8
"894018";"27:8:2";"Exp60_48_IS5106";"Exp60_48_IS5106";NA;"2023-10-11 08:17:00";79995,4
"894019";"27:8:2";"Exp60_48_IS5106";"Exp60_48_IS5106";NA;"2023-10-11 08:31:00";79986,5
"894020";"27:8:2";"Exp60_48_IS5106";"Exp60_48_IS5106";NA;"2023-10-11 08:47:00";79972,7
"894021";"27:8:2";"Exp60_48_IS5106";"Exp60_48_IS5106";NA;"2023-10-11 09:01:00";79962,6
"894022";"27:8:2";"Exp60_48_IS5106";"Exp60_48_IS5106";NA;"2023-10-11 16:16:00";79354,8
"894023";"27:8:2";"Exp60_48_IS5106";"Exp60_48_IS5106";NA;"2023-10-11 16:32:00";79343
"894024";"27:8:2";"Exp60_48_IS5106";"Exp60_48_IS5106";NA;"2023-10-11 16:46:00";79334,9
"894025";"27:8:2";"Exp60_48_IS5106";"Exp60_48_IS5106";NA;"2023-10-11 17:02:00";79323,8
"894026";"27:8:2";"Exp60_48_IS5106";"Exp60_48_IS5106";NA;"2023-10-11 17:16:00";79315,1
"894027";"27:8:2";"Exp60_48_IS5106";"Exp60_48_IS5106";NA;"2023-10-11 17:32:00";79308,9
"894028";"27:8:2";"Exp60_48_IS5106";"Exp60_48_IS5106";NA;"2023-10-11 17:46:00";79304,3
"894029";"27:8:2";"Exp60_48_IS5106";"Exp60_48_IS5106";NA;"2023-10-11 18:02:00";79298,9
"894030";"27:8:2";"Exp60_48_IS5106";"Exp60_48_IS5106";NA;"2023-10-11 18:16:00";79295,7
"894031";"27:8:2";"Exp60_48_IS5106";"Exp60_48_IS5106";NA;"2023-10-11 18:32:00";79294,2
"894032";"27:8:2";"Exp60_48_IS5106";"Exp60_48_IS5106";NA;"2023-10-11 18:46:00";79286,2
"894033";"27:8:2";"Exp60_48_IS5106";"Exp60_48_IS5106";NA;"2023-10-11 19:02:00";79284
"894034";"27:8:2";"Exp60_48_IS5106";"Exp60_48_IS5106";NA;"2023-10-11 19:16:00";79283,2
"894035";"27:8:2";"Exp60_48_IS5106";"Exp60_48_IS5106";NA;"2023-10-11 19:32:00";79280,9
"894036";"27:8:2";"Exp60_48_IS5106";"Exp60_48_IS5106";NA;"2023-10-11 19:46:00";79277,3
"894037";"27:8:2";"Exp60_48_IS5106";"Exp60_48_IS5106";NA;"2023-10-11 20:02:00";79275,4
"894038";"27:8:2";"Exp60_48_IS5106";"Exp60_48_IS5106";NA;"2023-10-11 20:46:00";79269,9
"894039";"27:8:2";"Exp60_48_IS5106";"Exp60_48_IS5106";NA;"2023-10-11 21:02:00";79267,2
"894040";"27:8:2";"Exp60_48_IS5106";"Exp60_48_IS5106";NA;"2023-10-11 21:16:00";79265,8
"894041";"27:8:2";"Exp60_48_IS5106";"Exp60_48_IS5106";NA;"2023-10-11 21:32:00";79264,8
"894042";"27:8:2";"Exp60_48_IS5106";"Exp60_48_IS5106";NA;"2023-10-11 21:46:00";79262,1
"894043";"27:8:2";"Exp60_48_IS5106";"Exp60_48_IS5106";NA;"2023-10-11 22:17:00";79259,1
"894044";"27:8:2";"Exp60_48_IS5106";"Exp60_48_IS5106";NA;"2023-10-11 22:31:00";79257,5
"894045";"27:8:2";"Exp60_48_IS5106";"Exp60_48_IS5106";NA;"2023-10-11 22:47:00";79254,6
"894046";"27:8:2";"Exp60_48_IS5106";"Exp60_48_IS5106";NA;"2023-10-11 23:01:00";79252
"894047";"27:8:2";"Exp60_48_IS5106";"Exp60_48_IS5106";NA;"2023-10-11 23:17:00";79249,7
"894048";"27:8:2";"Exp60_48_IS5106";"Exp60_48_IS5106";NA;"2023-10-11 23:31:00";79248,1
"894049";"27:8:2";"Exp60_48_IS5106";"Exp60_48_IS5106";NA;"2023-10-11 23:47:00";79246
"894050";"27:8:2";"Exp60_48_IS5106";"Exp60_48_IS5106";NA;"2023-10-12 00:01:00";79245,2
"894051";"27:8:2";"Exp60_48_IS5106";"Exp60_48_IS5106";NA;"2023-10-12 00:17:00";79243,5
"894052";"27:8:2";"Exp60_48_IS5106";"Exp60_48_IS5106";NA;"2023-10-12 00:31:00";79241,8
"894053";"27:8:2";"Exp60_48_IS5106";"Exp60_48_IS5106";NA;"2023-10-12 00:47:00";79242,4
"894054";"27:8:2";"Exp60_48_IS5106";"Exp60_48_IS5106";NA;"2023-10-12 01:01:00";79241,5
"894055";"27:8:2";"Exp60_48_IS5106";"Exp60_48_IS5106";NA;"2023-10-12 01:17:00";79238,6
"894056";"27:8:2";"Exp60_48_IS5106";"Exp60_48_IS5106";NA;"2023-10-12 01:31:00";79238,2
"894057";"27:8:2";"Exp60_48_IS5106";"Exp60_48_IS5106";NA;"2023-10-12 01:47:00";79237,9
"894058";"27:8:2";"Exp60_48_IS5106";"Exp60_48_IS5106";NA;"2023-10-12 02:01:00";79234,7
"894059";"27:8:2";"Exp60_48_IS5106";"Exp60_48_IS5106";NA;"2023-10-12 02:17:00";79233,9
"894060";"27:8:2";"Exp60_48_IS5106";"Exp60_48_IS5106";NA;"2023-10-12 02:31:00";79232,5
"894061";"27:8:2";"Exp60_48_IS5106";"Exp60_48_IS5106";NA;"2023-10-12 02:47:00";79232,8
"894062";"27:8:2";"Exp60_48_IS5106";"Exp60_48_IS5106";NA;"2023-10-12 03:01:00";79230,3
"894063";"27:8:2";"Exp60_48_IS5106";"Exp60_48_IS5106";NA;"2023-10-12 03:17:00";79231,9
"894064";"27:8:2";"Exp60_48_IS5106";"Exp60_48_IS5106";NA;"2023-10-12 03:31:00";79230
"894065";"27:8:2";"Exp60_48_IS5106";"Exp60_48_IS5106";NA;"2023-10-12 03:47:00";79229,8
"894066";"27:8:2";"Exp60_48_IS5106";"Exp60_48_IS5106";NA;"2023-10-12 04:01:00";79231,7
"894067";"27:8:2";"Exp60_48_IS5106";"Exp60_48_IS5106";NA;"2023-10-12 04:17:00";79230
"894068";"27:8:2";"Exp60_48_IS5106";"Exp60_48_IS5106";NA;"2023-10-12 04:31:00";79231
"894069";"27:8:2";"Exp60_48_IS5106";"Exp60_48_IS5106";NA;"2023-10-12 04:47:00";79230,7
"894070";"27:8:2";"Exp60_48_IS5106";"Exp60_48_IS5106";NA;"2023-10-12 05:01:00";79226,9
"894071";"27:8:2";"Exp60_48_IS5106";"Exp60_48_IS5106";NA;"2023-10-12 05:32:00";79226,4
"894072";"27:8:2";"Exp60_48_IS5106";"Exp60_48_IS5106";NA;"2023-10-12 05:46:00";79223,7
"894073";"27:8:2";"Exp60_48_IS5106";"Exp60_48_IS5106";NA;"2023-10-12 06:02:00";79224
"894074";"27:8:2";"Exp60_48_IS5106";"Exp60_48_IS5106";NA;"2023-10-12 06:16:00";79221,7
"894075";"27:8:2";"Exp60_48_IS5106";"Exp60_48_IS5106";NA;"2023-10-12 06:47:00";79222,9
"894076";"27:8:2";"Exp60_48_IS5106";"Exp60_48_IS5106";NA;"2023-10-12 07:01:00";79219,8
"894077";"27:8:2";"Exp60_48_IS5106";"Exp60_48_IS5106";NA;"2023-10-12 07:17:00";79220,7
"894078";"27:8:2";"Exp60_48_IS5106";"Exp60_48_IS5106";NA;"2023-10-12 07:31:00";79219,4
"894079";"27:8:2";"Exp60_48_IS5106";"Exp60_48_IS5106";NA;"2023-10-12 07:47:00";79218,7
"894080";"27:8:2";"Exp60_48_IS5106";"Exp60_48_IS5106";NA;"2023-10-12 08:01:00";79214,3
"894081";"27:8:2";"Exp60_48_IS5106";"Exp60_48_IS5106";NA;"2023-10-12 08:17:00";79210
"894082";"27:8:2";"Exp60_48_IS5106";"Exp60_48_IS5106";NA;"2023-10-12 08:31:00";79202,1
"894083";"27:8:2";"Exp60_48_IS5106";"Exp60_48_IS5106";NA;"2023-10-12 08:47:00";79193,4
"894084";"27:8:2";"Exp60_48_IS5106";"Exp60_48_IS5106";NA;"2023-10-12 09:01:00";79182,4
"894085";"27:8:2";"Exp60_48_IS5106";"Exp60_48_IS5106";NA;"2023-10-12 09:17:00";79170,1
"894086";"27:8:2";"Exp60_48_IS5106";"Exp60_48_IS5106";NA;"2023-10-12 09:31:00";79157,9
"894087";"27:8:2";"Exp60_48_IS5106";"Exp60_48_IS5106";NA;"2023-10-12 09:47:00";79138,6
"894088";"27:8:2";"Exp60_48_IS5106";"Exp60_48_IS5106";NA;"2023-10-12 10:01:00";79129,4
"894089";"27:8:2";"Exp60_48_IS5106";"Exp60_48_IS5106";NA;"2023-10-12 15:01:00";78712,1
"894090";"27:8:2";"Exp60_48_IS5106";"Exp60_48_IS5106";NA;"2023-10-12 15:17:00";78694,2
"894091";"27:8:2";"Exp60_48_IS5106";"Exp60_48_IS5106";NA;"2023-10-12 15:31:00";78680
"894092";"27:8:2";"Exp60_48_IS5106";"Exp60_48_IS5106";NA;"2023-10-12 15:47:00";78662,8
"894093";"27:8:2";"Exp60_48_IS5106";"Exp60_48_IS5106";NA;"2023-10-12 16:01:00";78653,2
"894094";"27:8:2";"Exp60_48_IS5106";"Exp60_48_IS5106";NA;"2023-10-12 16:17:00";78633,7
"894095";"27:8:2";"Exp60_48_IS5106";"Exp60_48_IS5106";NA;"2023-10-12 16:31:00";78626,3
"894096";"27:8:2";"Exp60_48_IS5106";"Exp60_48_IS5106";NA;"2023-10-12 16:47:00";78617,8
"894097";"27:8:2";"Exp60_48_IS5106";"Exp60_48_IS5106";NA;"2023-10-12 17:01:00";78611,1
"894098";"27:8:2";"Exp60_48_IS5106";"Exp60_48_IS5106";NA;"2023-10-12 17:17:00";78606,4
"894099";"27:8:2";"Exp60_48_IS5106";"Exp60_48_IS5106";NA;"2023-10-12 17:31:00";78598,8
"894100";"27:8:2";"Exp60_48_IS5106";"Exp60_48_IS5106";NA;"2023-10-12 17:47:00";78594,5
"894101";"27:8:2";"Exp60_48_IS5106";"Exp60_48_IS5106";NA;"2023-10-12 18:01:00";78591,4
"894102";"27:8:2";"Exp60_48_IS5106";"Exp60_48_IS5106";NA;"2023-10-12 18:17:00";78587,1
"894103";"27:8:2";"Exp60_48_IS5106";"Exp60_48_IS5106";NA;"2023-10-12 18:31:00";78587,1
"894104";"27:8:2";"Exp60_48_IS5106";"Exp60_48_IS5106";NA;"2023-10-12 18:47:00";78581,4
"894105";"27:8:2";"Exp60_48_IS5106";"Exp60_48_IS5106";NA;"2023-10-12 19:01:00";78578,4
"894106";"27:8:2";"Exp60_48_IS5106";"Exp60_48_IS5106";NA;"2023-10-12 19:17:00";78576
"894107";"27:8:2";"Exp60_48_IS5106";"Exp60_48_IS5106";NA;"2023-10-12 19:31:00";78574,2
"894108";"27:8:2";"Exp60_48_IS5106";"Exp60_48_IS5106";NA;"2023-10-12 20:02:00";78569,4
"894109";"27:8:2";"Exp60_48_IS5106";"Exp60_48_IS5106";NA;"2023-10-12 20:16:00";78566,6
"894110";"27:8:2";"Exp60_48_IS5106";"Exp60_48_IS5106";NA;"2023-10-13 03:16:00";78531,4
"894111";"27:8:2";"Exp60_48_IS5106";"Exp60_48_IS5106";NA;"2023-10-13 03:32:00";78531,2
"894112";"27:8:2";"Exp60_48_IS5106";"Exp60_48_IS5106";NA;"2023-10-13 03:46:00";78529,9
"894113";"27:8:2";"Exp60_48_IS5106";"Exp60_48_IS5106";NA;"2023-10-13 04:02:00";78531,1
"894114";"27:8:2";"Exp60_48_IS5106";"Exp60_48_IS5106";NA;"2023-10-13 04:16:00";78528
"894115";"27:8:2";"Exp60_48_IS5106";"Exp60_48_IS5106";NA;"2023-10-13 04:32:00";78527,5
"894116";"27:8:2";"Exp60_48_IS5106";"Exp60_48_IS5106";NA;"2023-10-13 04:46:00";78527,7
"894117";"27:8:2";"Exp60_48_IS5106";"Exp60_48_IS5106";NA;"2023-10-13 05:02:00";78524,3
"894118";"27:8:2";"Exp60_48_IS5106";"Exp60_48_IS5106";NA;"2023-10-13 05:16:00";78524,4
"894119";"27:8:2";"Exp60_48_IS5106";"Exp60_48_IS5106";NA;"2023-10-13 05:32:00";78524,3
"894120";"27:8:2";"Exp60_48_IS5106";"Exp60_48_IS5106";NA;"2023-10-13 05:46:00";78525,9
"894121";"27:8:2";"Exp60_48_IS5106";"Exp60_48_IS5106";NA;"2023-10-13 06:02:00";78524
"894122";"27:8:2";"Exp60_48_IS5106";"Exp60_48_IS5106";NA;"2023-10-13 06:16:00";78523,4
"894123";"27:8:2";"Exp60_48_IS5106";"Exp60_48_IS5106";NA;"2023-10-13 06:32:00";78522,9
"894124";"27:8:2";"Exp60_48_IS5106";"Exp60_48_IS5106";NA;"2023-10-13 06:46:00";78522,8
"894125";"27:8:2";"Exp60_48_IS5106";"Exp60_48_IS5106";NA;"2023-10-13 12:46:00";78254,4
"894126";"27:8:2";"Exp60_48_IS5106";"Exp60_48_IS5106";NA;"2023-10-13 13:02:00";78229,9
"894127";"27:8:2";"Exp60_48_IS5106";"Exp60_48_IS5106";NA;"2023-10-13 13:16:00";78209,9
"894128";"27:8:2";"Exp60_48_IS5106";"Exp60_48_IS5106";NA;"2023-10-13 13:32:00";78186,5
"894129";"27:8:2";"Exp60_48_IS5106";"Exp60_48_IS5106";NA;"2023-10-13 13:46:00";78167,9
"894130";"27:8:2";"Exp60_48_IS5106";"Exp60_48_IS5106";NA;"2023-10-13 19:46:00";81332,7
"894131";"27:8:2";"Exp60_48_IS5106";"Exp60_48_IS5106";NA;"2023-10-13 20:02:00";81280,5
"894132";"27:8:2";"Exp60_48_IS5106";"Exp60_48_IS5106";NA;"2023-10-13 20:16:00";81235,3
"894133";"27:8:2";"Exp60_48_IS5106";"Exp60_48_IS5106";NA;"2023-10-13 20:32:00";81196,5
"894134";"27:8:2";"Exp60_48_IS5106";"Exp60_48_IS5106";NA;"2023-10-13 20:46:00";81161,9
"894135";"27:8:2";"Exp60_48_IS5106";"Exp60_48_IS5106";NA;"2023-10-13 21:02:00";81127,4
"894136";"27:8:2";"Exp60_48_IS5106";"Exp60_48_IS5106";NA;"2023-10-13 21:16:00";81105,3
"894137";"27:8:2";"Exp60_48_IS5106";"Exp60_48_IS5106";NA;"2023-10-13 21:32:00";81081,4
"894138";"27:8:2";"Exp60_48_IS5106";"Exp60_48_IS5106";NA;"2023-10-13 21:46:00";81062,8
"894139";"27:8:2";"Exp60_48_IS5106";"Exp60_48_IS5106";NA;"2023-10-13 22:02:00";81044,3
"894140";"27:8:2";"Exp60_48_IS5106";"Exp60_48_IS5106";NA;"2023-10-13 22:16:00";81032,8
"894141";"27:8:2";"Exp60_48_IS5106";"Exp60_48_IS5106";NA;"2023-10-13 22:32:00";81014,7
"894142";"27:8:2";"Exp60_48_IS5106";"Exp60_48_IS5106";NA;"2023-10-13 22:46:00";81004,3
"894143";"27:8:2";"Exp60_48_IS5106";"Exp60_48_IS5106";NA;"2023-10-13 23:02:00";80995,1
"894144";"27:8:2";"Exp60_48_IS5106";"Exp60_48_IS5106";NA;"2023-10-13 23:16:00";80981,5
"894145";"27:8:2";"Exp60_48_IS5106";"Exp60_48_IS5106";NA;"2023-10-13 23:47:00";80960,3
"894146";"27:8:2";"Exp60_48_IS5106";"Exp60_48_IS5106";NA;"2023-10-14 00:01:00";80950,8
"894147";"27:8:2";"Exp60_48_IS5106";"Exp60_48_IS5106";NA;"2023-10-14 00:17:00";80946,6
"894148";"27:8:2";"Exp60_48_IS5106";"Exp60_48_IS5106";NA;"2023-10-14 00:31:00";80932,2
"894149";"27:8:2";"Exp60_48_IS5106";"Exp60_48_IS5106";NA;"2023-10-14 00:47:00";80929,2
"894150";"27:8:2";"Exp60_48_IS5106";"Exp60_48_IS5106";NA;"2023-10-14 01:01:00";80924,7
"894151";"27:8:2";"Exp60_48_IS5106";"Exp60_48_IS5106";NA;"2023-10-14 01:17:00";80918,2
"894152";"27:8:2";"Exp60_48_IS5106";"Exp60_48_IS5106";NA;"2023-10-14 01:31:00";80909,5
"894153";"27:8:2";"Exp60_48_IS5106";"Exp60_48_IS5106";NA;"2023-10-14 01:47:00";80906,2
"894154";"27:8:2";"Exp60_48_IS5106";"Exp60_48_IS5106";NA;"2023-10-14 02:01:00";80905,4
"894155";"27:8:2";"Exp60_48_IS5106";"Exp60_48_IS5106";NA;"2023-10-14 02:17:00";80899
"894156";"27:8:2";"Exp60_48_IS5106";"Exp60_48_IS5106";NA;"2023-10-14 02:31:00";80895,8
"894157";"27:8:2";"Exp60_48_IS5106";"Exp60_48_IS5106";NA;"2023-10-14 02:47:00";80888,7
"894158";"27:8:2";"Exp60_48_IS5106";"Exp60_48_IS5106";NA;"2023-10-14 03:01:00";80890,3
"894159";"27:8:2";"Exp60_48_IS5106";"Exp60_48_IS5106";NA;"2023-10-14 03:17:00";80888,7
"894160";"27:8:2";"Exp60_48_IS5106";"Exp60_48_IS5106";NA;"2023-10-14 03:31:00";80886,3
"894161";"27:8:2";"Exp60_48_IS5106";"Exp60_48_IS5106";NA;"2023-10-14 04:17:00";80874,6
"894162";"27:8:2";"Exp60_48_IS5106";"Exp60_48_IS5106";NA;"2023-10-14 04:31:00";80871,6
"894163";"27:8:2";"Exp60_48_IS5106";"Exp60_48_IS5106";NA;"2023-10-14 04:47:00";80871,7
"894164";"27:8:2";"Exp60_48_IS5106";"Exp60_48_IS5106";NA;"2023-10-14 05:01:00";80871,6
"894165";"27:8:2";"Exp60_48_IS5106";"Exp60_48_IS5106";NA;"2023-10-14 05:17:00";80868
"894166";"27:8:2";"Exp60_48_IS5106";"Exp60_48_IS5106";NA;"2023-10-14 05:31:00";80864,2
"894167";"27:8:2";"Exp60_48_IS5106";"Exp60_48_IS5106";NA;"2023-10-14 05:47:00";80867,5
"894168";"27:8:2";"Exp60_48_IS5106";"Exp60_48_IS5106";NA;"2023-10-14 06:01:00";80862,5
"894169";"27:8:2";"Exp60_48_IS5106";"Exp60_48_IS5106";NA;"2023-10-14 06:17:00";80859,6
"894170";"27:8:2";"Exp60_48_IS5106";"Exp60_48_IS5106";NA;"2023-10-14 06:31:00";80860,4
"894171";"27:8:2";"Exp60_48_IS5106";"Exp60_48_IS5106";NA;"2023-10-14 07:02:00";80852,9
"894172";"27:8:2";"Exp60_48_IS5106";"Exp60_48_IS5106";NA;"2023-10-14 07:16:00";80851,2
"894173";"27:8:2";"Exp60_48_IS5106";"Exp60_48_IS5106";NA;"2023-10-14 07:32:00";80848,1
"894174";"27:8:2";"Exp60_48_IS5106";"Exp60_48_IS5106";NA;"2023-10-14 08:16:00";80843,9
"894175";"27:8:2";"Exp60_48_IS5106";"Exp60_48_IS5106";NA;"2023-10-14 08:32:00";80843,3
"894176";"27:8:2";"Exp60_48_IS5106";"Exp60_48_IS5106";NA;"2023-10-14 08:46:00";80836,2
"894177";"27:8:2";"Exp60_48_IS5106";"Exp60_48_IS5106";NA;"2023-10-14 09:02:00";80825,4
"894178";"27:8:2";"Exp60_48_IS5106";"Exp60_48_IS5106";NA;"2023-10-14 09:16:00";80806,8
"894179";"27:8:2";"Exp60_48_IS5106";"Exp60_48_IS5106";NA;"2023-10-14 09:32:00";80780,5
"894180";"27:8:2";"Exp60_48_IS5106";"Exp60_48_IS5106";NA;"2023-10-14 09:46:00";80765,6
"894181";"27:8:2";"Exp60_48_IS5106";"Exp60_48_IS5106";NA;"2023-10-14 10:02:00";80765,9
"894182";"27:8:2";"Exp60_48_IS5106";"Exp60_48_IS5106";NA;"2023-10-14 10:16:00";80742,9
"894183";"27:8:2";"Exp60_48_IS5106";"Exp60_48_IS5106";NA;"2023-10-14 10:32:00";80713,4
"894184";"27:8:2";"Exp60_48_IS5106";"Exp60_48_IS5106";NA;"2023-10-14 10:46:00";80665,9
"894185";"27:8:2";"Exp60_48_IS5106";"Exp60_48_IS5106";NA;"2023-10-14 11:02:00";80635,6
"894186";"27:8:2";"Exp60_48_IS5106";"Exp60_48_IS5106";NA;"2023-10-14 11:16:00";80618
"894187";"27:8:2";"Exp60_48_IS5106";"Exp60_48_IS5106";NA;"2023-10-14 11:32:00";80571,4
"894188";"27:8:2";"Exp60_48_IS5106";"Exp60_48_IS5106";NA;"2023-10-14 11:46:00";80526,4
"894189";"27:8:2";"Exp60_48_IS5106";"Exp60_48_IS5106";NA;"2023-10-14 12:02:00";80489,4
"894190";"27:8:2";"Exp60_48_IS5106";"Exp60_48_IS5106";NA;"2023-10-14 12:16:00";80469,6
"894191";"27:8:2";"Exp60_48_IS5106";"Exp60_48_IS5106";NA;"2023-10-14 12:32:00";80432
"894192";"27:8:2";"Exp60_48_IS5106";"Exp60_48_IS5106";NA;"2023-10-14 12:46:00";80407,4
"894193";"27:8:2";"Exp60_48_IS5106";"Exp60_48_IS5106";NA;"2023-10-14 13:02:00";80385,1
"894194";"27:8:2";"Exp60_48_IS5106";"Exp60_48_IS5106";NA;"2023-10-14 13:16:00";80363,7
"894195";"27:8:2";"Exp60_48_IS5106";"Exp60_48_IS5106";NA;"2023-10-14 13:32:00";80344,4
"894196";"27:8:2";"Exp60_48_IS5106";"Exp60_48_IS5106";NA;"2023-10-14 13:46:00";80324,2
"894197";"27:8:2";"Exp60_48_IS5106";"Exp60_48_IS5106";NA;"2023-10-14 19:31:00";80064,8
"894198";"27:8:2";"Exp60_48_IS5106";"Exp60_48_IS5106";NA;"2023-10-15 02:01:00";80019,8
"894199";"27:8:2";"Exp60_48_IS5106";"Exp60_48_IS5106";NA;"2023-10-15 02:17:00";80019,2
"894200";"27:8:2";"Exp60_48_IS5106";"Exp60_48_IS5106";NA;"2023-10-15 02:31:00";80018,6
"894201";"27:8:2";"Exp60_48_IS5106";"Exp60_48_IS5106";NA;"2023-10-15 02:47:00";80017,9
"894202";"27:8:2";"Exp60_48_IS5106";"Exp60_48_IS5106";NA;"2023-10-15 03:01:00";80016,4
"894203";"27:8:2";"Exp60_48_IS5106";"Exp60_48_IS5106";NA;"2023-10-15 03:17:00";80015,2
"894204";"27:8:2";"Exp60_48_IS5106";"Exp60_48_IS5106";NA;"2023-10-15 03:31:00";80013,4
"894205";"27:8:2";"Exp60_48_IS5106";"Exp60_48_IS5106";NA;"2023-10-15 03:47:00";80012
"894206";"27:8:2";"Exp60_48_IS5106";"Exp60_48_IS5106";NA;"2023-10-15 04:01:00";80012,8
"894207";"27:8:2";"Exp60_48_IS5106";"Exp60_48_IS5106";NA;"2023-10-15 04:32:00";80010,6
"894208";"27:8:2";"Exp60_48_IS5106";"Exp60_48_IS5106";NA;"2023-10-15 04:46:00";80010,5
"894209";"27:8:2";"Exp60_48_IS5106";"Exp60_48_IS5106";NA;"2023-10-15 05:32:00";80004,6
"894210";"27:8:2";"Exp60_48_IS5106";"Exp60_48_IS5106";NA;"2023-10-15 05:46:00";80004,3
"894211";"27:8:2";"Exp60_48_IS5106";"Exp60_48_IS5106";NA;"2023-10-15 06:17:00";80003,1
"894212";"27:8:2";"Exp60_48_IS5106";"Exp60_48_IS5106";NA;"2023-10-15 06:31:00";80002,8
"894213";"27:8:2";"Exp60_48_IS5106";"Exp60_48_IS5106";NA;"2023-10-15 07:02:00";80001
"894214";"27:8:2";"Exp60_48_IS5106";"Exp60_48_IS5106";NA;"2023-10-15 07:16:00";79999,8
"894215";"27:8:2";"Exp60_48_IS5106";"Exp60_48_IS5106";NA;"2023-10-15 07:32:00";79999,7
"894216";"27:8:2";"Exp60_48_IS5106";"Exp60_48_IS5106";NA;"2023-10-15 07:46:00";79997,7
"894217";"27:8:2";"Exp60_48_IS5106";"Exp60_48_IS5106";NA;"2023-10-15 08:17:00";79992,5
"894218";"27:8:2";"Exp60_48_IS5106";"Exp60_48_IS5106";NA;"2023-10-15 08:31:00";79986,9
"894219";"27:8:2";"Exp60_48_IS5106";"Exp60_48_IS5106";NA;"2023-10-15 08:47:00";79981,2
"894220";"27:8:2";"Exp60_48_IS5106";"Exp60_48_IS5106";NA;"2023-10-15 09:01:00";79973,1
"894221";"27:8:2";"Exp60_48_IS5106";"Exp60_48_IS5106";NA;"2023-10-15 09:17:00";79962,9
"894222";"27:8:2";"Exp60_48_IS5106";"Exp60_48_IS5106";NA;"2023-10-15 09:31:00";79953,4
"894223";"27:8:2";"Exp60_48_IS5106";"Exp60_48_IS5106";NA;"2023-10-15 09:47:00";79936,2
"894224";"27:8:2";"Exp60_48_IS5106";"Exp60_48_IS5106";NA;"2023-10-15 10:01:00";79950,5
"894225";"27:8:2";"Exp60_48_IS5106";"Exp60_48_IS5106";NA;"2023-10-15 10:17:00";79935,4
"894226";"27:8:2";"Exp60_48_IS5106";"Exp60_48_IS5106";NA;"2023-10-15 10:31:00";79902
"894227";"27:8:2";"Exp60_48_IS5106";"Exp60_48_IS5106";NA;"2023-10-15 10:47:00";79871,9
"894228";"27:8:2";"Exp60_48_IS5106";"Exp60_48_IS5106";NA;"2023-10-15 11:01:00";79852,5
"894229";"27:8:2";"Exp60_48_IS5106";"Exp60_48_IS5106";NA;"2023-10-15 18:01:00";79419,9
"894230";"27:8:2";"Exp60_48_IS5106";"Exp60_48_IS5106";NA;"2023-10-15 18:17:00";79416,6
"894231";"27:8:2";"Exp60_48_IS5106";"Exp60_48_IS5106";NA;"2023-10-15 18:31:00";79415,4
"894232";"27:8:2";"Exp60_48_IS5106";"Exp60_48_IS5106";NA;"2023-10-15 18:47:00";79408,8
"894233";"27:8:2";"Exp60_48_IS5106";"Exp60_48_IS5106";NA;"2023-10-15 19:01:00";79408,6
"894234";"27:8:2";"Exp60_48_IS5106";"Exp60_48_IS5106";NA;"2023-10-15 19:17:00";79405,1
"894235";"27:8:2";"Exp60_48_IS5106";"Exp60_48_IS5106";NA;"2023-10-15 19:31:00";79404,9
"894236";"27:8:2";"Exp60_48_IS5106";"Exp60_48_IS5106";NA;"2023-10-16 03:46:00";79356,2
"894237";"27:8:2";"Exp60_48_IS5106";"Exp60_48_IS5106";NA;"2023-10-16 04:02:00";79355,5
"894238";"27:8:2";"Exp60_48_IS5106";"Exp60_48_IS5106";NA;"2023-10-16 04:16:00";79355
"894239";"27:8:2";"Exp60_48_IS5106";"Exp60_48_IS5106";NA;"2023-10-16 04:32:00";79353,9
"894240";"27:8:2";"Exp60_48_IS5106";"Exp60_48_IS5106";NA;"2023-10-16 04:46:00";79355
"894241";"27:8:2";"Exp60_48_IS5106";"Exp60_48_IS5106";NA;"2023-10-16 05:02:00";79353,7
"894242";"27:8:2";"Exp60_48_IS5106";"Exp60_48_IS5106";NA;"2023-10-16 05:16:00";79352,2
"894243";"27:8:2";"Exp60_48_IS5106";"Exp60_48_IS5106";NA;"2023-10-16 05:32:00";79350,4
"894244";"27:8:2";"Exp60_48_IS5106";"Exp60_48_IS5106";NA;"2023-10-16 05:46:00";79351,6
"894245";"27:8:2";"Exp60_48_IS5106";"Exp60_48_IS5106";NA;"2023-10-16 06:02:00";79351,3
"894246";"27:8:2";"Exp60_48_IS5106";"Exp60_48_IS5106";NA;"2023-10-16 06:16:00";79350,7
"894247";"27:8:2";"Exp60_48_IS5106";"Exp60_48_IS5106";NA;"2023-10-16 06:32:00";79350,1
"894248";"27:8:2";"Exp60_48_IS5106";"Exp60_48_IS5106";NA;"2023-10-16 06:46:00";79350,4
"894249";"27:8:2";"Exp60_48_IS5106";"Exp60_48_IS5106";NA;"2023-10-16 07:02:00";79351,2
"894250";"27:8:2";"Exp60_48_IS5106";"Exp60_48_IS5106";NA;"2023-10-16 07:16:00";79349,8
"894251";"27:8:2";"Exp60_48_IS5106";"Exp60_48_IS5106";NA;"2023-10-16 07:47:00";79347,1
"894252";"27:8:2";"Exp60_48_IS5106";"Exp60_48_IS5106";NA;"2023-10-16 08:01:00";79344,6
"894253";"27:8:2";"Exp60_48_IS5106";"Exp60_48_IS5106";NA;"2023-10-16 08:17:00";79342
"894254";"27:8:2";"Exp60_48_IS5106";"Exp60_48_IS5106";NA;"2023-10-16 08:31:00";79337,8
"894255";"27:8:2";"Exp60_48_IS5106";"Exp60_48_IS5106";NA;"2023-10-16 08:47:00";79332,3
"894256";"27:8:2";"Exp60_48_IS5106";"Exp60_48_IS5106";NA;"2023-10-16 09:01:00";79326,1
"894257";"27:8:2";"Exp60_48_IS5106";"Exp60_48_IS5106";NA;"2023-10-16 09:17:00";79317,5
"894258";"27:8:2";"Exp60_48_IS5106";"Exp60_48_IS5106";NA;"2023-10-16 09:31:00";79306,5
"894259";"27:8:2";"Exp60_48_IS5106";"Exp60_48_IS5106";NA;"2023-10-16 09:47:00";79296,4
"894260";"27:8:2";"Exp60_48_IS5106";"Exp60_48_IS5106";NA;"2023-10-16 10:01:00";79290,7
"894261";"27:8:2";"Exp60_48_IS5106";"Exp60_48_IS5106";NA;"2023-10-16 10:17:00";79289,7
"894262";"27:8:2";"Exp60_48_IS5106";"Exp60_48_IS5106";NA;"2023-10-16 10:31:00";79261
"894263";"27:8:2";"Exp60_48_IS5106";"Exp60_48_IS5106";NA;"2023-10-16 10:47:00";79238,8
"894264";"27:8:2";"Exp60_48_IS5106";"Exp60_48_IS5106";NA;"2023-10-16 11:01:00";79221,2
"894265";"27:8:2";"Exp60_48_IS5106";"Exp60_48_IS5106";NA;"2023-10-16 11:32:00";79179,8
"894266";"27:8:2";"Exp60_48_IS5106";"Exp60_48_IS5106";NA;"2023-10-16 11:46:00";79164
"894267";"27:8:2";"Exp60_48_IS5106";"Exp60_48_IS5106";NA;"2023-10-16 12:17:00";79129,5
"894268";"27:8:2";"Exp60_48_IS5106";"Exp60_48_IS5106";NA;"2023-10-16 12:31:00";79107,2
"894269";"27:8:2";"Exp60_48_IS5106";"Exp60_48_IS5106";NA;"2023-10-16 13:02:00";79076,7
"894270";"27:8:2";"Exp60_48_IS5106";"Exp60_48_IS5106";NA;"2023-10-16 13:16:00";79055,5
"894271";"27:8:2";"Exp60_48_IS5106";"Exp60_48_IS5106";NA;"2023-10-16 13:32:00";79034,3
"894272";"27:8:2";"Exp60_48_IS5106";"Exp60_48_IS5106";NA;"2023-10-16 13:46:00";79020,5
"894273";"27:8:2";"Exp60_48_IS5106";"Exp60_48_IS5106";NA;"2023-10-16 14:02:00";79006,9
"894274";"27:8:2";"Exp60_48_IS5106";"Exp60_48_IS5106";NA;"2023-10-16 14:16:00";78992,8
"894275";"27:8:2";"Exp60_48_IS5106";"Exp60_48_IS5106";NA;"2023-10-16 14:32:00";78981,2
"894276";"27:8:2";"Exp60_48_IS5106";"Exp60_48_IS5106";NA;"2023-10-16 14:46:00";78968,5
"894277";"27:8:2";"Exp60_48_IS5106";"Exp60_48_IS5106";NA;"2023-10-16 22:16:00";78839
"894278";"27:8:2";"Exp60_48_IS5106";"Exp60_48_IS5106";NA;"2023-10-16 22:32:00";78838,3
"894279";"27:8:2";"Exp60_48_IS5106";"Exp60_48_IS5106";NA;"2023-10-16 22:46:00";78837,1
"894280";"27:8:2";"Exp60_48_IS5106";"Exp60_48_IS5106";NA;"2023-10-17 05:46:00";78810,4
"894281";"27:8:2";"Exp60_48_IS5106";"Exp60_48_IS5106";NA;"2023-10-17 06:02:00";78808,4
"894282";"27:8:2";"Exp60_48_IS5106";"Exp60_48_IS5106";NA;"2023-10-17 06:16:00";78807,4
"894283";"27:8:2";"Exp60_48_IS5106";"Exp60_48_IS5106";NA;"2023-10-17 06:32:00";78806,4
"894284";"27:8:2";"Exp60_48_IS5106";"Exp60_48_IS5106";NA;"2023-10-17 06:46:00";78807,2
"894285";"27:8:2";"Exp60_48_IS5106";"Exp60_48_IS5106";NA;"2023-10-17 12:46:00";78465,4
"894286";"27:8:2";"Exp60_48_IS5106";"Exp60_48_IS5106";NA;"2023-10-17 13:02:00";78447,1
"894287";"27:8:2";"Exp60_48_IS5106";"Exp60_48_IS5106";NA;"2023-10-17 13:16:00";78432,6
"894288";"27:8:2";"Exp60_48_IS5106";"Exp60_48_IS5106";NA;"2023-10-17 13:32:00";78416
"894289";"27:8:2";"Exp60_48_IS5106";"Exp60_48_IS5106";NA;"2023-10-17 13:46:00";78401,8
"894290";"27:8:2";"Exp60_48_IS5106";"Exp60_48_IS5106";NA;"2023-10-17 14:02:00";78384,1
"894291";"27:8:2";"Exp60_48_IS5106";"Exp60_48_IS5106";NA;"2023-10-17 14:16:00";78367,7
"894292";"27:8:2";"Exp60_48_IS5106";"Exp60_48_IS5106";NA;"2023-10-17 14:32:00";78351,2
"894293";"27:8:2";"Exp60_48_IS5106";"Exp60_48_IS5106";NA;"2023-10-17 14:46:00";78341
"894294";"27:8:2";"Exp60_48_IS5106";"Exp60_48_IS5106";NA;"2023-10-17 15:17:00";78309,2
"894295";"27:8:2";"Exp60_48_IS5106";"Exp60_48_IS5106";NA;"2023-10-17 15:31:00";78297,9
"894296";"27:8:2";"Exp60_48_IS5106";"Exp60_48_IS5106";NA;"2023-10-17 16:17:00";78268,5
"894297";"27:8:2";"Exp60_48_IS5106";"Exp60_48_IS5106";NA;"2023-10-17 16:31:00";78259,6
"894298";"27:8:2";"Exp60_48_IS5106";"Exp60_48_IS5106";NA;"2023-10-17 16:47:00";78254,9
"894299";"27:8:2";"Exp60_48_IS5106";"Exp60_48_IS5106";NA;"2023-10-17 17:01:00";78248,9
"894300";"27:8:2";"Exp60_48_IS5106";"Exp60_48_IS5106";NA;"2023-10-17 18:32:00";78230
"894301";"27:8:2";"Exp60_48_IS5106";"Exp60_48_IS5106";NA;"2023-10-17 18:46:00";78227,4
"894302";"27:8:2";"Exp60_48_IS5106";"Exp60_48_IS5106";NA;"2023-10-17 19:02:00";78228,1
"894303";"27:8:2";"Exp60_48_IS5106";"Exp60_48_IS5106";NA;"2023-10-17 19:16:00";78225
"894304";"27:8:2";"Exp60_48_IS5106";"Exp60_48_IS5106";NA;"2023-10-17 19:32:00";78225,5
"894305";"27:8:2";"Exp60_48_IS5106";"Exp60_48_IS5106";NA;"2023-10-17 19:46:00";78221,6
"894306";"27:8:2";"Exp60_48_IS5106";"Exp60_48_IS5106";NA;"2023-10-18 01:31:00";78200,8
"894307";"27:8:2";"Exp60_48_IS5106";"Exp60_48_IS5106";NA;"2023-10-18 02:02:00";78201,5
"894308";"27:8:2";"Exp60_48_IS5106";"Exp60_48_IS5106";NA;"2023-10-18 02:16:00";78199,4
"894309";"27:8:2";"Exp60_48_IS5106";"Exp60_48_IS5106";NA;"2023-10-18 02:32:00";78200,9
"894310";"27:8:2";"Exp60_48_IS5106";"Exp60_48_IS5106";NA;"2023-10-18 02:46:00";78200,4
"894311";"27:8:2";"Exp60_48_IS5106";"Exp60_48_IS5106";NA;"2023-10-18 03:02:00";78199,6
"894312";"27:8:2";"Exp60_48_IS5106";"Exp60_48_IS5106";NA;"2023-10-18 03:16:00";78199
"894313";"27:8:2";"Exp60_48_IS5106";"Exp60_48_IS5106";NA;"2023-10-18 03:32:00";78200,5
"894314";"27:8:2";"Exp60_48_IS5106";"Exp60_48_IS5106";NA;"2023-10-18 04:01:00";78198,3
"894315";"27:8:2";"Exp60_48_IS5106";"Exp60_48_IS5106";NA;"2023-10-18 04:17:00";78198,6
"894316";"27:8:2";"Exp60_48_IS5106";"Exp60_48_IS5106";NA;"2023-10-18 04:31:00";78200,5
"894317";"27:8:2";"Exp60_48_IS5106";"Exp60_48_IS5106";NA;"2023-10-18 04:47:00";78196,6
"894318";"27:8:2";"Exp60_48_IS5106";"Exp60_48_IS5106";NA;"2023-10-18 05:01:00";78197,1
"894319";"27:8:2";"Exp60_48_IS5106";"Exp60_48_IS5106";NA;"2023-10-18 05:17:00";78198,1
"894320";"27:8:2";"Exp60_48_IS5106";"Exp60_48_IS5106";NA;"2023-10-18 05:31:00";78196,6
"894321";"27:8:2";"Exp60_48_IS5106";"Exp60_48_IS5106";NA;"2023-10-18 05:47:00";78199,8
"894322";"27:8:2";"Exp60_48_IS5106";"Exp60_48_IS5106";NA;"2023-10-18 06:01:00";78201,6
"894323";"27:8:2";"Exp60_48_IS5106";"Exp60_48_IS5106";NA;"2023-10-18 06:17:00";78200,3
"894324";"27:8:2";"Exp60_48_IS5106";"Exp60_48_IS5106";NA;"2023-10-18 06:31:00";78198,5
"894325";"27:8:2";"Exp60_48_IS5106";"Exp60_48_IS5106";NA;"2023-10-18 07:32:00";78196,8
"894326";"27:8:2";"Exp60_48_IS5106";"Exp60_48_IS5106";NA;"2023-10-18 07:46:00";78195,6
"894327";"27:8:2";"Exp60_48_IS5106";"Exp60_48_IS5106";NA;"2023-10-18 08:02:00";78192,6
"894328";"27:8:2";"Exp60_48_IS5106";"Exp60_48_IS5106";NA;"2023-10-18 08:16:00";78188,2
"894329";"27:8:2";"Exp60_48_IS5106";"Exp60_48_IS5106";NA;"2023-10-18 08:47:00";78178,8
"894330";"27:8:2";"Exp60_48_IS5106";"Exp60_48_IS5106";NA;"2023-10-18 09:01:00";78170,9
"894331";"27:8:2";"Exp60_48_IS5106";"Exp60_48_IS5106";NA;"2023-10-18 09:17:00";78156,6
"894332";"27:8:2";"Exp60_48_IS5106";"Exp60_48_IS5106";NA;"2023-10-18 09:31:00";78150,4
"894333";"27:8:2";"Exp60_48_IS5106";"Exp60_48_IS5106";NA;"2023-10-18 15:31:00";77819,7
"894334";"27:8:2";"Exp60_48_IS5106";"Exp60_48_IS5106";NA;"2023-10-18 16:32:00";77788,2
"894335";"27:8:2";"Exp60_48_IS5106";"Exp60_48_IS5106";NA;"2023-10-18 16:46:00";77781,7
"894336";"27:8:2";"Exp60_48_IS5106";"Exp60_48_IS5106";NA;"2023-10-18 17:02:00";77776,3
"894337";"27:8:2";"Exp60_48_IS5106";"Exp60_48_IS5106";NA;"2023-10-18 17:16:00";77772,7
"894338";"27:8:2";"Exp60_48_IS5106";"Exp60_48_IS5106";NA;"2023-10-18 17:32:00";77769,8
"894339";"27:8:2";"Exp60_48_IS5106";"Exp60_48_IS5106";NA;"2023-10-18 17:46:00";77768,1
"894340";"27:8:2";"Exp60_48_IS5106";"Exp60_48_IS5106";NA;"2023-10-18 18:02:00";77766
"894341";"27:8:2";"Exp60_48_IS5106";"Exp60_48_IS5106";NA;"2023-10-18 18:16:00";77764,5
"894342";"27:8:2";"Exp60_48_IS5106";"Exp60_48_IS5106";NA;"2023-10-18 18:32:00";77763,9
"894343";"27:8:2";"Exp60_48_IS5106";"Exp60_48_IS5106";NA;"2023-10-18 18:46:00";77762,4
"894344";"27:8:2";"Exp60_48_IS5106";"Exp60_48_IS5106";NA;"2023-10-19 01:16:00";77734,5
"894345";"27:8:2";"Exp60_48_IS5106";"Exp60_48_IS5106";NA;"2023-10-19 01:32:00";77736,8
"894346";"27:8:2";"Exp60_48_IS5106";"Exp60_48_IS5106";NA;"2023-10-19 01:46:00";77736,9
"894347";"27:8:2";"Exp60_48_IS5106";"Exp60_48_IS5106";NA;"2023-10-19 02:02:00";77733,3
"894348";"27:8:2";"Exp60_48_IS5106";"Exp60_48_IS5106";NA;"2023-10-19 02:16:00";77734,5
"894349";"27:8:2";"Exp60_48_IS5106";"Exp60_48_IS5106";NA;"2023-10-19 02:32:00";77735,8
"894350";"27:8:2";"Exp60_48_IS5106";"Exp60_48_IS5106";NA;"2023-10-19 02:46:00";77734,6
"894351";"27:8:2";"Exp60_48_IS5106";"Exp60_48_IS5106";NA;"2023-10-19 03:17:00";77734,1
"894352";"27:8:2";"Exp60_48_IS5106";"Exp60_48_IS5106";NA;"2023-10-19 03:31:00";77731,6
"894353";"27:8:2";"Exp60_48_IS5106";"Exp60_48_IS5106";NA;"2023-10-19 03:47:00";77734,8
"894354";"27:8:2";"Exp60_48_IS5106";"Exp60_48_IS5106";NA;"2023-10-19 04:01:00";77735,2
"894355";"27:8:2";"Exp60_48_IS5106";"Exp60_48_IS5106";NA;"2023-10-19 04:17:00";77732,7
"894356";"27:8:2";"Exp60_48_IS5106";"Exp60_48_IS5106";NA;"2023-10-19 04:31:00";77732,1
"894357";"27:8:2";"Exp60_48_IS5106";"Exp60_48_IS5106";NA;"2023-10-19 04:47:00";77732,1
"894358";"27:8:2";"Exp60_48_IS5106";"Exp60_48_IS5106";NA;"2023-10-19 05:01:00";77731,5
"894359";"27:8:2";"Exp60_48_IS5106";"Exp60_48_IS5106";NA;"2023-10-19 05:17:00";77733,4
"894360";"27:8:2";"Exp60_48_IS5106";"Exp60_48_IS5106";NA;"2023-10-19 05:31:00";77731,2
"894361";"27:8:2";"Exp60_48_IS5106";"Exp60_48_IS5106";NA;"2023-10-19 05:47:00";77731,5
"894362";"27:8:2";"Exp60_48_IS5106";"Exp60_48_IS5106";NA;"2023-10-19 06:01:00";77733,3
"894363";"27:8:2";"Exp60_48_IS5106";"Exp60_48_IS5106";NA;"2023-10-19 06:17:00";77732,4
"894364";"27:8:2";"Exp60_48_IS5106";"Exp60_48_IS5106";NA;"2023-10-19 06:31:00";77731,7
"894365";"27:8:2";"Exp60_48_IS5106";"Exp60_48_IS5106";NA;"2023-10-19 06:47:00";77731,4
"894366";"27:8:2";"Exp60_48_IS5106";"Exp60_48_IS5106";NA;"2023-10-19 07:01:00";77732,2
"894367";"27:8:2";"Exp60_48_IS5106";"Exp60_48_IS5106";NA;"2023-10-19 13:46:00";77460,7
"894368";"27:8:2";"Exp60_48_IS5106";"Exp60_48_IS5106";NA;"2023-10-19 14:02:00";77447,1
"894369";"27:8:2";"Exp60_48_IS5106";"Exp60_48_IS5106";NA;"2023-10-19 14:16:00";77434
"894370";"27:8:2";"Exp60_48_IS5106";"Exp60_48_IS5106";NA;"2023-10-19 14:32:00";77421,4
"894371";"27:8:2";"Exp60_48_IS5106";"Exp60_48_IS5106";NA;"2023-10-19 14:46:00";77411,4
"894372";"27:8:2";"Exp60_48_IS5106";"Exp60_48_IS5106";NA;"2023-10-19 15:02:00";77400,5
"894373";"27:8:2";"Exp60_48_IS5106";"Exp60_48_IS5106";NA;"2023-10-19 15:16:00";77389,7
"894374";"27:8:2";"Exp60_48_IS5106";"Exp60_48_IS5106";NA;"2023-10-19 15:32:00";77599,7
"894375";"27:8:2";"Exp60_48_IS5106";"Exp60_48_IS5106";NA;"2023-10-19 15:46:00";78534,3
"894376";"27:8:2";"Exp60_48_IS5106";"Exp60_48_IS5106";NA;"2023-10-19 16:02:00";79532,3
"894377";"27:8:2";"Exp60_48_IS5106";"Exp60_48_IS5106";NA;"2023-10-19 16:16:00";80424,9
"894378";"27:8:2";"Exp60_48_IS5106";"Exp60_48_IS5106";NA;"2023-10-19 16:47:00";81050,1
"894379";"27:8:2";"Exp60_48_IS5106";"Exp60_48_IS5106";NA;"2023-10-19 17:01:00";80973,9
"894380";"27:8:2";"Exp60_48_IS5106";"Exp60_48_IS5106";NA;"2023-10-19 17:17:00";80888,7
"894381";"27:8:2";"Exp60_48_IS5106";"Exp60_48_IS5106";NA;"2023-10-19 17:31:00";80829,8
"894382";"27:8:2";"Exp60_48_IS5106";"Exp60_48_IS5106";NA;"2023-10-19 17:47:00";80770,7
"894383";"27:8:2";"Exp60_48_IS5106";"Exp60_48_IS5106";NA;"2023-10-19 18:01:00";80724,2
"894384";"27:8:2";"Exp60_48_IS5106";"Exp60_48_IS5106";NA;"2023-10-20 01:31:00";80333,2
"894385";"27:8:2";"Exp60_48_IS5106";"Exp60_48_IS5106";NA;"2023-10-20 01:47:00";80330,3
"894386";"27:8:2";"Exp60_48_IS5106";"Exp60_48_IS5106";NA;"2023-10-20 02:01:00";80330,4
"894387";"27:8:2";"Exp60_48_IS5106";"Exp60_48_IS5106";NA;"2023-10-20 02:17:00";80324,9
"894388";"27:8:2";"Exp60_48_IS5106";"Exp60_48_IS5106";NA;"2023-10-20 02:31:00";80323,2
"894389";"27:8:2";"Exp60_48_IS5106";"Exp60_48_IS5106";NA;"2023-10-20 02:47:00";80319,6
"894390";"27:8:2";"Exp60_48_IS5106";"Exp60_48_IS5106";NA;"2023-10-20 03:01:00";80316,3
"894391";"27:8:2";"Exp60_48_IS5106";"Exp60_48_IS5106";NA;"2023-10-20 03:47:00";80313,4
"894392";"27:8:2";"Exp60_48_IS5106";"Exp60_48_IS5106";NA;"2023-10-20 04:01:00";80311,2
"894393";"27:8:2";"Exp60_48_IS5106";"Exp60_48_IS5106";NA;"2023-10-20 04:32:00";80307,8
"894394";"27:8:2";"Exp60_48_IS5106";"Exp60_48_IS5106";NA;"2023-10-20 04:46:00";80303,6
"894395";"27:8:2";"Exp60_48_IS5106";"Exp60_48_IS5106";NA;"2023-10-20 05:02:00";80308,1
"894396";"27:8:2";"Exp60_48_IS5106";"Exp60_48_IS5106";NA;"2023-10-20 05:16:00";80307,8
"894397";"27:8:2";"Exp60_48_IS5106";"Exp60_48_IS5106";NA;"2023-10-20 05:32:00";80305,3
"894398";"27:8:2";"Exp60_48_IS5106";"Exp60_48_IS5106";NA;"2023-10-20 05:46:00";80305,4
"894399";"27:8:2";"Exp60_48_IS5106";"Exp60_48_IS5106";NA;"2023-10-20 06:02:00";80300,5
"894400";"27:8:2";"Exp60_48_IS5106";"Exp60_48_IS5106";NA;"2023-10-20 06:16:00";80300
"894401";"27:8:2";"Exp60_48_IS5106";"Exp60_48_IS5106";NA;"2023-10-20 06:32:00";80300
"894402";"27:8:2";"Exp60_48_IS5106";"Exp60_48_IS5106";NA;"2023-10-20 06:46:00";80301,6
"894403";"27:8:2";"Exp60_48_IS5106";"Exp60_48_IS5106";NA;"2023-10-20 07:02:00";80297,4
"894404";"27:8:2";"Exp60_48_IS5106";"Exp60_48_IS5106";NA;"2023-10-20 07:16:00";80295,4
"894405";"27:8:2";"Exp60_48_IS5106";"Exp60_48_IS5106";NA;"2023-10-20 07:47:00";80294,8
"894406";"27:8:2";"Exp60_48_IS5106";"Exp60_48_IS5106";NA;"2023-10-20 08:01:00";80291,2
"894407";"27:8:2";"Exp60_48_IS5106";"Exp60_48_IS5106";NA;"2023-10-20 08:17:00";80283,1
"894408";"27:8:2";"Exp60_48_IS5106";"Exp60_48_IS5106";NA;"2023-10-20 08:31:00";80277,6
"894409";"27:8:2";"Exp60_48_IS5106";"Exp60_48_IS5106";NA;"2023-10-20 08:47:00";80268,1
"894410";"27:8:2";"Exp60_48_IS5106";"Exp60_48_IS5106";NA;"2023-10-20 09:01:00";80256,2
"894411";"27:8:2";"Exp60_48_IS5106";"Exp60_48_IS5106";NA;"2023-10-20 13:46:00";79872,4
"894412";"27:8:2";"Exp60_48_IS5106";"Exp60_48_IS5106";NA;"2023-10-20 15:31:00";79748,5
"894413";"27:8:2";"Exp60_48_IS5106";"Exp60_48_IS5106";NA;"2023-10-20 15:47:00";79734,7
"894414";"27:8:2";"Exp60_48_IS5106";"Exp60_48_IS5106";NA;"2023-10-20 16:01:00";79722,8
"894415";"27:8:2";"Exp60_48_IS5106";"Exp60_48_IS5106";NA;"2023-10-20 16:17:00";79711,3
"894416";"27:8:2";"Exp60_48_IS5106";"Exp60_48_IS5106";NA;"2023-10-20 16:31:00";79698,4
"894417";"27:8:2";"Exp60_48_IS5106";"Exp60_48_IS5106";NA;"2023-10-20 16:47:00";79693,3
"894418";"27:8:2";"Exp60_48_IS5106";"Exp60_48_IS5106";NA;"2023-10-20 17:01:00";79688,8
"894419";"27:8:2";"Exp60_48_IS5106";"Exp60_48_IS5106";NA;"2023-10-20 23:31:00";79621,3
"894420";"27:8:2";"Exp60_48_IS5106";"Exp60_48_IS5106";NA;"2023-10-20 23:47:00";79620,7
"894421";"27:8:2";"Exp60_48_IS5106";"Exp60_48_IS5106";NA;"2023-10-21 00:01:00";79619,8
"894422";"27:8:2";"Exp60_48_IS5106";"Exp60_48_IS5106";NA;"2023-10-21 00:17:00";79616,7
"894423";"27:8:2";"Exp60_48_IS5106";"Exp60_48_IS5106";NA;"2023-10-21 00:31:00";79615,7
"894424";"27:8:2";"Exp60_48_IS5106";"Exp60_48_IS5106";NA;"2023-10-21 01:17:00";79614,4
"894425";"27:8:2";"Exp60_48_IS5106";"Exp60_48_IS5106";NA;"2023-10-21 01:31:00";79609,2
"894426";"27:8:2";"Exp60_48_IS5106";"Exp60_48_IS5106";NA;"2023-10-21 01:47:00";79609,1
"894427";"27:8:2";"Exp60_48_IS5106";"Exp60_48_IS5106";NA;"2023-10-21 02:01:00";79609,8
"894428";"27:8:2";"Exp60_48_IS5106";"Exp60_48_IS5106";NA;"2023-10-21 08:31:00";79581,9
"894429";"27:8:2";"Exp60_48_IS5106";"Exp60_48_IS5106";NA;"2023-10-21 08:47:00";79573,1
"894430";"27:8:2";"Exp60_48_IS5106";"Exp60_48_IS5106";NA;"2023-10-21 09:01:00";79566,3
"894431";"27:8:2";"Exp60_48_IS5106";"Exp60_48_IS5106";NA;"2023-10-21 09:17:00";79556,1
"894432";"27:8:2";"Exp60_48_IS5106";"Exp60_48_IS5106";NA;"2023-10-21 09:31:00";79548,6
"894433";"27:8:2";"Exp60_48_IS5106";"Exp60_48_IS5106";NA;"2023-10-21 09:47:00";79542,5
"894434";"27:8:2";"Exp60_48_IS5106";"Exp60_48_IS5106";NA;"2023-10-21 10:01:00";79536,7
"894435";"27:8:2";"Exp60_48_IS5106";"Exp60_48_IS5106";NA;"2023-10-21 10:32:00";79510,7
"894436";"27:8:2";"Exp60_48_IS5106";"Exp60_48_IS5106";NA;"2023-10-21 10:46:00";79490,3
"894437";"27:8:2";"Exp60_48_IS5106";"Exp60_48_IS5106";NA;"2023-10-21 17:01:00";81113,6
"894438";"27:8:2";"Exp60_48_IS5106";"Exp60_48_IS5106";NA;"2023-10-21 17:32:00";80984,5
"894439";"27:8:2";"Exp60_48_IS5106";"Exp60_48_IS5106";NA;"2023-10-21 17:46:00";80936
"894440";"27:8:2";"Exp60_48_IS5106";"Exp60_48_IS5106";NA;"2023-10-21 18:02:00";80887,6
"894441";"27:8:2";"Exp60_48_IS5106";"Exp60_48_IS5106";NA;"2023-10-21 18:16:00";80855
"894442";"27:8:2";"Exp60_48_IS5106";"Exp60_48_IS5106";NA;"2023-10-21 18:32:00";80816,7
"894443";"27:8:2";"Exp60_48_IS5106";"Exp60_48_IS5106";NA;"2023-10-21 18:46:00";80788,7
"894444";"27:8:2";"Exp60_48_IS5106";"Exp60_48_IS5106";NA;"2023-10-21 19:02:00";80762,1
"894445";"27:8:2";"Exp60_48_IS5106";"Exp60_48_IS5106";NA;"2023-10-21 19:16:00";80738,4
"894446";"27:8:2";"Exp60_48_IS5106";"Exp60_48_IS5106";NA;"2023-10-21 19:32:00";80717,4
"894447";"27:8:2";"Exp60_48_IS5106";"Exp60_48_IS5106";NA;"2023-10-21 19:46:00";80702,4
"894448";"27:8:2";"Exp60_48_IS5106";"Exp60_48_IS5106";NA;"2023-10-21 20:02:00";80682,8
"894449";"27:8:2";"Exp60_48_IS5106";"Exp60_48_IS5106";NA;"2023-10-21 20:16:00";80670,4
"894450";"27:8:2";"Exp60_48_IS5106";"Exp60_48_IS5106";NA;"2023-10-21 20:32:00";80654,4
"894451";"27:8:2";"Exp60_48_IS5106";"Exp60_48_IS5106";NA;"2023-10-21 20:46:00";80646,4
"894452";"27:9:1";"Exp60_148_IS19418";"Exp60_148_IS19418";NA;"2023-09-22 10:17:00";-2025120
"894453";"27:9:1";"Exp60_148_IS19418";"Exp60_148_IS19418";NA;"2023-09-22 10:31:00";-2042930
"894454";"27:9:1";"Exp60_148_IS19418";"Exp60_148_IS19418";NA;"2023-09-22 10:47:00";-2042970
"894455";"27:9:1";"Exp60_148_IS19418";"Exp60_148_IS19418";NA;"2023-09-22 11:01:00";-2006900
"894456";"27:9:1";"Exp60_148_IS19418";"Exp60_148_IS19418";NA;"2023-09-22 11:32:00";-1946370
"894457";"27:9:1";"Exp60_148_IS19418";"Exp60_148_IS19418";NA;"2023-09-22 11:46:00";-1912020
"894458";"27:9:1";"Exp60_148_IS19418";"Exp60_148_IS19418";NA;"2023-09-22 12:02:00";-1873710
"894459";"27:9:1";"Exp60_148_IS19418";"Exp60_148_IS19418";NA;"2023-09-22 12:16:00";-1825250
"894460";"27:9:1";"Exp60_148_IS19418";"Exp60_148_IS19418";NA;"2023-09-22 12:32:00";-1738530
"894461";"27:9:1";"Exp60_148_IS19418";"Exp60_148_IS19418";NA;"2023-09-22 12:46:00";-1768810
"894462";"27:9:1";"Exp60_148_IS19418";"Exp60_148_IS19418";NA;"2023-09-22 13:02:00";-1732850
"894463";"27:9:1";"Exp60_148_IS19418";"Exp60_148_IS19418";NA;"2023-09-22 13:16:00";-1717000
"894464";"27:9:1";"Exp60_148_IS19418";"Exp60_148_IS19418";NA;"2023-09-22 13:32:00";-1726310
"894465";"27:9:1";"Exp60_148_IS19418";"Exp60_148_IS19418";NA;"2023-09-22 13:46:00";-1735040
"894466";"27:9:1";"Exp60_148_IS19418";"Exp60_148_IS19418";NA;"2023-09-22 20:31:00";28135300
"894467";"27:9:1";"Exp60_148_IS19418";"Exp60_148_IS19418";NA;"2023-09-22 20:47:00";-2150630
"894468";"27:9:1";"Exp60_148_IS19418";"Exp60_148_IS19418";NA;"2023-09-22 21:01:00";-2158510
"894469";"27:9:1";"Exp60_148_IS19418";"Exp60_148_IS19418";NA;"2023-09-22 21:17:00";-2113370
"894470";"27:9:1";"Exp60_148_IS19418";"Exp60_148_IS19418";NA;"2023-09-22 21:31:00";28131700
"894471";"27:9:1";"Exp60_148_IS19418";"Exp60_148_IS19418";NA;"2023-09-22 21:47:00";-2171200
"894472";"27:9:1";"Exp60_148_IS19418";"Exp60_148_IS19418";NA;"2023-09-22 22:01:00";-2191070
"894473";"27:9:1";"Exp60_148_IS19418";"Exp60_148_IS19418";NA;"2023-09-22 22:17:00";-2197290
"894474";"27:9:1";"Exp60_148_IS19418";"Exp60_148_IS19418";NA;"2023-09-22 22:31:00";-2228000
"894475";"27:9:1";"Exp60_148_IS19418";"Exp60_148_IS19418";NA;"2023-09-22 22:47:00";-2167760
"894476";"27:9:1";"Exp60_148_IS19418";"Exp60_148_IS19418";NA;"2023-09-22 23:01:00";-2136330
"894477";"27:9:1";"Exp60_148_IS19418";"Exp60_148_IS19418";NA;"2023-09-22 23:17:00";-2220490
"894478";"27:9:1";"Exp60_148_IS19418";"Exp60_148_IS19418";NA;"2023-09-22 23:31:00";-2237890
"894479";"27:9:1";"Exp60_148_IS19418";"Exp60_148_IS19418";NA;"2023-09-22 23:47:00";-2241270
"894480";"27:9:1";"Exp60_148_IS19418";"Exp60_148_IS19418";NA;"2023-09-23 00:01:00";-2248160
"894481";"27:9:1";"Exp60_148_IS19418";"Exp60_148_IS19418";NA;"2023-09-23 00:17:00";-2268720
"894482";"27:9:1";"Exp60_148_IS19418";"Exp60_148_IS19418";NA;"2023-09-23 01:01:00";-2227660
"894483";"27:9:1";"Exp60_148_IS19418";"Exp60_148_IS19418";NA;"2023-09-23 01:17:00";28137700
"894484";"27:9:1";"Exp60_148_IS19418";"Exp60_148_IS19418";NA;"2023-09-23 01:31:00";-2246590
"894485";"27:9:1";"Exp60_148_IS19418";"Exp60_148_IS19418";NA;"2023-09-23 01:47:00";-2297090
"894486";"27:9:1";"Exp60_148_IS19418";"Exp60_148_IS19418";NA;"2023-09-23 02:01:00";-2310840
"894487";"27:9:1";"Exp60_148_IS19418";"Exp60_148_IS19418";NA;"2023-09-23 02:17:00";28157600
"894488";"27:9:1";"Exp60_148_IS19418";"Exp60_148_IS19418";NA;"2023-09-23 02:31:00";28149700
"894489";"27:9:1";"Exp60_148_IS19418";"Exp60_148_IS19418";NA;"2023-09-23 02:47:00";28156000
"894490";"27:9:1";"Exp60_148_IS19418";"Exp60_148_IS19418";NA;"2023-09-23 03:01:00";28158400
"894491";"27:9:1";"Exp60_148_IS19418";"Exp60_148_IS19418";NA;"2023-09-23 03:17:00";28155900
"894492";"27:9:1";"Exp60_148_IS19418";"Exp60_148_IS19418";NA;"2023-09-23 03:31:00";28162000
"894493";"27:9:1";"Exp60_148_IS19418";"Exp60_148_IS19418";NA;"2023-09-23 03:47:00";28158900
"894494";"27:9:1";"Exp60_148_IS19418";"Exp60_148_IS19418";NA;"2023-09-23 04:16:00";28156900
"894495";"27:9:1";"Exp60_148_IS19418";"Exp60_148_IS19418";NA;"2023-09-23 04:32:00";28154000
"894496";"27:9:1";"Exp60_148_IS19418";"Exp60_148_IS19418";NA;"2023-09-23 04:46:00";28157300
"894497";"27:9:1";"Exp60_148_IS19418";"Exp60_148_IS19418";NA;"2023-09-23 05:02:00";28159100
"894498";"27:9:1";"Exp60_148_IS19418";"Exp60_148_IS19418";NA;"2023-09-23 05:16:00";28156700
"894499";"27:9:1";"Exp60_148_IS19418";"Exp60_148_IS19418";NA;"2023-09-23 05:32:00";28160800
"894500";"27:9:1";"Exp60_148_IS19418";"Exp60_148_IS19418";NA;"2023-09-23 05:46:00";28158400
"894501";"27:9:1";"Exp60_148_IS19418";"Exp60_148_IS19418";NA;"2023-09-23 06:02:00";28158800
"894502";"27:9:1";"Exp60_148_IS19418";"Exp60_148_IS19418";NA;"2023-09-23 06:16:00";28157600
"894503";"27:9:1";"Exp60_148_IS19418";"Exp60_148_IS19418";NA;"2023-09-23 06:32:00";28158100
"894504";"27:9:1";"Exp60_148_IS19418";"Exp60_148_IS19418";NA;"2023-09-23 06:46:00";28159200
"894505";"27:9:1";"Exp60_148_IS19418";"Exp60_148_IS19418";NA;"2023-09-23 07:02:00";28159200
"894506";"27:9:1";"Exp60_148_IS19418";"Exp60_148_IS19418";NA;"2023-09-23 07:16:00";28159600
"894507";"27:9:1";"Exp60_148_IS19418";"Exp60_148_IS19418";NA;"2023-09-23 07:32:00";28163200
"894508";"27:9:1";"Exp60_148_IS19418";"Exp60_148_IS19418";NA;"2023-09-23 07:46:00";28162600
"894509";"27:9:1";"Exp60_148_IS19418";"Exp60_148_IS19418";NA;"2023-09-23 08:02:00";28162800
"894510";"27:9:1";"Exp60_148_IS19418";"Exp60_148_IS19418";NA;"2023-09-23 08:16:00";28163000
"894511";"27:9:1";"Exp60_148_IS19418";"Exp60_148_IS19418";NA;"2023-09-23 08:32:00";28163400
"894512";"27:9:1";"Exp60_148_IS19418";"Exp60_148_IS19418";NA;"2023-09-23 08:46:00";28163600
"894513";"27:9:1";"Exp60_148_IS19418";"Exp60_148_IS19418";NA;"2023-09-23 09:02:00";28163200
"894514";"27:9:1";"Exp60_148_IS19418";"Exp60_148_IS19418";NA;"2023-09-23 09:16:00";28163300
"894515";"27:9:1";"Exp60_148_IS19418";"Exp60_148_IS19418";NA;"2023-09-23 14:01:00";28166800
"894516";"27:9:1";"Exp60_148_IS19418";"Exp60_148_IS19418";NA;"2023-09-23 14:17:00";28168300
"894517";"27:9:1";"Exp60_148_IS19418";"Exp60_148_IS19418";NA;"2023-09-23 14:31:00";28169000
"894518";"27:9:1";"Exp60_148_IS19418";"Exp60_148_IS19418";NA;"2023-09-23 14:47:00";28168600
"894519";"27:9:1";"Exp60_148_IS19418";"Exp60_148_IS19418";NA;"2023-09-23 15:01:00";28169000
"894520";"27:9:1";"Exp60_148_IS19418";"Exp60_148_IS19418";NA;"2023-09-23 15:32:00";28165100
"894521";"27:9:1";"Exp60_148_IS19418";"Exp60_148_IS19418";NA;"2023-09-23 15:46:00";28164500
"894522";"27:9:1";"Exp60_148_IS19418";"Exp60_148_IS19418";NA;"2023-09-23 16:17:00";28163900
"894523";"27:9:1";"Exp60_148_IS19418";"Exp60_148_IS19418";NA;"2023-09-23 16:31:00";28163600
"894524";"27:9:1";"Exp60_148_IS19418";"Exp60_148_IS19418";NA;"2023-09-23 16:47:00";28163500
"894525";"27:9:1";"Exp60_148_IS19418";"Exp60_148_IS19418";NA;"2023-09-23 17:01:00";28163800
"894526";"27:9:1";"Exp60_148_IS19418";"Exp60_148_IS19418";NA;"2023-09-23 17:17:00";28163800
"894527";"27:9:1";"Exp60_148_IS19418";"Exp60_148_IS19418";NA;"2023-09-23 17:31:00";28163100
"894528";"27:9:1";"Exp60_148_IS19418";"Exp60_148_IS19418";NA;"2023-09-23 17:47:00";28163700
"894529";"27:9:1";"Exp60_148_IS19418";"Exp60_148_IS19418";NA;"2023-09-23 18:01:00";28164100
"894530";"27:9:1";"Exp60_148_IS19418";"Exp60_148_IS19418";NA;"2023-09-23 18:17:00";28163800
"894531";"27:9:1";"Exp60_148_IS19418";"Exp60_148_IS19418";NA;"2023-09-23 18:31:00";28161200
"894532";"27:9:1";"Exp60_148_IS19418";"Exp60_148_IS19418";NA;"2023-09-23 18:47:00";28163000
"894533";"27:9:1";"Exp60_148_IS19418";"Exp60_148_IS19418";NA;"2023-09-23 19:01:00";28161700
"894534";"27:9:1";"Exp60_148_IS19418";"Exp60_148_IS19418";NA;"2023-09-23 19:17:00";28160200
"894535";"27:9:1";"Exp60_148_IS19418";"Exp60_148_IS19418";NA;"2023-09-23 19:31:00";28159800
"894536";"27:9:1";"Exp60_148_IS19418";"Exp60_148_IS19418";NA;"2023-09-23 20:02:00";28159400
"894537";"27:9:1";"Exp60_148_IS19418";"Exp60_148_IS19418";NA;"2023-09-23 20:16:00";28159600
"894538";"27:9:1";"Exp60_148_IS19418";"Exp60_148_IS19418";NA;"2023-09-23 20:32:00";28160600
"894539";"27:9:1";"Exp60_148_IS19418";"Exp60_148_IS19418";NA;"2023-09-23 20:46:00";28158400
"894540";"27:9:1";"Exp60_148_IS19418";"Exp60_148_IS19418";NA;"2023-09-23 21:02:00";28161100
"894541";"27:9:1";"Exp60_148_IS19418";"Exp60_148_IS19418";NA;"2023-09-23 21:16:00";28161300
"894542";"27:9:1";"Exp60_148_IS19418";"Exp60_148_IS19418";NA;"2023-09-23 21:32:00";28159600
"894543";"27:9:1";"Exp60_148_IS19418";"Exp60_148_IS19418";NA;"2023-09-23 21:46:00";28159100
"894544";"27:9:1";"Exp60_148_IS19418";"Exp60_148_IS19418";NA;"2023-09-23 22:02:00";28158900
"894545";"27:9:1";"Exp60_148_IS19418";"Exp60_148_IS19418";NA;"2023-09-23 22:16:00";28157300
"894546";"27:9:1";"Exp60_148_IS19418";"Exp60_148_IS19418";NA;"2023-09-23 23:17:00";28154500
"894547";"27:9:1";"Exp60_148_IS19418";"Exp60_148_IS19418";NA;"2023-09-23 23:31:00";28156300
"894548";"27:9:1";"Exp60_148_IS19418";"Exp60_148_IS19418";NA;"2023-09-23 23:47:00";28153400
"894549";"27:9:1";"Exp60_148_IS19418";"Exp60_148_IS19418";NA;"2023-09-24 00:01:00";28155800
"894550";"27:9:1";"Exp60_148_IS19418";"Exp60_148_IS19418";NA;"2023-09-24 00:17:00";28156100
"894551";"27:9:1";"Exp60_148_IS19418";"Exp60_148_IS19418";NA;"2023-09-24 00:31:00";28156300
"894552";"27:9:1";"Exp60_148_IS19418";"Exp60_148_IS19418";NA;"2023-09-24 00:47:00";28152600
"894553";"27:9:1";"Exp60_148_IS19418";"Exp60_148_IS19418";NA;"2023-09-24 01:01:00";28148900
"894554";"27:9:1";"Exp60_148_IS19418";"Exp60_148_IS19418";NA;"2023-09-24 01:17:00";28153600
"894555";"27:9:1";"Exp60_148_IS19418";"Exp60_148_IS19418";NA;"2023-09-24 01:31:00";28146800
"894556";"27:9:1";"Exp60_148_IS19418";"Exp60_148_IS19418";NA;"2023-09-24 01:47:00";-2121150
"894557";"27:9:1";"Exp60_148_IS19418";"Exp60_148_IS19418";NA;"2023-09-24 02:01:00";28126700
"894558";"27:9:1";"Exp60_148_IS19418";"Exp60_148_IS19418";NA;"2023-09-24 02:17:00";28151100
"894559";"27:9:1";"Exp60_148_IS19418";"Exp60_148_IS19418";NA;"2023-09-24 02:31:00";28153300
"894560";"27:9:1";"Exp60_148_IS19418";"Exp60_148_IS19418";NA;"2023-09-24 02:47:00";28148500
"894561";"27:9:1";"Exp60_148_IS19418";"Exp60_148_IS19418";NA;"2023-09-24 03:01:00";28118900
"894562";"27:9:1";"Exp60_148_IS19418";"Exp60_148_IS19418";NA;"2023-09-24 10:01:00";28157600
"894563";"27:9:1";"Exp60_148_IS19418";"Exp60_148_IS19418";NA;"2023-09-24 10:17:00";28156000
"894564";"27:9:1";"Exp60_148_IS19418";"Exp60_148_IS19418";NA;"2023-09-24 10:31:00";28158600
"894565";"27:9:1";"Exp60_148_IS19418";"Exp60_148_IS19418";NA;"2023-09-24 10:47:00";28160600
"894566";"27:9:1";"Exp60_148_IS19418";"Exp60_148_IS19418";NA;"2023-09-24 11:01:00";28160200
"894567";"27:9:1";"Exp60_148_IS19418";"Exp60_148_IS19418";NA;"2023-09-24 11:17:00";28162600
"894568";"27:9:1";"Exp60_148_IS19418";"Exp60_148_IS19418";NA;"2023-09-24 11:31:00";28162300
"894569";"27:9:1";"Exp60_148_IS19418";"Exp60_148_IS19418";NA;"2023-09-24 11:47:00";28162100
"894570";"27:9:1";"Exp60_148_IS19418";"Exp60_148_IS19418";NA;"2023-09-24 12:01:00";-1360030
"894571";"27:9:1";"Exp60_148_IS19418";"Exp60_148_IS19418";NA;"2023-09-24 12:17:00";28163000
"894572";"27:9:1";"Exp60_148_IS19418";"Exp60_148_IS19418";NA;"2023-09-24 12:31:00";28166500
"894573";"27:9:1";"Exp60_148_IS19418";"Exp60_148_IS19418";NA;"2023-09-24 12:47:00";28167400
"894574";"27:9:1";"Exp60_148_IS19418";"Exp60_148_IS19418";NA;"2023-09-24 13:01:00";28164100
"894575";"27:9:1";"Exp60_148_IS19418";"Exp60_148_IS19418";NA;"2023-09-24 13:17:00";28163000
"894576";"27:9:1";"Exp60_148_IS19418";"Exp60_148_IS19418";NA;"2023-09-24 13:31:00";28164100
"894577";"27:9:1";"Exp60_148_IS19418";"Exp60_148_IS19418";NA;"2023-09-24 13:47:00";28162100
"894578";"27:9:1";"Exp60_148_IS19418";"Exp60_148_IS19418";NA;"2023-09-24 14:01:00";28162200
"894579";"27:9:1";"Exp60_148_IS19418";"Exp60_148_IS19418";NA;"2023-09-24 14:17:00";28161300
"894580";"27:9:1";"Exp60_148_IS19418";"Exp60_148_IS19418";NA;"2023-09-24 14:31:00";28160900
"894581";"27:9:1";"Exp60_148_IS19418";"Exp60_148_IS19418";NA;"2023-09-24 14:47:00";28142700
"894582";"27:9:1";"Exp60_148_IS19418";"Exp60_148_IS19418";NA;"2023-09-24 15:01:00";28121200
"894583";"27:9:1";"Exp60_148_IS19418";"Exp60_148_IS19418";NA;"2023-09-24 15:17:00";28130100
"894584";"27:9:1";"Exp60_148_IS19418";"Exp60_148_IS19418";NA;"2023-09-24 15:31:00";-1801080
"894585";"27:9:1";"Exp60_148_IS19418";"Exp60_148_IS19418";NA;"2023-09-24 15:47:00";-1781640
"894586";"27:9:1";"Exp60_148_IS19418";"Exp60_148_IS19418";NA;"2023-09-24 16:01:00";-1799580
"894587";"27:9:1";"Exp60_148_IS19418";"Exp60_148_IS19418";NA;"2023-09-24 22:31:00";-2109870
"894588";"27:9:1";"Exp60_148_IS19418";"Exp60_148_IS19418";NA;"2023-09-24 22:47:00";-2167230
"894589";"27:9:1";"Exp60_148_IS19418";"Exp60_148_IS19418";NA;"2023-09-24 23:01:00";-2127010
"894590";"27:9:1";"Exp60_148_IS19418";"Exp60_148_IS19418";NA;"2023-09-24 23:17:00";-2149580
"894591";"27:9:1";"Exp60_148_IS19418";"Exp60_148_IS19418";NA;"2023-09-24 23:31:00";-2167950
"894592";"27:9:1";"Exp60_148_IS19418";"Exp60_148_IS19418";NA;"2023-09-24 23:47:00";-2195030
"894593";"27:9:1";"Exp60_148_IS19418";"Exp60_148_IS19418";NA;"2023-09-25 00:01:00";-2183170
"894594";"27:9:1";"Exp60_148_IS19418";"Exp60_148_IS19418";NA;"2023-09-25 00:17:00";-2161380
"894595";"27:9:1";"Exp60_148_IS19418";"Exp60_148_IS19418";NA;"2023-09-25 00:31:00";-2175000
"894596";"27:9:1";"Exp60_148_IS19418";"Exp60_148_IS19418";NA;"2023-09-25 00:47:00";28112800
"894597";"27:9:1";"Exp60_148_IS19418";"Exp60_148_IS19418";NA;"2023-09-25 01:01:00";28147600
"894598";"27:9:1";"Exp60_148_IS19418";"Exp60_148_IS19418";NA;"2023-09-25 01:17:00";28138100
"894599";"27:9:1";"Exp60_148_IS19418";"Exp60_148_IS19418";NA;"2023-09-25 01:31:00";-2206060
"894600";"27:9:1";"Exp60_148_IS19418";"Exp60_148_IS19418";NA;"2023-09-25 01:47:00";-2261050
"894601";"27:9:1";"Exp60_148_IS19418";"Exp60_148_IS19418";NA;"2023-09-25 02:01:00";-2216040
"894602";"27:9:1";"Exp60_148_IS19418";"Exp60_148_IS19418";NA;"2023-09-25 03:02:00";-2314480
"894603";"27:9:1";"Exp60_148_IS19418";"Exp60_148_IS19418";NA;"2023-09-25 03:16:00";-2328550
"894604";"27:9:1";"Exp60_148_IS19418";"Exp60_148_IS19418";NA;"2023-09-25 04:32:00";-2334570
"894605";"27:9:1";"Exp60_148_IS19418";"Exp60_148_IS19418";NA;"2023-09-25 04:46:00";-2293190
"894606";"27:9:1";"Exp60_148_IS19418";"Exp60_148_IS19418";NA;"2023-09-25 05:17:00";-2313310
"894607";"27:9:1";"Exp60_148_IS19418";"Exp60_148_IS19418";NA;"2023-09-25 05:31:00";-2340520
"894608";"27:9:1";"Exp60_148_IS19418";"Exp60_148_IS19418";NA;"2023-09-25 05:47:00";-2321670
"894609";"27:9:1";"Exp60_148_IS19418";"Exp60_148_IS19418";NA;"2023-09-25 06:01:00";-2342570
"894610";"27:9:1";"Exp60_148_IS19418";"Exp60_148_IS19418";NA;"2023-09-25 06:17:00";-2317380
"894611";"27:9:1";"Exp60_148_IS19418";"Exp60_148_IS19418";NA;"2023-09-25 06:31:00";-2338350
"894612";"27:9:1";"Exp60_148_IS19418";"Exp60_148_IS19418";NA;"2023-09-25 06:47:00";28116500
"894613";"27:9:1";"Exp60_148_IS19418";"Exp60_148_IS19418";NA;"2023-09-25 07:01:00";-2341290
"894614";"27:9:1";"Exp60_148_IS19418";"Exp60_148_IS19418";NA;"2023-09-25 07:17:00";28151600
"894615";"27:9:1";"Exp60_148_IS19418";"Exp60_148_IS19418";NA;"2023-09-25 07:31:00";-2296270
"894616";"27:9:1";"Exp60_148_IS19418";"Exp60_148_IS19418";NA;"2023-09-25 07:47:00";28126800
"894617";"27:9:1";"Exp60_148_IS19418";"Exp60_148_IS19418";NA;"2023-09-25 08:01:00";28133900
"894618";"27:9:1";"Exp60_148_IS19418";"Exp60_148_IS19418";NA;"2023-09-25 14:46:00";28164100
"894619";"27:9:1";"Exp60_148_IS19418";"Exp60_148_IS19418";NA;"2023-09-25 15:02:00";28161900
"894620";"27:9:1";"Exp60_148_IS19418";"Exp60_148_IS19418";NA;"2023-09-25 15:16:00";28163600
"894621";"27:9:1";"Exp60_148_IS19418";"Exp60_148_IS19418";NA;"2023-09-25 15:32:00";28162200
"894622";"27:9:1";"Exp60_148_IS19418";"Exp60_148_IS19418";NA;"2023-09-25 15:46:00";28162400
"894623";"27:9:1";"Exp60_148_IS19418";"Exp60_148_IS19418";NA;"2023-09-25 16:02:00";28163400
"894624";"27:9:1";"Exp60_148_IS19418";"Exp60_148_IS19418";NA;"2023-09-25 17:16:00";28145100
"894625";"27:9:1";"Exp60_148_IS19418";"Exp60_148_IS19418";NA;"2023-09-25 17:32:00";28151500
"894626";"27:9:1";"Exp60_148_IS19418";"Exp60_148_IS19418";NA;"2023-09-25 17:46:00";28143200
"894627";"27:9:1";"Exp60_148_IS19418";"Exp60_148_IS19418";NA;"2023-09-25 18:02:00";28146700
"894628";"27:9:1";"Exp60_148_IS19418";"Exp60_148_IS19418";NA;"2023-09-25 19:01:00";-1965130
"894629";"27:9:1";"Exp60_148_IS19418";"Exp60_148_IS19418";NA;"2023-09-25 19:17:00";-2017630
"894630";"27:9:1";"Exp60_148_IS19418";"Exp60_148_IS19418";NA;"2023-09-25 19:31:00";-2076320
"894631";"27:9:1";"Exp60_148_IS19418";"Exp60_148_IS19418";NA;"2023-09-25 19:47:00";-2097870
"894632";"27:9:1";"Exp60_148_IS19418";"Exp60_148_IS19418";NA;"2023-09-25 20:01:00";-2078330
"894633";"27:9:1";"Exp60_148_IS19418";"Exp60_148_IS19418";NA;"2023-09-25 20:17:00";-2099020
"894634";"27:9:1";"Exp60_148_IS19418";"Exp60_148_IS19418";NA;"2023-09-25 20:31:00";-2080400
"894635";"27:9:1";"Exp60_148_IS19418";"Exp60_148_IS19418";NA;"2023-09-25 20:47:00";-2076720
"894636";"27:9:1";"Exp60_148_IS19418";"Exp60_148_IS19418";NA;"2023-09-25 21:16:00";-2121150
"894637";"27:9:1";"Exp60_148_IS19418";"Exp60_148_IS19418";NA;"2023-09-25 21:32:00";-2101070
"894638";"27:9:1";"Exp60_148_IS19418";"Exp60_148_IS19418";NA;"2023-09-25 21:46:00";-2101300
"894639";"27:9:1";"Exp60_148_IS19418";"Exp60_148_IS19418";NA;"2023-09-25 22:02:00";-2131360
"894640";"27:9:1";"Exp60_148_IS19418";"Exp60_148_IS19418";NA;"2023-09-25 22:16:00";-2172350
"894641";"27:9:1";"Exp60_148_IS19418";"Exp60_148_IS19418";NA;"2023-09-25 22:32:00";-2204310
"894642";"27:9:1";"Exp60_148_IS19418";"Exp60_148_IS19418";NA;"2023-09-25 22:46:00";-2206270
"894643";"27:9:1";"Exp60_148_IS19418";"Exp60_148_IS19418";NA;"2023-09-25 23:02:00";-2178440
"894644";"27:9:1";"Exp60_148_IS19418";"Exp60_148_IS19418";NA;"2023-09-25 23:16:00";-2220970
"894645";"27:9:1";"Exp60_148_IS19418";"Exp60_148_IS19418";NA;"2023-09-25 23:32:00";-2196680
"894646";"27:9:1";"Exp60_148_IS19418";"Exp60_148_IS19418";NA;"2023-09-25 23:46:00";-2167900
"894647";"27:9:1";"Exp60_148_IS19418";"Exp60_148_IS19418";NA;"2023-09-26 00:02:00";-2183430
"894648";"27:9:1";"Exp60_148_IS19418";"Exp60_148_IS19418";NA;"2023-09-26 00:16:00";-2174110
"894649";"27:9:1";"Exp60_148_IS19418";"Exp60_148_IS19418";NA;"2023-09-26 00:32:00";-2163440
"894650";"27:9:1";"Exp60_148_IS19418";"Exp60_148_IS19418";NA;"2023-09-26 00:46:00";-2203200
"894651";"27:9:1";"Exp60_148_IS19418";"Exp60_148_IS19418";NA;"2023-09-26 01:02:00";-2241540
"894652";"27:9:1";"Exp60_148_IS19418";"Exp60_148_IS19418";NA;"2023-09-26 01:16:00";-2263040
"894653";"27:9:1";"Exp60_148_IS19418";"Exp60_148_IS19418";NA;"2023-09-26 01:32:00";-2244800
"894654";"27:9:1";"Exp60_148_IS19418";"Exp60_148_IS19418";NA;"2023-09-26 01:46:00";-2274600
"894655";"27:9:1";"Exp60_148_IS19418";"Exp60_148_IS19418";NA;"2023-09-26 02:02:00";-2245420
"894656";"27:9:1";"Exp60_148_IS19418";"Exp60_148_IS19418";NA;"2023-09-26 02:16:00";-2243790
"894657";"27:9:1";"Exp60_148_IS19418";"Exp60_148_IS19418";NA;"2023-09-26 02:32:00";-2242290
"894658";"27:9:1";"Exp60_148_IS19418";"Exp60_148_IS19418";NA;"2023-09-26 02:46:00";-2274200
"894659";"27:9:1";"Exp60_148_IS19418";"Exp60_148_IS19418";NA;"2023-09-26 03:02:00";-2256940
"894660";"27:9:1";"Exp60_148_IS19418";"Exp60_148_IS19418";NA;"2023-09-26 03:16:00";-2237950
"894661";"27:9:1";"Exp60_148_IS19418";"Exp60_148_IS19418";NA;"2023-09-26 03:32:00";-2252770
"894662";"27:9:1";"Exp60_148_IS19418";"Exp60_148_IS19418";NA;"2023-09-26 03:46:00";-2247230
"894663";"27:9:1";"Exp60_148_IS19418";"Exp60_148_IS19418";NA;"2023-09-26 04:02:00";-2273780
"894664";"27:9:1";"Exp60_148_IS19418";"Exp60_148_IS19418";NA;"2023-09-26 04:16:00";-2305160
"894665";"27:9:1";"Exp60_148_IS19418";"Exp60_148_IS19418";NA;"2023-09-26 04:32:00";-2281740
"894666";"27:9:1";"Exp60_148_IS19418";"Exp60_148_IS19418";NA;"2023-09-26 04:46:00";-2333980
"894667";"27:9:1";"Exp60_148_IS19418";"Exp60_148_IS19418";NA;"2023-09-26 05:02:00";-2357860
"894668";"27:9:1";"Exp60_148_IS19418";"Exp60_148_IS19418";NA;"2023-09-26 05:16:00";-2326140
"894669";"27:9:1";"Exp60_148_IS19418";"Exp60_148_IS19418";NA;"2023-09-26 05:32:00";-2331080
"894670";"27:9:1";"Exp60_148_IS19418";"Exp60_148_IS19418";NA;"2023-09-26 05:46:00";-2319030
"894671";"27:9:1";"Exp60_148_IS19418";"Exp60_148_IS19418";NA;"2023-09-26 06:02:00";-2247830
"894672";"27:9:1";"Exp60_148_IS19418";"Exp60_148_IS19418";NA;"2023-09-26 06:16:00";-2339270
"894673";"27:9:1";"Exp60_148_IS19418";"Exp60_148_IS19418";NA;"2023-09-26 06:32:00";-2296590
"894674";"27:9:1";"Exp60_148_IS19418";"Exp60_148_IS19418";NA;"2023-09-26 06:46:00";-2271210
"894675";"27:9:1";"Exp60_148_IS19418";"Exp60_148_IS19418";NA;"2023-09-26 07:02:00";-2225810
"894676";"27:9:1";"Exp60_148_IS19418";"Exp60_148_IS19418";NA;"2023-09-26 07:16:00";-2272010
"894677";"27:9:1";"Exp60_148_IS19418";"Exp60_148_IS19418";NA;"2023-09-26 07:47:00";-2194690
"894678";"27:9:1";"Exp60_148_IS19418";"Exp60_148_IS19418";NA;"2023-09-26 08:01:00";-2216180
"894679";"27:9:1";"Exp60_148_IS19418";"Exp60_148_IS19418";NA;"2023-09-26 08:17:00";-2120740
"894680";"27:9:1";"Exp60_148_IS19418";"Exp60_148_IS19418";NA;"2023-09-26 08:31:00";-2089820
"894681";"27:9:1";"Exp60_148_IS19418";"Exp60_148_IS19418";NA;"2023-09-26 09:02:00";-2028770
"894682";"27:9:1";"Exp60_148_IS19418";"Exp60_148_IS19418";NA;"2023-09-26 09:16:00";-2048540
"894683";"27:9:1";"Exp60_148_IS19418";"Exp60_148_IS19418";NA;"2023-09-26 09:32:00";-1934170
"894684";"27:9:1";"Exp60_148_IS19418";"Exp60_148_IS19418";NA;"2023-09-26 09:46:00";-1853890
"894685";"27:9:1";"Exp60_148_IS19418";"Exp60_148_IS19418";NA;"2023-09-26 10:02:00";-1774330
"894686";"27:9:1";"Exp60_148_IS19418";"Exp60_148_IS19418";NA;"2023-09-26 10:16:00";-1637390
"894687";"27:9:1";"Exp60_148_IS19418";"Exp60_148_IS19418";NA;"2023-09-26 10:32:00";-1569060
"894688";"27:9:1";"Exp60_148_IS19418";"Exp60_148_IS19418";NA;"2023-09-26 10:46:00";-1543500
"894689";"27:9:1";"Exp60_148_IS19418";"Exp60_148_IS19418";NA;"2023-09-26 11:02:00";-1426240
"894690";"27:9:1";"Exp60_148_IS19418";"Exp60_148_IS19418";NA;"2023-09-26 11:16:00";28150900
"894691";"27:9:1";"Exp60_148_IS19418";"Exp60_148_IS19418";NA;"2023-09-26 11:47:00";28168600
"894692";"27:9:1";"Exp60_148_IS19418";"Exp60_148_IS19418";NA;"2023-09-26 12:01:00";28168300
"894693";"27:9:1";"Exp60_148_IS19418";"Exp60_148_IS19418";NA;"2023-09-26 12:17:00";28169300
"894694";"27:9:1";"Exp60_148_IS19418";"Exp60_148_IS19418";NA;"2023-09-26 12:31:00";28170000
"894695";"27:9:1";"Exp60_148_IS19418";"Exp60_148_IS19418";NA;"2023-09-26 12:47:00";28169300
"894696";"27:9:1";"Exp60_148_IS19418";"Exp60_148_IS19418";NA;"2023-09-26 13:01:00";28171000
"894697";"27:9:1";"Exp60_148_IS19418";"Exp60_148_IS19418";NA;"2023-09-26 13:32:00";28171200
"894698";"27:9:1";"Exp60_148_IS19418";"Exp60_148_IS19418";NA;"2023-09-26 13:46:00";28171300
"894699";"27:9:1";"Exp60_148_IS19418";"Exp60_148_IS19418";NA;"2023-09-26 14:02:00";28170700
"894700";"27:9:1";"Exp60_148_IS19418";"Exp60_148_IS19418";NA;"2023-09-26 14:16:00";28171100
"894701";"27:9:1";"Exp60_148_IS19418";"Exp60_148_IS19418";NA;"2023-09-26 14:32:00";28169400
"894702";"27:9:1";"Exp60_148_IS19418";"Exp60_148_IS19418";NA;"2023-09-26 14:46:00";28169900
"894703";"27:9:1";"Exp60_148_IS19418";"Exp60_148_IS19418";NA;"2023-09-26 15:02:00";28170800
"894704";"27:9:1";"Exp60_148_IS19418";"Exp60_148_IS19418";NA;"2023-09-26 15:16:00";28170600
"894705";"27:9:1";"Exp60_148_IS19418";"Exp60_148_IS19418";NA;"2023-09-26 15:32:00";28170300
"894706";"27:9:1";"Exp60_148_IS19418";"Exp60_148_IS19418";NA;"2023-09-26 15:46:00";28170400
"894707";"27:9:1";"Exp60_148_IS19418";"Exp60_148_IS19418";NA;"2023-09-26 16:02:00";28170300
"894708";"27:9:1";"Exp60_148_IS19418";"Exp60_148_IS19418";NA;"2023-09-26 16:16:00";28170700
"894709";"27:9:1";"Exp60_148_IS19418";"Exp60_148_IS19418";NA;"2023-09-26 22:01:00";-1864520
"894710";"27:9:1";"Exp60_148_IS19418";"Exp60_148_IS19418";NA;"2023-09-26 22:17:00";-1841490
"894711";"27:9:1";"Exp60_148_IS19418";"Exp60_148_IS19418";NA;"2023-09-26 22:31:00";-1939400
"894712";"27:9:1";"Exp60_148_IS19418";"Exp60_148_IS19418";NA;"2023-09-26 22:47:00";-1921110
"894713";"27:9:1";"Exp60_148_IS19418";"Exp60_148_IS19418";NA;"2023-09-26 23:01:00";-1937560
"894714";"27:9:1";"Exp60_148_IS19418";"Exp60_148_IS19418";NA;"2023-09-26 23:17:00";-1986620
"894715";"27:9:1";"Exp60_148_IS19418";"Exp60_148_IS19418";NA;"2023-09-26 23:31:00";-2013650
"894716";"27:9:1";"Exp60_148_IS19418";"Exp60_148_IS19418";NA;"2023-09-26 23:47:00";-1998510
"894717";"27:9:1";"Exp60_148_IS19418";"Exp60_148_IS19418";NA;"2023-09-27 00:31:00";-2024500
"894718";"27:9:1";"Exp60_148_IS19418";"Exp60_148_IS19418";NA;"2023-09-27 00:47:00";-1978370
"894719";"27:9:1";"Exp60_148_IS19418";"Exp60_148_IS19418";NA;"2023-09-27 01:01:00";-2068880
"894720";"27:9:1";"Exp60_148_IS19418";"Exp60_148_IS19418";NA;"2023-09-27 01:17:00";-2011180
"894721";"27:9:1";"Exp60_148_IS19418";"Exp60_148_IS19418";NA;"2023-09-27 01:31:00";-2061860
"894722";"27:9:1";"Exp60_148_IS19418";"Exp60_148_IS19418";NA;"2023-09-27 01:47:00";-2024070
"894723";"27:9:1";"Exp60_148_IS19418";"Exp60_148_IS19418";NA;"2023-09-27 02:01:00";-2055620
"894724";"27:9:1";"Exp60_148_IS19418";"Exp60_148_IS19418";NA;"2023-09-27 02:17:00";-2041790
"894725";"27:9:1";"Exp60_148_IS19418";"Exp60_148_IS19418";NA;"2023-09-27 02:31:00";-2078010
"894726";"27:9:1";"Exp60_148_IS19418";"Exp60_148_IS19418";NA;"2023-09-27 02:47:00";-2033290
"894727";"27:9:1";"Exp60_148_IS19418";"Exp60_148_IS19418";NA;"2023-09-27 03:01:00";-2052740
"894728";"27:9:1";"Exp60_148_IS19418";"Exp60_148_IS19418";NA;"2023-09-27 03:17:00";-2055920
"894729";"27:9:1";"Exp60_148_IS19418";"Exp60_148_IS19418";NA;"2023-09-27 03:31:00";-2074610
"894730";"27:9:1";"Exp60_148_IS19418";"Exp60_148_IS19418";NA;"2023-09-27 03:47:00";-2120230
"894731";"27:9:1";"Exp60_148_IS19418";"Exp60_148_IS19418";NA;"2023-09-27 04:01:00";-2100710
"894732";"27:9:1";"Exp60_148_IS19418";"Exp60_148_IS19418";NA;"2023-09-27 04:17:00";-2143700
"894733";"27:9:1";"Exp60_148_IS19418";"Exp60_148_IS19418";NA;"2023-09-27 04:31:00";-2144490
"894734";"27:9:1";"Exp60_148_IS19418";"Exp60_148_IS19418";NA;"2023-09-27 04:47:00";-2132380
"894735";"27:9:1";"Exp60_148_IS19418";"Exp60_148_IS19418";NA;"2023-09-27 05:01:00";-2184570
"894736";"27:9:1";"Exp60_148_IS19418";"Exp60_148_IS19418";NA;"2023-09-27 05:17:00";-2124540
"894737";"27:9:1";"Exp60_148_IS19418";"Exp60_148_IS19418";NA;"2023-09-27 05:31:00";-2173040
"894738";"27:9:1";"Exp60_148_IS19418";"Exp60_148_IS19418";NA;"2023-09-27 05:47:00";-2159210
"894739";"27:9:1";"Exp60_148_IS19418";"Exp60_148_IS19418";NA;"2023-09-27 06:01:00";-2203560
"894740";"27:9:1";"Exp60_148_IS19418";"Exp60_148_IS19418";NA;"2023-09-27 06:17:00";-2185050
"894741";"27:9:1";"Exp60_148_IS19418";"Exp60_148_IS19418";NA;"2023-09-27 06:31:00";-2154360
"894742";"27:9:1";"Exp60_148_IS19418";"Exp60_148_IS19418";NA;"2023-09-27 06:47:00";-2175190
"894743";"27:9:1";"Exp60_148_IS19418";"Exp60_148_IS19418";NA;"2023-09-27 07:01:00";-2101900
"894744";"27:9:1";"Exp60_148_IS19418";"Exp60_148_IS19418";NA;"2023-09-27 07:32:00";-2145480
"894745";"27:9:1";"Exp60_148_IS19418";"Exp60_148_IS19418";NA;"2023-09-27 07:46:00";-2063970
"894746";"27:9:1";"Exp60_148_IS19418";"Exp60_148_IS19418";NA;"2023-09-27 08:02:00";-1993170
"894747";"27:9:1";"Exp60_148_IS19418";"Exp60_148_IS19418";NA;"2023-09-27 08:16:00";-1947460
"894748";"27:9:1";"Exp60_148_IS19418";"Exp60_148_IS19418";NA;"2023-09-27 08:32:00";-1914710
"894749";"27:9:1";"Exp60_148_IS19418";"Exp60_148_IS19418";NA;"2023-09-27 08:46:00";-1833750
"894750";"27:9:1";"Exp60_148_IS19418";"Exp60_148_IS19418";NA;"2023-09-27 09:02:00";-1780030
"894751";"27:9:1";"Exp60_148_IS19418";"Exp60_148_IS19418";NA;"2023-09-27 09:16:00";-1681580
"894752";"27:9:1";"Exp60_148_IS19418";"Exp60_148_IS19418";NA;"2023-09-27 15:46:00";28171900
"894753";"27:9:1";"Exp60_148_IS19418";"Exp60_148_IS19418";NA;"2023-09-27 16:02:00";27997500
"894754";"27:9:1";"Exp60_148_IS19418";"Exp60_148_IS19418";NA;"2023-09-27 16:16:00";28163400
"894755";"27:9:1";"Exp60_148_IS19418";"Exp60_148_IS19418";NA;"2023-09-27 16:32:00";28161300
"894756";"27:9:1";"Exp60_148_IS19418";"Exp60_148_IS19418";NA;"2023-09-27 16:46:00";-1071290
"894757";"27:9:1";"Exp60_148_IS19418";"Exp60_148_IS19418";NA;"2023-09-27 17:17:00";28157700
"894758";"27:9:1";"Exp60_148_IS19418";"Exp60_148_IS19418";NA;"2023-09-27 17:31:00";28157000
"894759";"27:9:1";"Exp60_148_IS19418";"Exp60_148_IS19418";NA;"2023-09-27 17:47:00";28153500
"894760";"27:9:1";"Exp60_148_IS19418";"Exp60_148_IS19418";NA;"2023-09-27 18:01:00";28137700
"894761";"27:9:1";"Exp60_148_IS19418";"Exp60_148_IS19418";NA;"2023-09-27 18:17:00";28150000
"894762";"27:9:1";"Exp60_148_IS19418";"Exp60_148_IS19418";NA;"2023-09-27 18:31:00";-1441350
"894763";"27:9:1";"Exp60_148_IS19418";"Exp60_148_IS19418";NA;"2023-09-27 18:47:00";-1448350
"894764";"27:9:1";"Exp60_148_IS19418";"Exp60_148_IS19418";NA;"2023-09-27 19:01:00";-1613210
"894765";"27:9:1";"Exp60_148_IS19418";"Exp60_148_IS19418";NA;"2023-09-27 19:17:00";-1661250
"894766";"27:9:1";"Exp60_148_IS19418";"Exp60_148_IS19418";NA;"2023-09-27 19:31:00";-1724260
"894767";"27:9:1";"Exp60_148_IS19418";"Exp60_148_IS19418";NA;"2023-09-27 19:47:00";-1763340
"894768";"27:9:1";"Exp60_148_IS19418";"Exp60_148_IS19418";NA;"2023-09-27 20:01:00";-1751200
"894769";"27:9:1";"Exp60_148_IS19418";"Exp60_148_IS19418";NA;"2023-09-27 20:17:00";-1794500
"894770";"27:9:1";"Exp60_148_IS19418";"Exp60_148_IS19418";NA;"2023-09-27 20:31:00";-1835670
"894771";"27:9:1";"Exp60_148_IS19418";"Exp60_148_IS19418";NA;"2023-09-27 20:47:00";-1885400
"894772";"27:9:1";"Exp60_148_IS19418";"Exp60_148_IS19418";NA;"2023-09-27 21:01:00";-1864990
"894773";"27:9:1";"Exp60_148_IS19418";"Exp60_148_IS19418";NA;"2023-09-28 01:31:00";-2017340
"894774";"27:9:1";"Exp60_148_IS19418";"Exp60_148_IS19418";NA;"2023-09-28 01:47:00";-1984160
"894775";"27:9:1";"Exp60_148_IS19418";"Exp60_148_IS19418";NA;"2023-09-28 02:01:00";-2007330
"894776";"27:9:1";"Exp60_148_IS19418";"Exp60_148_IS19418";NA;"2023-09-28 02:17:00";-1989970
"894777";"27:9:1";"Exp60_148_IS19418";"Exp60_148_IS19418";NA;"2023-09-28 02:31:00";-1992660
"894778";"27:9:1";"Exp60_148_IS19418";"Exp60_148_IS19418";NA;"2023-09-28 03:17:00";-2042250
"894779";"27:9:1";"Exp60_148_IS19418";"Exp60_148_IS19418";NA;"2023-09-28 03:31:00";-2051790
"894780";"27:9:1";"Exp60_148_IS19418";"Exp60_148_IS19418";NA;"2023-09-28 03:47:00";-2021830
"894781";"27:9:1";"Exp60_148_IS19418";"Exp60_148_IS19418";NA;"2023-09-28 04:01:00";-1999320
"894782";"27:9:1";"Exp60_148_IS19418";"Exp60_148_IS19418";NA;"2023-09-28 04:17:00";-2076440
"894783";"27:9:1";"Exp60_148_IS19418";"Exp60_148_IS19418";NA;"2023-09-28 04:31:00";-2119890
"894784";"27:9:1";"Exp60_148_IS19418";"Exp60_148_IS19418";NA;"2023-09-28 04:47:00";-2076510
"894785";"27:9:1";"Exp60_148_IS19418";"Exp60_148_IS19418";NA;"2023-09-28 05:01:00";-2146030
"894786";"27:9:1";"Exp60_148_IS19418";"Exp60_148_IS19418";NA;"2023-09-28 05:17:00";-2123040
"894787";"27:9:1";"Exp60_148_IS19418";"Exp60_148_IS19418";NA;"2023-09-28 05:31:00";-2099190
"894788";"27:9:1";"Exp60_148_IS19418";"Exp60_148_IS19418";NA;"2023-09-28 05:47:00";-2076070
"894789";"27:9:1";"Exp60_148_IS19418";"Exp60_148_IS19418";NA;"2023-09-28 06:01:00";-2130740
"894790";"27:9:1";"Exp60_148_IS19418";"Exp60_148_IS19418";NA;"2023-09-28 06:17:00";-2125300
"894791";"27:9:1";"Exp60_148_IS19418";"Exp60_148_IS19418";NA;"2023-09-28 07:16:00";-2091980
"894792";"27:9:1";"Exp60_148_IS19418";"Exp60_148_IS19418";NA;"2023-09-28 07:32:00";-2063810
"894793";"27:9:1";"Exp60_148_IS19418";"Exp60_148_IS19418";NA;"2023-09-28 08:16:00";-1875820
"894794";"27:9:1";"Exp60_148_IS19418";"Exp60_148_IS19418";NA;"2023-09-28 08:47:00";-1709360
"894795";"27:9:1";"Exp60_148_IS19418";"Exp60_148_IS19418";NA;"2023-09-28 09:01:00";28141800
"894796";"27:9:1";"Exp60_148_IS19418";"Exp60_148_IS19418";NA;"2023-09-28 16:16:00";28169000
"894797";"27:9:1";"Exp60_148_IS19418";"Exp60_148_IS19418";NA;"2023-09-28 16:47:00";28168300
"894798";"27:9:1";"Exp60_148_IS19418";"Exp60_148_IS19418";NA;"2023-09-28 17:01:00";28168400
"894799";"27:9:1";"Exp60_148_IS19418";"Exp60_148_IS19418";NA;"2023-09-28 17:17:00";28166700
"894800";"27:9:1";"Exp60_148_IS19418";"Exp60_148_IS19418";NA;"2023-09-28 17:31:00";28163900
"894801";"27:9:1";"Exp60_148_IS19418";"Exp60_148_IS19418";NA;"2023-09-28 18:02:00";28162700
"894802";"27:9:1";"Exp60_148_IS19418";"Exp60_148_IS19418";NA;"2023-09-28 18:16:00";28161700
"894803";"27:9:1";"Exp60_148_IS19418";"Exp60_148_IS19418";NA;"2023-09-28 18:32:00";28159000
"894804";"27:9:1";"Exp60_148_IS19418";"Exp60_148_IS19418";NA;"2023-09-28 18:46:00";28156600
"894805";"27:9:1";"Exp60_148_IS19418";"Exp60_148_IS19418";NA;"2023-09-28 19:02:00";28154800
"894806";"27:9:1";"Exp60_148_IS19418";"Exp60_148_IS19418";NA;"2023-09-28 19:16:00";28158300
"894807";"27:9:1";"Exp60_148_IS19418";"Exp60_148_IS19418";NA;"2023-09-28 19:32:00";28158900
"894808";"27:9:1";"Exp60_148_IS19418";"Exp60_148_IS19418";NA;"2023-09-28 19:46:00";28160200
"894809";"27:9:1";"Exp60_148_IS19418";"Exp60_148_IS19418";NA;"2023-09-28 20:02:00";28160500
"894810";"27:9:1";"Exp60_148_IS19418";"Exp60_148_IS19418";NA;"2023-09-28 20:16:00";28156700
"894811";"27:9:1";"Exp60_148_IS19418";"Exp60_148_IS19418";NA;"2023-09-28 20:32:00";28157200
"894812";"27:9:1";"Exp60_148_IS19418";"Exp60_148_IS19418";NA;"2023-09-28 20:46:00";28158600
"894813";"27:9:1";"Exp60_148_IS19418";"Exp60_148_IS19418";NA;"2023-09-28 21:02:00";28160700
"894814";"27:9:1";"Exp60_148_IS19418";"Exp60_148_IS19418";NA;"2023-09-28 21:16:00";28160000
"894815";"27:9:1";"Exp60_148_IS19418";"Exp60_148_IS19418";NA;"2023-09-28 21:32:00";28159100
"894816";"27:9:1";"Exp60_148_IS19418";"Exp60_148_IS19418";NA;"2023-09-28 21:46:00";28158900
"894817";"27:9:1";"Exp60_148_IS19418";"Exp60_148_IS19418";NA;"2023-09-28 22:17:00";28153300
"894818";"27:9:1";"Exp60_148_IS19418";"Exp60_148_IS19418";NA;"2023-09-28 22:31:00";28158400
"894819";"27:9:1";"Exp60_148_IS19418";"Exp60_148_IS19418";NA;"2023-09-28 22:47:00";28159700
"894820";"27:9:1";"Exp60_148_IS19418";"Exp60_148_IS19418";NA;"2023-09-28 23:01:00";28157600
"894821";"27:9:1";"Exp60_148_IS19418";"Exp60_148_IS19418";NA;"2023-09-28 23:17:00";28159300
"894822";"27:9:1";"Exp60_148_IS19418";"Exp60_148_IS19418";NA;"2023-09-28 23:31:00";28158800
"894823";"27:9:1";"Exp60_148_IS19418";"Exp60_148_IS19418";NA;"2023-09-29 00:17:00";28155100
"894824";"27:9:1";"Exp60_148_IS19418";"Exp60_148_IS19418";NA;"2023-09-29 00:31:00";28157300
"894825";"27:9:1";"Exp60_148_IS19418";"Exp60_148_IS19418";NA;"2023-09-29 00:47:00";28156300
"894826";"27:9:1";"Exp60_148_IS19418";"Exp60_148_IS19418";NA;"2023-09-29 01:01:00";28152900
"894827";"27:9:1";"Exp60_148_IS19418";"Exp60_148_IS19418";NA;"2023-09-29 01:17:00";28157200
"894828";"27:9:1";"Exp60_148_IS19418";"Exp60_148_IS19418";NA;"2023-09-29 01:31:00";28157300
"894829";"27:9:1";"Exp60_148_IS19418";"Exp60_148_IS19418";NA;"2023-09-29 01:47:00";28160100
"894830";"27:9:1";"Exp60_148_IS19418";"Exp60_148_IS19418";NA;"2023-09-29 02:01:00";28160000
"894831";"27:9:1";"Exp60_148_IS19418";"Exp60_148_IS19418";NA;"2023-09-29 02:17:00";28149700
"894832";"27:9:1";"Exp60_148_IS19418";"Exp60_148_IS19418";NA;"2023-09-29 02:31:00";28136700
"894833";"27:9:1";"Exp60_148_IS19418";"Exp60_148_IS19418";NA;"2023-09-29 02:47:00";28153000
"894834";"27:9:1";"Exp60_148_IS19418";"Exp60_148_IS19418";NA;"2023-09-29 03:01:00";28150900
"894835";"27:9:1";"Exp60_148_IS19418";"Exp60_148_IS19418";NA;"2023-09-29 03:47:00";28144800
"894836";"27:9:1";"Exp60_148_IS19418";"Exp60_148_IS19418";NA;"2023-09-29 04:01:00";28157600
"894837";"27:9:1";"Exp60_148_IS19418";"Exp60_148_IS19418";NA;"2023-09-29 04:17:00";28156200
"894838";"27:9:1";"Exp60_148_IS19418";"Exp60_148_IS19418";NA;"2023-09-29 04:31:00";28074500
"894839";"27:9:1";"Exp60_148_IS19418";"Exp60_148_IS19418";NA;"2023-09-29 12:31:00";-101099
"894840";"27:9:1";"Exp60_148_IS19418";"Exp60_148_IS19418";NA;"2023-09-29 18:46:00";-4150300
"894841";"27:9:1";"Exp60_148_IS19418";"Exp60_148_IS19418";NA;"2023-09-29 19:17:00";-823672
"894842";"27:9:1";"Exp60_148_IS19418";"Exp60_148_IS19418";NA;"2023-09-29 19:31:00";1432190
"894843";"27:9:1";"Exp60_148_IS19418";"Exp60_148_IS19418";NA;"2023-09-29 19:47:00";3155660
"894844";"27:9:1";"Exp60_148_IS19418";"Exp60_148_IS19418";NA;"2023-09-29 20:01:00";3682820
"894845";"27:9:1";"Exp60_148_IS19418";"Exp60_148_IS19418";NA;"2023-09-29 20:17:00";3987870
"894846";"27:9:1";"Exp60_148_IS19418";"Exp60_148_IS19418";NA;"2023-09-29 20:31:00";4115390
"894847";"27:9:1";"Exp60_148_IS19418";"Exp60_148_IS19418";NA;"2023-09-29 21:02:00";4139190
"894848";"27:9:1";"Exp60_148_IS19418";"Exp60_148_IS19418";NA;"2023-09-29 21:16:00";4164250
"894849";"27:9:1";"Exp60_148_IS19418";"Exp60_148_IS19418";NA;"2023-09-29 21:32:00";4246020
"894850";"27:9:1";"Exp60_148_IS19418";"Exp60_148_IS19418";NA;"2023-09-29 21:46:00";4240740
"894851";"27:9:1";"Exp60_148_IS19418";"Exp60_148_IS19418";NA;"2023-09-29 22:02:00";4212110
"894852";"27:9:1";"Exp60_148_IS19418";"Exp60_148_IS19418";NA;"2023-09-29 22:16:00";4204970
"894853";"27:9:1";"Exp60_148_IS19418";"Exp60_148_IS19418";NA;"2023-09-29 22:32:00";4243330
"894854";"27:9:1";"Exp60_148_IS19418";"Exp60_148_IS19418";NA;"2023-09-29 22:46:00";4254830
"894855";"27:9:1";"Exp60_148_IS19418";"Exp60_148_IS19418";NA;"2023-09-29 23:02:00";4250230
"894856";"27:9:1";"Exp60_148_IS19418";"Exp60_148_IS19418";NA;"2023-09-29 23:16:00";4315030
"894857";"27:9:1";"Exp60_148_IS19418";"Exp60_148_IS19418";NA;"2023-09-29 23:32:00";4364680
"894858";"27:9:1";"Exp60_148_IS19418";"Exp60_148_IS19418";NA;"2023-09-29 23:46:00";4392570
"894859";"27:9:1";"Exp60_148_IS19418";"Exp60_148_IS19418";NA;"2023-09-30 00:02:00";4408780
"894860";"27:9:1";"Exp60_148_IS19418";"Exp60_148_IS19418";NA;"2023-09-30 00:16:00";4440110
"894861";"27:9:1";"Exp60_148_IS19418";"Exp60_148_IS19418";NA;"2023-09-30 00:32:00";4441330
"894862";"27:9:1";"Exp60_148_IS19418";"Exp60_148_IS19418";NA;"2023-09-30 00:46:00";4469340
"894863";"27:9:1";"Exp60_148_IS19418";"Exp60_148_IS19418";NA;"2023-09-30 01:02:00";4491230
"894864";"27:9:1";"Exp60_148_IS19418";"Exp60_148_IS19418";NA;"2023-09-30 01:16:00";4528870
"894865";"27:9:1";"Exp60_148_IS19418";"Exp60_148_IS19418";NA;"2023-09-30 01:32:00";4538090
"894866";"27:9:1";"Exp60_148_IS19418";"Exp60_148_IS19418";NA;"2023-09-30 01:46:00";4743510
"894867";"27:9:1";"Exp60_148_IS19418";"Exp60_148_IS19418";NA;"2023-09-30 08:46:00";3357740
"894868";"27:9:1";"Exp60_148_IS19418";"Exp60_148_IS19418";NA;"2023-09-30 09:02:00";3056230
"894869";"27:9:1";"Exp60_148_IS19418";"Exp60_148_IS19418";NA;"2023-09-30 09:16:00";2643130
"894870";"27:9:1";"Exp60_148_IS19418";"Exp60_148_IS19418";NA;"2023-09-30 09:32:00";1537580
"894871";"27:9:1";"Exp60_148_IS19418";"Exp60_148_IS19418";NA;"2023-09-30 09:46:00";-418045
"894872";"27:9:1";"Exp60_148_IS19418";"Exp60_148_IS19418";NA;"2023-09-30 10:02:00";-1034080
"894873";"27:9:1";"Exp60_148_IS19418";"Exp60_148_IS19418";NA;"2023-09-30 10:16:00";-1735410
"894874";"27:9:1";"Exp60_148_IS19418";"Exp60_148_IS19418";NA;"2023-09-30 10:32:00";-2815480
"894875";"27:9:1";"Exp60_148_IS19418";"Exp60_148_IS19418";NA;"2023-09-30 10:46:00";-8758280
"894876";"27:9:1";"Exp60_148_IS19418";"Exp60_148_IS19418";NA;"2023-09-30 11:02:00";-11535100
"894877";"27:9:1";"Exp60_148_IS19418";"Exp60_148_IS19418";NA;"2023-09-30 11:16:00";-11535100
"894878";"27:9:1";"Exp60_148_IS19418";"Exp60_148_IS19418";NA;"2023-09-30 11:32:00";-11535100
"894879";"27:9:1";"Exp60_148_IS19418";"Exp60_148_IS19418";NA;"2023-09-30 11:46:00";-11535100
"894880";"27:9:1";"Exp60_148_IS19418";"Exp60_148_IS19418";NA;"2023-09-30 19:01:00";4259240
"894881";"27:9:1";"Exp60_148_IS19418";"Exp60_148_IS19418";NA;"2023-09-30 19:17:00";4247190
"894882";"27:9:1";"Exp60_148_IS19418";"Exp60_148_IS19418";NA;"2023-09-30 19:31:00";4272650
"894883";"27:9:1";"Exp60_148_IS19418";"Exp60_148_IS19418";NA;"2023-09-30 19:47:00";4273280
"894884";"27:9:1";"Exp60_148_IS19418";"Exp60_148_IS19418";NA;"2023-09-30 20:01:00";4324430
"894885";"27:9:1";"Exp60_148_IS19418";"Exp60_148_IS19418";NA;"2023-09-30 20:17:00";4319240
"894886";"27:9:1";"Exp60_148_IS19418";"Exp60_148_IS19418";NA;"2023-09-30 20:31:00";4316710
"894887";"27:9:1";"Exp60_148_IS19418";"Exp60_148_IS19418";NA;"2023-09-30 20:47:00";4274410
"894888";"27:9:1";"Exp60_148_IS19418";"Exp60_148_IS19418";NA;"2023-09-30 21:01:00";4317150
"894889";"27:9:1";"Exp60_148_IS19418";"Exp60_148_IS19418";NA;"2023-09-30 21:32:00";4308300
"894890";"27:9:1";"Exp60_148_IS19418";"Exp60_148_IS19418";NA;"2023-09-30 21:46:00";4310520
"894891";"27:9:1";"Exp60_148_IS19418";"Exp60_148_IS19418";NA;"2023-09-30 22:02:00";4268820
"894892";"27:9:1";"Exp60_148_IS19418";"Exp60_148_IS19418";NA;"2023-09-30 22:16:00";4248810
"894893";"27:9:1";"Exp60_148_IS19418";"Exp60_148_IS19418";NA;"2023-09-30 22:32:00";4305990
"894894";"27:9:1";"Exp60_148_IS19418";"Exp60_148_IS19418";NA;"2023-09-30 22:46:00";4383060
"894895";"27:9:1";"Exp60_148_IS19418";"Exp60_148_IS19418";NA;"2023-09-30 23:02:00";4432760
"894896";"27:9:1";"Exp60_148_IS19418";"Exp60_148_IS19418";NA;"2023-09-30 23:16:00";4392000
"894897";"27:9:1";"Exp60_148_IS19418";"Exp60_148_IS19418";NA;"2023-09-30 23:32:00";4427350
"894898";"27:9:1";"Exp60_148_IS19418";"Exp60_148_IS19418";NA;"2023-09-30 23:46:00";4393280
"894899";"27:9:1";"Exp60_148_IS19418";"Exp60_148_IS19418";NA;"2023-10-01 00:02:00";4369650
"894900";"27:9:1";"Exp60_148_IS19418";"Exp60_148_IS19418";NA;"2023-10-01 00:16:00";4354880
"894901";"27:9:1";"Exp60_148_IS19418";"Exp60_148_IS19418";NA;"2023-10-01 00:32:00";4436580
"894902";"27:9:1";"Exp60_148_IS19418";"Exp60_148_IS19418";NA;"2023-10-01 01:16:00";4432440
"894903";"27:9:1";"Exp60_148_IS19418";"Exp60_148_IS19418";NA;"2023-10-01 01:32:00";4410280
"894904";"27:9:1";"Exp60_148_IS19418";"Exp60_148_IS19418";NA;"2023-10-01 01:46:00";4428170
"894905";"27:9:1";"Exp60_148_IS19418";"Exp60_148_IS19418";NA;"2023-10-01 02:02:00";4438160
"894906";"27:9:1";"Exp60_148_IS19418";"Exp60_148_IS19418";NA;"2023-10-01 02:16:00";4471710
"894907";"27:9:1";"Exp60_148_IS19418";"Exp60_148_IS19418";NA;"2023-10-01 02:32:00";4467530
"894908";"27:9:1";"Exp60_148_IS19418";"Exp60_148_IS19418";NA;"2023-10-01 02:46:00";4433160
"894909";"27:9:1";"Exp60_148_IS19418";"Exp60_148_IS19418";NA;"2023-10-01 09:31:00";1969970
"894910";"27:9:1";"Exp60_148_IS19418";"Exp60_148_IS19418";NA;"2023-10-01 09:47:00";722159
"894911";"27:9:1";"Exp60_148_IS19418";"Exp60_148_IS19418";NA;"2023-10-01 10:01:00";-1516440
"894912";"27:9:1";"Exp60_148_IS19418";"Exp60_148_IS19418";NA;"2023-10-01 10:17:00";-5014790
"894913";"27:9:1";"Exp60_148_IS19418";"Exp60_148_IS19418";NA;"2023-10-01 10:31:00";-10883300
"894914";"27:9:1";"Exp60_148_IS19418";"Exp60_148_IS19418";NA;"2023-10-01 10:47:00";-11535100
"894915";"27:9:1";"Exp60_148_IS19418";"Exp60_148_IS19418";NA;"2023-10-01 11:01:00";-11535100
"894916";"27:9:1";"Exp60_148_IS19418";"Exp60_148_IS19418";NA;"2023-10-01 17:46:00";3578170
"894917";"27:9:1";"Exp60_148_IS19418";"Exp60_148_IS19418";NA;"2023-10-01 18:02:00";3801580
"894918";"27:9:1";"Exp60_148_IS19418";"Exp60_148_IS19418";NA;"2023-10-01 18:16:00";3954920
"894919";"27:9:1";"Exp60_148_IS19418";"Exp60_148_IS19418";NA;"2023-10-01 18:32:00";4063000
"894920";"27:9:1";"Exp60_148_IS19418";"Exp60_148_IS19418";NA;"2023-10-01 18:46:00";4128690
"894921";"27:9:1";"Exp60_148_IS19418";"Exp60_148_IS19418";NA;"2023-10-01 19:02:00";4182890
"894922";"27:9:1";"Exp60_148_IS19418";"Exp60_148_IS19418";NA;"2023-10-01 19:16:00";4250700
"894923";"27:9:1";"Exp60_148_IS19418";"Exp60_148_IS19418";NA;"2023-10-01 19:32:00";4325770
"894924";"27:9:1";"Exp60_148_IS19418";"Exp60_148_IS19418";NA;"2023-10-01 19:46:00";4367220
"894925";"27:9:1";"Exp60_148_IS19418";"Exp60_148_IS19418";NA;"2023-10-01 20:02:00";4426560
"894926";"27:9:1";"Exp60_148_IS19418";"Exp60_148_IS19418";NA;"2023-10-01 20:16:00";4471210
"894927";"27:9:1";"Exp60_148_IS19418";"Exp60_148_IS19418";NA;"2023-10-01 20:32:00";4504850
"894928";"27:9:1";"Exp60_148_IS19418";"Exp60_148_IS19418";NA;"2023-10-01 20:46:00";4516910
"894929";"27:9:1";"Exp60_148_IS19418";"Exp60_148_IS19418";NA;"2023-10-01 21:02:00";4532580
"894930";"27:9:1";"Exp60_148_IS19418";"Exp60_148_IS19418";NA;"2023-10-01 21:16:00";4543210
"894931";"27:9:1";"Exp60_148_IS19418";"Exp60_148_IS19418";NA;"2023-10-01 21:32:00";4593660
"894932";"27:9:1";"Exp60_148_IS19418";"Exp60_148_IS19418";NA;"2023-10-01 21:46:00";4622410
"894933";"27:9:1";"Exp60_148_IS19418";"Exp60_148_IS19418";NA;"2023-10-01 22:02:00";4625740
"894934";"27:9:1";"Exp60_148_IS19418";"Exp60_148_IS19418";NA;"2023-10-01 22:16:00";4634580
"894935";"27:9:1";"Exp60_148_IS19418";"Exp60_148_IS19418";NA;"2023-10-01 22:32:00";4667420
"894936";"27:9:1";"Exp60_148_IS19418";"Exp60_148_IS19418";NA;"2023-10-01 22:46:00";4649810
"894937";"27:9:1";"Exp60_148_IS19418";"Exp60_148_IS19418";NA;"2023-10-01 23:17:00";4628430
"894938";"27:9:1";"Exp60_148_IS19418";"Exp60_148_IS19418";NA;"2023-10-01 23:31:00";4643830
"894939";"27:9:1";"Exp60_148_IS19418";"Exp60_148_IS19418";NA;"2023-10-02 07:01:00";4727470
"894940";"27:9:1";"Exp60_148_IS19418";"Exp60_148_IS19418";NA;"2023-10-02 07:17:00";4690740
"894941";"27:9:1";"Exp60_148_IS19418";"Exp60_148_IS19418";NA;"2023-10-02 07:31:00";4557760
"894942";"27:9:1";"Exp60_148_IS19418";"Exp60_148_IS19418";NA;"2023-10-02 07:47:00";4489200
"894943";"27:9:1";"Exp60_148_IS19418";"Exp60_148_IS19418";NA;"2023-10-02 08:01:00";4434940
"894944";"27:9:1";"Exp60_148_IS19418";"Exp60_148_IS19418";NA;"2023-10-02 08:17:00";4395090
"894945";"27:9:1";"Exp60_148_IS19418";"Exp60_148_IS19418";NA;"2023-10-02 08:31:00";4278060
"894946";"27:9:1";"Exp60_148_IS19418";"Exp60_148_IS19418";NA;"2023-10-02 08:47:00";4122170
"894947";"27:9:1";"Exp60_148_IS19418";"Exp60_148_IS19418";NA;"2023-10-02 09:01:00";4010240
"894948";"27:9:1";"Exp60_148_IS19418";"Exp60_148_IS19418";NA;"2023-10-02 09:17:00";3688890
"894949";"27:9:1";"Exp60_148_IS19418";"Exp60_148_IS19418";NA;"2023-10-02 09:31:00";3624880
"894950";"27:9:1";"Exp60_148_IS19418";"Exp60_148_IS19418";NA;"2023-10-02 09:47:00";3627100
"894951";"27:9:1";"Exp60_148_IS19418";"Exp60_148_IS19418";NA;"2023-10-02 10:01:00";3726570
"894952";"27:9:1";"Exp60_148_IS19418";"Exp60_148_IS19418";NA;"2023-10-02 10:32:00";3559100
"894953";"27:9:1";"Exp60_148_IS19418";"Exp60_148_IS19418";NA;"2023-10-02 10:46:00";3397100
"894954";"27:9:1";"Exp60_148_IS19418";"Exp60_148_IS19418";NA;"2023-10-02 11:17:00";2366560
"894955";"27:9:1";"Exp60_148_IS19418";"Exp60_148_IS19418";NA;"2023-10-02 11:31:00";1567940
"894956";"27:9:1";"Exp60_148_IS19418";"Exp60_148_IS19418";NA;"2023-10-02 11:47:00";-233163
"894957";"27:9:1";"Exp60_148_IS19418";"Exp60_148_IS19418";NA;"2023-10-02 12:01:00";-2187340
"894958";"27:9:1";"Exp60_148_IS19418";"Exp60_148_IS19418";NA;"2023-10-02 12:17:00";-5632930
"894959";"27:9:1";"Exp60_148_IS19418";"Exp60_148_IS19418";NA;"2023-10-02 12:31:00";-8795070
"894960";"27:9:1";"Exp60_148_IS19418";"Exp60_148_IS19418";NA;"2023-10-02 12:47:00";-11535100
"894961";"27:9:1";"Exp60_148_IS19418";"Exp60_148_IS19418";NA;"2023-10-02 13:01:00";-11535100
"894962";"27:9:1";"Exp60_148_IS19418";"Exp60_148_IS19418";NA;"2023-10-02 13:17:00";-11535100
"894963";"27:9:1";"Exp60_148_IS19418";"Exp60_148_IS19418";NA;"2023-10-02 13:31:00";-11535100
"894964";"27:9:1";"Exp60_148_IS19418";"Exp60_148_IS19418";NA;"2023-10-02 13:47:00";-11535100
"894965";"27:9:1";"Exp60_148_IS19418";"Exp60_148_IS19418";NA;"2023-10-02 14:01:00";-11535100
"894966";"27:9:1";"Exp60_148_IS19418";"Exp60_148_IS19418";NA;"2023-10-02 14:17:00";-11535100
"894967";"27:9:1";"Exp60_148_IS19418";"Exp60_148_IS19418";NA;"2023-10-02 14:31:00";-11535100
"894968";"27:9:1";"Exp60_148_IS19418";"Exp60_148_IS19418";NA;"2023-10-02 14:47:00";-11535100
"894969";"27:9:1";"Exp60_148_IS19418";"Exp60_148_IS19418";NA;"2023-10-02 15:01:00";-11535100
"894970";"27:9:1";"Exp60_148_IS19418";"Exp60_148_IS19418";NA;"2023-10-02 15:32:00";-11535100
"894971";"27:9:1";"Exp60_148_IS19418";"Exp60_148_IS19418";NA;"2023-10-02 15:46:00";-11535100
"894972";"27:9:1";"Exp60_148_IS19418";"Exp60_148_IS19418";NA;"2023-10-02 16:02:00";-11535100
"894973";"27:9:1";"Exp60_148_IS19418";"Exp60_148_IS19418";NA;"2023-10-02 16:16:00";-11535100
"894974";"27:9:1";"Exp60_148_IS19418";"Exp60_148_IS19418";NA;"2023-10-02 23:01:00";4566580
"894975";"27:9:1";"Exp60_148_IS19418";"Exp60_148_IS19418";NA;"2023-10-02 23:17:00";4600140
"894976";"27:9:1";"Exp60_148_IS19418";"Exp60_148_IS19418";NA;"2023-10-02 23:31:00";4630580
"894977";"27:9:1";"Exp60_148_IS19418";"Exp60_148_IS19418";NA;"2023-10-02 23:47:00";4636390
"894978";"27:9:1";"Exp60_148_IS19418";"Exp60_148_IS19418";NA;"2023-10-03 00:01:00";4672950
"894979";"27:9:1";"Exp60_148_IS19418";"Exp60_148_IS19418";NA;"2023-10-03 00:17:00";4657660
"894980";"27:9:1";"Exp60_148_IS19418";"Exp60_148_IS19418";NA;"2023-10-03 00:31:00";4673260
"894981";"27:9:1";"Exp60_148_IS19418";"Exp60_148_IS19418";NA;"2023-10-03 00:47:00";4656020
"894982";"27:9:1";"Exp60_148_IS19418";"Exp60_148_IS19418";NA;"2023-10-03 01:01:00";4664150
"894983";"27:9:1";"Exp60_148_IS19418";"Exp60_148_IS19418";NA;"2023-10-03 01:17:00";4705130
"894984";"27:9:1";"Exp60_148_IS19418";"Exp60_148_IS19418";NA;"2023-10-03 01:31:00";4709370
"894985";"27:9:1";"Exp60_148_IS19418";"Exp60_148_IS19418";NA;"2023-10-03 01:47:00";4714730
"894986";"27:9:1";"Exp60_148_IS19418";"Exp60_148_IS19418";NA;"2023-10-03 02:01:00";4722540
"894987";"27:9:1";"Exp60_148_IS19418";"Exp60_148_IS19418";NA;"2023-10-03 02:17:00";4731460
"894988";"27:9:1";"Exp60_148_IS19418";"Exp60_148_IS19418";NA;"2023-10-03 02:31:00";4724310
"894989";"27:9:1";"Exp60_148_IS19418";"Exp60_148_IS19418";NA;"2023-10-03 03:47:00";4741310
"894990";"27:9:1";"Exp60_148_IS19418";"Exp60_148_IS19418";NA;"2023-10-03 04:01:00";4761440
"894991";"27:9:1";"Exp60_148_IS19418";"Exp60_148_IS19418";NA;"2023-10-03 04:17:00";4761380
"894992";"27:9:1";"Exp60_148_IS19418";"Exp60_148_IS19418";NA;"2023-10-03 04:31:00";4775390
"894993";"27:9:1";"Exp60_148_IS19418";"Exp60_148_IS19418";NA;"2023-10-03 04:47:00";4792980
"894994";"27:9:1";"Exp60_148_IS19418";"Exp60_148_IS19418";NA;"2023-10-03 05:01:00";4815980
"894995";"27:9:1";"Exp60_148_IS19418";"Exp60_148_IS19418";NA;"2023-10-03 05:17:00";4844970
"894996";"27:9:1";"Exp60_148_IS19418";"Exp60_148_IS19418";NA;"2023-10-03 06:01:00";4900700
"894997";"27:9:1";"Exp60_148_IS19418";"Exp60_148_IS19418";NA;"2023-10-03 06:17:00";4924570
"894998";"27:9:1";"Exp60_148_IS19418";"Exp60_148_IS19418";NA;"2023-10-03 06:31:00";4937660
"894999";"27:9:1";"Exp60_148_IS19418";"Exp60_148_IS19418";NA;"2023-10-03 06:47:00";4892920
"895000";"27:9:1";"Exp60_148_IS19418";"Exp60_148_IS19418";NA;"2023-10-03 07:01:00";4928570
"895001";"27:9:1";"Exp60_148_IS19418";"Exp60_148_IS19418";NA;"2023-10-03 07:17:00";4894170
"895002";"27:9:1";"Exp60_148_IS19418";"Exp60_148_IS19418";NA;"2023-10-03 07:31:00";4842100
"895003";"27:9:1";"Exp60_148_IS19418";"Exp60_148_IS19418";NA;"2023-10-03 08:02:00";4668750
"895004";"27:9:1";"Exp60_148_IS19418";"Exp60_148_IS19418";NA;"2023-10-03 08:16:00";4576790
"895005";"27:9:1";"Exp60_148_IS19418";"Exp60_148_IS19418";NA;"2023-10-03 08:32:00";4505230
"895006";"27:9:1";"Exp60_148_IS19418";"Exp60_148_IS19418";NA;"2023-10-03 08:46:00";4276720
"895007";"27:9:1";"Exp60_148_IS19418";"Exp60_148_IS19418";NA;"2023-10-03 15:16:00";-11535100
"895008";"27:9:1";"Exp60_148_IS19418";"Exp60_148_IS19418";NA;"2023-10-03 21:16:00";-11535100
"895009";"27:9:1";"Exp60_148_IS19418";"Exp60_148_IS19418";NA;"2023-10-03 22:02:00";-11535100
"895010";"27:9:1";"Exp60_148_IS19418";"Exp60_148_IS19418";NA;"2023-10-03 22:16:00";-11535100
"895011";"27:9:1";"Exp60_148_IS19418";"Exp60_148_IS19418";NA;"2023-10-03 22:32:00";-11535100
"895012";"27:9:1";"Exp60_148_IS19418";"Exp60_148_IS19418";NA;"2023-10-03 22:46:00";-11535100
"895013";"27:9:1";"Exp60_148_IS19418";"Exp60_148_IS19418";NA;"2023-10-03 23:17:00";-11535100
"895014";"27:9:1";"Exp60_148_IS19418";"Exp60_148_IS19418";NA;"2023-10-03 23:31:00";-11535100
"895015";"27:9:1";"Exp60_148_IS19418";"Exp60_148_IS19418";NA;"2023-10-03 23:47:00";-11535100
"895016";"27:9:1";"Exp60_148_IS19418";"Exp60_148_IS19418";NA;"2023-10-04 00:16:00";-11535100
"895017";"27:9:1";"Exp60_148_IS19418";"Exp60_148_IS19418";NA;"2023-10-04 00:32:00";-11535100
"895018";"27:9:1";"Exp60_148_IS19418";"Exp60_148_IS19418";NA;"2023-10-04 00:46:00";-11535100
"895019";"27:9:1";"Exp60_148_IS19418";"Exp60_148_IS19418";NA;"2023-10-04 01:02:00";-11535100
"895020";"27:9:1";"Exp60_148_IS19418";"Exp60_148_IS19418";NA;"2023-10-04 01:16:00";-11535100
"895021";"27:9:1";"Exp60_148_IS19418";"Exp60_148_IS19418";NA;"2023-10-04 01:32:00";-11535100
"895022";"27:9:1";"Exp60_148_IS19418";"Exp60_148_IS19418";NA;"2023-10-04 01:46:00";-11535100
"895023";"27:9:1";"Exp60_148_IS19418";"Exp60_148_IS19418";NA;"2023-10-04 02:02:00";-11535100
"895024";"27:9:1";"Exp60_148_IS19418";"Exp60_148_IS19418";NA;"2023-10-04 02:16:00";-11535100
"895025";"27:9:1";"Exp60_148_IS19418";"Exp60_148_IS19418";NA;"2023-10-04 02:32:00";-11535100
"895026";"27:9:1";"Exp60_148_IS19418";"Exp60_148_IS19418";NA;"2023-10-04 02:46:00";-11535100
"895027";"27:9:1";"Exp60_148_IS19418";"Exp60_148_IS19418";NA;"2023-10-04 03:17:00";-11535100
"895028";"27:9:1";"Exp60_148_IS19418";"Exp60_148_IS19418";NA;"2023-10-04 03:31:00";-11535100
"895029";"27:9:1";"Exp60_148_IS19418";"Exp60_148_IS19418";NA;"2023-10-04 03:47:00";-11535100
"895030";"27:9:1";"Exp60_148_IS19418";"Exp60_148_IS19418";NA;"2023-10-04 04:01:00";-11535100
"895031";"27:9:1";"Exp60_148_IS19418";"Exp60_148_IS19418";NA;"2023-10-04 04:32:00";-11535100
"895032";"27:9:1";"Exp60_148_IS19418";"Exp60_148_IS19418";NA;"2023-10-04 04:46:00";-11535100
"895033";"27:9:1";"Exp60_148_IS19418";"Exp60_148_IS19418";NA;"2023-10-04 05:02:00";-11535100
"895034";"27:9:1";"Exp60_148_IS19418";"Exp60_148_IS19418";NA;"2023-10-04 05:16:00";-11535100
"895035";"27:9:1";"Exp60_148_IS19418";"Exp60_148_IS19418";NA;"2023-10-04 05:32:00";-11535100
"895036";"27:9:1";"Exp60_148_IS19418";"Exp60_148_IS19418";NA;"2023-10-04 05:46:00";-11535100
"895037";"27:9:1";"Exp60_148_IS19418";"Exp60_148_IS19418";NA;"2023-10-04 06:32:00";-11535100
"895038";"27:9:1";"Exp60_148_IS19418";"Exp60_148_IS19418";NA;"2023-10-04 06:46:00";-11535100
"895039";"27:9:1";"Exp60_148_IS19418";"Exp60_148_IS19418";NA;"2023-10-04 07:17:00";-11535100
"895040";"27:9:1";"Exp60_148_IS19418";"Exp60_148_IS19418";NA;"2023-10-04 07:31:00";-11535100
"895041";"27:9:1";"Exp60_148_IS19418";"Exp60_148_IS19418";NA;"2023-10-04 07:47:00";-11535100
"895042";"27:9:1";"Exp60_148_IS19418";"Exp60_148_IS19418";NA;"2023-10-04 08:01:00";-11535100
"895043";"27:9:1";"Exp60_148_IS19418";"Exp60_148_IS19418";NA;"2023-10-04 08:17:00";-11535100
"895044";"27:9:1";"Exp60_148_IS19418";"Exp60_148_IS19418";NA;"2023-10-04 08:31:00";-11535100
"895045";"27:9:1";"Exp60_148_IS19418";"Exp60_148_IS19418";NA;"2023-10-04 08:47:00";-11535100
"895046";"27:9:1";"Exp60_148_IS19418";"Exp60_148_IS19418";NA;"2023-10-04 09:01:00";-11535100
"895047";"27:9:1";"Exp60_148_IS19418";"Exp60_148_IS19418";NA;"2023-10-04 09:17:00";-11535100
"895048";"27:9:1";"Exp60_148_IS19418";"Exp60_148_IS19418";NA;"2023-10-04 09:31:00";-11535100
"895049";"27:9:1";"Exp60_148_IS19418";"Exp60_148_IS19418";NA;"2023-10-04 09:47:00";-11535100
"895050";"27:9:1";"Exp60_148_IS19418";"Exp60_148_IS19418";NA;"2023-10-04 10:01:00";-11535100
"895051";"27:9:1";"Exp60_148_IS19418";"Exp60_148_IS19418";NA;"2023-10-04 10:17:00";-11535100
"895052";"27:9:1";"Exp60_148_IS19418";"Exp60_148_IS19418";NA;"2023-10-04 10:31:00";-11535100
"895053";"27:9:1";"Exp60_148_IS19418";"Exp60_148_IS19418";NA;"2023-10-04 10:47:00";-11535100
"895054";"27:9:1";"Exp60_148_IS19418";"Exp60_148_IS19418";NA;"2023-10-04 11:01:00";-11535100
"895055";"27:9:1";"Exp60_148_IS19418";"Exp60_148_IS19418";NA;"2023-10-04 11:17:00";-11535100
"895056";"27:9:1";"Exp60_148_IS19418";"Exp60_148_IS19418";NA;"2023-10-04 11:31:00";-11535100
"895057";"27:9:1";"Exp60_148_IS19418";"Exp60_148_IS19418";NA;"2023-10-04 11:47:00";-11535100
"895058";"27:9:1";"Exp60_148_IS19418";"Exp60_148_IS19418";NA;"2023-10-04 12:01:00";-11535100
"895059";"27:9:1";"Exp60_148_IS19418";"Exp60_148_IS19418";NA;"2023-10-04 12:32:00";-11535100
"895060";"27:9:1";"Exp60_148_IS19418";"Exp60_148_IS19418";NA;"2023-10-04 12:46:00";-11535100
"895061";"27:9:1";"Exp60_148_IS19418";"Exp60_148_IS19418";NA;"2023-10-04 13:02:00";-11535100
"895062";"27:9:1";"Exp60_148_IS19418";"Exp60_148_IS19418";NA;"2023-10-04 13:16:00";-11535100
"895063";"27:9:1";"Exp60_148_IS19418";"Exp60_148_IS19418";NA;"2023-10-04 13:32:00";-11535100
"895064";"27:9:1";"Exp60_148_IS19418";"Exp60_148_IS19418";NA;"2023-10-04 13:46:00";-11535100
"895065";"27:9:1";"Exp60_148_IS19418";"Exp60_148_IS19418";NA;"2023-10-04 21:01:00";-11535100
"895066";"27:9:1";"Exp60_148_IS19418";"Exp60_148_IS19418";NA;"2023-10-05 03:31:00";-11535100
"895067";"27:9:1";"Exp60_148_IS19418";"Exp60_148_IS19418";NA;"2023-10-05 03:47:00";-11535100
"895068";"27:9:1";"Exp60_148_IS19418";"Exp60_148_IS19418";NA;"2023-10-05 04:01:00";-11535100
"895069";"27:9:1";"Exp60_148_IS19418";"Exp60_148_IS19418";NA;"2023-10-05 04:17:00";-11535100
"895070";"27:9:1";"Exp60_148_IS19418";"Exp60_148_IS19418";NA;"2023-10-05 04:31:00";-11535100
"895071";"27:9:1";"Exp60_148_IS19418";"Exp60_148_IS19418";NA;"2023-10-05 04:47:00";-11535100
"895072";"27:9:1";"Exp60_148_IS19418";"Exp60_148_IS19418";NA;"2023-10-05 05:01:00";-11535100
"895073";"27:9:1";"Exp60_148_IS19418";"Exp60_148_IS19418";NA;"2023-10-05 05:17:00";-11535100
"895074";"27:9:1";"Exp60_148_IS19418";"Exp60_148_IS19418";NA;"2023-10-05 05:31:00";-11535100
"895075";"27:9:1";"Exp60_148_IS19418";"Exp60_148_IS19418";NA;"2023-10-05 05:47:00";-11535100
"895076";"27:9:1";"Exp60_148_IS19418";"Exp60_148_IS19418";NA;"2023-10-05 06:01:00";-11535100
"895077";"27:9:1";"Exp60_148_IS19418";"Exp60_148_IS19418";NA;"2023-10-05 06:17:00";-11535100
"895078";"27:9:1";"Exp60_148_IS19418";"Exp60_148_IS19418";NA;"2023-10-05 06:31:00";-11535100
"895079";"27:9:1";"Exp60_148_IS19418";"Exp60_148_IS19418";NA;"2023-10-05 06:47:00";-11535100
"895080";"27:9:1";"Exp60_148_IS19418";"Exp60_148_IS19418";NA;"2023-10-05 07:01:00";-11535100
"895081";"27:9:1";"Exp60_148_IS19418";"Exp60_148_IS19418";NA;"2023-10-05 07:17:00";-11535100
"895082";"27:9:1";"Exp60_148_IS19418";"Exp60_148_IS19418";NA;"2023-10-05 07:31:00";-11535100
"895083";"27:9:1";"Exp60_148_IS19418";"Exp60_148_IS19418";NA;"2023-10-05 07:47:00";-11535100
"895084";"27:9:1";"Exp60_148_IS19418";"Exp60_148_IS19418";NA;"2023-10-05 08:01:00";-11535100
"895085";"27:9:1";"Exp60_148_IS19418";"Exp60_148_IS19418";NA;"2023-10-05 08:17:00";-11535100
"895086";"27:9:1";"Exp60_148_IS19418";"Exp60_148_IS19418";NA;"2023-10-05 08:31:00";-11535100
"895087";"27:9:1";"Exp60_148_IS19418";"Exp60_148_IS19418";NA;"2023-10-05 08:47:00";-11535100
"895088";"27:9:1";"Exp60_148_IS19418";"Exp60_148_IS19418";NA;"2023-10-05 09:01:00";-11535100
"895089";"27:9:1";"Exp60_148_IS19418";"Exp60_148_IS19418";NA;"2023-10-05 09:17:00";-11535100
"895090";"27:9:1";"Exp60_148_IS19418";"Exp60_148_IS19418";NA;"2023-10-05 09:31:00";-11535100
"895091";"27:9:1";"Exp60_148_IS19418";"Exp60_148_IS19418";NA;"2023-10-05 09:47:00";-11535100
"895092";"27:9:1";"Exp60_148_IS19418";"Exp60_148_IS19418";NA;"2023-10-05 10:01:00";-11535100
"895093";"27:9:1";"Exp60_148_IS19418";"Exp60_148_IS19418";NA;"2023-10-05 10:17:00";-11535100
"895094";"27:9:1";"Exp60_148_IS19418";"Exp60_148_IS19418";NA;"2023-10-05 10:31:00";-11535100
"895095";"27:9:1";"Exp60_148_IS19418";"Exp60_148_IS19418";NA;"2023-10-05 10:47:00";-11535100
"895096";"27:9:1";"Exp60_148_IS19418";"Exp60_148_IS19418";NA;"2023-10-05 11:01:00";-11535100
"895097";"27:9:1";"Exp60_148_IS19418";"Exp60_148_IS19418";NA;"2023-10-05 11:17:00";-11535100
"895098";"27:9:1";"Exp60_148_IS19418";"Exp60_148_IS19418";NA;"2023-10-05 11:31:00";-11535100
"895099";"27:9:1";"Exp60_148_IS19418";"Exp60_148_IS19418";NA;"2023-10-05 11:47:00";-11535100
"895100";"27:9:1";"Exp60_148_IS19418";"Exp60_148_IS19418";NA;"2023-10-05 12:01:00";-11535100
"895101";"27:9:1";"Exp60_148_IS19418";"Exp60_148_IS19418";NA;"2023-10-05 18:01:00";-11535100
"895102";"27:9:1";"Exp60_148_IS19418";"Exp60_148_IS19418";NA;"2023-10-05 18:17:00";-11535100
"895103";"27:9:1";"Exp60_148_IS19418";"Exp60_148_IS19418";NA;"2023-10-05 18:31:00";-11535100
"895104";"27:9:1";"Exp60_148_IS19418";"Exp60_148_IS19418";NA;"2023-10-06 00:31:00";-11535100
"895105";"27:9:1";"Exp60_148_IS19418";"Exp60_148_IS19418";NA;"2023-10-06 00:47:00";-11535100
"895106";"27:9:1";"Exp60_148_IS19418";"Exp60_148_IS19418";NA;"2023-10-06 01:01:00";-11535100
"895107";"27:9:1";"Exp60_148_IS19418";"Exp60_148_IS19418";NA;"2023-10-06 01:17:00";-11535100
"895108";"27:9:1";"Exp60_148_IS19418";"Exp60_148_IS19418";NA;"2023-10-06 01:31:00";-11535100
"895109";"27:9:1";"Exp60_148_IS19418";"Exp60_148_IS19418";NA;"2023-10-06 01:47:00";-11535100
"895110";"27:9:1";"Exp60_148_IS19418";"Exp60_148_IS19418";NA;"2023-10-06 02:01:00";-11535100
"895111";"27:9:1";"Exp60_148_IS19418";"Exp60_148_IS19418";NA;"2023-10-06 02:17:00";-11535100
"895112";"27:9:1";"Exp60_148_IS19418";"Exp60_148_IS19418";NA;"2023-10-06 02:31:00";-11535100
"895113";"27:9:1";"Exp60_148_IS19418";"Exp60_148_IS19418";NA;"2023-10-06 02:47:00";-11535100
"895114";"27:9:1";"Exp60_148_IS19418";"Exp60_148_IS19418";NA;"2023-10-06 03:16:00";-11535100
"895115";"27:9:1";"Exp60_148_IS19418";"Exp60_148_IS19418";NA;"2023-10-06 03:32:00";-11535100
"895116";"27:9:1";"Exp60_148_IS19418";"Exp60_148_IS19418";NA;"2023-10-06 03:46:00";-11535100
"895117";"27:9:1";"Exp60_148_IS19418";"Exp60_148_IS19418";NA;"2023-10-06 10:46:00";-11535100
"895118";"27:9:1";"Exp60_148_IS19418";"Exp60_148_IS19418";NA;"2023-10-06 11:02:00";-11535100
"895119";"27:9:1";"Exp60_148_IS19418";"Exp60_148_IS19418";NA;"2023-10-06 11:16:00";-11535100
"895120";"27:9:1";"Exp60_148_IS19418";"Exp60_148_IS19418";NA;"2023-10-06 11:47:00";-11535100
"895121";"27:9:1";"Exp60_148_IS19418";"Exp60_148_IS19418";NA;"2023-10-06 12:01:00";-11535100
"895122";"27:9:1";"Exp60_148_IS19418";"Exp60_148_IS19418";NA;"2023-10-06 20:01:00";-11535100
"895123";"27:9:1";"Exp60_148_IS19418";"Exp60_148_IS19418";NA;"2023-10-06 20:17:00";-11535100
"895124";"27:9:1";"Exp60_148_IS19418";"Exp60_148_IS19418";NA;"2023-10-06 20:31:00";-11535100
"895125";"27:9:1";"Exp60_148_IS19418";"Exp60_148_IS19418";NA;"2023-10-07 03:01:00";-11535100
"895126";"27:9:1";"Exp60_148_IS19418";"Exp60_148_IS19418";NA;"2023-10-07 03:17:00";-11535100
"895127";"27:9:1";"Exp60_148_IS19418";"Exp60_148_IS19418";NA;"2023-10-07 03:31:00";-11535100
"895128";"27:9:1";"Exp60_148_IS19418";"Exp60_148_IS19418";NA;"2023-10-07 03:47:00";-11535100
"895129";"27:9:1";"Exp60_148_IS19418";"Exp60_148_IS19418";NA;"2023-10-07 04:01:00";-11535100
"895130";"27:9:1";"Exp60_148_IS19418";"Exp60_148_IS19418";NA;"2023-10-07 11:01:00";-11535100
"895131";"27:9:1";"Exp60_148_IS19418";"Exp60_148_IS19418";NA;"2023-10-07 11:17:00";-11535100
"895132";"27:9:1";"Exp60_148_IS19418";"Exp60_148_IS19418";NA;"2023-10-07 11:31:00";-11535100
"895133";"27:9:1";"Exp60_148_IS19418";"Exp60_148_IS19418";NA;"2023-10-07 11:47:00";-11535100
"895134";"27:9:1";"Exp60_148_IS19418";"Exp60_148_IS19418";NA;"2023-10-07 12:01:00";-11535100
"895135";"27:9:1";"Exp60_148_IS19418";"Exp60_148_IS19418";NA;"2023-10-07 12:47:00";-11535100
"895136";"27:9:1";"Exp60_148_IS19418";"Exp60_148_IS19418";NA;"2023-10-07 13:01:00";-11535100
"895137";"27:9:1";"Exp60_148_IS19418";"Exp60_148_IS19418";NA;"2023-10-07 13:17:00";-11535100
"895138";"27:9:1";"Exp60_148_IS19418";"Exp60_148_IS19418";NA;"2023-10-07 13:31:00";-11535100
"895139";"27:9:1";"Exp60_148_IS19418";"Exp60_148_IS19418";NA;"2023-10-07 13:47:00";-11535100
"895140";"27:9:1";"Exp60_148_IS19418";"Exp60_148_IS19418";NA;"2023-10-07 14:01:00";-11535100
"895141";"27:9:1";"Exp60_148_IS19418";"Exp60_148_IS19418";NA;"2023-10-07 14:17:00";-11535100
"895142";"27:9:1";"Exp60_148_IS19418";"Exp60_148_IS19418";NA;"2023-10-07 14:31:00";-11535100
"895143";"27:9:1";"Exp60_148_IS19418";"Exp60_148_IS19418";NA;"2023-10-07 20:46:00";-11535100
"895144";"27:9:1";"Exp60_148_IS19418";"Exp60_148_IS19418";NA;"2023-10-07 21:02:00";-11535100
"895145";"27:9:1";"Exp60_148_IS19418";"Exp60_148_IS19418";NA;"2023-10-07 21:16:00";-11535100
"895146";"27:9:1";"Exp60_148_IS19418";"Exp60_148_IS19418";NA;"2023-10-07 21:32:00";-11535100
"895147";"27:9:1";"Exp60_148_IS19418";"Exp60_148_IS19418";NA;"2023-10-07 21:46:00";-11535100
"895148";"27:9:1";"Exp60_148_IS19418";"Exp60_148_IS19418";NA;"2023-10-07 22:02:00";-11535100
"895149";"27:9:1";"Exp60_148_IS19418";"Exp60_148_IS19418";NA;"2023-10-07 22:16:00";-11535100
"895150";"27:9:1";"Exp60_148_IS19418";"Exp60_148_IS19418";NA;"2023-10-07 22:32:00";-11535100
"895151";"27:9:1";"Exp60_148_IS19418";"Exp60_148_IS19418";NA;"2023-10-07 22:46:00";-11535100
"895152";"27:9:1";"Exp60_148_IS19418";"Exp60_148_IS19418";NA;"2023-10-07 23:02:00";-11535100
"895153";"27:9:1";"Exp60_148_IS19418";"Exp60_148_IS19418";NA;"2023-10-07 23:16:00";-11535100
"895154";"27:9:1";"Exp60_148_IS19418";"Exp60_148_IS19418";NA;"2023-10-07 23:32:00";-11535100
"895155";"27:9:1";"Exp60_148_IS19418";"Exp60_148_IS19418";NA;"2023-10-07 23:46:00";-11535100
"895156";"27:9:1";"Exp60_148_IS19418";"Exp60_148_IS19418";NA;"2023-10-08 00:02:00";-11535100
"895157";"27:9:1";"Exp60_148_IS19418";"Exp60_148_IS19418";NA;"2023-10-08 00:16:00";-11535100
"895158";"27:9:1";"Exp60_148_IS19418";"Exp60_148_IS19418";NA;"2023-10-08 00:32:00";-11535100
"895159";"27:9:1";"Exp60_148_IS19418";"Exp60_148_IS19418";NA;"2023-10-08 00:46:00";-11535100
"895160";"27:9:1";"Exp60_148_IS19418";"Exp60_148_IS19418";NA;"2023-10-08 01:02:00";-11535100
"895161";"27:9:1";"Exp60_148_IS19418";"Exp60_148_IS19418";NA;"2023-10-08 01:16:00";-11535100
"895162";"27:9:1";"Exp60_148_IS19418";"Exp60_148_IS19418";NA;"2023-10-08 01:32:00";-11535100
"895163";"27:9:1";"Exp60_148_IS19418";"Exp60_148_IS19418";NA;"2023-10-08 01:46:00";-11535100
"895164";"27:9:1";"Exp60_148_IS19418";"Exp60_148_IS19418";NA;"2023-10-08 02:02:00";-11535100
"895165";"27:9:1";"Exp60_148_IS19418";"Exp60_148_IS19418";NA;"2023-10-08 02:16:00";-11535100
"895166";"27:9:1";"Exp60_148_IS19418";"Exp60_148_IS19418";NA;"2023-10-08 02:32:00";-11535100
"895167";"27:9:1";"Exp60_148_IS19418";"Exp60_148_IS19418";NA;"2023-10-08 02:46:00";-11535100
"895168";"27:9:1";"Exp60_148_IS19418";"Exp60_148_IS19418";NA;"2023-10-08 03:02:00";-11535100
"895169";"27:9:1";"Exp60_148_IS19418";"Exp60_148_IS19418";NA;"2023-10-08 03:16:00";-11535100
"895170";"27:9:1";"Exp60_148_IS19418";"Exp60_148_IS19418";NA;"2023-10-08 03:32:00";-11535100
"895171";"27:9:1";"Exp60_148_IS19418";"Exp60_148_IS19418";NA;"2023-10-08 03:46:00";-11535100
"895172";"27:9:1";"Exp60_148_IS19418";"Exp60_148_IS19418";NA;"2023-10-08 04:02:00";-11535100
"895173";"27:9:1";"Exp60_148_IS19418";"Exp60_148_IS19418";NA;"2023-10-08 04:16:00";-11535100
"895174";"27:9:1";"Exp60_148_IS19418";"Exp60_148_IS19418";NA;"2023-10-08 04:32:00";-11535100
"895175";"27:9:1";"Exp60_148_IS19418";"Exp60_148_IS19418";NA;"2023-10-08 04:46:00";-11535100
"895176";"27:9:1";"Exp60_148_IS19418";"Exp60_148_IS19418";NA;"2023-10-08 05:02:00";-11535100
"895177";"27:9:1";"Exp60_148_IS19418";"Exp60_148_IS19418";NA;"2023-10-08 05:16:00";-11535100
"895178";"27:9:1";"Exp60_148_IS19418";"Exp60_148_IS19418";NA;"2023-10-08 05:32:00";-11535100
"895179";"27:9:1";"Exp60_148_IS19418";"Exp60_148_IS19418";NA;"2023-10-08 05:46:00";-11535100
"895180";"27:9:1";"Exp60_148_IS19418";"Exp60_148_IS19418";NA;"2023-10-08 06:02:00";-11535100
"895181";"27:9:1";"Exp60_148_IS19418";"Exp60_148_IS19418";NA;"2023-10-08 06:16:00";-11535100
"895182";"27:9:1";"Exp60_148_IS19418";"Exp60_148_IS19418";NA;"2023-10-08 06:32:00";-11535100
"895183";"27:9:1";"Exp60_148_IS19418";"Exp60_148_IS19418";NA;"2023-10-08 06:46:00";-11535100
"895184";"27:9:1";"Exp60_148_IS19418";"Exp60_148_IS19418";NA;"2023-10-08 07:02:00";-11535100
"895185";"27:9:1";"Exp60_148_IS19418";"Exp60_148_IS19418";NA;"2023-10-08 07:16:00";-11535100
"895186";"27:9:1";"Exp60_148_IS19418";"Exp60_148_IS19418";NA;"2023-10-08 07:32:00";-11535100
"895187";"27:9:1";"Exp60_148_IS19418";"Exp60_148_IS19418";NA;"2023-10-08 07:46:00";-11535100
"895188";"27:9:1";"Exp60_148_IS19418";"Exp60_148_IS19418";NA;"2023-10-08 08:02:00";-11535100
"895189";"27:9:1";"Exp60_148_IS19418";"Exp60_148_IS19418";NA;"2023-10-08 08:16:00";-11535100
"895190";"27:9:1";"Exp60_148_IS19418";"Exp60_148_IS19418";NA;"2023-10-08 08:32:00";-11535100
"895191";"27:9:1";"Exp60_148_IS19418";"Exp60_148_IS19418";NA;"2023-10-08 08:46:00";-11535100
"895192";"27:9:1";"Exp60_148_IS19418";"Exp60_148_IS19418";NA;"2023-10-08 09:02:00";-11535100
"895193";"27:9:1";"Exp60_148_IS19418";"Exp60_148_IS19418";NA;"2023-10-08 09:16:00";-11535100
"895194";"27:9:1";"Exp60_148_IS19418";"Exp60_148_IS19418";NA;"2023-10-08 09:32:00";-11535100
"895195";"27:9:1";"Exp60_148_IS19418";"Exp60_148_IS19418";NA;"2023-10-08 09:46:00";-11535100
"895196";"27:9:1";"Exp60_148_IS19418";"Exp60_148_IS19418";NA;"2023-10-08 10:32:00";-11535100
"895197";"27:9:1";"Exp60_148_IS19418";"Exp60_148_IS19418";NA;"2023-10-08 10:46:00";-11535100
"895198";"27:9:1";"Exp60_148_IS19418";"Exp60_148_IS19418";NA;"2023-10-08 11:17:00";-11535100
"895199";"27:9:1";"Exp60_148_IS19418";"Exp60_148_IS19418";NA;"2023-10-08 11:31:00";-11535100
"895200";"27:9:1";"Exp60_148_IS19418";"Exp60_148_IS19418";NA;"2023-10-08 12:02:00";-11535100
"895201";"27:9:1";"Exp60_148_IS19418";"Exp60_148_IS19418";NA;"2023-10-08 12:16:00";-11535100
"895202";"27:9:1";"Exp60_148_IS19418";"Exp60_148_IS19418";NA;"2023-10-08 12:32:00";-11535100
"895203";"27:9:1";"Exp60_148_IS19418";"Exp60_148_IS19418";NA;"2023-10-08 12:46:00";-11535100
"895204";"27:9:1";"Exp60_148_IS19418";"Exp60_148_IS19418";NA;"2023-10-08 13:02:00";-11535100
"895205";"27:9:1";"Exp60_148_IS19418";"Exp60_148_IS19418";NA;"2023-10-08 13:16:00";-11535100
"895206";"27:9:1";"Exp60_148_IS19418";"Exp60_148_IS19418";NA;"2023-10-08 13:47:00";-11535100
"895207";"27:9:1";"Exp60_148_IS19418";"Exp60_148_IS19418";NA;"2023-10-08 14:01:00";-11535100
"895208";"27:9:1";"Exp60_148_IS19418";"Exp60_148_IS19418";NA;"2023-10-08 14:17:00";-11535100
"895209";"27:9:1";"Exp60_148_IS19418";"Exp60_148_IS19418";NA;"2023-10-08 14:31:00";-11535100
"895210";"27:9:1";"Exp60_148_IS19418";"Exp60_148_IS19418";NA;"2023-10-08 14:47:00";-11535100
"895211";"27:9:1";"Exp60_148_IS19418";"Exp60_148_IS19418";NA;"2023-10-08 15:01:00";-11535100
"895212";"27:9:1";"Exp60_148_IS19418";"Exp60_148_IS19418";NA;"2023-10-08 22:46:00";-11535100
"895213";"27:9:1";"Exp60_148_IS19418";"Exp60_148_IS19418";NA;"2023-10-08 23:02:00";-11535100
"895214";"27:9:1";"Exp60_148_IS19418";"Exp60_148_IS19418";NA;"2023-10-08 23:16:00";-11535100
"895215";"27:9:1";"Exp60_148_IS19418";"Exp60_148_IS19418";NA;"2023-10-08 23:32:00";-11535100
"895216";"27:9:1";"Exp60_148_IS19418";"Exp60_148_IS19418";NA;"2023-10-08 23:46:00";-11535100
"895217";"27:9:1";"Exp60_148_IS19418";"Exp60_148_IS19418";NA;"2023-10-09 00:02:00";-11535100
"895218";"27:9:1";"Exp60_148_IS19418";"Exp60_148_IS19418";NA;"2023-10-09 00:16:00";-11535100
"895219";"27:9:1";"Exp60_148_IS19418";"Exp60_148_IS19418";NA;"2023-10-09 00:32:00";-11535100
"895220";"27:9:1";"Exp60_148_IS19418";"Exp60_148_IS19418";NA;"2023-10-09 00:46:00";-11535100
"895221";"27:9:1";"Exp60_148_IS19418";"Exp60_148_IS19418";NA;"2023-10-09 01:02:00";-11535100
"895222";"27:9:1";"Exp60_148_IS19418";"Exp60_148_IS19418";NA;"2023-10-09 01:16:00";-11535100
"895223";"27:9:1";"Exp60_148_IS19418";"Exp60_148_IS19418";NA;"2023-10-09 01:32:00";-11535100
"895224";"27:9:1";"Exp60_148_IS19418";"Exp60_148_IS19418";NA;"2023-10-09 01:46:00";-11535100
"895225";"27:9:1";"Exp60_148_IS19418";"Exp60_148_IS19418";NA;"2023-10-09 02:02:00";-11535100
"895226";"27:9:1";"Exp60_148_IS19418";"Exp60_148_IS19418";NA;"2023-10-09 02:16:00";-11535100
"895227";"27:9:1";"Exp60_148_IS19418";"Exp60_148_IS19418";NA;"2023-10-09 02:32:00";-11535100
"895228";"27:9:1";"Exp60_148_IS19418";"Exp60_148_IS19418";NA;"2023-10-09 02:46:00";-11535100
"895229";"27:9:1";"Exp60_148_IS19418";"Exp60_148_IS19418";NA;"2023-10-09 03:02:00";-11535100
"895230";"27:9:1";"Exp60_148_IS19418";"Exp60_148_IS19418";NA;"2023-10-09 03:16:00";-11535100
"895231";"27:9:1";"Exp60_148_IS19418";"Exp60_148_IS19418";NA;"2023-10-09 03:32:00";-11535100
"895232";"27:9:1";"Exp60_148_IS19418";"Exp60_148_IS19418";NA;"2023-10-09 03:46:00";-11535100
"895233";"27:9:1";"Exp60_148_IS19418";"Exp60_148_IS19418";NA;"2023-10-09 04:17:00";-11535100
"895234";"27:9:1";"Exp60_148_IS19418";"Exp60_148_IS19418";NA;"2023-10-09 04:31:00";-11535100
"895235";"27:9:1";"Exp60_148_IS19418";"Exp60_148_IS19418";NA;"2023-10-09 04:47:00";-11535100
"895236";"27:9:1";"Exp60_148_IS19418";"Exp60_148_IS19418";NA;"2023-10-09 05:01:00";-11535100
"895237";"27:9:1";"Exp60_148_IS19418";"Exp60_148_IS19418";NA;"2023-10-09 05:17:00";-11535100
"895238";"27:9:1";"Exp60_148_IS19418";"Exp60_148_IS19418";NA;"2023-10-09 05:31:00";-11535100
"895239";"27:9:1";"Exp60_148_IS19418";"Exp60_148_IS19418";NA;"2023-10-09 05:47:00";-11535100
"895240";"27:9:1";"Exp60_148_IS19418";"Exp60_148_IS19418";NA;"2023-10-09 06:01:00";-11535100
"895241";"27:9:1";"Exp60_148_IS19418";"Exp60_148_IS19418";NA;"2023-10-09 06:17:00";-11535100
"895242";"27:9:1";"Exp60_148_IS19418";"Exp60_148_IS19418";NA;"2023-10-09 06:31:00";-11535100
"895243";"27:9:1";"Exp60_148_IS19418";"Exp60_148_IS19418";NA;"2023-10-09 06:47:00";-11535100
"895244";"27:9:1";"Exp60_148_IS19418";"Exp60_148_IS19418";NA;"2023-10-09 07:01:00";-11535100
"895245";"27:9:1";"Exp60_148_IS19418";"Exp60_148_IS19418";NA;"2023-10-09 07:17:00";-11535100
"895246";"27:9:1";"Exp60_148_IS19418";"Exp60_148_IS19418";NA;"2023-10-09 07:31:00";-11535100
"895247";"27:9:1";"Exp60_148_IS19418";"Exp60_148_IS19418";NA;"2023-10-09 07:47:00";-11535100
"895248";"27:9:1";"Exp60_148_IS19418";"Exp60_148_IS19418";NA;"2023-10-09 08:01:00";-11535100
"895249";"27:9:1";"Exp60_148_IS19418";"Exp60_148_IS19418";NA;"2023-10-09 08:17:00";-11535100
"895250";"27:9:1";"Exp60_148_IS19418";"Exp60_148_IS19418";NA;"2023-10-09 08:31:00";-11535100
"895251";"27:9:1";"Exp60_148_IS19418";"Exp60_148_IS19418";NA;"2023-10-09 08:47:00";-11535100
"895252";"27:9:1";"Exp60_148_IS19418";"Exp60_148_IS19418";NA;"2023-10-09 09:01:00";-11535100
"895253";"27:9:1";"Exp60_148_IS19418";"Exp60_148_IS19418";NA;"2023-10-09 09:17:00";-11535100
"895254";"27:9:1";"Exp60_148_IS19418";"Exp60_148_IS19418";NA;"2023-10-09 09:31:00";-11535100
"895255";"27:9:1";"Exp60_148_IS19418";"Exp60_148_IS19418";NA;"2023-10-09 10:32:00";-11535100
"895256";"27:9:1";"Exp60_148_IS19418";"Exp60_148_IS19418";NA;"2023-10-09 10:46:00";-11535100
"895257";"27:9:1";"Exp60_148_IS19418";"Exp60_148_IS19418";NA;"2023-10-09 11:02:00";-11535100
"895258";"27:9:1";"Exp60_148_IS19418";"Exp60_148_IS19418";NA;"2023-10-09 11:16:00";-11535100
"895259";"27:9:1";"Exp60_148_IS19418";"Exp60_148_IS19418";NA;"2023-10-09 11:47:00";-11535100
"895260";"27:9:1";"Exp60_148_IS19418";"Exp60_148_IS19418";NA;"2023-10-09 12:01:00";-11535100
"895261";"27:9:1";"Exp60_148_IS19418";"Exp60_148_IS19418";NA;"2023-10-09 12:17:00";-11535100
"895262";"27:9:1";"Exp60_148_IS19418";"Exp60_148_IS19418";NA;"2023-10-09 12:31:00";-11535100
"895263";"27:9:1";"Exp60_148_IS19418";"Exp60_148_IS19418";NA;"2023-10-09 12:47:00";-11535100
"895264";"27:9:1";"Exp60_148_IS19418";"Exp60_148_IS19418";NA;"2023-10-09 13:01:00";-11535100
"895265";"27:9:1";"Exp60_148_IS19418";"Exp60_148_IS19418";NA;"2023-10-09 13:32:00";-11535100
"895266";"27:9:1";"Exp60_148_IS19418";"Exp60_148_IS19418";NA;"2023-10-09 13:46:00";-11535100
"895267";"27:9:1";"Exp60_148_IS19418";"Exp60_148_IS19418";NA;"2023-10-09 14:02:00";-11535100
"895268";"27:9:1";"Exp60_148_IS19418";"Exp60_148_IS19418";NA;"2023-10-09 14:16:00";-11535100
"895269";"27:9:1";"Exp60_148_IS19418";"Exp60_148_IS19418";NA;"2023-10-09 20:16:00";-11535100
"895270";"27:9:1";"Exp60_148_IS19418";"Exp60_148_IS19418";NA;"2023-10-09 20:32:00";-11535100
"895271";"27:9:1";"Exp60_148_IS19418";"Exp60_148_IS19418";NA;"2023-10-09 20:46:00";-11535100
"895272";"27:9:1";"Exp60_148_IS19418";"Exp60_148_IS19418";NA;"2023-10-09 21:02:00";-11535100
"895273";"27:9:1";"Exp60_148_IS19418";"Exp60_148_IS19418";NA;"2023-10-09 21:16:00";-11535100
"895274";"27:9:1";"Exp60_148_IS19418";"Exp60_148_IS19418";NA;"2023-10-09 21:32:00";-11535100
"895275";"27:9:1";"Exp60_148_IS19418";"Exp60_148_IS19418";NA;"2023-10-09 21:46:00";-11535100
"895276";"27:9:1";"Exp60_148_IS19418";"Exp60_148_IS19418";NA;"2023-10-09 22:32:00";-11535100
"895277";"27:9:1";"Exp60_148_IS19418";"Exp60_148_IS19418";NA;"2023-10-09 22:46:00";-11535100
"895278";"27:9:1";"Exp60_148_IS19418";"Exp60_148_IS19418";NA;"2023-10-09 23:17:00";-11535100
"895279";"27:9:1";"Exp60_148_IS19418";"Exp60_148_IS19418";NA;"2023-10-09 23:31:00";-11535100
"895280";"27:9:1";"Exp60_148_IS19418";"Exp60_148_IS19418";NA;"2023-10-09 23:47:00";-11535100
"895281";"27:9:1";"Exp60_148_IS19418";"Exp60_148_IS19418";NA;"2023-10-10 00:16:00";-11535100
"895282";"27:9:1";"Exp60_148_IS19418";"Exp60_148_IS19418";NA;"2023-10-10 00:47:00";-11535100
"895283";"27:9:1";"Exp60_148_IS19418";"Exp60_148_IS19418";NA;"2023-10-10 01:01:00";-11535100
"895284";"27:9:1";"Exp60_148_IS19418";"Exp60_148_IS19418";NA;"2023-10-10 01:17:00";-11535100
"895285";"27:9:1";"Exp60_148_IS19418";"Exp60_148_IS19418";NA;"2023-10-10 01:31:00";-11535100
"895286";"27:9:1";"Exp60_148_IS19418";"Exp60_148_IS19418";NA;"2023-10-10 01:47:00";-11535100
"895287";"27:9:1";"Exp60_148_IS19418";"Exp60_148_IS19418";NA;"2023-10-10 02:01:00";-11535100
"895288";"27:9:1";"Exp60_148_IS19418";"Exp60_148_IS19418";NA;"2023-10-10 02:17:00";-11535100
"895289";"27:9:1";"Exp60_148_IS19418";"Exp60_148_IS19418";NA;"2023-10-10 02:31:00";-11535100
"895290";"27:9:1";"Exp60_148_IS19418";"Exp60_148_IS19418";NA;"2023-10-10 02:47:00";-11535100
"895291";"27:9:1";"Exp60_148_IS19418";"Exp60_148_IS19418";NA;"2023-10-10 03:01:00";-11535100
"895292";"27:9:1";"Exp60_148_IS19418";"Exp60_148_IS19418";NA;"2023-10-10 03:17:00";-11535100
"895293";"27:9:1";"Exp60_148_IS19418";"Exp60_148_IS19418";NA;"2023-10-10 03:31:00";-11535100
"895294";"27:9:1";"Exp60_148_IS19418";"Exp60_148_IS19418";NA;"2023-10-10 03:47:00";-11535100
"895295";"27:9:1";"Exp60_148_IS19418";"Exp60_148_IS19418";NA;"2023-10-10 04:01:00";-11535100
"895296";"27:9:1";"Exp60_148_IS19418";"Exp60_148_IS19418";NA;"2023-10-10 04:17:00";-11535100
"895297";"27:9:1";"Exp60_148_IS19418";"Exp60_148_IS19418";NA;"2023-10-10 04:31:00";-11535100
"895298";"27:9:1";"Exp60_148_IS19418";"Exp60_148_IS19418";NA;"2023-10-10 04:47:00";-11535100
"895299";"27:9:1";"Exp60_148_IS19418";"Exp60_148_IS19418";NA;"2023-10-10 05:01:00";-11535100
"895300";"27:9:1";"Exp60_148_IS19418";"Exp60_148_IS19418";NA;"2023-10-10 05:17:00";-11535100
"895301";"27:9:1";"Exp60_148_IS19418";"Exp60_148_IS19418";NA;"2023-10-10 05:31:00";-11535100
"895302";"27:9:1";"Exp60_148_IS19418";"Exp60_148_IS19418";NA;"2023-10-10 05:47:00";-11535100
"895303";"27:9:1";"Exp60_148_IS19418";"Exp60_148_IS19418";NA;"2023-10-10 06:01:00";-11535100
"895304";"27:9:1";"Exp60_148_IS19418";"Exp60_148_IS19418";NA;"2023-10-10 06:17:00";-11535100
"895305";"27:9:1";"Exp60_148_IS19418";"Exp60_148_IS19418";NA;"2023-10-10 06:46:00";-11535100
"895306";"27:9:1";"Exp60_148_IS19418";"Exp60_148_IS19418";NA;"2023-10-10 07:17:00";-11535100
"895307";"27:9:1";"Exp60_148_IS19418";"Exp60_148_IS19418";NA;"2023-10-10 07:31:00";-11535100
"895308";"27:9:1";"Exp60_148_IS19418";"Exp60_148_IS19418";NA;"2023-10-10 08:02:00";-11535100
"895309";"27:9:1";"Exp60_148_IS19418";"Exp60_148_IS19418";NA;"2023-10-10 08:16:00";-11535100
"895310";"27:9:1";"Exp60_148_IS19418";"Exp60_148_IS19418";NA;"2023-10-10 08:32:00";-11535100
"895311";"27:9:1";"Exp60_148_IS19418";"Exp60_148_IS19418";NA;"2023-10-10 08:46:00";-11535100
"895312";"27:9:1";"Exp60_148_IS19418";"Exp60_148_IS19418";NA;"2023-10-10 09:02:00";-11535100
"895313";"27:9:1";"Exp60_148_IS19418";"Exp60_148_IS19418";NA;"2023-10-10 09:16:00";-11535100
"895314";"27:9:1";"Exp60_148_IS19418";"Exp60_148_IS19418";NA;"2023-10-10 09:32:00";-11535100
"895315";"27:9:1";"Exp60_148_IS19418";"Exp60_148_IS19418";NA;"2023-10-10 09:46:00";-11535100
"895316";"27:9:1";"Exp60_148_IS19418";"Exp60_148_IS19418";NA;"2023-10-10 10:02:00";-11535100
"895317";"27:9:1";"Exp60_148_IS19418";"Exp60_148_IS19418";NA;"2023-10-10 10:16:00";-11535100
"895318";"27:9:1";"Exp60_148_IS19418";"Exp60_148_IS19418";NA;"2023-10-10 10:32:00";-11535100
"895319";"27:9:1";"Exp60_148_IS19418";"Exp60_148_IS19418";NA;"2023-10-10 10:46:00";-11535100
"895320";"27:9:1";"Exp60_148_IS19418";"Exp60_148_IS19418";NA;"2023-10-10 11:02:00";-11535100
"895321";"27:9:1";"Exp60_148_IS19418";"Exp60_148_IS19418";NA;"2023-10-10 11:16:00";-11535100
"895322";"27:9:1";"Exp60_148_IS19418";"Exp60_148_IS19418";NA;"2023-10-10 15:46:00";-11535100
"895323";"27:9:1";"Exp60_148_IS19418";"Exp60_148_IS19418";NA;"2023-10-10 18:01:00";-11535100
"895324";"27:9:1";"Exp60_148_IS19418";"Exp60_148_IS19418";NA;"2023-10-10 18:17:00";-11535100
"895325";"27:9:1";"Exp60_148_IS19418";"Exp60_148_IS19418";NA;"2023-10-10 18:31:00";-11535100
"895326";"27:9:1";"Exp60_148_IS19418";"Exp60_148_IS19418";NA;"2023-10-10 18:47:00";-11535100
"895327";"27:9:1";"Exp60_148_IS19418";"Exp60_148_IS19418";NA;"2023-10-10 19:01:00";-11535100
"895328";"27:9:1";"Exp60_148_IS19418";"Exp60_148_IS19418";NA;"2023-10-10 19:17:00";-11535100
"895329";"27:9:1";"Exp60_148_IS19418";"Exp60_148_IS19418";NA;"2023-10-10 19:31:00";-11535100
"895330";"27:9:1";"Exp60_148_IS19418";"Exp60_148_IS19418";NA;"2023-10-10 19:47:00";-11535100
"895331";"27:9:1";"Exp60_148_IS19418";"Exp60_148_IS19418";NA;"2023-10-10 20:01:00";-11535100
"895332";"27:9:1";"Exp60_148_IS19418";"Exp60_148_IS19418";NA;"2023-10-10 20:17:00";-11535100
"895333";"27:9:1";"Exp60_148_IS19418";"Exp60_148_IS19418";NA;"2023-10-10 20:31:00";-11535100
"895334";"27:9:1";"Exp60_148_IS19418";"Exp60_148_IS19418";NA;"2023-10-10 20:47:00";-11535100
"895335";"27:9:1";"Exp60_148_IS19418";"Exp60_148_IS19418";NA;"2023-10-10 21:01:00";-11535100
"895336";"27:9:1";"Exp60_148_IS19418";"Exp60_148_IS19418";NA;"2023-10-10 21:17:00";-11535100
"895337";"27:9:1";"Exp60_148_IS19418";"Exp60_148_IS19418";NA;"2023-10-10 21:31:00";-11535100
"895338";"27:9:1";"Exp60_148_IS19418";"Exp60_148_IS19418";NA;"2023-10-10 21:47:00";-11535100
"895339";"27:9:1";"Exp60_148_IS19418";"Exp60_148_IS19418";NA;"2023-10-10 22:01:00";-11535100
"895340";"27:9:1";"Exp60_148_IS19418";"Exp60_148_IS19418";NA;"2023-10-10 22:32:00";-11535100
"895341";"27:9:1";"Exp60_148_IS19418";"Exp60_148_IS19418";NA;"2023-10-10 22:46:00";-11535100
"895342";"27:9:1";"Exp60_148_IS19418";"Exp60_148_IS19418";NA;"2023-10-10 23:02:00";-11535100
"895343";"27:9:1";"Exp60_148_IS19418";"Exp60_148_IS19418";NA;"2023-10-10 23:16:00";-11535100
"895344";"27:9:1";"Exp60_148_IS19418";"Exp60_148_IS19418";NA;"2023-10-10 23:32:00";-11535100
"895345";"27:9:1";"Exp60_148_IS19418";"Exp60_148_IS19418";NA;"2023-10-10 23:46:00";-11535100
"895346";"27:9:1";"Exp60_148_IS19418";"Exp60_148_IS19418";NA;"2023-10-11 00:02:00";-11535100
"895347";"27:9:1";"Exp60_148_IS19418";"Exp60_148_IS19418";NA;"2023-10-11 00:16:00";-11535100
"895348";"27:9:1";"Exp60_148_IS19418";"Exp60_148_IS19418";NA;"2023-10-11 00:32:00";-11535100
"895349";"27:9:1";"Exp60_148_IS19418";"Exp60_148_IS19418";NA;"2023-10-11 00:46:00";-11535100
"895350";"27:9:1";"Exp60_148_IS19418";"Exp60_148_IS19418";NA;"2023-10-11 06:31:00";-11535100
"895351";"27:9:1";"Exp60_148_IS19418";"Exp60_148_IS19418";NA;"2023-10-11 07:17:00";-11535100
"895352";"27:9:1";"Exp60_148_IS19418";"Exp60_148_IS19418";NA;"2023-10-11 07:31:00";-11535100
"895353";"27:9:1";"Exp60_148_IS19418";"Exp60_148_IS19418";NA;"2023-10-11 07:47:00";-11535100
"895354";"27:9:1";"Exp60_148_IS19418";"Exp60_148_IS19418";NA;"2023-10-11 08:01:00";-11535100
"895355";"27:9:1";"Exp60_148_IS19418";"Exp60_148_IS19418";NA;"2023-10-11 08:17:00";-11535100
"895356";"27:9:1";"Exp60_148_IS19418";"Exp60_148_IS19418";NA;"2023-10-11 08:31:00";-11535100
"895357";"27:9:1";"Exp60_148_IS19418";"Exp60_148_IS19418";NA;"2023-10-11 08:47:00";-11535100
"895358";"27:9:1";"Exp60_148_IS19418";"Exp60_148_IS19418";NA;"2023-10-11 09:01:00";-11535100
"895359";"27:9:1";"Exp60_148_IS19418";"Exp60_148_IS19418";NA;"2023-10-11 16:16:00";-11535100
"895360";"27:9:1";"Exp60_148_IS19418";"Exp60_148_IS19418";NA;"2023-10-11 16:32:00";-11535100
"895361";"27:9:1";"Exp60_148_IS19418";"Exp60_148_IS19418";NA;"2023-10-11 16:46:00";-11535100
"895362";"27:9:1";"Exp60_148_IS19418";"Exp60_148_IS19418";NA;"2023-10-11 17:02:00";-11535100
"895363";"27:9:1";"Exp60_148_IS19418";"Exp60_148_IS19418";NA;"2023-10-11 17:16:00";-11535100
"895364";"27:9:1";"Exp60_148_IS19418";"Exp60_148_IS19418";NA;"2023-10-11 17:32:00";-11535100
"895365";"27:9:1";"Exp60_148_IS19418";"Exp60_148_IS19418";NA;"2023-10-11 17:46:00";-11535100
"895366";"27:9:1";"Exp60_148_IS19418";"Exp60_148_IS19418";NA;"2023-10-11 18:02:00";-11535100
"895367";"27:9:1";"Exp60_148_IS19418";"Exp60_148_IS19418";NA;"2023-10-11 18:16:00";-11535100
"895368";"27:9:1";"Exp60_148_IS19418";"Exp60_148_IS19418";NA;"2023-10-11 18:32:00";-11535100
"895369";"27:9:1";"Exp60_148_IS19418";"Exp60_148_IS19418";NA;"2023-10-11 18:46:00";-11535100
"895370";"27:9:1";"Exp60_148_IS19418";"Exp60_148_IS19418";NA;"2023-10-11 19:02:00";-11535100
"895371";"27:9:1";"Exp60_148_IS19418";"Exp60_148_IS19418";NA;"2023-10-11 19:16:00";-11535100
"895372";"27:9:1";"Exp60_148_IS19418";"Exp60_148_IS19418";NA;"2023-10-11 19:32:00";-11535100
"895373";"27:9:1";"Exp60_148_IS19418";"Exp60_148_IS19418";NA;"2023-10-11 19:46:00";-11535100
"895374";"27:9:1";"Exp60_148_IS19418";"Exp60_148_IS19418";NA;"2023-10-11 20:02:00";-11535100
"895375";"27:9:1";"Exp60_148_IS19418";"Exp60_148_IS19418";NA;"2023-10-11 20:46:00";-11535100
"895376";"27:9:1";"Exp60_148_IS19418";"Exp60_148_IS19418";NA;"2023-10-11 21:02:00";-11535100
"895377";"27:9:1";"Exp60_148_IS19418";"Exp60_148_IS19418";NA;"2023-10-11 21:16:00";-11535100
"895378";"27:9:1";"Exp60_148_IS19418";"Exp60_148_IS19418";NA;"2023-10-11 21:32:00";-11535100
"895379";"27:9:1";"Exp60_148_IS19418";"Exp60_148_IS19418";NA;"2023-10-11 21:46:00";-11535100
"895380";"27:9:1";"Exp60_148_IS19418";"Exp60_148_IS19418";NA;"2023-10-11 22:17:00";-11535100
"895381";"27:9:1";"Exp60_148_IS19418";"Exp60_148_IS19418";NA;"2023-10-11 22:31:00";-11535100
"895382";"27:9:1";"Exp60_148_IS19418";"Exp60_148_IS19418";NA;"2023-10-11 22:47:00";-11535100
"895383";"27:9:1";"Exp60_148_IS19418";"Exp60_148_IS19418";NA;"2023-10-11 23:01:00";-11535100
"895384";"27:9:1";"Exp60_148_IS19418";"Exp60_148_IS19418";NA;"2023-10-11 23:17:00";-11535100
"895385";"27:9:1";"Exp60_148_IS19418";"Exp60_148_IS19418";NA;"2023-10-11 23:31:00";-11535100
"895386";"27:9:1";"Exp60_148_IS19418";"Exp60_148_IS19418";NA;"2023-10-11 23:47:00";-11535100
"895387";"27:9:1";"Exp60_148_IS19418";"Exp60_148_IS19418";NA;"2023-10-12 00:01:00";-11535100
"895388";"27:9:1";"Exp60_148_IS19418";"Exp60_148_IS19418";NA;"2023-10-12 00:17:00";-11535100
"895389";"27:9:1";"Exp60_148_IS19418";"Exp60_148_IS19418";NA;"2023-10-12 00:31:00";-11535100
"895390";"27:9:1";"Exp60_148_IS19418";"Exp60_148_IS19418";NA;"2023-10-12 00:47:00";-11535100
"895391";"27:9:1";"Exp60_148_IS19418";"Exp60_148_IS19418";NA;"2023-10-12 01:01:00";-11535100
"895392";"27:9:1";"Exp60_148_IS19418";"Exp60_148_IS19418";NA;"2023-10-12 01:17:00";-11535100
"895393";"27:9:1";"Exp60_148_IS19418";"Exp60_148_IS19418";NA;"2023-10-12 01:31:00";-11535100
"895394";"27:9:1";"Exp60_148_IS19418";"Exp60_148_IS19418";NA;"2023-10-12 01:47:00";-11535100
"895395";"27:9:1";"Exp60_148_IS19418";"Exp60_148_IS19418";NA;"2023-10-12 02:01:00";-11535100
"895396";"27:9:1";"Exp60_148_IS19418";"Exp60_148_IS19418";NA;"2023-10-12 02:17:00";-11535100
"895397";"27:9:1";"Exp60_148_IS19418";"Exp60_148_IS19418";NA;"2023-10-12 02:31:00";-11535100
"895398";"27:9:1";"Exp60_148_IS19418";"Exp60_148_IS19418";NA;"2023-10-12 02:47:00";-11535100
"895399";"27:9:1";"Exp60_148_IS19418";"Exp60_148_IS19418";NA;"2023-10-12 03:01:00";-11535100
"895400";"27:9:1";"Exp60_148_IS19418";"Exp60_148_IS19418";NA;"2023-10-12 03:17:00";-11535100
"895401";"27:9:1";"Exp60_148_IS19418";"Exp60_148_IS19418";NA;"2023-10-12 03:31:00";-11535100
"895402";"27:9:1";"Exp60_148_IS19418";"Exp60_148_IS19418";NA;"2023-10-12 03:47:00";-11535100
"895403";"27:9:1";"Exp60_148_IS19418";"Exp60_148_IS19418";NA;"2023-10-12 04:01:00";-11535100
"895404";"27:9:1";"Exp60_148_IS19418";"Exp60_148_IS19418";NA;"2023-10-12 04:17:00";-11535100
"895405";"27:9:1";"Exp60_148_IS19418";"Exp60_148_IS19418";NA;"2023-10-12 04:31:00";-11535100
"895406";"27:9:1";"Exp60_148_IS19418";"Exp60_148_IS19418";NA;"2023-10-12 04:47:00";-11535100
"895407";"27:9:1";"Exp60_148_IS19418";"Exp60_148_IS19418";NA;"2023-10-12 05:01:00";-11535100
"895408";"27:9:1";"Exp60_148_IS19418";"Exp60_148_IS19418";NA;"2023-10-12 05:32:00";-11535100
"895409";"27:9:1";"Exp60_148_IS19418";"Exp60_148_IS19418";NA;"2023-10-12 05:46:00";-11535100
"895410";"27:9:1";"Exp60_148_IS19418";"Exp60_148_IS19418";NA;"2023-10-12 06:02:00";-11535100
"895411";"27:9:1";"Exp60_148_IS19418";"Exp60_148_IS19418";NA;"2023-10-12 06:16:00";-11535100
"895412";"27:9:1";"Exp60_148_IS19418";"Exp60_148_IS19418";NA;"2023-10-12 06:47:00";-11535100
"895413";"27:9:1";"Exp60_148_IS19418";"Exp60_148_IS19418";NA;"2023-10-12 07:01:00";-11535100
"895414";"27:9:1";"Exp60_148_IS19418";"Exp60_148_IS19418";NA;"2023-10-12 07:17:00";-11535100
"895415";"27:9:1";"Exp60_148_IS19418";"Exp60_148_IS19418";NA;"2023-10-12 07:31:00";-11535100
"895416";"27:9:1";"Exp60_148_IS19418";"Exp60_148_IS19418";NA;"2023-10-12 07:47:00";-11535100
"895417";"27:9:1";"Exp60_148_IS19418";"Exp60_148_IS19418";NA;"2023-10-12 08:01:00";-11535100
"895418";"27:9:1";"Exp60_148_IS19418";"Exp60_148_IS19418";NA;"2023-10-12 08:17:00";-11535100
"895419";"27:9:1";"Exp60_148_IS19418";"Exp60_148_IS19418";NA;"2023-10-12 08:31:00";-11535100
"895420";"27:9:1";"Exp60_148_IS19418";"Exp60_148_IS19418";NA;"2023-10-12 08:47:00";-11535100
"895421";"27:9:1";"Exp60_148_IS19418";"Exp60_148_IS19418";NA;"2023-10-12 09:01:00";-11535100
"895422";"27:9:1";"Exp60_148_IS19418";"Exp60_148_IS19418";NA;"2023-10-12 09:17:00";-11535100
"895423";"27:9:1";"Exp60_148_IS19418";"Exp60_148_IS19418";NA;"2023-10-12 09:31:00";-11535100
"895424";"27:9:1";"Exp60_148_IS19418";"Exp60_148_IS19418";NA;"2023-10-12 09:47:00";-11535100
"895425";"27:9:1";"Exp60_148_IS19418";"Exp60_148_IS19418";NA;"2023-10-12 10:01:00";-11535100
"895426";"27:9:1";"Exp60_148_IS19418";"Exp60_148_IS19418";NA;"2023-10-12 15:01:00";-11535100
"895427";"27:9:1";"Exp60_148_IS19418";"Exp60_148_IS19418";NA;"2023-10-12 15:17:00";-11535100
"895428";"27:9:1";"Exp60_148_IS19418";"Exp60_148_IS19418";NA;"2023-10-12 15:31:00";-11535100
"895429";"27:9:1";"Exp60_148_IS19418";"Exp60_148_IS19418";NA;"2023-10-12 15:47:00";-11535100
"895430";"27:9:1";"Exp60_148_IS19418";"Exp60_148_IS19418";NA;"2023-10-12 16:01:00";-11535100
"895431";"27:9:1";"Exp60_148_IS19418";"Exp60_148_IS19418";NA;"2023-10-12 16:17:00";-11535100
"895432";"27:9:1";"Exp60_148_IS19418";"Exp60_148_IS19418";NA;"2023-10-12 16:31:00";-11535100
"895433";"27:9:1";"Exp60_148_IS19418";"Exp60_148_IS19418";NA;"2023-10-12 16:47:00";-11535100
"895434";"27:9:1";"Exp60_148_IS19418";"Exp60_148_IS19418";NA;"2023-10-12 17:01:00";-11535100
"895435";"27:9:1";"Exp60_148_IS19418";"Exp60_148_IS19418";NA;"2023-10-12 17:17:00";-11535100
"895436";"27:9:1";"Exp60_148_IS19418";"Exp60_148_IS19418";NA;"2023-10-12 17:31:00";-11535100
"895437";"27:9:1";"Exp60_148_IS19418";"Exp60_148_IS19418";NA;"2023-10-12 17:47:00";-11535100
"895438";"27:9:1";"Exp60_148_IS19418";"Exp60_148_IS19418";NA;"2023-10-12 18:01:00";-11535100
"895439";"27:9:1";"Exp60_148_IS19418";"Exp60_148_IS19418";NA;"2023-10-12 18:17:00";-11535100
"895440";"27:9:1";"Exp60_148_IS19418";"Exp60_148_IS19418";NA;"2023-10-12 18:31:00";-11535100
"895441";"27:9:1";"Exp60_148_IS19418";"Exp60_148_IS19418";NA;"2023-10-12 18:47:00";-11535100
"895442";"27:9:1";"Exp60_148_IS19418";"Exp60_148_IS19418";NA;"2023-10-12 19:01:00";-11535100
"895443";"27:9:1";"Exp60_148_IS19418";"Exp60_148_IS19418";NA;"2023-10-12 19:17:00";-11535100
"895444";"27:9:1";"Exp60_148_IS19418";"Exp60_148_IS19418";NA;"2023-10-12 19:31:00";-11535100
"895445";"27:9:1";"Exp60_148_IS19418";"Exp60_148_IS19418";NA;"2023-10-12 20:02:00";-11535100
"895446";"27:9:1";"Exp60_148_IS19418";"Exp60_148_IS19418";NA;"2023-10-12 20:16:00";-11535100
"895447";"27:9:1";"Exp60_148_IS19418";"Exp60_148_IS19418";NA;"2023-10-13 03:16:00";-11535100
"895448";"27:9:1";"Exp60_148_IS19418";"Exp60_148_IS19418";NA;"2023-10-13 03:32:00";-11535100
"895449";"27:9:1";"Exp60_148_IS19418";"Exp60_148_IS19418";NA;"2023-10-13 03:46:00";-11535100
"895450";"27:9:1";"Exp60_148_IS19418";"Exp60_148_IS19418";NA;"2023-10-13 04:02:00";-11535100
"895451";"27:9:1";"Exp60_148_IS19418";"Exp60_148_IS19418";NA;"2023-10-13 04:16:00";-11535100
"895452";"27:9:1";"Exp60_148_IS19418";"Exp60_148_IS19418";NA;"2023-10-13 04:32:00";-11535100
"895453";"27:9:1";"Exp60_148_IS19418";"Exp60_148_IS19418";NA;"2023-10-13 04:46:00";-11535100
"895454";"27:9:1";"Exp60_148_IS19418";"Exp60_148_IS19418";NA;"2023-10-13 05:02:00";-11535100
"895455";"27:9:1";"Exp60_148_IS19418";"Exp60_148_IS19418";NA;"2023-10-13 05:16:00";-11535100
"895456";"27:9:1";"Exp60_148_IS19418";"Exp60_148_IS19418";NA;"2023-10-13 05:32:00";-11535100
"895457";"27:9:1";"Exp60_148_IS19418";"Exp60_148_IS19418";NA;"2023-10-13 05:46:00";-11535100
"895458";"27:9:1";"Exp60_148_IS19418";"Exp60_148_IS19418";NA;"2023-10-13 06:02:00";-11535100
"895459";"27:9:1";"Exp60_148_IS19418";"Exp60_148_IS19418";NA;"2023-10-13 06:16:00";-11535100
"895460";"27:9:1";"Exp60_148_IS19418";"Exp60_148_IS19418";NA;"2023-10-13 06:32:00";-11535100
"895461";"27:9:1";"Exp60_148_IS19418";"Exp60_148_IS19418";NA;"2023-10-13 06:46:00";-11535100
"895462";"27:9:1";"Exp60_148_IS19418";"Exp60_148_IS19418";NA;"2023-10-13 12:46:00";-11535100
"895463";"27:9:1";"Exp60_148_IS19418";"Exp60_148_IS19418";NA;"2023-10-13 13:02:00";-11535100
"895464";"27:9:1";"Exp60_148_IS19418";"Exp60_148_IS19418";NA;"2023-10-13 13:16:00";-11535100
"895465";"27:9:1";"Exp60_148_IS19418";"Exp60_148_IS19418";NA;"2023-10-13 13:32:00";-11535100
"895466";"27:9:1";"Exp60_148_IS19418";"Exp60_148_IS19418";NA;"2023-10-13 13:46:00";-11535100
"895467";"27:9:1";"Exp60_148_IS19418";"Exp60_148_IS19418";NA;"2023-10-13 19:46:00";-11535100
"895468";"27:9:1";"Exp60_148_IS19418";"Exp60_148_IS19418";NA;"2023-10-13 20:02:00";-11535100
"895469";"27:9:1";"Exp60_148_IS19418";"Exp60_148_IS19418";NA;"2023-10-13 20:16:00";-11535100
"895470";"27:9:1";"Exp60_148_IS19418";"Exp60_148_IS19418";NA;"2023-10-13 20:32:00";-11535100
"895471";"27:9:1";"Exp60_148_IS19418";"Exp60_148_IS19418";NA;"2023-10-13 20:46:00";-11535100
"895472";"27:9:1";"Exp60_148_IS19418";"Exp60_148_IS19418";NA;"2023-10-13 21:02:00";-11535100
"895473";"27:9:1";"Exp60_148_IS19418";"Exp60_148_IS19418";NA;"2023-10-13 21:16:00";-11535100
"895474";"27:9:1";"Exp60_148_IS19418";"Exp60_148_IS19418";NA;"2023-10-13 21:32:00";-11535100
"895475";"27:9:1";"Exp60_148_IS19418";"Exp60_148_IS19418";NA;"2023-10-13 21:46:00";-11535100
"895476";"27:9:1";"Exp60_148_IS19418";"Exp60_148_IS19418";NA;"2023-10-13 22:02:00";-11535100
"895477";"27:9:1";"Exp60_148_IS19418";"Exp60_148_IS19418";NA;"2023-10-13 22:16:00";-11535100
"895478";"27:9:1";"Exp60_148_IS19418";"Exp60_148_IS19418";NA;"2023-10-13 22:32:00";-11535100
"895479";"27:9:1";"Exp60_148_IS19418";"Exp60_148_IS19418";NA;"2023-10-13 22:46:00";-11535100
"895480";"27:9:1";"Exp60_148_IS19418";"Exp60_148_IS19418";NA;"2023-10-13 23:02:00";-11535100
"895481";"27:9:1";"Exp60_148_IS19418";"Exp60_148_IS19418";NA;"2023-10-13 23:16:00";-11535100
"895482";"27:9:1";"Exp60_148_IS19418";"Exp60_148_IS19418";NA;"2023-10-13 23:47:00";-11535100
"895483";"27:9:1";"Exp60_148_IS19418";"Exp60_148_IS19418";NA;"2023-10-14 00:01:00";-11535100
"895484";"27:9:1";"Exp60_148_IS19418";"Exp60_148_IS19418";NA;"2023-10-14 00:17:00";-11535100
"895485";"27:9:1";"Exp60_148_IS19418";"Exp60_148_IS19418";NA;"2023-10-14 00:31:00";-11535100
"895486";"27:9:1";"Exp60_148_IS19418";"Exp60_148_IS19418";NA;"2023-10-14 00:47:00";-11535100
"895487";"27:9:1";"Exp60_148_IS19418";"Exp60_148_IS19418";NA;"2023-10-14 01:01:00";-11535100
"895488";"27:9:1";"Exp60_148_IS19418";"Exp60_148_IS19418";NA;"2023-10-14 01:17:00";-11535100
"895489";"27:9:1";"Exp60_148_IS19418";"Exp60_148_IS19418";NA;"2023-10-14 01:31:00";-11535100
"895490";"27:9:1";"Exp60_148_IS19418";"Exp60_148_IS19418";NA;"2023-10-14 01:47:00";-11535100
"895491";"27:9:1";"Exp60_148_IS19418";"Exp60_148_IS19418";NA;"2023-10-14 02:01:00";-11535100
"895492";"27:9:1";"Exp60_148_IS19418";"Exp60_148_IS19418";NA;"2023-10-14 02:17:00";-11535100
"895493";"27:9:1";"Exp60_148_IS19418";"Exp60_148_IS19418";NA;"2023-10-14 02:31:00";-11535100
"895494";"27:9:1";"Exp60_148_IS19418";"Exp60_148_IS19418";NA;"2023-10-14 02:47:00";-11535100
"895495";"27:9:1";"Exp60_148_IS19418";"Exp60_148_IS19418";NA;"2023-10-14 03:01:00";-11535100
"895496";"27:9:1";"Exp60_148_IS19418";"Exp60_148_IS19418";NA;"2023-10-14 03:17:00";-11535100
"895497";"27:9:1";"Exp60_148_IS19418";"Exp60_148_IS19418";NA;"2023-10-14 03:31:00";-11535100
"895498";"27:9:1";"Exp60_148_IS19418";"Exp60_148_IS19418";NA;"2023-10-14 04:17:00";-11535100
"895499";"27:9:1";"Exp60_148_IS19418";"Exp60_148_IS19418";NA;"2023-10-14 04:31:00";-11535100
"895500";"27:9:1";"Exp60_148_IS19418";"Exp60_148_IS19418";NA;"2023-10-14 04:47:00";-11535100
"895501";"27:9:1";"Exp60_148_IS19418";"Exp60_148_IS19418";NA;"2023-10-14 05:01:00";-11535100
"895502";"27:9:1";"Exp60_148_IS19418";"Exp60_148_IS19418";NA;"2023-10-14 05:17:00";-11535100
"895503";"27:9:1";"Exp60_148_IS19418";"Exp60_148_IS19418";NA;"2023-10-14 05:31:00";-11535100
"895504";"27:9:1";"Exp60_148_IS19418";"Exp60_148_IS19418";NA;"2023-10-14 05:47:00";-11535100
"895505";"27:9:1";"Exp60_148_IS19418";"Exp60_148_IS19418";NA;"2023-10-14 06:01:00";-11535100
"895506";"27:9:1";"Exp60_148_IS19418";"Exp60_148_IS19418";NA;"2023-10-14 06:17:00";-11535100
"895507";"27:9:1";"Exp60_148_IS19418";"Exp60_148_IS19418";NA;"2023-10-14 06:31:00";-11535100
"895508";"27:9:1";"Exp60_148_IS19418";"Exp60_148_IS19418";NA;"2023-10-14 07:02:00";-11535100
"895509";"27:9:1";"Exp60_148_IS19418";"Exp60_148_IS19418";NA;"2023-10-14 07:16:00";-11535100
"895510";"27:9:1";"Exp60_148_IS19418";"Exp60_148_IS19418";NA;"2023-10-14 07:32:00";-11535100
"895511";"27:9:1";"Exp60_148_IS19418";"Exp60_148_IS19418";NA;"2023-10-14 08:16:00";-11535100
"895512";"27:9:1";"Exp60_148_IS19418";"Exp60_148_IS19418";NA;"2023-10-14 08:32:00";-11535100
"895513";"27:9:1";"Exp60_148_IS19418";"Exp60_148_IS19418";NA;"2023-10-14 08:46:00";-11535100
"895514";"27:9:1";"Exp60_148_IS19418";"Exp60_148_IS19418";NA;"2023-10-14 09:02:00";-11535100
"895515";"27:9:1";"Exp60_148_IS19418";"Exp60_148_IS19418";NA;"2023-10-14 09:16:00";-11535100
"895516";"27:9:1";"Exp60_148_IS19418";"Exp60_148_IS19418";NA;"2023-10-14 09:32:00";-11535100
"895517";"27:9:1";"Exp60_148_IS19418";"Exp60_148_IS19418";NA;"2023-10-14 09:46:00";-11535100
"895518";"27:9:1";"Exp60_148_IS19418";"Exp60_148_IS19418";NA;"2023-10-14 10:02:00";-11535100
"895519";"27:9:1";"Exp60_148_IS19418";"Exp60_148_IS19418";NA;"2023-10-14 10:16:00";-11535100
"895520";"27:9:1";"Exp60_148_IS19418";"Exp60_148_IS19418";NA;"2023-10-14 10:32:00";-11535100
"895521";"27:9:1";"Exp60_148_IS19418";"Exp60_148_IS19418";NA;"2023-10-14 10:46:00";-11535100
"895522";"27:9:1";"Exp60_148_IS19418";"Exp60_148_IS19418";NA;"2023-10-14 11:02:00";-11535100
"895523";"27:9:1";"Exp60_148_IS19418";"Exp60_148_IS19418";NA;"2023-10-14 11:16:00";-11535100
"895524";"27:9:1";"Exp60_148_IS19418";"Exp60_148_IS19418";NA;"2023-10-14 11:32:00";-11535100
"895525";"27:9:1";"Exp60_148_IS19418";"Exp60_148_IS19418";NA;"2023-10-14 11:46:00";-11535100
"895526";"27:9:1";"Exp60_148_IS19418";"Exp60_148_IS19418";NA;"2023-10-14 12:02:00";-11535100
"895527";"27:9:1";"Exp60_148_IS19418";"Exp60_148_IS19418";NA;"2023-10-14 12:16:00";-11535100
"895528";"27:9:1";"Exp60_148_IS19418";"Exp60_148_IS19418";NA;"2023-10-14 12:32:00";-11535100
"895529";"27:9:1";"Exp60_148_IS19418";"Exp60_148_IS19418";NA;"2023-10-14 12:46:00";-11535100
"895530";"27:9:1";"Exp60_148_IS19418";"Exp60_148_IS19418";NA;"2023-10-14 13:02:00";-11535100
"895531";"27:9:1";"Exp60_148_IS19418";"Exp60_148_IS19418";NA;"2023-10-14 13:16:00";-11535100
"895532";"27:9:1";"Exp60_148_IS19418";"Exp60_148_IS19418";NA;"2023-10-14 13:32:00";-11535100
"895533";"27:9:1";"Exp60_148_IS19418";"Exp60_148_IS19418";NA;"2023-10-14 13:46:00";-11535100
"895534";"27:9:1";"Exp60_148_IS19418";"Exp60_148_IS19418";NA;"2023-10-14 19:31:00";-11535100
"895535";"27:9:1";"Exp60_148_IS19418";"Exp60_148_IS19418";NA;"2023-10-15 02:01:00";-11535100
"895536";"27:9:1";"Exp60_148_IS19418";"Exp60_148_IS19418";NA;"2023-10-15 02:17:00";-11535100
"895537";"27:9:1";"Exp60_148_IS19418";"Exp60_148_IS19418";NA;"2023-10-15 02:31:00";-11535100
"895538";"27:9:1";"Exp60_148_IS19418";"Exp60_148_IS19418";NA;"2023-10-15 02:47:00";-11535100
"895539";"27:9:1";"Exp60_148_IS19418";"Exp60_148_IS19418";NA;"2023-10-15 03:01:00";-11535100
"895540";"27:9:1";"Exp60_148_IS19418";"Exp60_148_IS19418";NA;"2023-10-15 03:17:00";-11535100
"895541";"27:9:1";"Exp60_148_IS19418";"Exp60_148_IS19418";NA;"2023-10-15 03:31:00";-11535100
"895542";"27:9:1";"Exp60_148_IS19418";"Exp60_148_IS19418";NA;"2023-10-15 03:47:00";-11535100
"895543";"27:9:1";"Exp60_148_IS19418";"Exp60_148_IS19418";NA;"2023-10-15 04:01:00";-11535100
"895544";"27:9:1";"Exp60_148_IS19418";"Exp60_148_IS19418";NA;"2023-10-15 04:32:00";-11535100
"895545";"27:9:1";"Exp60_148_IS19418";"Exp60_148_IS19418";NA;"2023-10-15 04:46:00";-11535100
"895546";"27:9:1";"Exp60_148_IS19418";"Exp60_148_IS19418";NA;"2023-10-15 05:32:00";-11535100
"895547";"27:9:1";"Exp60_148_IS19418";"Exp60_148_IS19418";NA;"2023-10-15 05:46:00";-11535100
"895548";"27:9:1";"Exp60_148_IS19418";"Exp60_148_IS19418";NA;"2023-10-15 06:17:00";-11535100
"895549";"27:9:1";"Exp60_148_IS19418";"Exp60_148_IS19418";NA;"2023-10-15 06:31:00";-11535100
"895550";"27:9:1";"Exp60_148_IS19418";"Exp60_148_IS19418";NA;"2023-10-15 07:02:00";-11535100
"895551";"27:9:1";"Exp60_148_IS19418";"Exp60_148_IS19418";NA;"2023-10-15 07:16:00";-11535100
"895552";"27:9:1";"Exp60_148_IS19418";"Exp60_148_IS19418";NA;"2023-10-15 07:32:00";-11535100
"895553";"27:9:1";"Exp60_148_IS19418";"Exp60_148_IS19418";NA;"2023-10-15 07:46:00";-11535100
"895554";"27:9:1";"Exp60_148_IS19418";"Exp60_148_IS19418";NA;"2023-10-15 08:17:00";-11535100
"895555";"27:9:1";"Exp60_148_IS19418";"Exp60_148_IS19418";NA;"2023-10-15 08:31:00";-11535100
"895556";"27:9:1";"Exp60_148_IS19418";"Exp60_148_IS19418";NA;"2023-10-15 08:47:00";-11535100
"895557";"27:9:1";"Exp60_148_IS19418";"Exp60_148_IS19418";NA;"2023-10-15 09:01:00";-11535100
"895558";"27:9:1";"Exp60_148_IS19418";"Exp60_148_IS19418";NA;"2023-10-15 09:17:00";-11535100
"895559";"27:9:1";"Exp60_148_IS19418";"Exp60_148_IS19418";NA;"2023-10-15 09:31:00";-11535100
"895560";"27:9:1";"Exp60_148_IS19418";"Exp60_148_IS19418";NA;"2023-10-15 09:47:00";-11535100
"895561";"27:9:1";"Exp60_148_IS19418";"Exp60_148_IS19418";NA;"2023-10-15 10:01:00";-11535100
"895562";"27:9:1";"Exp60_148_IS19418";"Exp60_148_IS19418";NA;"2023-10-15 10:17:00";-11535100
"895563";"27:9:1";"Exp60_148_IS19418";"Exp60_148_IS19418";NA;"2023-10-15 10:31:00";-11535100
"895564";"27:9:1";"Exp60_148_IS19418";"Exp60_148_IS19418";NA;"2023-10-15 10:47:00";-11535100
"895565";"27:9:1";"Exp60_148_IS19418";"Exp60_148_IS19418";NA;"2023-10-15 11:01:00";-11535100
"895566";"27:9:1";"Exp60_148_IS19418";"Exp60_148_IS19418";NA;"2023-10-15 18:01:00";-11535100
"895567";"27:9:1";"Exp60_148_IS19418";"Exp60_148_IS19418";NA;"2023-10-15 18:17:00";-11535100
"895568";"27:9:1";"Exp60_148_IS19418";"Exp60_148_IS19418";NA;"2023-10-15 18:31:00";-11535100
"895569";"27:9:1";"Exp60_148_IS19418";"Exp60_148_IS19418";NA;"2023-10-15 18:47:00";-11535100
"895570";"27:9:1";"Exp60_148_IS19418";"Exp60_148_IS19418";NA;"2023-10-15 19:01:00";-11535100
"895571";"27:9:1";"Exp60_148_IS19418";"Exp60_148_IS19418";NA;"2023-10-15 19:17:00";-11535100
"895572";"27:9:1";"Exp60_148_IS19418";"Exp60_148_IS19418";NA;"2023-10-15 19:31:00";-11535100
"895573";"27:9:1";"Exp60_148_IS19418";"Exp60_148_IS19418";NA;"2023-10-16 03:46:00";-11535100
"895574";"27:9:1";"Exp60_148_IS19418";"Exp60_148_IS19418";NA;"2023-10-16 04:02:00";-11535100
"895575";"27:9:1";"Exp60_148_IS19418";"Exp60_148_IS19418";NA;"2023-10-16 04:16:00";-11535100
"895576";"27:9:1";"Exp60_148_IS19418";"Exp60_148_IS19418";NA;"2023-10-16 04:32:00";-11535100
"895577";"27:9:1";"Exp60_148_IS19418";"Exp60_148_IS19418";NA;"2023-10-16 04:46:00";-11535100
"895578";"27:9:1";"Exp60_148_IS19418";"Exp60_148_IS19418";NA;"2023-10-16 05:02:00";-11535100
"895579";"27:9:1";"Exp60_148_IS19418";"Exp60_148_IS19418";NA;"2023-10-16 05:16:00";-11535100
"895580";"27:9:1";"Exp60_148_IS19418";"Exp60_148_IS19418";NA;"2023-10-16 05:32:00";-11535100
"895581";"27:9:1";"Exp60_148_IS19418";"Exp60_148_IS19418";NA;"2023-10-16 05:46:00";-11535100
"895582";"27:9:1";"Exp60_148_IS19418";"Exp60_148_IS19418";NA;"2023-10-16 06:02:00";-11535100
"895583";"27:9:1";"Exp60_148_IS19418";"Exp60_148_IS19418";NA;"2023-10-16 06:16:00";-11535100
"895584";"27:9:1";"Exp60_148_IS19418";"Exp60_148_IS19418";NA;"2023-10-16 06:32:00";-11535100
"895585";"27:9:1";"Exp60_148_IS19418";"Exp60_148_IS19418";NA;"2023-10-16 06:46:00";-11535100
"895586";"27:9:1";"Exp60_148_IS19418";"Exp60_148_IS19418";NA;"2023-10-16 07:02:00";-11535100
"895587";"27:9:1";"Exp60_148_IS19418";"Exp60_148_IS19418";NA;"2023-10-16 07:16:00";-11535100
"895588";"27:9:1";"Exp60_148_IS19418";"Exp60_148_IS19418";NA;"2023-10-16 07:47:00";-11535100
"895589";"27:9:1";"Exp60_148_IS19418";"Exp60_148_IS19418";NA;"2023-10-16 08:01:00";-11535100
"895590";"27:9:1";"Exp60_148_IS19418";"Exp60_148_IS19418";NA;"2023-10-16 08:17:00";-11535100
"895591";"27:9:1";"Exp60_148_IS19418";"Exp60_148_IS19418";NA;"2023-10-16 08:31:00";-11535100
"895592";"27:9:1";"Exp60_148_IS19418";"Exp60_148_IS19418";NA;"2023-10-16 08:47:00";-11535100
"895593";"27:9:1";"Exp60_148_IS19418";"Exp60_148_IS19418";NA;"2023-10-16 09:01:00";-11535100
"895594";"27:9:1";"Exp60_148_IS19418";"Exp60_148_IS19418";NA;"2023-10-16 09:17:00";-11535100
"895595";"27:9:1";"Exp60_148_IS19418";"Exp60_148_IS19418";NA;"2023-10-16 09:31:00";-11535100
"895596";"27:9:1";"Exp60_148_IS19418";"Exp60_148_IS19418";NA;"2023-10-16 09:47:00";-11535100
"895597";"27:9:1";"Exp60_148_IS19418";"Exp60_148_IS19418";NA;"2023-10-16 10:01:00";-11535100
"895598";"27:9:1";"Exp60_148_IS19418";"Exp60_148_IS19418";NA;"2023-10-16 10:17:00";-11535100
"895599";"27:9:1";"Exp60_148_IS19418";"Exp60_148_IS19418";NA;"2023-10-16 10:31:00";-11535100
"895600";"27:9:1";"Exp60_148_IS19418";"Exp60_148_IS19418";NA;"2023-10-16 10:47:00";-11535100
"895601";"27:9:1";"Exp60_148_IS19418";"Exp60_148_IS19418";NA;"2023-10-16 11:01:00";-11535100
"895602";"27:9:1";"Exp60_148_IS19418";"Exp60_148_IS19418";NA;"2023-10-16 11:32:00";-11535100
"895603";"27:9:1";"Exp60_148_IS19418";"Exp60_148_IS19418";NA;"2023-10-16 11:46:00";-11535100
"895604";"27:9:1";"Exp60_148_IS19418";"Exp60_148_IS19418";NA;"2023-10-16 12:17:00";-11535100
"895605";"27:9:1";"Exp60_148_IS19418";"Exp60_148_IS19418";NA;"2023-10-16 12:31:00";-11535100
"895606";"27:9:1";"Exp60_148_IS19418";"Exp60_148_IS19418";NA;"2023-10-16 13:02:00";-11535100
"895607";"27:9:1";"Exp60_148_IS19418";"Exp60_148_IS19418";NA;"2023-10-16 13:16:00";-11535100
"895608";"27:9:1";"Exp60_148_IS19418";"Exp60_148_IS19418";NA;"2023-10-16 13:32:00";-11535100
"895609";"27:9:1";"Exp60_148_IS19418";"Exp60_148_IS19418";NA;"2023-10-16 13:46:00";-11535100
"895610";"27:9:1";"Exp60_148_IS19418";"Exp60_148_IS19418";NA;"2023-10-16 14:02:00";-11535100
"895611";"27:9:1";"Exp60_148_IS19418";"Exp60_148_IS19418";NA;"2023-10-16 14:16:00";-11535100
"895612";"27:9:1";"Exp60_148_IS19418";"Exp60_148_IS19418";NA;"2023-10-16 14:32:00";-11535100
"895613";"27:9:1";"Exp60_148_IS19418";"Exp60_148_IS19418";NA;"2023-10-16 14:46:00";-11535100
"895614";"27:9:1";"Exp60_148_IS19418";"Exp60_148_IS19418";NA;"2023-10-16 22:16:00";-11535100
"895615";"27:9:1";"Exp60_148_IS19418";"Exp60_148_IS19418";NA;"2023-10-16 22:32:00";-11535100
"895616";"27:9:1";"Exp60_148_IS19418";"Exp60_148_IS19418";NA;"2023-10-16 22:46:00";-11535100
"895617";"27:9:1";"Exp60_148_IS19418";"Exp60_148_IS19418";NA;"2023-10-17 05:46:00";-11535100
"895618";"27:9:1";"Exp60_148_IS19418";"Exp60_148_IS19418";NA;"2023-10-17 06:02:00";-11535100
"895619";"27:9:1";"Exp60_148_IS19418";"Exp60_148_IS19418";NA;"2023-10-17 06:16:00";-11535100
"895620";"27:9:1";"Exp60_148_IS19418";"Exp60_148_IS19418";NA;"2023-10-17 06:32:00";-11535100
"895621";"27:9:1";"Exp60_148_IS19418";"Exp60_148_IS19418";NA;"2023-10-17 06:46:00";-11535100
"895622";"27:9:1";"Exp60_148_IS19418";"Exp60_148_IS19418";NA;"2023-10-17 12:46:00";-11535100
"895623";"27:9:1";"Exp60_148_IS19418";"Exp60_148_IS19418";NA;"2023-10-17 13:02:00";-11535100
"895624";"27:9:1";"Exp60_148_IS19418";"Exp60_148_IS19418";NA;"2023-10-17 13:16:00";-11535100
"895625";"27:9:1";"Exp60_148_IS19418";"Exp60_148_IS19418";NA;"2023-10-17 13:32:00";-11535100
"895626";"27:9:1";"Exp60_148_IS19418";"Exp60_148_IS19418";NA;"2023-10-17 13:46:00";-11535100
"895627";"27:9:1";"Exp60_148_IS19418";"Exp60_148_IS19418";NA;"2023-10-17 14:02:00";-11535100
"895628";"27:9:1";"Exp60_148_IS19418";"Exp60_148_IS19418";NA;"2023-10-17 14:16:00";-11535100
"895629";"27:9:1";"Exp60_148_IS19418";"Exp60_148_IS19418";NA;"2023-10-17 14:32:00";-11535100
"895630";"27:9:1";"Exp60_148_IS19418";"Exp60_148_IS19418";NA;"2023-10-17 14:46:00";-11535100
"895631";"27:9:1";"Exp60_148_IS19418";"Exp60_148_IS19418";NA;"2023-10-17 15:17:00";-11535100
"895632";"27:9:1";"Exp60_148_IS19418";"Exp60_148_IS19418";NA;"2023-10-17 15:31:00";-11535100
"895633";"27:9:1";"Exp60_148_IS19418";"Exp60_148_IS19418";NA;"2023-10-17 16:17:00";-11535100
"895634";"27:9:1";"Exp60_148_IS19418";"Exp60_148_IS19418";NA;"2023-10-17 16:31:00";-11535100
"895635";"27:9:1";"Exp60_148_IS19418";"Exp60_148_IS19418";NA;"2023-10-17 16:47:00";-11535100
"895636";"27:9:1";"Exp60_148_IS19418";"Exp60_148_IS19418";NA;"2023-10-17 17:01:00";-11535100
"895637";"27:9:1";"Exp60_148_IS19418";"Exp60_148_IS19418";NA;"2023-10-17 18:32:00";-11535100
"895638";"27:9:1";"Exp60_148_IS19418";"Exp60_148_IS19418";NA;"2023-10-17 18:46:00";-11535100
"895639";"27:9:1";"Exp60_148_IS19418";"Exp60_148_IS19418";NA;"2023-10-17 19:02:00";-11535100
"895640";"27:9:1";"Exp60_148_IS19418";"Exp60_148_IS19418";NA;"2023-10-17 19:16:00";-11535100
"895641";"27:9:1";"Exp60_148_IS19418";"Exp60_148_IS19418";NA;"2023-10-17 19:32:00";-11535100
"895642";"27:9:1";"Exp60_148_IS19418";"Exp60_148_IS19418";NA;"2023-10-17 19:46:00";-11535100
"895643";"27:9:1";"Exp60_148_IS19418";"Exp60_148_IS19418";NA;"2023-10-18 01:31:00";-11535100
"895644";"27:9:1";"Exp60_148_IS19418";"Exp60_148_IS19418";NA;"2023-10-18 02:02:00";-11535100
"895645";"27:9:1";"Exp60_148_IS19418";"Exp60_148_IS19418";NA;"2023-10-18 02:16:00";-11535100
"895646";"27:9:1";"Exp60_148_IS19418";"Exp60_148_IS19418";NA;"2023-10-18 02:32:00";-11535100
"895647";"27:9:1";"Exp60_148_IS19418";"Exp60_148_IS19418";NA;"2023-10-18 02:46:00";-11535100
"895648";"27:9:1";"Exp60_148_IS19418";"Exp60_148_IS19418";NA;"2023-10-18 03:02:00";-11535100
"895649";"27:9:1";"Exp60_148_IS19418";"Exp60_148_IS19418";NA;"2023-10-18 03:16:00";-11535100
"895650";"27:9:1";"Exp60_148_IS19418";"Exp60_148_IS19418";NA;"2023-10-18 03:32:00";-11535100
"895651";"27:9:1";"Exp60_148_IS19418";"Exp60_148_IS19418";NA;"2023-10-18 04:01:00";-11535100
"895652";"27:9:1";"Exp60_148_IS19418";"Exp60_148_IS19418";NA;"2023-10-18 04:17:00";-11535100
"895653";"27:9:1";"Exp60_148_IS19418";"Exp60_148_IS19418";NA;"2023-10-18 04:31:00";-11535100
"895654";"27:9:1";"Exp60_148_IS19418";"Exp60_148_IS19418";NA;"2023-10-18 04:47:00";-11535100
"895655";"27:9:1";"Exp60_148_IS19418";"Exp60_148_IS19418";NA;"2023-10-18 05:01:00";-11535100
"895656";"27:9:1";"Exp60_148_IS19418";"Exp60_148_IS19418";NA;"2023-10-18 05:17:00";-11535100
"895657";"27:9:1";"Exp60_148_IS19418";"Exp60_148_IS19418";NA;"2023-10-18 05:31:00";-11535100
"895658";"27:9:1";"Exp60_148_IS19418";"Exp60_148_IS19418";NA;"2023-10-18 05:47:00";-11535100
"895659";"27:9:1";"Exp60_148_IS19418";"Exp60_148_IS19418";NA;"2023-10-18 06:01:00";-11535100
"895660";"27:9:1";"Exp60_148_IS19418";"Exp60_148_IS19418";NA;"2023-10-18 06:17:00";-11535100
"895661";"27:9:1";"Exp60_148_IS19418";"Exp60_148_IS19418";NA;"2023-10-18 06:31:00";-11535100
"895662";"27:9:1";"Exp60_148_IS19418";"Exp60_148_IS19418";NA;"2023-10-18 07:32:00";-11535100
"895663";"27:9:1";"Exp60_148_IS19418";"Exp60_148_IS19418";NA;"2023-10-18 07:46:00";-11535100
"895664";"27:9:1";"Exp60_148_IS19418";"Exp60_148_IS19418";NA;"2023-10-18 08:02:00";-11535100
"895665";"27:9:1";"Exp60_148_IS19418";"Exp60_148_IS19418";NA;"2023-10-18 08:16:00";-11535100
"895666";"27:9:1";"Exp60_148_IS19418";"Exp60_148_IS19418";NA;"2023-10-18 08:47:00";-11535100
"895667";"27:9:1";"Exp60_148_IS19418";"Exp60_148_IS19418";NA;"2023-10-18 09:01:00";-11535100
"895668";"27:9:1";"Exp60_148_IS19418";"Exp60_148_IS19418";NA;"2023-10-18 09:17:00";-11535100
"895669";"27:9:1";"Exp60_148_IS19418";"Exp60_148_IS19418";NA;"2023-10-18 09:31:00";-11535100
"895670";"27:9:1";"Exp60_148_IS19418";"Exp60_148_IS19418";NA;"2023-10-18 15:31:00";-11535100
"895671";"27:9:1";"Exp60_148_IS19418";"Exp60_148_IS19418";NA;"2023-10-18 16:32:00";-11535100
"895672";"27:9:1";"Exp60_148_IS19418";"Exp60_148_IS19418";NA;"2023-10-18 16:46:00";-11535100
"895673";"27:9:1";"Exp60_148_IS19418";"Exp60_148_IS19418";NA;"2023-10-18 17:02:00";-11535100
"895674";"27:9:1";"Exp60_148_IS19418";"Exp60_148_IS19418";NA;"2023-10-18 17:16:00";-11535100
"895675";"27:9:1";"Exp60_148_IS19418";"Exp60_148_IS19418";NA;"2023-10-18 17:32:00";-11535100
"895676";"27:9:1";"Exp60_148_IS19418";"Exp60_148_IS19418";NA;"2023-10-18 17:46:00";-11535100
"895677";"27:9:1";"Exp60_148_IS19418";"Exp60_148_IS19418";NA;"2023-10-18 18:02:00";-11535100
"895678";"27:9:1";"Exp60_148_IS19418";"Exp60_148_IS19418";NA;"2023-10-18 18:16:00";-11535100
"895679";"27:9:1";"Exp60_148_IS19418";"Exp60_148_IS19418";NA;"2023-10-18 18:32:00";-11535100
"895680";"27:9:1";"Exp60_148_IS19418";"Exp60_148_IS19418";NA;"2023-10-18 18:46:00";-11535100
"895681";"27:9:1";"Exp60_148_IS19418";"Exp60_148_IS19418";NA;"2023-10-19 01:16:00";-11535100
"895682";"27:9:1";"Exp60_148_IS19418";"Exp60_148_IS19418";NA;"2023-10-19 01:32:00";-11535100
"895683";"27:9:1";"Exp60_148_IS19418";"Exp60_148_IS19418";NA;"2023-10-19 01:46:00";-11535100
"895684";"27:9:1";"Exp60_148_IS19418";"Exp60_148_IS19418";NA;"2023-10-19 02:02:00";-11535100
"895685";"27:9:1";"Exp60_148_IS19418";"Exp60_148_IS19418";NA;"2023-10-19 02:16:00";-11535100
"895686";"27:9:1";"Exp60_148_IS19418";"Exp60_148_IS19418";NA;"2023-10-19 02:32:00";-11535100
"895687";"27:9:1";"Exp60_148_IS19418";"Exp60_148_IS19418";NA;"2023-10-19 02:46:00";-11535100
"895688";"27:9:1";"Exp60_148_IS19418";"Exp60_148_IS19418";NA;"2023-10-19 03:17:00";-11535100
"895689";"27:9:1";"Exp60_148_IS19418";"Exp60_148_IS19418";NA;"2023-10-19 03:31:00";-11535100
"895690";"27:9:1";"Exp60_148_IS19418";"Exp60_148_IS19418";NA;"2023-10-19 03:47:00";-11535100
"895691";"27:9:1";"Exp60_148_IS19418";"Exp60_148_IS19418";NA;"2023-10-19 04:01:00";-11535100
"895692";"27:9:1";"Exp60_148_IS19418";"Exp60_148_IS19418";NA;"2023-10-19 04:17:00";-11535100
"895693";"27:9:1";"Exp60_148_IS19418";"Exp60_148_IS19418";NA;"2023-10-19 04:31:00";-11535100
"895694";"27:9:1";"Exp60_148_IS19418";"Exp60_148_IS19418";NA;"2023-10-19 04:47:00";-11535100
"895695";"27:9:1";"Exp60_148_IS19418";"Exp60_148_IS19418";NA;"2023-10-19 05:01:00";-11535100
"895696";"27:9:1";"Exp60_148_IS19418";"Exp60_148_IS19418";NA;"2023-10-19 05:17:00";-11535100
"895697";"27:9:1";"Exp60_148_IS19418";"Exp60_148_IS19418";NA;"2023-10-19 05:31:00";-11535100
"895698";"27:9:1";"Exp60_148_IS19418";"Exp60_148_IS19418";NA;"2023-10-19 05:47:00";-11535100
"895699";"27:9:1";"Exp60_148_IS19418";"Exp60_148_IS19418";NA;"2023-10-19 06:01:00";-11535100
"895700";"27:9:1";"Exp60_148_IS19418";"Exp60_148_IS19418";NA;"2023-10-19 06:17:00";-11535100
"895701";"27:9:1";"Exp60_148_IS19418";"Exp60_148_IS19418";NA;"2023-10-19 06:31:00";-11535100
"895702";"27:9:1";"Exp60_148_IS19418";"Exp60_148_IS19418";NA;"2023-10-19 06:47:00";-11535100
"895703";"27:9:1";"Exp60_148_IS19418";"Exp60_148_IS19418";NA;"2023-10-19 07:01:00";-11535100
"895704";"27:9:1";"Exp60_148_IS19418";"Exp60_148_IS19418";NA;"2023-10-19 13:46:00";-11535100
"895705";"27:9:1";"Exp60_148_IS19418";"Exp60_148_IS19418";NA;"2023-10-19 14:02:00";-11535100
"895706";"27:9:1";"Exp60_148_IS19418";"Exp60_148_IS19418";NA;"2023-10-19 14:16:00";-11535100
"895707";"27:9:1";"Exp60_148_IS19418";"Exp60_148_IS19418";NA;"2023-10-19 14:32:00";-11535100
"895708";"27:9:1";"Exp60_148_IS19418";"Exp60_148_IS19418";NA;"2023-10-19 14:46:00";-11535100
"895709";"27:9:1";"Exp60_148_IS19418";"Exp60_148_IS19418";NA;"2023-10-19 15:02:00";-11535100
"895710";"27:9:1";"Exp60_148_IS19418";"Exp60_148_IS19418";NA;"2023-10-19 15:16:00";-11535100
"895711";"27:9:1";"Exp60_148_IS19418";"Exp60_148_IS19418";NA;"2023-10-19 15:32:00";-11535100
"895712";"27:9:1";"Exp60_148_IS19418";"Exp60_148_IS19418";NA;"2023-10-19 15:46:00";-11535100
"895713";"27:9:1";"Exp60_148_IS19418";"Exp60_148_IS19418";NA;"2023-10-19 16:02:00";-11535100
"895714";"27:9:1";"Exp60_148_IS19418";"Exp60_148_IS19418";NA;"2023-10-19 16:16:00";-11535100
"895715";"27:9:1";"Exp60_148_IS19418";"Exp60_148_IS19418";NA;"2023-10-19 16:47:00";-11535100
"895716";"27:9:1";"Exp60_148_IS19418";"Exp60_148_IS19418";NA;"2023-10-19 17:01:00";-11535100
"895717";"27:9:1";"Exp60_148_IS19418";"Exp60_148_IS19418";NA;"2023-10-19 17:17:00";-11535100
"895718";"27:9:1";"Exp60_148_IS19418";"Exp60_148_IS19418";NA;"2023-10-19 17:31:00";-11535100
"895719";"27:9:1";"Exp60_148_IS19418";"Exp60_148_IS19418";NA;"2023-10-19 17:47:00";-11535100
"895720";"27:9:1";"Exp60_148_IS19418";"Exp60_148_IS19418";NA;"2023-10-19 18:01:00";-11535100
"895721";"27:9:1";"Exp60_148_IS19418";"Exp60_148_IS19418";NA;"2023-10-20 01:31:00";-11535100
"895722";"27:9:1";"Exp60_148_IS19418";"Exp60_148_IS19418";NA;"2023-10-20 01:47:00";-11535100
"895723";"27:9:1";"Exp60_148_IS19418";"Exp60_148_IS19418";NA;"2023-10-20 02:01:00";-11535100
"895724";"27:9:1";"Exp60_148_IS19418";"Exp60_148_IS19418";NA;"2023-10-20 02:17:00";-11535100
"895725";"27:9:1";"Exp60_148_IS19418";"Exp60_148_IS19418";NA;"2023-10-20 02:31:00";-11535100
"895726";"27:9:1";"Exp60_148_IS19418";"Exp60_148_IS19418";NA;"2023-10-20 02:47:00";-11535100
"895727";"27:9:1";"Exp60_148_IS19418";"Exp60_148_IS19418";NA;"2023-10-20 03:01:00";-11535100
"895728";"27:9:1";"Exp60_148_IS19418";"Exp60_148_IS19418";NA;"2023-10-20 03:47:00";-11535100
"895729";"27:9:1";"Exp60_148_IS19418";"Exp60_148_IS19418";NA;"2023-10-20 04:01:00";-11535100
"895730";"27:9:1";"Exp60_148_IS19418";"Exp60_148_IS19418";NA;"2023-10-20 04:32:00";-11535100
"895731";"27:9:1";"Exp60_148_IS19418";"Exp60_148_IS19418";NA;"2023-10-20 04:46:00";-11535100
"895732";"27:9:1";"Exp60_148_IS19418";"Exp60_148_IS19418";NA;"2023-10-20 05:02:00";-11535100
"895733";"27:9:1";"Exp60_148_IS19418";"Exp60_148_IS19418";NA;"2023-10-20 05:16:00";-11535100
"895734";"27:9:1";"Exp60_148_IS19418";"Exp60_148_IS19418";NA;"2023-10-20 05:32:00";-11535100
"895735";"27:9:1";"Exp60_148_IS19418";"Exp60_148_IS19418";NA;"2023-10-20 05:46:00";-11535100
"895736";"27:9:1";"Exp60_148_IS19418";"Exp60_148_IS19418";NA;"2023-10-20 06:02:00";-11535100
"895737";"27:9:1";"Exp60_148_IS19418";"Exp60_148_IS19418";NA;"2023-10-20 06:16:00";-11535100
"895738";"27:9:1";"Exp60_148_IS19418";"Exp60_148_IS19418";NA;"2023-10-20 06:32:00";-11535100
"895739";"27:9:1";"Exp60_148_IS19418";"Exp60_148_IS19418";NA;"2023-10-20 06:46:00";-11535100
"895740";"27:9:1";"Exp60_148_IS19418";"Exp60_148_IS19418";NA;"2023-10-20 07:02:00";-11535100
"895741";"27:9:1";"Exp60_148_IS19418";"Exp60_148_IS19418";NA;"2023-10-20 07:16:00";-11535100
"895742";"27:9:1";"Exp60_148_IS19418";"Exp60_148_IS19418";NA;"2023-10-20 07:47:00";5527220
"895743";"27:9:1";"Exp60_148_IS19418";"Exp60_148_IS19418";NA;"2023-10-20 08:01:00";5521120
"895744";"27:9:1";"Exp60_148_IS19418";"Exp60_148_IS19418";NA;"2023-10-20 08:17:00";5472170
"895745";"27:9:1";"Exp60_148_IS19418";"Exp60_148_IS19418";NA;"2023-10-20 08:31:00";5434430
"895746";"27:9:1";"Exp60_148_IS19418";"Exp60_148_IS19418";NA;"2023-10-20 08:47:00";5396820
"895747";"27:9:1";"Exp60_148_IS19418";"Exp60_148_IS19418";NA;"2023-10-20 09:01:00";5299020
"895748";"27:9:1";"Exp60_148_IS19418";"Exp60_148_IS19418";NA;"2023-10-20 13:46:00";4383930
"895749";"27:9:1";"Exp60_148_IS19418";"Exp60_148_IS19418";NA;"2023-10-20 15:31:00";4509660
"895750";"27:9:1";"Exp60_148_IS19418";"Exp60_148_IS19418";NA;"2023-10-20 15:47:00";4472460
"895751";"27:9:1";"Exp60_148_IS19418";"Exp60_148_IS19418";NA;"2023-10-20 16:01:00";4510590
"895752";"27:9:1";"Exp60_148_IS19418";"Exp60_148_IS19418";NA;"2023-10-20 16:17:00";4517520
"895753";"27:9:1";"Exp60_148_IS19418";"Exp60_148_IS19418";NA;"2023-10-20 16:31:00";4592570
"895754";"27:9:1";"Exp60_148_IS19418";"Exp60_148_IS19418";NA;"2023-10-20 16:47:00";4643460
"895755";"27:9:1";"Exp60_148_IS19418";"Exp60_148_IS19418";NA;"2023-10-20 17:01:00";4692140
"895756";"27:9:1";"Exp60_148_IS19418";"Exp60_148_IS19418";NA;"2023-10-20 23:31:00";5364730
"895757";"27:9:1";"Exp60_148_IS19418";"Exp60_148_IS19418";NA;"2023-10-20 23:47:00";5383670
"895758";"27:9:1";"Exp60_148_IS19418";"Exp60_148_IS19418";NA;"2023-10-21 00:01:00";5365520
"895759";"27:9:1";"Exp60_148_IS19418";"Exp60_148_IS19418";NA;"2023-10-21 00:17:00";5338720
"895760";"27:9:1";"Exp60_148_IS19418";"Exp60_148_IS19418";NA;"2023-10-21 00:31:00";5373970
"895761";"27:9:1";"Exp60_148_IS19418";"Exp60_148_IS19418";NA;"2023-10-21 01:17:00";5415010
"895762";"27:9:1";"Exp60_148_IS19418";"Exp60_148_IS19418";NA;"2023-10-21 01:31:00";5435170
"895763";"27:9:1";"Exp60_148_IS19418";"Exp60_148_IS19418";NA;"2023-10-21 01:47:00";5428460
"895764";"27:9:1";"Exp60_148_IS19418";"Exp60_148_IS19418";NA;"2023-10-21 02:01:00";5420740
"895765";"27:9:1";"Exp60_148_IS19418";"Exp60_148_IS19418";NA;"2023-10-21 08:31:00";5390410
"895766";"27:9:1";"Exp60_148_IS19418";"Exp60_148_IS19418";NA;"2023-10-21 08:47:00";5335500
"895767";"27:9:1";"Exp60_148_IS19418";"Exp60_148_IS19418";NA;"2023-10-21 09:01:00";5276240
"895768";"27:9:1";"Exp60_148_IS19418";"Exp60_148_IS19418";NA;"2023-10-21 09:17:00";5163440
"895769";"27:9:1";"Exp60_148_IS19418";"Exp60_148_IS19418";NA;"2023-10-21 09:31:00";5082950
"895770";"27:9:1";"Exp60_148_IS19418";"Exp60_148_IS19418";NA;"2023-10-21 09:47:00";5009950
"895771";"27:9:1";"Exp60_148_IS19418";"Exp60_148_IS19418";NA;"2023-10-21 10:01:00";4920890
"895772";"27:9:1";"Exp60_148_IS19418";"Exp60_148_IS19418";NA;"2023-10-21 10:32:00";4550880
"895773";"27:9:1";"Exp60_148_IS19418";"Exp60_148_IS19418";NA;"2023-10-21 10:46:00";4310910
"895774";"27:9:1";"Exp60_148_IS19418";"Exp60_148_IS19418";NA;"2023-10-21 17:01:00";-11535100
"895775";"27:9:1";"Exp60_148_IS19418";"Exp60_148_IS19418";NA;"2023-10-21 17:32:00";-11535100
"895776";"27:9:1";"Exp60_148_IS19418";"Exp60_148_IS19418";NA;"2023-10-21 17:46:00";-11535100
"895777";"27:9:1";"Exp60_148_IS19418";"Exp60_148_IS19418";NA;"2023-10-21 18:02:00";-11535100
"895778";"27:9:1";"Exp60_148_IS19418";"Exp60_148_IS19418";NA;"2023-10-21 18:16:00";-11535100
"895779";"27:9:1";"Exp60_148_IS19418";"Exp60_148_IS19418";NA;"2023-10-21 18:32:00";-11535100
"895780";"27:9:1";"Exp60_148_IS19418";"Exp60_148_IS19418";NA;"2023-10-21 18:46:00";-11535100
"895781";"27:9:1";"Exp60_148_IS19418";"Exp60_148_IS19418";NA;"2023-10-21 19:02:00";-11535100
"895782";"27:9:1";"Exp60_148_IS19418";"Exp60_148_IS19418";NA;"2023-10-21 19:16:00";-11535100
"895783";"27:9:1";"Exp60_148_IS19418";"Exp60_148_IS19418";NA;"2023-10-21 19:32:00";-11535100
"895784";"27:9:1";"Exp60_148_IS19418";"Exp60_148_IS19418";NA;"2023-10-21 19:46:00";-11535100
"895785";"27:9:1";"Exp60_148_IS19418";"Exp60_148_IS19418";NA;"2023-10-21 20:02:00";-11535100
"895786";"27:9:1";"Exp60_148_IS19418";"Exp60_148_IS19418";NA;"2023-10-21 20:16:00";-11535100
"895787";"27:9:1";"Exp60_148_IS19418";"Exp60_148_IS19418";NA;"2023-10-21 20:32:00";-11535100
"895788";"27:9:1";"Exp60_148_IS19418";"Exp60_148_IS19418";NA;"2023-10-21 20:46:00";-11535100
"895789";"27:9:2";"Exp60_163_IS20700";"Exp60_163_IS20700";NA;"2023-09-22 10:17:00";34402
"895790";"27:9:2";"Exp60_163_IS20700";"Exp60_163_IS20700";NA;"2023-09-22 10:31:00";34716,9
"895791";"27:9:2";"Exp60_163_IS20700";"Exp60_163_IS20700";NA;"2023-09-22 10:47:00";35787
"895792";"27:9:2";"Exp60_163_IS20700";"Exp60_163_IS20700";NA;"2023-09-22 11:01:00";35511,3
"895793";"27:9:2";"Exp60_163_IS20700";"Exp60_163_IS20700";NA;"2023-09-22 11:32:00";35457
"895794";"27:9:2";"Exp60_163_IS20700";"Exp60_163_IS20700";NA;"2023-09-22 11:46:00";36638,3
"895795";"27:9:2";"Exp60_163_IS20700";"Exp60_163_IS20700";NA;"2023-09-22 12:02:00";36526,2
"895796";"27:9:2";"Exp60_163_IS20700";"Exp60_163_IS20700";NA;"2023-09-22 12:16:00";36823,1
"895797";"27:9:2";"Exp60_163_IS20700";"Exp60_163_IS20700";NA;"2023-09-22 12:32:00";37079,2
"895798";"27:9:2";"Exp60_163_IS20700";"Exp60_163_IS20700";NA;"2023-09-22 12:46:00";36553
"895799";"27:9:2";"Exp60_163_IS20700";"Exp60_163_IS20700";NA;"2023-09-22 13:02:00";36062,1
"895800";"27:9:2";"Exp60_163_IS20700";"Exp60_163_IS20700";NA;"2023-09-22 13:16:00";35122,5
"895801";"27:9:2";"Exp60_163_IS20700";"Exp60_163_IS20700";NA;"2023-09-22 13:32:00";33463,5
"895802";"27:9:2";"Exp60_163_IS20700";"Exp60_163_IS20700";NA;"2023-09-22 13:46:00";32657,2
"895803";"27:9:2";"Exp60_163_IS20700";"Exp60_163_IS20700";NA;"2023-09-22 20:31:00";29798,4
"895804";"27:9:2";"Exp60_163_IS20700";"Exp60_163_IS20700";NA;"2023-09-22 20:47:00";29863,7
"895805";"27:9:2";"Exp60_163_IS20700";"Exp60_163_IS20700";NA;"2023-09-22 21:01:00";29580,2
"895806";"27:9:2";"Exp60_163_IS20700";"Exp60_163_IS20700";NA;"2023-09-22 21:17:00";29672,1
"895807";"27:9:2";"Exp60_163_IS20700";"Exp60_163_IS20700";NA;"2023-09-22 21:31:00";29546,3
"895808";"27:9:2";"Exp60_163_IS20700";"Exp60_163_IS20700";NA;"2023-09-22 21:47:00";29490,5
"895809";"27:9:2";"Exp60_163_IS20700";"Exp60_163_IS20700";NA;"2023-09-22 22:01:00";29385,1
"895810";"27:9:2";"Exp60_163_IS20700";"Exp60_163_IS20700";NA;"2023-09-22 22:17:00";29422,5
"895811";"27:9:2";"Exp60_163_IS20700";"Exp60_163_IS20700";NA;"2023-09-22 22:31:00";29373,1
"895812";"27:9:2";"Exp60_163_IS20700";"Exp60_163_IS20700";NA;"2023-09-22 22:47:00";29317,7
"895813";"27:9:2";"Exp60_163_IS20700";"Exp60_163_IS20700";NA;"2023-09-22 23:01:00";29204,3
"895814";"27:9:2";"Exp60_163_IS20700";"Exp60_163_IS20700";NA;"2023-09-22 23:17:00";29135,1
"895815";"27:9:2";"Exp60_163_IS20700";"Exp60_163_IS20700";NA;"2023-09-22 23:31:00";29034,6
"895816";"27:9:2";"Exp60_163_IS20700";"Exp60_163_IS20700";NA;"2023-09-22 23:47:00";28877,4
"895817";"27:9:2";"Exp60_163_IS20700";"Exp60_163_IS20700";NA;"2023-09-23 00:01:00";28841,5
"895818";"27:9:2";"Exp60_163_IS20700";"Exp60_163_IS20700";NA;"2023-09-23 00:17:00";28781,1
"895819";"27:9:2";"Exp60_163_IS20700";"Exp60_163_IS20700";NA;"2023-09-23 01:01:00";28848,9
"895820";"27:9:2";"Exp60_163_IS20700";"Exp60_163_IS20700";NA;"2023-09-23 01:17:00";28929,8
"895821";"27:9:2";"Exp60_163_IS20700";"Exp60_163_IS20700";NA;"2023-09-23 01:31:00";28811,7
"895822";"27:9:2";"Exp60_163_IS20700";"Exp60_163_IS20700";NA;"2023-09-23 01:47:00";28905,2
"895823";"27:9:2";"Exp60_163_IS20700";"Exp60_163_IS20700";NA;"2023-09-23 02:01:00";28779,3
"895824";"27:9:2";"Exp60_163_IS20700";"Exp60_163_IS20700";NA;"2023-09-23 02:17:00";28750
"895825";"27:9:2";"Exp60_163_IS20700";"Exp60_163_IS20700";NA;"2023-09-23 02:31:00";27752,4
"895826";"27:9:2";"Exp60_163_IS20700";"Exp60_163_IS20700";NA;"2023-09-23 02:47:00";26871,5
"895827";"27:9:2";"Exp60_163_IS20700";"Exp60_163_IS20700";NA;"2023-09-23 03:01:00";26483,3
"895828";"27:9:2";"Exp60_163_IS20700";"Exp60_163_IS20700";NA;"2023-09-23 03:17:00";26851,6
"895829";"27:9:2";"Exp60_163_IS20700";"Exp60_163_IS20700";NA;"2023-09-23 03:31:00";27436,6
"895830";"27:9:2";"Exp60_163_IS20700";"Exp60_163_IS20700";NA;"2023-09-23 03:47:00";26866,8
"895831";"27:9:2";"Exp60_163_IS20700";"Exp60_163_IS20700";NA;"2023-09-23 04:16:00";25553,1
"895832";"27:9:2";"Exp60_163_IS20700";"Exp60_163_IS20700";NA;"2023-09-23 04:32:00";3807,58
"895833";"27:9:2";"Exp60_163_IS20700";"Exp60_163_IS20700";NA;"2023-09-23 04:46:00";24219,8
"895834";"27:9:2";"Exp60_163_IS20700";"Exp60_163_IS20700";NA;"2023-09-23 05:02:00";3492,16
"895835";"27:9:2";"Exp60_163_IS20700";"Exp60_163_IS20700";NA;"2023-09-23 05:16:00";3336,92
"895836";"27:9:2";"Exp60_163_IS20700";"Exp60_163_IS20700";NA;"2023-09-23 05:32:00";3207,87
"895837";"27:9:2";"Exp60_163_IS20700";"Exp60_163_IS20700";NA;"2023-09-23 05:46:00";2367,24
"895838";"27:9:2";"Exp60_163_IS20700";"Exp60_163_IS20700";NA;"2023-09-23 06:02:00";2508,65
"895839";"27:9:2";"Exp60_163_IS20700";"Exp60_163_IS20700";NA;"2023-09-23 06:16:00";2978,96
"895840";"27:9:2";"Exp60_163_IS20700";"Exp60_163_IS20700";NA;"2023-09-23 06:32:00";2747,27
"895841";"27:9:2";"Exp60_163_IS20700";"Exp60_163_IS20700";NA;"2023-09-23 06:46:00";2869,32
"895842";"27:9:2";"Exp60_163_IS20700";"Exp60_163_IS20700";NA;"2023-09-23 07:02:00";2516,18
"895843";"27:9:2";"Exp60_163_IS20700";"Exp60_163_IS20700";NA;"2023-09-23 07:16:00";1616,72
"895844";"27:9:2";"Exp60_163_IS20700";"Exp60_163_IS20700";NA;"2023-09-23 07:32:00";973,347
"895845";"27:9:2";"Exp60_163_IS20700";"Exp60_163_IS20700";NA;"2023-09-23 07:46:00";436,338
"895846";"27:9:2";"Exp60_163_IS20700";"Exp60_163_IS20700";NA;"2023-09-23 08:02:00";54,4232
"895847";"27:9:2";"Exp60_163_IS20700";"Exp60_163_IS20700";NA;"2023-09-23 08:16:00";-320,044
"895848";"27:9:2";"Exp60_163_IS20700";"Exp60_163_IS20700";NA;"2023-09-23 08:32:00";1383,01
"895849";"27:9:2";"Exp60_163_IS20700";"Exp60_163_IS20700";NA;"2023-09-23 08:46:00";2596,88
"895850";"27:9:2";"Exp60_163_IS20700";"Exp60_163_IS20700";NA;"2023-09-23 09:02:00";-1896,39
"895851";"27:9:2";"Exp60_163_IS20700";"Exp60_163_IS20700";NA;"2023-09-23 09:16:00";-7138,75
"895852";"27:9:2";"Exp60_163_IS20700";"Exp60_163_IS20700";NA;"2023-09-23 14:01:00";30497
"895853";"27:9:2";"Exp60_163_IS20700";"Exp60_163_IS20700";NA;"2023-09-23 14:17:00";30361,4
"895854";"27:9:2";"Exp60_163_IS20700";"Exp60_163_IS20700";NA;"2023-09-23 14:31:00";29680,3
"895855";"27:9:2";"Exp60_163_IS20700";"Exp60_163_IS20700";NA;"2023-09-23 14:47:00";30169,2
"895856";"27:9:2";"Exp60_163_IS20700";"Exp60_163_IS20700";NA;"2023-09-23 15:01:00";30231
"895857";"27:9:2";"Exp60_163_IS20700";"Exp60_163_IS20700";NA;"2023-09-23 15:32:00";29138,9
"895858";"27:9:2";"Exp60_163_IS20700";"Exp60_163_IS20700";NA;"2023-09-23 15:46:00";29064
"895859";"27:9:2";"Exp60_163_IS20700";"Exp60_163_IS20700";NA;"2023-09-23 16:17:00";28277,6
"895860";"27:9:2";"Exp60_163_IS20700";"Exp60_163_IS20700";NA;"2023-09-23 16:31:00";27477,4
"895861";"27:9:2";"Exp60_163_IS20700";"Exp60_163_IS20700";NA;"2023-09-23 16:47:00";26073
"895862";"27:9:2";"Exp60_163_IS20700";"Exp60_163_IS20700";NA;"2023-09-23 17:01:00";25929,7
"895863";"27:9:2";"Exp60_163_IS20700";"Exp60_163_IS20700";NA;"2023-09-23 17:17:00";25887
"895864";"27:9:2";"Exp60_163_IS20700";"Exp60_163_IS20700";NA;"2023-09-23 17:31:00";25492,4
"895865";"27:9:2";"Exp60_163_IS20700";"Exp60_163_IS20700";NA;"2023-09-23 17:47:00";25467,3
"895866";"27:9:2";"Exp60_163_IS20700";"Exp60_163_IS20700";NA;"2023-09-23 18:01:00";3139,95
"895867";"27:9:2";"Exp60_163_IS20700";"Exp60_163_IS20700";NA;"2023-09-23 18:17:00";3095,36
"895868";"27:9:2";"Exp60_163_IS20700";"Exp60_163_IS20700";NA;"2023-09-23 18:31:00";24990,3
"895869";"27:9:2";"Exp60_163_IS20700";"Exp60_163_IS20700";NA;"2023-09-23 18:47:00";25494,7
"895870";"27:9:2";"Exp60_163_IS20700";"Exp60_163_IS20700";NA;"2023-09-23 19:01:00";25167
"895871";"27:9:2";"Exp60_163_IS20700";"Exp60_163_IS20700";NA;"2023-09-23 19:17:00";25218,8
"895872";"27:9:2";"Exp60_163_IS20700";"Exp60_163_IS20700";NA;"2023-09-23 19:31:00";4945,38
"895873";"27:9:2";"Exp60_163_IS20700";"Exp60_163_IS20700";NA;"2023-09-23 20:02:00";24973,4
"895874";"27:9:2";"Exp60_163_IS20700";"Exp60_163_IS20700";NA;"2023-09-23 20:16:00";4983,25
"895875";"27:9:2";"Exp60_163_IS20700";"Exp60_163_IS20700";NA;"2023-09-23 20:32:00";25780,6
"895876";"27:9:2";"Exp60_163_IS20700";"Exp60_163_IS20700";NA;"2023-09-23 20:46:00";26643,6
"895877";"27:9:2";"Exp60_163_IS20700";"Exp60_163_IS20700";NA;"2023-09-23 21:02:00";27230,6
"895878";"27:9:2";"Exp60_163_IS20700";"Exp60_163_IS20700";NA;"2023-09-23 21:16:00";27427,8
"895879";"27:9:2";"Exp60_163_IS20700";"Exp60_163_IS20700";NA;"2023-09-23 21:32:00";27141,5
"895880";"27:9:2";"Exp60_163_IS20700";"Exp60_163_IS20700";NA;"2023-09-23 21:46:00";27338,9
"895881";"27:9:2";"Exp60_163_IS20700";"Exp60_163_IS20700";NA;"2023-09-23 22:02:00";27565,7
"895882";"27:9:2";"Exp60_163_IS20700";"Exp60_163_IS20700";NA;"2023-09-23 22:16:00";26267,9
"895883";"27:9:2";"Exp60_163_IS20700";"Exp60_163_IS20700";NA;"2023-09-23 23:17:00";25850,7
"895884";"27:9:2";"Exp60_163_IS20700";"Exp60_163_IS20700";NA;"2023-09-23 23:31:00";25865,2
"895885";"27:9:2";"Exp60_163_IS20700";"Exp60_163_IS20700";NA;"2023-09-23 23:47:00";25659,2
"895886";"27:9:2";"Exp60_163_IS20700";"Exp60_163_IS20700";NA;"2023-09-24 00:01:00";25366,3
"895887";"27:9:2";"Exp60_163_IS20700";"Exp60_163_IS20700";NA;"2023-09-24 00:17:00";26050
"895888";"27:9:2";"Exp60_163_IS20700";"Exp60_163_IS20700";NA;"2023-09-24 00:31:00";26110,9
"895889";"27:9:2";"Exp60_163_IS20700";"Exp60_163_IS20700";NA;"2023-09-24 00:47:00";25883,4
"895890";"27:9:2";"Exp60_163_IS20700";"Exp60_163_IS20700";NA;"2023-09-24 01:01:00";25656,8
"895891";"27:9:2";"Exp60_163_IS20700";"Exp60_163_IS20700";NA;"2023-09-24 01:17:00";25478,2
"895892";"27:9:2";"Exp60_163_IS20700";"Exp60_163_IS20700";NA;"2023-09-24 01:31:00";25612,3
"895893";"27:9:2";"Exp60_163_IS20700";"Exp60_163_IS20700";NA;"2023-09-24 01:47:00";25701,2
"895894";"27:9:2";"Exp60_163_IS20700";"Exp60_163_IS20700";NA;"2023-09-24 02:01:00";25619
"895895";"27:9:2";"Exp60_163_IS20700";"Exp60_163_IS20700";NA;"2023-09-24 02:17:00";25387,2
"895896";"27:9:2";"Exp60_163_IS20700";"Exp60_163_IS20700";NA;"2023-09-24 02:31:00";25612,8
"895897";"27:9:2";"Exp60_163_IS20700";"Exp60_163_IS20700";NA;"2023-09-24 02:47:00";25427,5
"895898";"27:9:2";"Exp60_163_IS20700";"Exp60_163_IS20700";NA;"2023-09-24 03:01:00";25079
"895899";"27:9:2";"Exp60_163_IS20700";"Exp60_163_IS20700";NA;"2023-09-24 10:01:00";-3145,34
"895900";"27:9:2";"Exp60_163_IS20700";"Exp60_163_IS20700";NA;"2023-09-24 10:17:00";-2327,51
"895901";"27:9:2";"Exp60_163_IS20700";"Exp60_163_IS20700";NA;"2023-09-24 10:31:00";-541,179
"895902";"27:9:2";"Exp60_163_IS20700";"Exp60_163_IS20700";NA;"2023-09-24 10:47:00";524,397
"895903";"27:9:2";"Exp60_163_IS20700";"Exp60_163_IS20700";NA;"2023-09-24 11:01:00";24740
"895904";"27:9:2";"Exp60_163_IS20700";"Exp60_163_IS20700";NA;"2023-09-24 11:17:00";25022,7
"895905";"27:9:2";"Exp60_163_IS20700";"Exp60_163_IS20700";NA;"2023-09-24 11:31:00";26399,5
"895906";"27:9:2";"Exp60_163_IS20700";"Exp60_163_IS20700";NA;"2023-09-24 11:47:00";27161,7
"895907";"27:9:2";"Exp60_163_IS20700";"Exp60_163_IS20700";NA;"2023-09-24 12:01:00";27496,2
"895908";"27:9:2";"Exp60_163_IS20700";"Exp60_163_IS20700";NA;"2023-09-24 12:17:00";27539,6
"895909";"27:9:2";"Exp60_163_IS20700";"Exp60_163_IS20700";NA;"2023-09-24 12:31:00";27602
"895910";"27:9:2";"Exp60_163_IS20700";"Exp60_163_IS20700";NA;"2023-09-24 12:47:00";27288,4
"895911";"27:9:2";"Exp60_163_IS20700";"Exp60_163_IS20700";NA;"2023-09-24 13:01:00";26833,7
"895912";"27:9:2";"Exp60_163_IS20700";"Exp60_163_IS20700";NA;"2023-09-24 13:17:00";26553,5
"895913";"27:9:2";"Exp60_163_IS20700";"Exp60_163_IS20700";NA;"2023-09-24 13:31:00";26791,3
"895914";"27:9:2";"Exp60_163_IS20700";"Exp60_163_IS20700";NA;"2023-09-24 13:47:00";27118,3
"895915";"27:9:2";"Exp60_163_IS20700";"Exp60_163_IS20700";NA;"2023-09-24 14:01:00";26857,3
"895916";"27:9:2";"Exp60_163_IS20700";"Exp60_163_IS20700";NA;"2023-09-24 14:17:00";26437
"895917";"27:9:2";"Exp60_163_IS20700";"Exp60_163_IS20700";NA;"2023-09-24 14:31:00";26087,2
"895918";"27:9:2";"Exp60_163_IS20700";"Exp60_163_IS20700";NA;"2023-09-24 14:47:00";26208,4
"895919";"27:9:2";"Exp60_163_IS20700";"Exp60_163_IS20700";NA;"2023-09-24 15:01:00";26223,8
"895920";"27:9:2";"Exp60_163_IS20700";"Exp60_163_IS20700";NA;"2023-09-24 15:17:00";26244,2
"895921";"27:9:2";"Exp60_163_IS20700";"Exp60_163_IS20700";NA;"2023-09-24 15:31:00";26033,8
"895922";"27:9:2";"Exp60_163_IS20700";"Exp60_163_IS20700";NA;"2023-09-24 15:47:00";26105,7
"895923";"27:9:2";"Exp60_163_IS20700";"Exp60_163_IS20700";NA;"2023-09-24 16:01:00";26506,3
"895924";"27:9:2";"Exp60_163_IS20700";"Exp60_163_IS20700";NA;"2023-09-24 22:31:00";-206,238
"895925";"27:9:2";"Exp60_163_IS20700";"Exp60_163_IS20700";NA;"2023-09-24 22:47:00";-281,296
"895926";"27:9:2";"Exp60_163_IS20700";"Exp60_163_IS20700";NA;"2023-09-24 23:01:00";-312,103
"895927";"27:9:2";"Exp60_163_IS20700";"Exp60_163_IS20700";NA;"2023-09-24 23:17:00";-629,473
"895928";"27:9:2";"Exp60_163_IS20700";"Exp60_163_IS20700";NA;"2023-09-24 23:31:00";-810,959
"895929";"27:9:2";"Exp60_163_IS20700";"Exp60_163_IS20700";NA;"2023-09-24 23:47:00";-1086,2
"895930";"27:9:2";"Exp60_163_IS20700";"Exp60_163_IS20700";NA;"2023-09-25 00:01:00";-1665,76
"895931";"27:9:2";"Exp60_163_IS20700";"Exp60_163_IS20700";NA;"2023-09-25 00:17:00";-1982,11
"895932";"27:9:2";"Exp60_163_IS20700";"Exp60_163_IS20700";NA;"2023-09-25 00:31:00";-1455,33
"895933";"27:9:2";"Exp60_163_IS20700";"Exp60_163_IS20700";NA;"2023-09-25 00:47:00";-2014,56
"895934";"27:9:2";"Exp60_163_IS20700";"Exp60_163_IS20700";NA;"2023-09-25 01:01:00";-3809,15
"895935";"27:9:2";"Exp60_163_IS20700";"Exp60_163_IS20700";NA;"2023-09-25 01:17:00";-4911,21
"895936";"27:9:2";"Exp60_163_IS20700";"Exp60_163_IS20700";NA;"2023-09-25 01:31:00";-4625,43
"895937";"27:9:2";"Exp60_163_IS20700";"Exp60_163_IS20700";NA;"2023-09-25 01:47:00";-5047,33
"895938";"27:9:2";"Exp60_163_IS20700";"Exp60_163_IS20700";NA;"2023-09-25 02:01:00";-5047,36
"895939";"27:9:2";"Exp60_163_IS20700";"Exp60_163_IS20700";NA;"2023-09-25 03:02:00";-7635,88
"895940";"27:9:2";"Exp60_163_IS20700";"Exp60_163_IS20700";NA;"2023-09-25 03:16:00";-8237,95
"895941";"27:9:2";"Exp60_163_IS20700";"Exp60_163_IS20700";NA;"2023-09-25 04:32:00";-9151,55
"895942";"27:9:2";"Exp60_163_IS20700";"Exp60_163_IS20700";NA;"2023-09-25 04:46:00";-9452,73
"895943";"27:9:2";"Exp60_163_IS20700";"Exp60_163_IS20700";NA;"2023-09-25 05:17:00";-16585,1
"895944";"27:9:2";"Exp60_163_IS20700";"Exp60_163_IS20700";NA;"2023-09-25 05:31:00";-21812,8
"895945";"27:9:2";"Exp60_163_IS20700";"Exp60_163_IS20700";NA;"2023-09-25 05:47:00";-24586,6
"895946";"27:9:2";"Exp60_163_IS20700";"Exp60_163_IS20700";NA;"2023-09-25 06:01:00";-25605,9
"895947";"27:9:2";"Exp60_163_IS20700";"Exp60_163_IS20700";NA;"2023-09-25 06:17:00";-23758,6
"895948";"27:9:2";"Exp60_163_IS20700";"Exp60_163_IS20700";NA;"2023-09-25 06:31:00";-23298,4
"895949";"27:9:2";"Exp60_163_IS20700";"Exp60_163_IS20700";NA;"2023-09-25 06:47:00";-24940,3
"895950";"27:9:2";"Exp60_163_IS20700";"Exp60_163_IS20700";NA;"2023-09-25 07:01:00";-29258,6
"895951";"27:9:2";"Exp60_163_IS20700";"Exp60_163_IS20700";NA;"2023-09-25 07:17:00";-30266,2
"895952";"27:9:2";"Exp60_163_IS20700";"Exp60_163_IS20700";NA;"2023-09-25 07:31:00";-34115,8
"895953";"27:9:2";"Exp60_163_IS20700";"Exp60_163_IS20700";NA;"2023-09-25 07:47:00";-36108,7
"895954";"27:9:2";"Exp60_163_IS20700";"Exp60_163_IS20700";NA;"2023-09-25 08:01:00";-37761,3
"895955";"27:9:2";"Exp60_163_IS20700";"Exp60_163_IS20700";NA;"2023-09-25 14:46:00";24804,7
"895956";"27:9:2";"Exp60_163_IS20700";"Exp60_163_IS20700";NA;"2023-09-25 15:02:00";24754,4
"895957";"27:9:2";"Exp60_163_IS20700";"Exp60_163_IS20700";NA;"2023-09-25 15:16:00";24749,4
"895958";"27:9:2";"Exp60_163_IS20700";"Exp60_163_IS20700";NA;"2023-09-25 15:32:00";25366
"895959";"27:9:2";"Exp60_163_IS20700";"Exp60_163_IS20700";NA;"2023-09-25 15:46:00";25579
"895960";"27:9:2";"Exp60_163_IS20700";"Exp60_163_IS20700";NA;"2023-09-25 16:02:00";25349,2
"895961";"27:9:2";"Exp60_163_IS20700";"Exp60_163_IS20700";NA;"2023-09-25 17:16:00";24387,9
"895962";"27:9:2";"Exp60_163_IS20700";"Exp60_163_IS20700";NA;"2023-09-25 17:32:00";24288
"895963";"27:9:2";"Exp60_163_IS20700";"Exp60_163_IS20700";NA;"2023-09-25 17:46:00";24631,2
"895964";"27:9:2";"Exp60_163_IS20700";"Exp60_163_IS20700";NA;"2023-09-25 18:02:00";24666
"895965";"27:9:2";"Exp60_163_IS20700";"Exp60_163_IS20700";NA;"2023-09-25 19:01:00";-1420,98
"895966";"27:9:2";"Exp60_163_IS20700";"Exp60_163_IS20700";NA;"2023-09-25 19:17:00";24539,7
"895967";"27:9:2";"Exp60_163_IS20700";"Exp60_163_IS20700";NA;"2023-09-25 19:31:00";24550,7
"895968";"27:9:2";"Exp60_163_IS20700";"Exp60_163_IS20700";NA;"2023-09-25 19:47:00";24451,9
"895969";"27:9:2";"Exp60_163_IS20700";"Exp60_163_IS20700";NA;"2023-09-25 20:01:00";24592,5
"895970";"27:9:2";"Exp60_163_IS20700";"Exp60_163_IS20700";NA;"2023-09-25 20:17:00";24425,4
"895971";"27:9:2";"Exp60_163_IS20700";"Exp60_163_IS20700";NA;"2023-09-25 20:31:00";24558,3
"895972";"27:9:2";"Exp60_163_IS20700";"Exp60_163_IS20700";NA;"2023-09-25 20:47:00";24813,6
"895973";"27:9:2";"Exp60_163_IS20700";"Exp60_163_IS20700";NA;"2023-09-25 21:16:00";24817,8
"895974";"27:9:2";"Exp60_163_IS20700";"Exp60_163_IS20700";NA;"2023-09-25 21:32:00";24889
"895975";"27:9:2";"Exp60_163_IS20700";"Exp60_163_IS20700";NA;"2023-09-25 21:46:00";24886,1
"895976";"27:9:2";"Exp60_163_IS20700";"Exp60_163_IS20700";NA;"2023-09-25 22:02:00";24684,6
"895977";"27:9:2";"Exp60_163_IS20700";"Exp60_163_IS20700";NA;"2023-09-25 22:16:00";24966,9
"895978";"27:9:2";"Exp60_163_IS20700";"Exp60_163_IS20700";NA;"2023-09-25 22:32:00";24729,7
"895979";"27:9:2";"Exp60_163_IS20700";"Exp60_163_IS20700";NA;"2023-09-25 22:46:00";24756,3
"895980";"27:9:2";"Exp60_163_IS20700";"Exp60_163_IS20700";NA;"2023-09-25 23:02:00";24580,3
"895981";"27:9:2";"Exp60_163_IS20700";"Exp60_163_IS20700";NA;"2023-09-25 23:16:00";24780
"895982";"27:9:2";"Exp60_163_IS20700";"Exp60_163_IS20700";NA;"2023-09-25 23:32:00";24908,3
"895983";"27:9:2";"Exp60_163_IS20700";"Exp60_163_IS20700";NA;"2023-09-25 23:46:00";24628
"895984";"27:9:2";"Exp60_163_IS20700";"Exp60_163_IS20700";NA;"2023-09-26 00:02:00";24649,5
"895985";"27:9:2";"Exp60_163_IS20700";"Exp60_163_IS20700";NA;"2023-09-26 00:16:00";24774,7
"895986";"27:9:2";"Exp60_163_IS20700";"Exp60_163_IS20700";NA;"2023-09-26 00:32:00";24812,3
"895987";"27:9:2";"Exp60_163_IS20700";"Exp60_163_IS20700";NA;"2023-09-26 00:46:00";24567,3
"895988";"27:9:2";"Exp60_163_IS20700";"Exp60_163_IS20700";NA;"2023-09-26 01:02:00";24646,7
"895989";"27:9:2";"Exp60_163_IS20700";"Exp60_163_IS20700";NA;"2023-09-26 01:16:00";-1466,02
"895990";"27:9:2";"Exp60_163_IS20700";"Exp60_163_IS20700";NA;"2023-09-26 01:32:00";24636,5
"895991";"27:9:2";"Exp60_163_IS20700";"Exp60_163_IS20700";NA;"2023-09-26 01:46:00";24366,2
"895992";"27:9:2";"Exp60_163_IS20700";"Exp60_163_IS20700";NA;"2023-09-26 02:02:00";-1364,95
"895993";"27:9:2";"Exp60_163_IS20700";"Exp60_163_IS20700";NA;"2023-09-26 02:16:00";-1390,97
"895994";"27:9:2";"Exp60_163_IS20700";"Exp60_163_IS20700";NA;"2023-09-26 02:32:00";24659,2
"895995";"27:9:2";"Exp60_163_IS20700";"Exp60_163_IS20700";NA;"2023-09-26 02:46:00";-1486,43
"895996";"27:9:2";"Exp60_163_IS20700";"Exp60_163_IS20700";NA;"2023-09-26 03:02:00";24380,9
"895997";"27:9:2";"Exp60_163_IS20700";"Exp60_163_IS20700";NA;"2023-09-26 03:16:00";24533,6
"895998";"27:9:2";"Exp60_163_IS20700";"Exp60_163_IS20700";NA;"2023-09-26 03:32:00";24641,5
"895999";"27:9:2";"Exp60_163_IS20700";"Exp60_163_IS20700";NA;"2023-09-26 03:46:00";24413,5
"896000";"27:9:2";"Exp60_163_IS20700";"Exp60_163_IS20700";NA;"2023-09-26 04:02:00";24446
"896001";"27:9:2";"Exp60_163_IS20700";"Exp60_163_IS20700";NA;"2023-09-26 04:16:00";-1607,7
"896002";"27:9:2";"Exp60_163_IS20700";"Exp60_163_IS20700";NA;"2023-09-26 04:32:00";-1651,55
"896003";"27:9:2";"Exp60_163_IS20700";"Exp60_163_IS20700";NA;"2023-09-26 04:46:00";-1608,39
"896004";"27:9:2";"Exp60_163_IS20700";"Exp60_163_IS20700";NA;"2023-09-26 05:02:00";24494,4
"896005";"27:9:2";"Exp60_163_IS20700";"Exp60_163_IS20700";NA;"2023-09-26 05:16:00";24507,2
"896006";"27:9:2";"Exp60_163_IS20700";"Exp60_163_IS20700";NA;"2023-09-26 05:32:00";-1573,18
"896007";"27:9:2";"Exp60_163_IS20700";"Exp60_163_IS20700";NA;"2023-09-26 05:46:00";-1520,71
"896008";"27:9:2";"Exp60_163_IS20700";"Exp60_163_IS20700";NA;"2023-09-26 06:02:00";23876,3
"896009";"27:9:2";"Exp60_163_IS20700";"Exp60_163_IS20700";NA;"2023-09-26 06:16:00";24374,3
"896010";"27:9:2";"Exp60_163_IS20700";"Exp60_163_IS20700";NA;"2023-09-26 06:32:00";24634,2
"896011";"27:9:2";"Exp60_163_IS20700";"Exp60_163_IS20700";NA;"2023-09-26 06:46:00";24490,1
"896012";"27:9:2";"Exp60_163_IS20700";"Exp60_163_IS20700";NA;"2023-09-26 07:02:00";24666,3
"896013";"27:9:2";"Exp60_163_IS20700";"Exp60_163_IS20700";NA;"2023-09-26 07:16:00";24643,9
"896014";"27:9:2";"Exp60_163_IS20700";"Exp60_163_IS20700";NA;"2023-09-26 07:47:00";24421,3
"896015";"27:9:2";"Exp60_163_IS20700";"Exp60_163_IS20700";NA;"2023-09-26 08:01:00";24630,6
"896016";"27:9:2";"Exp60_163_IS20700";"Exp60_163_IS20700";NA;"2023-09-26 08:17:00";24262,5
"896017";"27:9:2";"Exp60_163_IS20700";"Exp60_163_IS20700";NA;"2023-09-26 08:31:00";24413,1
"896018";"27:9:2";"Exp60_163_IS20700";"Exp60_163_IS20700";NA;"2023-09-26 09:02:00";24902,1
"896019";"27:9:2";"Exp60_163_IS20700";"Exp60_163_IS20700";NA;"2023-09-26 09:16:00";25210
"896020";"27:9:2";"Exp60_163_IS20700";"Exp60_163_IS20700";NA;"2023-09-26 09:32:00";25455,9
"896021";"27:9:2";"Exp60_163_IS20700";"Exp60_163_IS20700";NA;"2023-09-26 09:46:00";25669,7
"896022";"27:9:2";"Exp60_163_IS20700";"Exp60_163_IS20700";NA;"2023-09-26 10:02:00";25923,4
"896023";"27:9:2";"Exp60_163_IS20700";"Exp60_163_IS20700";NA;"2023-09-26 10:16:00";26117,9
"896024";"27:9:2";"Exp60_163_IS20700";"Exp60_163_IS20700";NA;"2023-09-26 10:32:00";26300,8
"896025";"27:9:2";"Exp60_163_IS20700";"Exp60_163_IS20700";NA;"2023-09-26 10:46:00";26302,5
"896026";"27:9:2";"Exp60_163_IS20700";"Exp60_163_IS20700";NA;"2023-09-26 11:02:00";26812,1
"896027";"27:9:2";"Exp60_163_IS20700";"Exp60_163_IS20700";NA;"2023-09-26 11:16:00";27017,2
"896028";"27:9:2";"Exp60_163_IS20700";"Exp60_163_IS20700";NA;"2023-09-26 11:47:00";27243,1
"896029";"27:9:2";"Exp60_163_IS20700";"Exp60_163_IS20700";NA;"2023-09-26 12:01:00";27859,8
"896030";"27:9:2";"Exp60_163_IS20700";"Exp60_163_IS20700";NA;"2023-09-26 12:17:00";28368,9
"896031";"27:9:2";"Exp60_163_IS20700";"Exp60_163_IS20700";NA;"2023-09-26 12:31:00";28807
"896032";"27:9:2";"Exp60_163_IS20700";"Exp60_163_IS20700";NA;"2023-09-26 12:47:00";29605,1
"896033";"27:9:2";"Exp60_163_IS20700";"Exp60_163_IS20700";NA;"2023-09-26 13:01:00";30671,8
"896034";"27:9:2";"Exp60_163_IS20700";"Exp60_163_IS20700";NA;"2023-09-26 13:32:00";30625,5
"896035";"27:9:2";"Exp60_163_IS20700";"Exp60_163_IS20700";NA;"2023-09-26 13:46:00";30613,3
"896036";"27:9:2";"Exp60_163_IS20700";"Exp60_163_IS20700";NA;"2023-09-26 14:02:00";32201,6
"896037";"27:9:2";"Exp60_163_IS20700";"Exp60_163_IS20700";NA;"2023-09-26 14:16:00";33305,6
"896038";"27:9:2";"Exp60_163_IS20700";"Exp60_163_IS20700";NA;"2023-09-26 14:32:00";33730,4
"896039";"27:9:2";"Exp60_163_IS20700";"Exp60_163_IS20700";NA;"2023-09-26 14:46:00";33593,7
"896040";"27:9:2";"Exp60_163_IS20700";"Exp60_163_IS20700";NA;"2023-09-26 15:02:00";33171,7
"896041";"27:9:2";"Exp60_163_IS20700";"Exp60_163_IS20700";NA;"2023-09-26 15:16:00";33497
"896042";"27:9:2";"Exp60_163_IS20700";"Exp60_163_IS20700";NA;"2023-09-26 15:32:00";33758
"896043";"27:9:2";"Exp60_163_IS20700";"Exp60_163_IS20700";NA;"2023-09-26 15:46:00";34066,2
"896044";"27:9:2";"Exp60_163_IS20700";"Exp60_163_IS20700";NA;"2023-09-26 16:02:00";33982,7
"896045";"27:9:2";"Exp60_163_IS20700";"Exp60_163_IS20700";NA;"2023-09-26 16:16:00";34895,6
"896046";"27:9:2";"Exp60_163_IS20700";"Exp60_163_IS20700";NA;"2023-09-26 22:01:00";29310,6
"896047";"27:9:2";"Exp60_163_IS20700";"Exp60_163_IS20700";NA;"2023-09-26 22:17:00";29251
"896048";"27:9:2";"Exp60_163_IS20700";"Exp60_163_IS20700";NA;"2023-09-26 22:31:00";29070,9
"896049";"27:9:2";"Exp60_163_IS20700";"Exp60_163_IS20700";NA;"2023-09-26 22:47:00";28789,9
"896050";"27:9:2";"Exp60_163_IS20700";"Exp60_163_IS20700";NA;"2023-09-26 23:01:00";28858,4
"896051";"27:9:2";"Exp60_163_IS20700";"Exp60_163_IS20700";NA;"2023-09-26 23:17:00";28640,9
"896052";"27:9:2";"Exp60_163_IS20700";"Exp60_163_IS20700";NA;"2023-09-26 23:31:00";28283,5
"896053";"27:9:2";"Exp60_163_IS20700";"Exp60_163_IS20700";NA;"2023-09-26 23:47:00";28384,5
"896054";"27:9:2";"Exp60_163_IS20700";"Exp60_163_IS20700";NA;"2023-09-27 00:31:00";28092,2
"896055";"27:9:2";"Exp60_163_IS20700";"Exp60_163_IS20700";NA;"2023-09-27 00:47:00";27945,9
"896056";"27:9:2";"Exp60_163_IS20700";"Exp60_163_IS20700";NA;"2023-09-27 01:01:00";27906,7
"896057";"27:9:2";"Exp60_163_IS20700";"Exp60_163_IS20700";NA;"2023-09-27 01:17:00";27686,6
"896058";"27:9:2";"Exp60_163_IS20700";"Exp60_163_IS20700";NA;"2023-09-27 01:31:00";27579,3
"896059";"27:9:2";"Exp60_163_IS20700";"Exp60_163_IS20700";NA;"2023-09-27 01:47:00";27412,8
"896060";"27:9:2";"Exp60_163_IS20700";"Exp60_163_IS20700";NA;"2023-09-27 02:01:00";27565,5
"896061";"27:9:2";"Exp60_163_IS20700";"Exp60_163_IS20700";NA;"2023-09-27 02:17:00";27455,8
"896062";"27:9:2";"Exp60_163_IS20700";"Exp60_163_IS20700";NA;"2023-09-27 02:31:00";27443,4
"896063";"27:9:2";"Exp60_163_IS20700";"Exp60_163_IS20700";NA;"2023-09-27 02:47:00";27290,4
"896064";"27:9:2";"Exp60_163_IS20700";"Exp60_163_IS20700";NA;"2023-09-27 03:01:00";27228,1
"896065";"27:9:2";"Exp60_163_IS20700";"Exp60_163_IS20700";NA;"2023-09-27 03:17:00";27139
"896066";"27:9:2";"Exp60_163_IS20700";"Exp60_163_IS20700";NA;"2023-09-27 03:31:00";27099,7
"896067";"27:9:2";"Exp60_163_IS20700";"Exp60_163_IS20700";NA;"2023-09-27 03:47:00";26926,1
"896068";"27:9:2";"Exp60_163_IS20700";"Exp60_163_IS20700";NA;"2023-09-27 04:01:00";26927,4
"896069";"27:9:2";"Exp60_163_IS20700";"Exp60_163_IS20700";NA;"2023-09-27 04:17:00";26812,4
"896070";"27:9:2";"Exp60_163_IS20700";"Exp60_163_IS20700";NA;"2023-09-27 04:31:00";26764,7
"896071";"27:9:2";"Exp60_163_IS20700";"Exp60_163_IS20700";NA;"2023-09-27 04:47:00";26753
"896072";"27:9:2";"Exp60_163_IS20700";"Exp60_163_IS20700";NA;"2023-09-27 05:01:00";26657,5
"896073";"27:9:2";"Exp60_163_IS20700";"Exp60_163_IS20700";NA;"2023-09-27 05:17:00";26618,9
"896074";"27:9:2";"Exp60_163_IS20700";"Exp60_163_IS20700";NA;"2023-09-27 05:31:00";26559,9
"896075";"27:9:2";"Exp60_163_IS20700";"Exp60_163_IS20700";NA;"2023-09-27 05:47:00";26463,3
"896076";"27:9:2";"Exp60_163_IS20700";"Exp60_163_IS20700";NA;"2023-09-27 06:01:00";26408,6
"896077";"27:9:2";"Exp60_163_IS20700";"Exp60_163_IS20700";NA;"2023-09-27 06:17:00";26339
"896078";"27:9:2";"Exp60_163_IS20700";"Exp60_163_IS20700";NA;"2023-09-27 06:31:00";26263
"896079";"27:9:2";"Exp60_163_IS20700";"Exp60_163_IS20700";NA;"2023-09-27 06:47:00";26227,8
"896080";"27:9:2";"Exp60_163_IS20700";"Exp60_163_IS20700";NA;"2023-09-27 07:01:00";26162,6
"896081";"27:9:2";"Exp60_163_IS20700";"Exp60_163_IS20700";NA;"2023-09-27 07:32:00";26121,5
"896082";"27:9:2";"Exp60_163_IS20700";"Exp60_163_IS20700";NA;"2023-09-27 07:46:00";26263,6
"896083";"27:9:2";"Exp60_163_IS20700";"Exp60_163_IS20700";NA;"2023-09-27 08:02:00";26426,3
"896084";"27:9:2";"Exp60_163_IS20700";"Exp60_163_IS20700";NA;"2023-09-27 08:16:00";26447,3
"896085";"27:9:2";"Exp60_163_IS20700";"Exp60_163_IS20700";NA;"2023-09-27 08:32:00";26443
"896086";"27:9:2";"Exp60_163_IS20700";"Exp60_163_IS20700";NA;"2023-09-27 08:46:00";26458,9
"896087";"27:9:2";"Exp60_163_IS20700";"Exp60_163_IS20700";NA;"2023-09-27 09:02:00";26621,2
"896088";"27:9:2";"Exp60_163_IS20700";"Exp60_163_IS20700";NA;"2023-09-27 09:16:00";26989,4
"896089";"27:9:2";"Exp60_163_IS20700";"Exp60_163_IS20700";NA;"2023-09-27 15:46:00";40000
"896090";"27:9:2";"Exp60_163_IS20700";"Exp60_163_IS20700";NA;"2023-09-27 16:02:00";29232,7
"896091";"27:9:2";"Exp60_163_IS20700";"Exp60_163_IS20700";NA;"2023-09-27 16:16:00";27261,1
"896092";"27:9:2";"Exp60_163_IS20700";"Exp60_163_IS20700";NA;"2023-09-27 16:32:00";27274,1
"896093";"27:9:2";"Exp60_163_IS20700";"Exp60_163_IS20700";NA;"2023-09-27 16:46:00";27290,7
"896094";"27:9:2";"Exp60_163_IS20700";"Exp60_163_IS20700";NA;"2023-09-27 17:17:00";27999,6
"896095";"27:9:2";"Exp60_163_IS20700";"Exp60_163_IS20700";NA;"2023-09-27 17:31:00";28025,8
"896096";"27:9:2";"Exp60_163_IS20700";"Exp60_163_IS20700";NA;"2023-09-27 17:47:00";27923
"896097";"27:9:2";"Exp60_163_IS20700";"Exp60_163_IS20700";NA;"2023-09-27 18:01:00";28103,8
"896098";"27:9:2";"Exp60_163_IS20700";"Exp60_163_IS20700";NA;"2023-09-27 18:17:00";28194,6
"896099";"27:9:2";"Exp60_163_IS20700";"Exp60_163_IS20700";NA;"2023-09-27 18:31:00";28446,8
"896100";"27:9:2";"Exp60_163_IS20700";"Exp60_163_IS20700";NA;"2023-09-27 18:47:00";28083,7
"896101";"27:9:2";"Exp60_163_IS20700";"Exp60_163_IS20700";NA;"2023-09-27 19:01:00";27610,3
"896102";"27:9:2";"Exp60_163_IS20700";"Exp60_163_IS20700";NA;"2023-09-27 19:17:00";27181,7
"896103";"27:9:2";"Exp60_163_IS20700";"Exp60_163_IS20700";NA;"2023-09-27 19:31:00";27053,4
"896104";"27:9:2";"Exp60_163_IS20700";"Exp60_163_IS20700";NA;"2023-09-27 19:47:00";26950,3
"896105";"27:9:2";"Exp60_163_IS20700";"Exp60_163_IS20700";NA;"2023-09-27 20:01:00";27241,4
"896106";"27:9:2";"Exp60_163_IS20700";"Exp60_163_IS20700";NA;"2023-09-27 20:17:00";27312,3
"896107";"27:9:2";"Exp60_163_IS20700";"Exp60_163_IS20700";NA;"2023-09-27 20:31:00";28025,6
"896108";"27:9:2";"Exp60_163_IS20700";"Exp60_163_IS20700";NA;"2023-09-27 20:47:00";27738,3
"896109";"27:9:2";"Exp60_163_IS20700";"Exp60_163_IS20700";NA;"2023-09-27 21:01:00";27425,8
"896110";"27:9:2";"Exp60_163_IS20700";"Exp60_163_IS20700";NA;"2023-09-28 01:31:00";27150
"896111";"27:9:2";"Exp60_163_IS20700";"Exp60_163_IS20700";NA;"2023-09-28 01:47:00";27106,1
"896112";"27:9:2";"Exp60_163_IS20700";"Exp60_163_IS20700";NA;"2023-09-28 02:01:00";26939,9
"896113";"27:9:2";"Exp60_163_IS20700";"Exp60_163_IS20700";NA;"2023-09-28 02:17:00";26975,6
"896114";"27:9:2";"Exp60_163_IS20700";"Exp60_163_IS20700";NA;"2023-09-28 02:31:00";26918,2
"896115";"27:9:2";"Exp60_163_IS20700";"Exp60_163_IS20700";NA;"2023-09-28 03:17:00";26824,9
"896116";"27:9:2";"Exp60_163_IS20700";"Exp60_163_IS20700";NA;"2023-09-28 03:31:00";26785,1
"896117";"27:9:2";"Exp60_163_IS20700";"Exp60_163_IS20700";NA;"2023-09-28 03:47:00";26777,3
"896118";"27:9:2";"Exp60_163_IS20700";"Exp60_163_IS20700";NA;"2023-09-28 04:01:00";26771,2
"896119";"27:9:2";"Exp60_163_IS20700";"Exp60_163_IS20700";NA;"2023-09-28 04:17:00";26790,7
"896120";"27:9:2";"Exp60_163_IS20700";"Exp60_163_IS20700";NA;"2023-09-28 04:31:00";26745,5
"896121";"27:9:2";"Exp60_163_IS20700";"Exp60_163_IS20700";NA;"2023-09-28 04:47:00";26722,3
"896122";"27:9:2";"Exp60_163_IS20700";"Exp60_163_IS20700";NA;"2023-09-28 05:01:00";26696
"896123";"27:9:2";"Exp60_163_IS20700";"Exp60_163_IS20700";NA;"2023-09-28 05:17:00";26645,2
"896124";"27:9:2";"Exp60_163_IS20700";"Exp60_163_IS20700";NA;"2023-09-28 05:31:00";26637,6
"896125";"27:9:2";"Exp60_163_IS20700";"Exp60_163_IS20700";NA;"2023-09-28 05:47:00";26609
"896126";"27:9:2";"Exp60_163_IS20700";"Exp60_163_IS20700";NA;"2023-09-28 06:01:00";26633,7
"896127";"27:9:2";"Exp60_163_IS20700";"Exp60_163_IS20700";NA;"2023-09-28 06:17:00";26593
"896128";"27:9:2";"Exp60_163_IS20700";"Exp60_163_IS20700";NA;"2023-09-28 07:16:00";26331,5
"896129";"27:9:2";"Exp60_163_IS20700";"Exp60_163_IS20700";NA;"2023-09-28 07:32:00";26379
"896130";"27:9:2";"Exp60_163_IS20700";"Exp60_163_IS20700";NA;"2023-09-28 08:16:00";26837,3
"896131";"27:9:2";"Exp60_163_IS20700";"Exp60_163_IS20700";NA;"2023-09-28 08:47:00";27620
"896132";"27:9:2";"Exp60_163_IS20700";"Exp60_163_IS20700";NA;"2023-09-28 09:01:00";28080,9
"896133";"27:9:2";"Exp60_163_IS20700";"Exp60_163_IS20700";NA;"2023-09-28 16:16:00";35350,3
"896134";"27:9:2";"Exp60_163_IS20700";"Exp60_163_IS20700";NA;"2023-09-28 16:47:00";35083,3
"896135";"27:9:2";"Exp60_163_IS20700";"Exp60_163_IS20700";NA;"2023-09-28 17:01:00";36152,3
"896136";"27:9:2";"Exp60_163_IS20700";"Exp60_163_IS20700";NA;"2023-09-28 17:17:00";35230
"896137";"27:9:2";"Exp60_163_IS20700";"Exp60_163_IS20700";NA;"2023-09-28 17:31:00";33298,8
"896138";"27:9:2";"Exp60_163_IS20700";"Exp60_163_IS20700";NA;"2023-09-28 18:02:00";30828,4
"896139";"27:9:2";"Exp60_163_IS20700";"Exp60_163_IS20700";NA;"2023-09-28 18:16:00";28309,3
"896140";"27:9:2";"Exp60_163_IS20700";"Exp60_163_IS20700";NA;"2023-09-28 18:32:00";28470,3
"896141";"27:9:2";"Exp60_163_IS20700";"Exp60_163_IS20700";NA;"2023-09-28 18:46:00";28682,3
"896142";"27:9:2";"Exp60_163_IS20700";"Exp60_163_IS20700";NA;"2023-09-28 19:02:00";29487,2
"896143";"27:9:2";"Exp60_163_IS20700";"Exp60_163_IS20700";NA;"2023-09-28 19:16:00";29925,7
"896144";"27:9:2";"Exp60_163_IS20700";"Exp60_163_IS20700";NA;"2023-09-28 19:32:00";30345,5
"896145";"27:9:2";"Exp60_163_IS20700";"Exp60_163_IS20700";NA;"2023-09-28 19:46:00";31348,7
"896146";"27:9:2";"Exp60_163_IS20700";"Exp60_163_IS20700";NA;"2023-09-28 20:02:00";31849,5
"896147";"27:9:2";"Exp60_163_IS20700";"Exp60_163_IS20700";NA;"2023-09-28 20:16:00";32474,3
"896148";"27:9:2";"Exp60_163_IS20700";"Exp60_163_IS20700";NA;"2023-09-28 20:32:00";32566,5
"896149";"27:9:2";"Exp60_163_IS20700";"Exp60_163_IS20700";NA;"2023-09-28 20:46:00";32221,5
"896150";"27:9:2";"Exp60_163_IS20700";"Exp60_163_IS20700";NA;"2023-09-28 21:02:00";32586,4
"896151";"27:9:2";"Exp60_163_IS20700";"Exp60_163_IS20700";NA;"2023-09-28 21:16:00";32761,9
"896152";"27:9:2";"Exp60_163_IS20700";"Exp60_163_IS20700";NA;"2023-09-28 21:32:00";33519
"896153";"27:9:2";"Exp60_163_IS20700";"Exp60_163_IS20700";NA;"2023-09-28 21:46:00";34832,5
"896154";"27:9:2";"Exp60_163_IS20700";"Exp60_163_IS20700";NA;"2023-09-28 22:17:00";35675,2
"896155";"27:9:2";"Exp60_163_IS20700";"Exp60_163_IS20700";NA;"2023-09-28 22:31:00";35779,5
"896156";"27:9:2";"Exp60_163_IS20700";"Exp60_163_IS20700";NA;"2023-09-28 22:47:00";35760,5
"896157";"27:9:2";"Exp60_163_IS20700";"Exp60_163_IS20700";NA;"2023-09-28 23:01:00";35107,9
"896158";"27:9:2";"Exp60_163_IS20700";"Exp60_163_IS20700";NA;"2023-09-28 23:17:00";35494,1
"896159";"27:9:2";"Exp60_163_IS20700";"Exp60_163_IS20700";NA;"2023-09-28 23:31:00";35631,4
"896160";"27:9:2";"Exp60_163_IS20700";"Exp60_163_IS20700";NA;"2023-09-29 00:17:00";34813,1
"896161";"27:9:2";"Exp60_163_IS20700";"Exp60_163_IS20700";NA;"2023-09-29 00:31:00";34734,8
"896162";"27:9:2";"Exp60_163_IS20700";"Exp60_163_IS20700";NA;"2023-09-29 00:47:00";34774,2
"896163";"27:9:2";"Exp60_163_IS20700";"Exp60_163_IS20700";NA;"2023-09-29 01:01:00";34649,8
"896164";"27:9:2";"Exp60_163_IS20700";"Exp60_163_IS20700";NA;"2023-09-29 01:17:00";34715,7
"896165";"27:9:2";"Exp60_163_IS20700";"Exp60_163_IS20700";NA;"2023-09-29 01:31:00";34436,3
"896166";"27:9:2";"Exp60_163_IS20700";"Exp60_163_IS20700";NA;"2023-09-29 01:47:00";33803,7
"896167";"27:9:2";"Exp60_163_IS20700";"Exp60_163_IS20700";NA;"2023-09-29 02:01:00";33380,9
"896168";"27:9:2";"Exp60_163_IS20700";"Exp60_163_IS20700";NA;"2023-09-29 02:17:00";33480,2
"896169";"27:9:2";"Exp60_163_IS20700";"Exp60_163_IS20700";NA;"2023-09-29 02:31:00";33286,1
"896170";"27:9:2";"Exp60_163_IS20700";"Exp60_163_IS20700";NA;"2023-09-29 02:47:00";32614,3
"896171";"27:9:2";"Exp60_163_IS20700";"Exp60_163_IS20700";NA;"2023-09-29 03:01:00";32287,1
"896172";"27:9:2";"Exp60_163_IS20700";"Exp60_163_IS20700";NA;"2023-09-29 03:47:00";32024,1
"896173";"27:9:2";"Exp60_163_IS20700";"Exp60_163_IS20700";NA;"2023-09-29 04:01:00";31746,2
"896174";"27:9:2";"Exp60_163_IS20700";"Exp60_163_IS20700";NA;"2023-09-29 04:17:00";31624,9
"896175";"27:9:2";"Exp60_163_IS20700";"Exp60_163_IS20700";NA;"2023-09-29 04:31:00";31336,3
"896176";"27:9:2";"Exp60_163_IS20700";"Exp60_163_IS20700";NA;"2023-09-29 12:31:00";40000
"896177";"27:9:2";"Exp60_163_IS20700";"Exp60_163_IS20700";NA;"2023-09-29 18:46:00";23463,4
"896178";"27:9:2";"Exp60_163_IS20700";"Exp60_163_IS20700";NA;"2023-09-29 19:17:00";23407,8
"896179";"27:9:2";"Exp60_163_IS20700";"Exp60_163_IS20700";NA;"2023-09-29 19:31:00";23379,4
"896180";"27:9:2";"Exp60_163_IS20700";"Exp60_163_IS20700";NA;"2023-09-29 19:47:00";23301,2
"896181";"27:9:2";"Exp60_163_IS20700";"Exp60_163_IS20700";NA;"2023-09-29 20:01:00";23254,6
"896182";"27:9:2";"Exp60_163_IS20700";"Exp60_163_IS20700";NA;"2023-09-29 20:17:00";23204,3
"896183";"27:9:2";"Exp60_163_IS20700";"Exp60_163_IS20700";NA;"2023-09-29 20:31:00";23184,4
"896184";"27:9:2";"Exp60_163_IS20700";"Exp60_163_IS20700";NA;"2023-09-29 21:02:00";23166,4
"896185";"27:9:2";"Exp60_163_IS20700";"Exp60_163_IS20700";NA;"2023-09-29 21:16:00";23188
"896186";"27:9:2";"Exp60_163_IS20700";"Exp60_163_IS20700";NA;"2023-09-29 21:32:00";23108
"896187";"27:9:2";"Exp60_163_IS20700";"Exp60_163_IS20700";NA;"2023-09-29 21:46:00";23100
"896188";"27:9:2";"Exp60_163_IS20700";"Exp60_163_IS20700";NA;"2023-09-29 22:02:00";23101,7
"896189";"27:9:2";"Exp60_163_IS20700";"Exp60_163_IS20700";NA;"2023-09-29 22:16:00";23099,9
"896190";"27:9:2";"Exp60_163_IS20700";"Exp60_163_IS20700";NA;"2023-09-29 22:32:00";23072,9
"896191";"27:9:2";"Exp60_163_IS20700";"Exp60_163_IS20700";NA;"2023-09-29 22:46:00";23062
"896192";"27:9:2";"Exp60_163_IS20700";"Exp60_163_IS20700";NA;"2023-09-29 23:02:00";23078,1
"896193";"27:9:2";"Exp60_163_IS20700";"Exp60_163_IS20700";NA;"2023-09-29 23:16:00";23052
"896194";"27:9:2";"Exp60_163_IS20700";"Exp60_163_IS20700";NA;"2023-09-29 23:32:00";23031,6
"896195";"27:9:2";"Exp60_163_IS20700";"Exp60_163_IS20700";NA;"2023-09-29 23:46:00";23045,9
"896196";"27:9:2";"Exp60_163_IS20700";"Exp60_163_IS20700";NA;"2023-09-30 00:02:00";23025,5
"896197";"27:9:2";"Exp60_163_IS20700";"Exp60_163_IS20700";NA;"2023-09-30 00:16:00";23030,6
"896198";"27:9:2";"Exp60_163_IS20700";"Exp60_163_IS20700";NA;"2023-09-30 00:32:00";23025,3
"896199";"27:9:2";"Exp60_163_IS20700";"Exp60_163_IS20700";NA;"2023-09-30 00:46:00";23019,8
"896200";"27:9:2";"Exp60_163_IS20700";"Exp60_163_IS20700";NA;"2023-09-30 01:02:00";23011,8
"896201";"27:9:2";"Exp60_163_IS20700";"Exp60_163_IS20700";NA;"2023-09-30 01:16:00";23007,2
"896202";"27:9:2";"Exp60_163_IS20700";"Exp60_163_IS20700";NA;"2023-09-30 01:32:00";23011,5
"896203";"27:9:2";"Exp60_163_IS20700";"Exp60_163_IS20700";NA;"2023-09-30 01:46:00";22916
"896204";"27:9:2";"Exp60_163_IS20700";"Exp60_163_IS20700";NA;"2023-09-30 08:46:00";23301,5
"896205";"27:9:2";"Exp60_163_IS20700";"Exp60_163_IS20700";NA;"2023-09-30 09:02:00";23372,3
"896206";"27:9:2";"Exp60_163_IS20700";"Exp60_163_IS20700";NA;"2023-09-30 09:16:00";23404,3
"896207";"27:9:2";"Exp60_163_IS20700";"Exp60_163_IS20700";NA;"2023-09-30 09:32:00";23501,8
"896208";"27:9:2";"Exp60_163_IS20700";"Exp60_163_IS20700";NA;"2023-09-30 09:46:00";23610,2
"896209";"27:9:2";"Exp60_163_IS20700";"Exp60_163_IS20700";NA;"2023-09-30 10:02:00";23608,5
"896210";"27:9:2";"Exp60_163_IS20700";"Exp60_163_IS20700";NA;"2023-09-30 10:16:00";23613,7
"896211";"27:9:2";"Exp60_163_IS20700";"Exp60_163_IS20700";NA;"2023-09-30 10:32:00";23623,3
"896212";"27:9:2";"Exp60_163_IS20700";"Exp60_163_IS20700";NA;"2023-09-30 10:46:00";23706,9
"896213";"27:9:2";"Exp60_163_IS20700";"Exp60_163_IS20700";NA;"2023-09-30 11:02:00";23816,7
"896214";"27:9:2";"Exp60_163_IS20700";"Exp60_163_IS20700";NA;"2023-09-30 11:16:00";23798,1
"896215";"27:9:2";"Exp60_163_IS20700";"Exp60_163_IS20700";NA;"2023-09-30 11:32:00";23790,7
"896216";"27:9:2";"Exp60_163_IS20700";"Exp60_163_IS20700";NA;"2023-09-30 11:46:00";23853,8
"896217";"27:9:2";"Exp60_163_IS20700";"Exp60_163_IS20700";NA;"2023-09-30 19:01:00";23166,9
"896218";"27:9:2";"Exp60_163_IS20700";"Exp60_163_IS20700";NA;"2023-09-30 19:17:00";23168
"896219";"27:9:2";"Exp60_163_IS20700";"Exp60_163_IS20700";NA;"2023-09-30 19:31:00";23170,3
"896220";"27:9:2";"Exp60_163_IS20700";"Exp60_163_IS20700";NA;"2023-09-30 19:47:00";23191,9
"896221";"27:9:2";"Exp60_163_IS20700";"Exp60_163_IS20700";NA;"2023-09-30 20:01:00";23149,2
"896222";"27:9:2";"Exp60_163_IS20700";"Exp60_163_IS20700";NA;"2023-09-30 20:17:00";23162,5
"896223";"27:9:2";"Exp60_163_IS20700";"Exp60_163_IS20700";NA;"2023-09-30 20:31:00";23150,1
"896224";"27:9:2";"Exp60_163_IS20700";"Exp60_163_IS20700";NA;"2023-09-30 20:47:00";23147,9
"896225";"27:9:2";"Exp60_163_IS20700";"Exp60_163_IS20700";NA;"2023-09-30 21:01:00";23163
"896226";"27:9:2";"Exp60_163_IS20700";"Exp60_163_IS20700";NA;"2023-09-30 21:32:00";23114,5
"896227";"27:9:2";"Exp60_163_IS20700";"Exp60_163_IS20700";NA;"2023-09-30 21:46:00";23136,5
"896228";"27:9:2";"Exp60_163_IS20700";"Exp60_163_IS20700";NA;"2023-09-30 22:02:00";23149,2
"896229";"27:9:2";"Exp60_163_IS20700";"Exp60_163_IS20700";NA;"2023-09-30 22:16:00";23144,9
"896230";"27:9:2";"Exp60_163_IS20700";"Exp60_163_IS20700";NA;"2023-09-30 22:32:00";23114,2
"896231";"27:9:2";"Exp60_163_IS20700";"Exp60_163_IS20700";NA;"2023-09-30 22:46:00";23092
"896232";"27:9:2";"Exp60_163_IS20700";"Exp60_163_IS20700";NA;"2023-09-30 23:02:00";23076,8
"896233";"27:9:2";"Exp60_163_IS20700";"Exp60_163_IS20700";NA;"2023-09-30 23:16:00";23078,9
"896234";"27:9:2";"Exp60_163_IS20700";"Exp60_163_IS20700";NA;"2023-09-30 23:32:00";23081,5
"896235";"27:9:2";"Exp60_163_IS20700";"Exp60_163_IS20700";NA;"2023-09-30 23:46:00";23100,8
"896236";"27:9:2";"Exp60_163_IS20700";"Exp60_163_IS20700";NA;"2023-10-01 00:02:00";23075,9
"896237";"27:9:2";"Exp60_163_IS20700";"Exp60_163_IS20700";NA;"2023-10-01 00:16:00";23070,8
"896238";"27:9:2";"Exp60_163_IS20700";"Exp60_163_IS20700";NA;"2023-10-01 00:32:00";23071,8
"896239";"27:9:2";"Exp60_163_IS20700";"Exp60_163_IS20700";NA;"2023-10-01 01:16:00";23027,7
"896240";"27:9:2";"Exp60_163_IS20700";"Exp60_163_IS20700";NA;"2023-10-01 01:32:00";23007
"896241";"27:9:2";"Exp60_163_IS20700";"Exp60_163_IS20700";NA;"2023-10-01 01:46:00";23041,2
"896242";"27:9:2";"Exp60_163_IS20700";"Exp60_163_IS20700";NA;"2023-10-01 02:02:00";23022,6
"896243";"27:9:2";"Exp60_163_IS20700";"Exp60_163_IS20700";NA;"2023-10-01 02:16:00";23031
"896244";"27:9:2";"Exp60_163_IS20700";"Exp60_163_IS20700";NA;"2023-10-01 02:32:00";23037,8
"896245";"27:9:2";"Exp60_163_IS20700";"Exp60_163_IS20700";NA;"2023-10-01 02:46:00";23039,2
"896246";"27:9:2";"Exp60_163_IS20700";"Exp60_163_IS20700";NA;"2023-10-01 09:31:00";23447,9
"896247";"27:9:2";"Exp60_163_IS20700";"Exp60_163_IS20700";NA;"2023-10-01 09:47:00";23493,8
"896248";"27:9:2";"Exp60_163_IS20700";"Exp60_163_IS20700";NA;"2023-10-01 10:01:00";23537,7
"896249";"27:9:2";"Exp60_163_IS20700";"Exp60_163_IS20700";NA;"2023-10-01 10:17:00";23595,4
"896250";"27:9:2";"Exp60_163_IS20700";"Exp60_163_IS20700";NA;"2023-10-01 10:31:00";23659,7
"896251";"27:9:2";"Exp60_163_IS20700";"Exp60_163_IS20700";NA;"2023-10-01 10:47:00";23711,8
"896252";"27:9:2";"Exp60_163_IS20700";"Exp60_163_IS20700";NA;"2023-10-01 11:01:00";23681,7
"896253";"27:9:2";"Exp60_163_IS20700";"Exp60_163_IS20700";NA;"2023-10-01 17:46:00";23255,9
"896254";"27:9:2";"Exp60_163_IS20700";"Exp60_163_IS20700";NA;"2023-10-01 18:02:00";23229,4
"896255";"27:9:2";"Exp60_163_IS20700";"Exp60_163_IS20700";NA;"2023-10-01 18:16:00";23220,6
"896256";"27:9:2";"Exp60_163_IS20700";"Exp60_163_IS20700";NA;"2023-10-01 18:32:00";23191
"896257";"27:9:2";"Exp60_163_IS20700";"Exp60_163_IS20700";NA;"2023-10-01 18:46:00";23161,6
"896258";"27:9:2";"Exp60_163_IS20700";"Exp60_163_IS20700";NA;"2023-10-01 19:02:00";23166,4
"896259";"27:9:2";"Exp60_163_IS20700";"Exp60_163_IS20700";NA;"2023-10-01 19:16:00";23145,5
"896260";"27:9:2";"Exp60_163_IS20700";"Exp60_163_IS20700";NA;"2023-10-01 19:32:00";23124
"896261";"27:9:2";"Exp60_163_IS20700";"Exp60_163_IS20700";NA;"2023-10-01 19:46:00";23104,2
"896262";"27:9:2";"Exp60_163_IS20700";"Exp60_163_IS20700";NA;"2023-10-01 20:02:00";23094,1
"896263";"27:9:2";"Exp60_163_IS20700";"Exp60_163_IS20700";NA;"2023-10-01 20:16:00";23072,6
"896264";"27:9:2";"Exp60_163_IS20700";"Exp60_163_IS20700";NA;"2023-10-01 20:32:00";23062,8
"896265";"27:9:2";"Exp60_163_IS20700";"Exp60_163_IS20700";NA;"2023-10-01 20:46:00";23060
"896266";"27:9:2";"Exp60_163_IS20700";"Exp60_163_IS20700";NA;"2023-10-01 21:02:00";23033,4
"896267";"27:9:2";"Exp60_163_IS20700";"Exp60_163_IS20700";NA;"2023-10-01 21:16:00";23043,7
"896268";"27:9:2";"Exp60_163_IS20700";"Exp60_163_IS20700";NA;"2023-10-01 21:32:00";23033,6
"896269";"27:9:2";"Exp60_163_IS20700";"Exp60_163_IS20700";NA;"2023-10-01 21:46:00";23005,1
"896270";"27:9:2";"Exp60_163_IS20700";"Exp60_163_IS20700";NA;"2023-10-01 22:02:00";23008
"896271";"27:9:2";"Exp60_163_IS20700";"Exp60_163_IS20700";NA;"2023-10-01 22:16:00";23022,5
"896272";"27:9:2";"Exp60_163_IS20700";"Exp60_163_IS20700";NA;"2023-10-01 22:32:00";23009,1
"896273";"27:9:2";"Exp60_163_IS20700";"Exp60_163_IS20700";NA;"2023-10-01 22:46:00";23029,9
"896274";"27:9:2";"Exp60_163_IS20700";"Exp60_163_IS20700";NA;"2023-10-01 23:17:00";23040,1
"896275";"27:9:2";"Exp60_163_IS20700";"Exp60_163_IS20700";NA;"2023-10-01 23:31:00";23019,5
"896276";"27:9:2";"Exp60_163_IS20700";"Exp60_163_IS20700";NA;"2023-10-02 07:01:00";22970,7
"896277";"27:9:2";"Exp60_163_IS20700";"Exp60_163_IS20700";NA;"2023-10-02 07:17:00";23014
"896278";"27:9:2";"Exp60_163_IS20700";"Exp60_163_IS20700";NA;"2023-10-02 07:31:00";23037,3
"896279";"27:9:2";"Exp60_163_IS20700";"Exp60_163_IS20700";NA;"2023-10-02 07:47:00";23035,6
"896280";"27:9:2";"Exp60_163_IS20700";"Exp60_163_IS20700";NA;"2023-10-02 08:01:00";23081,5
"896281";"27:9:2";"Exp60_163_IS20700";"Exp60_163_IS20700";NA;"2023-10-02 08:17:00";23049,5
"896282";"27:9:2";"Exp60_163_IS20700";"Exp60_163_IS20700";NA;"2023-10-02 08:31:00";23119,3
"896283";"27:9:2";"Exp60_163_IS20700";"Exp60_163_IS20700";NA;"2023-10-02 08:47:00";23162,3
"896284";"27:9:2";"Exp60_163_IS20700";"Exp60_163_IS20700";NA;"2023-10-02 09:01:00";23197,5
"896285";"27:9:2";"Exp60_163_IS20700";"Exp60_163_IS20700";NA;"2023-10-02 09:17:00";23239,5
"896286";"27:9:2";"Exp60_163_IS20700";"Exp60_163_IS20700";NA;"2023-10-02 09:31:00";23232,1
"896287";"27:9:2";"Exp60_163_IS20700";"Exp60_163_IS20700";NA;"2023-10-02 09:47:00";23234,9
"896288";"27:9:2";"Exp60_163_IS20700";"Exp60_163_IS20700";NA;"2023-10-02 10:01:00";23216,3
"896289";"27:9:2";"Exp60_163_IS20700";"Exp60_163_IS20700";NA;"2023-10-02 10:32:00";23239,4
"896290";"27:9:2";"Exp60_163_IS20700";"Exp60_163_IS20700";NA;"2023-10-02 10:46:00";23251,4
"896291";"27:9:2";"Exp60_163_IS20700";"Exp60_163_IS20700";NA;"2023-10-02 11:17:00";23389,3
"896292";"27:9:2";"Exp60_163_IS20700";"Exp60_163_IS20700";NA;"2023-10-02 11:31:00";23410,2
"896293";"27:9:2";"Exp60_163_IS20700";"Exp60_163_IS20700";NA;"2023-10-02 11:47:00";23480,2
"896294";"27:9:2";"Exp60_163_IS20700";"Exp60_163_IS20700";NA;"2023-10-02 12:01:00";23528,6
"896295";"27:9:2";"Exp60_163_IS20700";"Exp60_163_IS20700";NA;"2023-10-02 12:17:00";23601,1
"896296";"27:9:2";"Exp60_163_IS20700";"Exp60_163_IS20700";NA;"2023-10-02 12:31:00";23622,1
"896297";"27:9:2";"Exp60_163_IS20700";"Exp60_163_IS20700";NA;"2023-10-02 12:47:00";23681,4
"896298";"27:9:2";"Exp60_163_IS20700";"Exp60_163_IS20700";NA;"2023-10-02 13:01:00";23709,9
"896299";"27:9:2";"Exp60_163_IS20700";"Exp60_163_IS20700";NA;"2023-10-02 13:17:00";23770,4
"896300";"27:9:2";"Exp60_163_IS20700";"Exp60_163_IS20700";NA;"2023-10-02 13:31:00";23783,2
"896301";"27:9:2";"Exp60_163_IS20700";"Exp60_163_IS20700";NA;"2023-10-02 13:47:00";23849,1
"896302";"27:9:2";"Exp60_163_IS20700";"Exp60_163_IS20700";NA;"2023-10-02 14:01:00";23837,4
"896303";"27:9:2";"Exp60_163_IS20700";"Exp60_163_IS20700";NA;"2023-10-02 14:17:00";23822,1
"896304";"27:9:2";"Exp60_163_IS20700";"Exp60_163_IS20700";NA;"2023-10-02 14:31:00";23818,4
"896305";"27:9:2";"Exp60_163_IS20700";"Exp60_163_IS20700";NA;"2023-10-02 14:47:00";23812,4
"896306";"27:9:2";"Exp60_163_IS20700";"Exp60_163_IS20700";NA;"2023-10-02 15:01:00";23766,4
"896307";"27:9:2";"Exp60_163_IS20700";"Exp60_163_IS20700";NA;"2023-10-02 15:32:00";23649,8
"896308";"27:9:2";"Exp60_163_IS20700";"Exp60_163_IS20700";NA;"2023-10-02 15:46:00";23623,3
"896309";"27:9:2";"Exp60_163_IS20700";"Exp60_163_IS20700";NA;"2023-10-02 16:02:00";23589,2
"896310";"27:9:2";"Exp60_163_IS20700";"Exp60_163_IS20700";NA;"2023-10-02 16:16:00";23544,1
"896311";"27:9:2";"Exp60_163_IS20700";"Exp60_163_IS20700";NA;"2023-10-02 23:01:00";23025,7
"896312";"27:9:2";"Exp60_163_IS20700";"Exp60_163_IS20700";NA;"2023-10-02 23:17:00";23036,7
"896313";"27:9:2";"Exp60_163_IS20700";"Exp60_163_IS20700";NA;"2023-10-02 23:31:00";23019,2
"896314";"27:9:2";"Exp60_163_IS20700";"Exp60_163_IS20700";NA;"2023-10-02 23:47:00";23036,9
"896315";"27:9:2";"Exp60_163_IS20700";"Exp60_163_IS20700";NA;"2023-10-03 00:01:00";22990,3
"896316";"27:9:2";"Exp60_163_IS20700";"Exp60_163_IS20700";NA;"2023-10-03 00:17:00";22981,4
"896317";"27:9:2";"Exp60_163_IS20700";"Exp60_163_IS20700";NA;"2023-10-03 00:31:00";22995,2
"896318";"27:9:2";"Exp60_163_IS20700";"Exp60_163_IS20700";NA;"2023-10-03 00:47:00";23021,7
"896319";"27:9:2";"Exp60_163_IS20700";"Exp60_163_IS20700";NA;"2023-10-03 01:01:00";22981,7
"896320";"27:9:2";"Exp60_163_IS20700";"Exp60_163_IS20700";NA;"2023-10-03 01:17:00";22997,2
"896321";"27:9:2";"Exp60_163_IS20700";"Exp60_163_IS20700";NA;"2023-10-03 01:31:00";22980,2
"896322";"27:9:2";"Exp60_163_IS20700";"Exp60_163_IS20700";NA;"2023-10-03 01:47:00";22985,8
"896323";"27:9:2";"Exp60_163_IS20700";"Exp60_163_IS20700";NA;"2023-10-03 02:01:00";22988,1
"896324";"27:9:2";"Exp60_163_IS20700";"Exp60_163_IS20700";NA;"2023-10-03 02:17:00";22977,6
"896325";"27:9:2";"Exp60_163_IS20700";"Exp60_163_IS20700";NA;"2023-10-03 02:31:00";22976,3
"896326";"27:9:2";"Exp60_163_IS20700";"Exp60_163_IS20700";NA;"2023-10-03 03:47:00";22970,2
"896327";"27:9:2";"Exp60_163_IS20700";"Exp60_163_IS20700";NA;"2023-10-03 04:01:00";22958,5
"896328";"27:9:2";"Exp60_163_IS20700";"Exp60_163_IS20700";NA;"2023-10-03 04:17:00";22939,7
"896329";"27:9:2";"Exp60_163_IS20700";"Exp60_163_IS20700";NA;"2023-10-03 04:31:00";22946,7
"896330";"27:9:2";"Exp60_163_IS20700";"Exp60_163_IS20700";NA;"2023-10-03 04:47:00";22945,5
"896331";"27:9:2";"Exp60_163_IS20700";"Exp60_163_IS20700";NA;"2023-10-03 05:01:00";22954,4
"896332";"27:9:2";"Exp60_163_IS20700";"Exp60_163_IS20700";NA;"2023-10-03 05:17:00";22910,7
"896333";"27:9:2";"Exp60_163_IS20700";"Exp60_163_IS20700";NA;"2023-10-03 06:01:00";22896,4
"896334";"27:9:2";"Exp60_163_IS20700";"Exp60_163_IS20700";NA;"2023-10-03 06:17:00";22892,7
"896335";"27:9:2";"Exp60_163_IS20700";"Exp60_163_IS20700";NA;"2023-10-03 06:31:00";22880,2
"896336";"27:9:2";"Exp60_163_IS20700";"Exp60_163_IS20700";NA;"2023-10-03 06:47:00";22877,2
"896337";"27:9:2";"Exp60_163_IS20700";"Exp60_163_IS20700";NA;"2023-10-03 07:01:00";22907,6
"896338";"27:9:2";"Exp60_163_IS20700";"Exp60_163_IS20700";NA;"2023-10-03 07:17:00";22943,5
"896339";"27:9:2";"Exp60_163_IS20700";"Exp60_163_IS20700";NA;"2023-10-03 07:31:00";22954,1
"896340";"27:9:2";"Exp60_163_IS20700";"Exp60_163_IS20700";NA;"2023-10-03 08:02:00";22998,1
"896341";"27:9:2";"Exp60_163_IS20700";"Exp60_163_IS20700";NA;"2023-10-03 08:16:00";23058,3
"896342";"27:9:2";"Exp60_163_IS20700";"Exp60_163_IS20700";NA;"2023-10-03 08:32:00";23086,8
"896343";"27:9:2";"Exp60_163_IS20700";"Exp60_163_IS20700";NA;"2023-10-03 08:46:00";23141,8
"896344";"27:9:2";"Exp60_163_IS20700";"Exp60_163_IS20700";NA;"2023-10-03 15:16:00";40000
"896345";"27:9:2";"Exp60_163_IS20700";"Exp60_163_IS20700";NA;"2023-10-03 21:16:00";40000
"896346";"27:9:2";"Exp60_163_IS20700";"Exp60_163_IS20700";NA;"2023-10-03 22:02:00";40000
"896347";"27:9:2";"Exp60_163_IS20700";"Exp60_163_IS20700";NA;"2023-10-03 22:16:00";40000
"896348";"27:9:2";"Exp60_163_IS20700";"Exp60_163_IS20700";NA;"2023-10-03 22:32:00";40000
"896349";"27:9:2";"Exp60_163_IS20700";"Exp60_163_IS20700";NA;"2023-10-03 22:46:00";40000
"896350";"27:9:2";"Exp60_163_IS20700";"Exp60_163_IS20700";NA;"2023-10-03 23:17:00";40000
"896351";"27:9:2";"Exp60_163_IS20700";"Exp60_163_IS20700";NA;"2023-10-03 23:31:00";40000
"896352";"27:9:2";"Exp60_163_IS20700";"Exp60_163_IS20700";NA;"2023-10-03 23:47:00";40000
"896353";"27:9:2";"Exp60_163_IS20700";"Exp60_163_IS20700";NA;"2023-10-04 00:16:00";40000
"896354";"27:9:2";"Exp60_163_IS20700";"Exp60_163_IS20700";NA;"2023-10-04 00:32:00";40000
"896355";"27:9:2";"Exp60_163_IS20700";"Exp60_163_IS20700";NA;"2023-10-04 00:46:00";40000
"896356";"27:9:2";"Exp60_163_IS20700";"Exp60_163_IS20700";NA;"2023-10-04 01:02:00";40000
"896357";"27:9:2";"Exp60_163_IS20700";"Exp60_163_IS20700";NA;"2023-10-04 01:16:00";40000
"896358";"27:9:2";"Exp60_163_IS20700";"Exp60_163_IS20700";NA;"2023-10-04 01:32:00";40000
"896359";"27:9:2";"Exp60_163_IS20700";"Exp60_163_IS20700";NA;"2023-10-04 01:46:00";40000
"896360";"27:9:2";"Exp60_163_IS20700";"Exp60_163_IS20700";NA;"2023-10-04 02:02:00";40000
"896361";"27:9:2";"Exp60_163_IS20700";"Exp60_163_IS20700";NA;"2023-10-04 02:16:00";40000
"896362";"27:9:2";"Exp60_163_IS20700";"Exp60_163_IS20700";NA;"2023-10-04 02:32:00";40000
"896363";"27:9:2";"Exp60_163_IS20700";"Exp60_163_IS20700";NA;"2023-10-04 02:46:00";40000
"896364";"27:9:2";"Exp60_163_IS20700";"Exp60_163_IS20700";NA;"2023-10-04 03:17:00";40000
"896365";"27:9:2";"Exp60_163_IS20700";"Exp60_163_IS20700";NA;"2023-10-04 03:31:00";40000
"896366";"27:9:2";"Exp60_163_IS20700";"Exp60_163_IS20700";NA;"2023-10-04 03:47:00";40000
"896367";"27:9:2";"Exp60_163_IS20700";"Exp60_163_IS20700";NA;"2023-10-04 04:01:00";40000
"896368";"27:9:2";"Exp60_163_IS20700";"Exp60_163_IS20700";NA;"2023-10-04 04:32:00";40000
"896369";"27:9:2";"Exp60_163_IS20700";"Exp60_163_IS20700";NA;"2023-10-04 04:46:00";40000
"896370";"27:9:2";"Exp60_163_IS20700";"Exp60_163_IS20700";NA;"2023-10-04 05:02:00";40000
"896371";"27:9:2";"Exp60_163_IS20700";"Exp60_163_IS20700";NA;"2023-10-04 05:16:00";40000
"896372";"27:9:2";"Exp60_163_IS20700";"Exp60_163_IS20700";NA;"2023-10-04 05:32:00";40000
"896373";"27:9:2";"Exp60_163_IS20700";"Exp60_163_IS20700";NA;"2023-10-04 05:46:00";40000
"896374";"27:9:2";"Exp60_163_IS20700";"Exp60_163_IS20700";NA;"2023-10-04 06:32:00";40000
"896375";"27:9:2";"Exp60_163_IS20700";"Exp60_163_IS20700";NA;"2023-10-04 06:46:00";40000
"896376";"27:9:2";"Exp60_163_IS20700";"Exp60_163_IS20700";NA;"2023-10-04 07:17:00";40000
"896377";"27:9:2";"Exp60_163_IS20700";"Exp60_163_IS20700";NA;"2023-10-04 07:31:00";40000
"896378";"27:9:2";"Exp60_163_IS20700";"Exp60_163_IS20700";NA;"2023-10-04 07:47:00";40000
"896379";"27:9:2";"Exp60_163_IS20700";"Exp60_163_IS20700";NA;"2023-10-04 08:01:00";40000
"896380";"27:9:2";"Exp60_163_IS20700";"Exp60_163_IS20700";NA;"2023-10-04 08:17:00";40000
"896381";"27:9:2";"Exp60_163_IS20700";"Exp60_163_IS20700";NA;"2023-10-04 08:31:00";40000
"896382";"27:9:2";"Exp60_163_IS20700";"Exp60_163_IS20700";NA;"2023-10-04 08:47:00";40000
"896383";"27:9:2";"Exp60_163_IS20700";"Exp60_163_IS20700";NA;"2023-10-04 09:01:00";40000
"896384";"27:9:2";"Exp60_163_IS20700";"Exp60_163_IS20700";NA;"2023-10-04 09:17:00";40000
"896385";"27:9:2";"Exp60_163_IS20700";"Exp60_163_IS20700";NA;"2023-10-04 09:31:00";40000
"896386";"27:9:2";"Exp60_163_IS20700";"Exp60_163_IS20700";NA;"2023-10-04 09:47:00";40000
"896387";"27:9:2";"Exp60_163_IS20700";"Exp60_163_IS20700";NA;"2023-10-04 10:01:00";40000
"896388";"27:9:2";"Exp60_163_IS20700";"Exp60_163_IS20700";NA;"2023-10-04 10:17:00";40000
"896389";"27:9:2";"Exp60_163_IS20700";"Exp60_163_IS20700";NA;"2023-10-04 10:31:00";40000
"896390";"27:9:2";"Exp60_163_IS20700";"Exp60_163_IS20700";NA;"2023-10-04 10:47:00";40000
"896391";"27:9:2";"Exp60_163_IS20700";"Exp60_163_IS20700";NA;"2023-10-04 11:01:00";40000
"896392";"27:9:2";"Exp60_163_IS20700";"Exp60_163_IS20700";NA;"2023-10-04 11:17:00";40000
"896393";"27:9:2";"Exp60_163_IS20700";"Exp60_163_IS20700";NA;"2023-10-04 11:31:00";40000
"896394";"27:9:2";"Exp60_163_IS20700";"Exp60_163_IS20700";NA;"2023-10-04 11:47:00";40000
"896395";"27:9:2";"Exp60_163_IS20700";"Exp60_163_IS20700";NA;"2023-10-04 12:01:00";40000
"896396";"27:9:2";"Exp60_163_IS20700";"Exp60_163_IS20700";NA;"2023-10-04 12:32:00";40000
"896397";"27:9:2";"Exp60_163_IS20700";"Exp60_163_IS20700";NA;"2023-10-04 12:46:00";40000
"896398";"27:9:2";"Exp60_163_IS20700";"Exp60_163_IS20700";NA;"2023-10-04 13:02:00";40000
"896399";"27:9:2";"Exp60_163_IS20700";"Exp60_163_IS20700";NA;"2023-10-04 13:16:00";40000
"896400";"27:9:2";"Exp60_163_IS20700";"Exp60_163_IS20700";NA;"2023-10-04 13:32:00";40000
"896401";"27:9:2";"Exp60_163_IS20700";"Exp60_163_IS20700";NA;"2023-10-04 13:46:00";40000
"896402";"27:9:2";"Exp60_163_IS20700";"Exp60_163_IS20700";NA;"2023-10-04 21:01:00";40000
"896403";"27:9:2";"Exp60_163_IS20700";"Exp60_163_IS20700";NA;"2023-10-05 03:31:00";40000
"896404";"27:9:2";"Exp60_163_IS20700";"Exp60_163_IS20700";NA;"2023-10-05 03:47:00";40000
"896405";"27:9:2";"Exp60_163_IS20700";"Exp60_163_IS20700";NA;"2023-10-05 04:01:00";40000
"896406";"27:9:2";"Exp60_163_IS20700";"Exp60_163_IS20700";NA;"2023-10-05 04:17:00";40000
"896407";"27:9:2";"Exp60_163_IS20700";"Exp60_163_IS20700";NA;"2023-10-05 04:31:00";40000
"896408";"27:9:2";"Exp60_163_IS20700";"Exp60_163_IS20700";NA;"2023-10-05 04:47:00";40000
"896409";"27:9:2";"Exp60_163_IS20700";"Exp60_163_IS20700";NA;"2023-10-05 05:01:00";40000
"896410";"27:9:2";"Exp60_163_IS20700";"Exp60_163_IS20700";NA;"2023-10-05 05:17:00";40000
"896411";"27:9:2";"Exp60_163_IS20700";"Exp60_163_IS20700";NA;"2023-10-05 05:31:00";40000
"896412";"27:9:2";"Exp60_163_IS20700";"Exp60_163_IS20700";NA;"2023-10-05 05:47:00";40000
"896413";"27:9:2";"Exp60_163_IS20700";"Exp60_163_IS20700";NA;"2023-10-05 06:01:00";40000
"896414";"27:9:2";"Exp60_163_IS20700";"Exp60_163_IS20700";NA;"2023-10-05 06:17:00";40000
"896415";"27:9:2";"Exp60_163_IS20700";"Exp60_163_IS20700";NA;"2023-10-05 06:31:00";40000
"896416";"27:9:2";"Exp60_163_IS20700";"Exp60_163_IS20700";NA;"2023-10-05 06:47:00";40000
"896417";"27:9:2";"Exp60_163_IS20700";"Exp60_163_IS20700";NA;"2023-10-05 07:01:00";40000
"896418";"27:9:2";"Exp60_163_IS20700";"Exp60_163_IS20700";NA;"2023-10-05 07:17:00";40000
"896419";"27:9:2";"Exp60_163_IS20700";"Exp60_163_IS20700";NA;"2023-10-05 07:31:00";40000
"896420";"27:9:2";"Exp60_163_IS20700";"Exp60_163_IS20700";NA;"2023-10-05 07:47:00";40000
"896421";"27:9:2";"Exp60_163_IS20700";"Exp60_163_IS20700";NA;"2023-10-05 08:01:00";40000
"896422";"27:9:2";"Exp60_163_IS20700";"Exp60_163_IS20700";NA;"2023-10-05 08:17:00";40000
"896423";"27:9:2";"Exp60_163_IS20700";"Exp60_163_IS20700";NA;"2023-10-05 08:31:00";40000
"896424";"27:9:2";"Exp60_163_IS20700";"Exp60_163_IS20700";NA;"2023-10-05 08:47:00";40000
"896425";"27:9:2";"Exp60_163_IS20700";"Exp60_163_IS20700";NA;"2023-10-05 09:01:00";40000
"896426";"27:9:2";"Exp60_163_IS20700";"Exp60_163_IS20700";NA;"2023-10-05 09:17:00";40000
"896427";"27:9:2";"Exp60_163_IS20700";"Exp60_163_IS20700";NA;"2023-10-05 09:31:00";40000
"896428";"27:9:2";"Exp60_163_IS20700";"Exp60_163_IS20700";NA;"2023-10-05 09:47:00";40000
"896429";"27:9:2";"Exp60_163_IS20700";"Exp60_163_IS20700";NA;"2023-10-05 10:01:00";40000
"896430";"27:9:2";"Exp60_163_IS20700";"Exp60_163_IS20700";NA;"2023-10-05 10:17:00";40000
"896431";"27:9:2";"Exp60_163_IS20700";"Exp60_163_IS20700";NA;"2023-10-05 10:31:00";40000
"896432";"27:9:2";"Exp60_163_IS20700";"Exp60_163_IS20700";NA;"2023-10-05 10:47:00";40000
"896433";"27:9:2";"Exp60_163_IS20700";"Exp60_163_IS20700";NA;"2023-10-05 11:01:00";40000
"896434";"27:9:2";"Exp60_163_IS20700";"Exp60_163_IS20700";NA;"2023-10-05 11:17:00";40000
"896435";"27:9:2";"Exp60_163_IS20700";"Exp60_163_IS20700";NA;"2023-10-05 11:31:00";40000
"896436";"27:9:2";"Exp60_163_IS20700";"Exp60_163_IS20700";NA;"2023-10-05 11:47:00";40000
"896437";"27:9:2";"Exp60_163_IS20700";"Exp60_163_IS20700";NA;"2023-10-05 12:01:00";40000
"896438";"27:9:2";"Exp60_163_IS20700";"Exp60_163_IS20700";NA;"2023-10-05 18:01:00";40000
"896439";"27:9:2";"Exp60_163_IS20700";"Exp60_163_IS20700";NA;"2023-10-05 18:17:00";40000
"896440";"27:9:2";"Exp60_163_IS20700";"Exp60_163_IS20700";NA;"2023-10-05 18:31:00";40000
"896441";"27:9:2";"Exp60_163_IS20700";"Exp60_163_IS20700";NA;"2023-10-06 00:31:00";40000
"896442";"27:9:2";"Exp60_163_IS20700";"Exp60_163_IS20700";NA;"2023-10-06 00:47:00";40000
"896443";"27:9:2";"Exp60_163_IS20700";"Exp60_163_IS20700";NA;"2023-10-06 01:01:00";40000
"896444";"27:9:2";"Exp60_163_IS20700";"Exp60_163_IS20700";NA;"2023-10-06 01:17:00";40000
"896445";"27:9:2";"Exp60_163_IS20700";"Exp60_163_IS20700";NA;"2023-10-06 01:31:00";40000
"896446";"27:9:2";"Exp60_163_IS20700";"Exp60_163_IS20700";NA;"2023-10-06 01:47:00";40000
"896447";"27:9:2";"Exp60_163_IS20700";"Exp60_163_IS20700";NA;"2023-10-06 02:01:00";40000
"896448";"27:9:2";"Exp60_163_IS20700";"Exp60_163_IS20700";NA;"2023-10-06 02:17:00";40000
"896449";"27:9:2";"Exp60_163_IS20700";"Exp60_163_IS20700";NA;"2023-10-06 02:31:00";40000
"896450";"27:9:2";"Exp60_163_IS20700";"Exp60_163_IS20700";NA;"2023-10-06 02:47:00";40000
"896451";"27:9:2";"Exp60_163_IS20700";"Exp60_163_IS20700";NA;"2023-10-06 03:16:00";40000
"896452";"27:9:2";"Exp60_163_IS20700";"Exp60_163_IS20700";NA;"2023-10-06 03:32:00";40000
"896453";"27:9:2";"Exp60_163_IS20700";"Exp60_163_IS20700";NA;"2023-10-06 03:46:00";40000
"896454";"27:9:2";"Exp60_163_IS20700";"Exp60_163_IS20700";NA;"2023-10-06 10:46:00";40000
"896455";"27:9:2";"Exp60_163_IS20700";"Exp60_163_IS20700";NA;"2023-10-06 11:02:00";40000
"896456";"27:9:2";"Exp60_163_IS20700";"Exp60_163_IS20700";NA;"2023-10-06 11:16:00";40000
"896457";"27:9:2";"Exp60_163_IS20700";"Exp60_163_IS20700";NA;"2023-10-06 11:47:00";40000
"896458";"27:9:2";"Exp60_163_IS20700";"Exp60_163_IS20700";NA;"2023-10-06 12:01:00";40000
"896459";"27:9:2";"Exp60_163_IS20700";"Exp60_163_IS20700";NA;"2023-10-06 20:01:00";40000
"896460";"27:9:2";"Exp60_163_IS20700";"Exp60_163_IS20700";NA;"2023-10-06 20:17:00";40000
"896461";"27:9:2";"Exp60_163_IS20700";"Exp60_163_IS20700";NA;"2023-10-06 20:31:00";40000
"896462";"27:9:2";"Exp60_163_IS20700";"Exp60_163_IS20700";NA;"2023-10-07 03:01:00";40000
"896463";"27:9:2";"Exp60_163_IS20700";"Exp60_163_IS20700";NA;"2023-10-07 03:17:00";40000
"896464";"27:9:2";"Exp60_163_IS20700";"Exp60_163_IS20700";NA;"2023-10-07 03:31:00";40000
"896465";"27:9:2";"Exp60_163_IS20700";"Exp60_163_IS20700";NA;"2023-10-07 03:47:00";40000
"896466";"27:9:2";"Exp60_163_IS20700";"Exp60_163_IS20700";NA;"2023-10-07 04:01:00";40000
"896467";"27:9:2";"Exp60_163_IS20700";"Exp60_163_IS20700";NA;"2023-10-07 11:01:00";40000
"896468";"27:9:2";"Exp60_163_IS20700";"Exp60_163_IS20700";NA;"2023-10-07 11:17:00";40000
"896469";"27:9:2";"Exp60_163_IS20700";"Exp60_163_IS20700";NA;"2023-10-07 11:31:00";40000
"896470";"27:9:2";"Exp60_163_IS20700";"Exp60_163_IS20700";NA;"2023-10-07 11:47:00";40000
"896471";"27:9:2";"Exp60_163_IS20700";"Exp60_163_IS20700";NA;"2023-10-07 12:01:00";40000
"896472";"27:9:2";"Exp60_163_IS20700";"Exp60_163_IS20700";NA;"2023-10-07 12:47:00";40000
"896473";"27:9:2";"Exp60_163_IS20700";"Exp60_163_IS20700";NA;"2023-10-07 13:01:00";40000
"896474";"27:9:2";"Exp60_163_IS20700";"Exp60_163_IS20700";NA;"2023-10-07 13:17:00";40000
"896475";"27:9:2";"Exp60_163_IS20700";"Exp60_163_IS20700";NA;"2023-10-07 13:31:00";40000
"896476";"27:9:2";"Exp60_163_IS20700";"Exp60_163_IS20700";NA;"2023-10-07 13:47:00";40000
"896477";"27:9:2";"Exp60_163_IS20700";"Exp60_163_IS20700";NA;"2023-10-07 14:01:00";40000
"896478";"27:9:2";"Exp60_163_IS20700";"Exp60_163_IS20700";NA;"2023-10-07 14:17:00";40000
"896479";"27:9:2";"Exp60_163_IS20700";"Exp60_163_IS20700";NA;"2023-10-07 14:31:00";40000
"896480";"27:9:2";"Exp60_163_IS20700";"Exp60_163_IS20700";NA;"2023-10-07 20:46:00";40000
"896481";"27:9:2";"Exp60_163_IS20700";"Exp60_163_IS20700";NA;"2023-10-07 21:02:00";40000
"896482";"27:9:2";"Exp60_163_IS20700";"Exp60_163_IS20700";NA;"2023-10-07 21:16:00";40000
"896483";"27:9:2";"Exp60_163_IS20700";"Exp60_163_IS20700";NA;"2023-10-07 21:32:00";40000
"896484";"27:9:2";"Exp60_163_IS20700";"Exp60_163_IS20700";NA;"2023-10-07 21:46:00";40000
"896485";"27:9:2";"Exp60_163_IS20700";"Exp60_163_IS20700";NA;"2023-10-07 22:02:00";40000
"896486";"27:9:2";"Exp60_163_IS20700";"Exp60_163_IS20700";NA;"2023-10-07 22:16:00";40000
"896487";"27:9:2";"Exp60_163_IS20700";"Exp60_163_IS20700";NA;"2023-10-07 22:32:00";40000
"896488";"27:9:2";"Exp60_163_IS20700";"Exp60_163_IS20700";NA;"2023-10-07 22:46:00";40000
"896489";"27:9:2";"Exp60_163_IS20700";"Exp60_163_IS20700";NA;"2023-10-07 23:02:00";40000
"896490";"27:9:2";"Exp60_163_IS20700";"Exp60_163_IS20700";NA;"2023-10-07 23:16:00";40000
"896491";"27:9:2";"Exp60_163_IS20700";"Exp60_163_IS20700";NA;"2023-10-07 23:32:00";40000
"896492";"27:9:2";"Exp60_163_IS20700";"Exp60_163_IS20700";NA;"2023-10-07 23:46:00";40000
"896493";"27:9:2";"Exp60_163_IS20700";"Exp60_163_IS20700";NA;"2023-10-08 00:02:00";40000
"896494";"27:9:2";"Exp60_163_IS20700";"Exp60_163_IS20700";NA;"2023-10-08 00:16:00";40000
"896495";"27:9:2";"Exp60_163_IS20700";"Exp60_163_IS20700";NA;"2023-10-08 00:32:00";40000
"896496";"27:9:2";"Exp60_163_IS20700";"Exp60_163_IS20700";NA;"2023-10-08 00:46:00";40000
"896497";"27:9:2";"Exp60_163_IS20700";"Exp60_163_IS20700";NA;"2023-10-08 01:02:00";40000
"896498";"27:9:2";"Exp60_163_IS20700";"Exp60_163_IS20700";NA;"2023-10-08 01:16:00";40000
"896499";"27:9:2";"Exp60_163_IS20700";"Exp60_163_IS20700";NA;"2023-10-08 01:32:00";40000
"896500";"27:9:2";"Exp60_163_IS20700";"Exp60_163_IS20700";NA;"2023-10-08 01:46:00";40000
"896501";"27:9:2";"Exp60_163_IS20700";"Exp60_163_IS20700";NA;"2023-10-08 02:02:00";40000
"896502";"27:9:2";"Exp60_163_IS20700";"Exp60_163_IS20700";NA;"2023-10-08 02:16:00";40000
"896503";"27:9:2";"Exp60_163_IS20700";"Exp60_163_IS20700";NA;"2023-10-08 02:32:00";40000
"896504";"27:9:2";"Exp60_163_IS20700";"Exp60_163_IS20700";NA;"2023-10-08 02:46:00";40000
"896505";"27:9:2";"Exp60_163_IS20700";"Exp60_163_IS20700";NA;"2023-10-08 03:02:00";40000
"896506";"27:9:2";"Exp60_163_IS20700";"Exp60_163_IS20700";NA;"2023-10-08 03:16:00";40000
"896507";"27:9:2";"Exp60_163_IS20700";"Exp60_163_IS20700";NA;"2023-10-08 03:32:00";40000
"896508";"27:9:2";"Exp60_163_IS20700";"Exp60_163_IS20700";NA;"2023-10-08 03:46:00";40000
"896509";"27:9:2";"Exp60_163_IS20700";"Exp60_163_IS20700";NA;"2023-10-08 04:02:00";40000
"896510";"27:9:2";"Exp60_163_IS20700";"Exp60_163_IS20700";NA;"2023-10-08 04:16:00";40000
"896511";"27:9:2";"Exp60_163_IS20700";"Exp60_163_IS20700";NA;"2023-10-08 04:32:00";40000
"896512";"27:9:2";"Exp60_163_IS20700";"Exp60_163_IS20700";NA;"2023-10-08 04:46:00";40000
"896513";"27:9:2";"Exp60_163_IS20700";"Exp60_163_IS20700";NA;"2023-10-08 05:02:00";40000
"896514";"27:9:2";"Exp60_163_IS20700";"Exp60_163_IS20700";NA;"2023-10-08 05:16:00";40000
"896515";"27:9:2";"Exp60_163_IS20700";"Exp60_163_IS20700";NA;"2023-10-08 05:32:00";40000
"896516";"27:9:2";"Exp60_163_IS20700";"Exp60_163_IS20700";NA;"2023-10-08 05:46:00";40000
"896517";"27:9:2";"Exp60_163_IS20700";"Exp60_163_IS20700";NA;"2023-10-08 06:02:00";40000
"896518";"27:9:2";"Exp60_163_IS20700";"Exp60_163_IS20700";NA;"2023-10-08 06:16:00";40000
"896519";"27:9:2";"Exp60_163_IS20700";"Exp60_163_IS20700";NA;"2023-10-08 06:32:00";40000
"896520";"27:9:2";"Exp60_163_IS20700";"Exp60_163_IS20700";NA;"2023-10-08 06:46:00";40000
"896521";"27:9:2";"Exp60_163_IS20700";"Exp60_163_IS20700";NA;"2023-10-08 07:02:00";40000
"896522";"27:9:2";"Exp60_163_IS20700";"Exp60_163_IS20700";NA;"2023-10-08 07:16:00";40000
"896523";"27:9:2";"Exp60_163_IS20700";"Exp60_163_IS20700";NA;"2023-10-08 07:32:00";40000
"896524";"27:9:2";"Exp60_163_IS20700";"Exp60_163_IS20700";NA;"2023-10-08 07:46:00";40000
"896525";"27:9:2";"Exp60_163_IS20700";"Exp60_163_IS20700";NA;"2023-10-08 08:02:00";40000
"896526";"27:9:2";"Exp60_163_IS20700";"Exp60_163_IS20700";NA;"2023-10-08 08:16:00";40000
"896527";"27:9:2";"Exp60_163_IS20700";"Exp60_163_IS20700";NA;"2023-10-08 08:32:00";40000
"896528";"27:9:2";"Exp60_163_IS20700";"Exp60_163_IS20700";NA;"2023-10-08 08:46:00";40000
"896529";"27:9:2";"Exp60_163_IS20700";"Exp60_163_IS20700";NA;"2023-10-08 09:02:00";40000
"896530";"27:9:2";"Exp60_163_IS20700";"Exp60_163_IS20700";NA;"2023-10-08 09:16:00";40000
"896531";"27:9:2";"Exp60_163_IS20700";"Exp60_163_IS20700";NA;"2023-10-08 09:32:00";40000
"896532";"27:9:2";"Exp60_163_IS20700";"Exp60_163_IS20700";NA;"2023-10-08 09:46:00";40000
"896533";"27:9:2";"Exp60_163_IS20700";"Exp60_163_IS20700";NA;"2023-10-08 10:32:00";40000
"896534";"27:9:2";"Exp60_163_IS20700";"Exp60_163_IS20700";NA;"2023-10-08 10:46:00";40000
"896535";"27:9:2";"Exp60_163_IS20700";"Exp60_163_IS20700";NA;"2023-10-08 11:17:00";40000
"896536";"27:9:2";"Exp60_163_IS20700";"Exp60_163_IS20700";NA;"2023-10-08 11:31:00";40000
"896537";"27:9:2";"Exp60_163_IS20700";"Exp60_163_IS20700";NA;"2023-10-08 12:02:00";40000
"896538";"27:9:2";"Exp60_163_IS20700";"Exp60_163_IS20700";NA;"2023-10-08 12:16:00";40000
"896539";"27:9:2";"Exp60_163_IS20700";"Exp60_163_IS20700";NA;"2023-10-08 12:32:00";40000
"896540";"27:9:2";"Exp60_163_IS20700";"Exp60_163_IS20700";NA;"2023-10-08 12:46:00";40000
"896541";"27:9:2";"Exp60_163_IS20700";"Exp60_163_IS20700";NA;"2023-10-08 13:02:00";40000
"896542";"27:9:2";"Exp60_163_IS20700";"Exp60_163_IS20700";NA;"2023-10-08 13:16:00";40000
"896543";"27:9:2";"Exp60_163_IS20700";"Exp60_163_IS20700";NA;"2023-10-08 13:47:00";40000
"896544";"27:9:2";"Exp60_163_IS20700";"Exp60_163_IS20700";NA;"2023-10-08 14:01:00";40000
"896545";"27:9:2";"Exp60_163_IS20700";"Exp60_163_IS20700";NA;"2023-10-08 14:17:00";40000
"896546";"27:9:2";"Exp60_163_IS20700";"Exp60_163_IS20700";NA;"2023-10-08 14:31:00";40000
"896547";"27:9:2";"Exp60_163_IS20700";"Exp60_163_IS20700";NA;"2023-10-08 14:47:00";40000
"896548";"27:9:2";"Exp60_163_IS20700";"Exp60_163_IS20700";NA;"2023-10-08 15:01:00";40000
"896549";"27:9:2";"Exp60_163_IS20700";"Exp60_163_IS20700";NA;"2023-10-08 22:46:00";40000
"896550";"27:9:2";"Exp60_163_IS20700";"Exp60_163_IS20700";NA;"2023-10-08 23:02:00";40000
"896551";"27:9:2";"Exp60_163_IS20700";"Exp60_163_IS20700";NA;"2023-10-08 23:16:00";40000
"896552";"27:9:2";"Exp60_163_IS20700";"Exp60_163_IS20700";NA;"2023-10-08 23:32:00";40000
"896553";"27:9:2";"Exp60_163_IS20700";"Exp60_163_IS20700";NA;"2023-10-08 23:46:00";40000
"896554";"27:9:2";"Exp60_163_IS20700";"Exp60_163_IS20700";NA;"2023-10-09 00:02:00";40000
"896555";"27:9:2";"Exp60_163_IS20700";"Exp60_163_IS20700";NA;"2023-10-09 00:16:00";40000
"896556";"27:9:2";"Exp60_163_IS20700";"Exp60_163_IS20700";NA;"2023-10-09 00:32:00";40000
"896557";"27:9:2";"Exp60_163_IS20700";"Exp60_163_IS20700";NA;"2023-10-09 00:46:00";40000
"896558";"27:9:2";"Exp60_163_IS20700";"Exp60_163_IS20700";NA;"2023-10-09 01:02:00";40000
"896559";"27:9:2";"Exp60_163_IS20700";"Exp60_163_IS20700";NA;"2023-10-09 01:16:00";40000
"896560";"27:9:2";"Exp60_163_IS20700";"Exp60_163_IS20700";NA;"2023-10-09 01:32:00";40000
"896561";"27:9:2";"Exp60_163_IS20700";"Exp60_163_IS20700";NA;"2023-10-09 01:46:00";40000
"896562";"27:9:2";"Exp60_163_IS20700";"Exp60_163_IS20700";NA;"2023-10-09 02:02:00";40000
"896563";"27:9:2";"Exp60_163_IS20700";"Exp60_163_IS20700";NA;"2023-10-09 02:16:00";40000
"896564";"27:9:2";"Exp60_163_IS20700";"Exp60_163_IS20700";NA;"2023-10-09 02:32:00";40000
"896565";"27:9:2";"Exp60_163_IS20700";"Exp60_163_IS20700";NA;"2023-10-09 02:46:00";40000
"896566";"27:9:2";"Exp60_163_IS20700";"Exp60_163_IS20700";NA;"2023-10-09 03:02:00";40000
"896567";"27:9:2";"Exp60_163_IS20700";"Exp60_163_IS20700";NA;"2023-10-09 03:16:00";40000
"896568";"27:9:2";"Exp60_163_IS20700";"Exp60_163_IS20700";NA;"2023-10-09 03:32:00";40000
"896569";"27:9:2";"Exp60_163_IS20700";"Exp60_163_IS20700";NA;"2023-10-09 03:46:00";40000
"896570";"27:9:2";"Exp60_163_IS20700";"Exp60_163_IS20700";NA;"2023-10-09 04:17:00";40000
"896571";"27:9:2";"Exp60_163_IS20700";"Exp60_163_IS20700";NA;"2023-10-09 04:31:00";40000
"896572";"27:9:2";"Exp60_163_IS20700";"Exp60_163_IS20700";NA;"2023-10-09 04:47:00";40000
"896573";"27:9:2";"Exp60_163_IS20700";"Exp60_163_IS20700";NA;"2023-10-09 05:01:00";40000
"896574";"27:9:2";"Exp60_163_IS20700";"Exp60_163_IS20700";NA;"2023-10-09 05:17:00";40000
"896575";"27:9:2";"Exp60_163_IS20700";"Exp60_163_IS20700";NA;"2023-10-09 05:31:00";40000
"896576";"27:9:2";"Exp60_163_IS20700";"Exp60_163_IS20700";NA;"2023-10-09 05:47:00";40000
"896577";"27:9:2";"Exp60_163_IS20700";"Exp60_163_IS20700";NA;"2023-10-09 06:01:00";40000
"896578";"27:9:2";"Exp60_163_IS20700";"Exp60_163_IS20700";NA;"2023-10-09 06:17:00";40000
"896579";"27:9:2";"Exp60_163_IS20700";"Exp60_163_IS20700";NA;"2023-10-09 06:31:00";40000
"896580";"27:9:2";"Exp60_163_IS20700";"Exp60_163_IS20700";NA;"2023-10-09 06:47:00";40000
"896581";"27:9:2";"Exp60_163_IS20700";"Exp60_163_IS20700";NA;"2023-10-09 07:01:00";40000
"896582";"27:9:2";"Exp60_163_IS20700";"Exp60_163_IS20700";NA;"2023-10-09 07:17:00";40000
"896583";"27:9:2";"Exp60_163_IS20700";"Exp60_163_IS20700";NA;"2023-10-09 07:31:00";40000
"896584";"27:9:2";"Exp60_163_IS20700";"Exp60_163_IS20700";NA;"2023-10-09 07:47:00";40000
"896585";"27:9:2";"Exp60_163_IS20700";"Exp60_163_IS20700";NA;"2023-10-09 08:01:00";40000
"896586";"27:9:2";"Exp60_163_IS20700";"Exp60_163_IS20700";NA;"2023-10-09 08:17:00";40000
"896587";"27:9:2";"Exp60_163_IS20700";"Exp60_163_IS20700";NA;"2023-10-09 08:31:00";40000
"896588";"27:9:2";"Exp60_163_IS20700";"Exp60_163_IS20700";NA;"2023-10-09 08:47:00";40000
"896589";"27:9:2";"Exp60_163_IS20700";"Exp60_163_IS20700";NA;"2023-10-09 09:01:00";40000
"896590";"27:9:2";"Exp60_163_IS20700";"Exp60_163_IS20700";NA;"2023-10-09 09:17:00";40000
"896591";"27:9:2";"Exp60_163_IS20700";"Exp60_163_IS20700";NA;"2023-10-09 09:31:00";40000
"896592";"27:9:2";"Exp60_163_IS20700";"Exp60_163_IS20700";NA;"2023-10-09 10:32:00";40000
"896593";"27:9:2";"Exp60_163_IS20700";"Exp60_163_IS20700";NA;"2023-10-09 10:46:00";40000
"896594";"27:9:2";"Exp60_163_IS20700";"Exp60_163_IS20700";NA;"2023-10-09 11:02:00";40000
"896595";"27:9:2";"Exp60_163_IS20700";"Exp60_163_IS20700";NA;"2023-10-09 11:16:00";40000
"896596";"27:9:2";"Exp60_163_IS20700";"Exp60_163_IS20700";NA;"2023-10-09 11:47:00";40000
"896597";"27:9:2";"Exp60_163_IS20700";"Exp60_163_IS20700";NA;"2023-10-09 12:01:00";40000
"896598";"27:9:2";"Exp60_163_IS20700";"Exp60_163_IS20700";NA;"2023-10-09 12:17:00";40000
"896599";"27:9:2";"Exp60_163_IS20700";"Exp60_163_IS20700";NA;"2023-10-09 12:31:00";40000
"896600";"27:9:2";"Exp60_163_IS20700";"Exp60_163_IS20700";NA;"2023-10-09 12:47:00";40000
"896601";"27:9:2";"Exp60_163_IS20700";"Exp60_163_IS20700";NA;"2023-10-09 13:01:00";40000
"896602";"27:9:2";"Exp60_163_IS20700";"Exp60_163_IS20700";NA;"2023-10-09 13:32:00";40000
"896603";"27:9:2";"Exp60_163_IS20700";"Exp60_163_IS20700";NA;"2023-10-09 13:46:00";40000
"896604";"27:9:2";"Exp60_163_IS20700";"Exp60_163_IS20700";NA;"2023-10-09 14:02:00";40000
"896605";"27:9:2";"Exp60_163_IS20700";"Exp60_163_IS20700";NA;"2023-10-09 14:16:00";40000
"896606";"27:9:2";"Exp60_163_IS20700";"Exp60_163_IS20700";NA;"2023-10-09 20:16:00";40000
"896607";"27:9:2";"Exp60_163_IS20700";"Exp60_163_IS20700";NA;"2023-10-09 20:32:00";40000
"896608";"27:9:2";"Exp60_163_IS20700";"Exp60_163_IS20700";NA;"2023-10-09 20:46:00";40000
"896609";"27:9:2";"Exp60_163_IS20700";"Exp60_163_IS20700";NA;"2023-10-09 21:02:00";40000
"896610";"27:9:2";"Exp60_163_IS20700";"Exp60_163_IS20700";NA;"2023-10-09 21:16:00";40000
"896611";"27:9:2";"Exp60_163_IS20700";"Exp60_163_IS20700";NA;"2023-10-09 21:32:00";40000
"896612";"27:9:2";"Exp60_163_IS20700";"Exp60_163_IS20700";NA;"2023-10-09 21:46:00";40000
"896613";"27:9:2";"Exp60_163_IS20700";"Exp60_163_IS20700";NA;"2023-10-09 22:32:00";40000
"896614";"27:9:2";"Exp60_163_IS20700";"Exp60_163_IS20700";NA;"2023-10-09 22:46:00";40000
"896615";"27:9:2";"Exp60_163_IS20700";"Exp60_163_IS20700";NA;"2023-10-09 23:17:00";40000
"896616";"27:9:2";"Exp60_163_IS20700";"Exp60_163_IS20700";NA;"2023-10-09 23:31:00";40000
"896617";"27:9:2";"Exp60_163_IS20700";"Exp60_163_IS20700";NA;"2023-10-09 23:47:00";40000
"896618";"27:9:2";"Exp60_163_IS20700";"Exp60_163_IS20700";NA;"2023-10-10 00:16:00";40000
"896619";"27:9:2";"Exp60_163_IS20700";"Exp60_163_IS20700";NA;"2023-10-10 00:47:00";40000
"896620";"27:9:2";"Exp60_163_IS20700";"Exp60_163_IS20700";NA;"2023-10-10 01:01:00";40000
"896621";"27:9:2";"Exp60_163_IS20700";"Exp60_163_IS20700";NA;"2023-10-10 01:17:00";40000
"896622";"27:9:2";"Exp60_163_IS20700";"Exp60_163_IS20700";NA;"2023-10-10 01:31:00";40000
"896623";"27:9:2";"Exp60_163_IS20700";"Exp60_163_IS20700";NA;"2023-10-10 01:47:00";40000
"896624";"27:9:2";"Exp60_163_IS20700";"Exp60_163_IS20700";NA;"2023-10-10 02:01:00";40000
"896625";"27:9:2";"Exp60_163_IS20700";"Exp60_163_IS20700";NA;"2023-10-10 02:17:00";40000
"896626";"27:9:2";"Exp60_163_IS20700";"Exp60_163_IS20700";NA;"2023-10-10 02:31:00";40000
"896627";"27:9:2";"Exp60_163_IS20700";"Exp60_163_IS20700";NA;"2023-10-10 02:47:00";40000
"896628";"27:9:2";"Exp60_163_IS20700";"Exp60_163_IS20700";NA;"2023-10-10 03:01:00";40000
"896629";"27:9:2";"Exp60_163_IS20700";"Exp60_163_IS20700";NA;"2023-10-10 03:17:00";40000
"896630";"27:9:2";"Exp60_163_IS20700";"Exp60_163_IS20700";NA;"2023-10-10 03:31:00";40000
"896631";"27:9:2";"Exp60_163_IS20700";"Exp60_163_IS20700";NA;"2023-10-10 03:47:00";40000
"896632";"27:9:2";"Exp60_163_IS20700";"Exp60_163_IS20700";NA;"2023-10-10 04:01:00";40000
"896633";"27:9:2";"Exp60_163_IS20700";"Exp60_163_IS20700";NA;"2023-10-10 04:17:00";40000
"896634";"27:9:2";"Exp60_163_IS20700";"Exp60_163_IS20700";NA;"2023-10-10 04:31:00";40000
"896635";"27:9:2";"Exp60_163_IS20700";"Exp60_163_IS20700";NA;"2023-10-10 04:47:00";40000
"896636";"27:9:2";"Exp60_163_IS20700";"Exp60_163_IS20700";NA;"2023-10-10 05:01:00";40000
"896637";"27:9:2";"Exp60_163_IS20700";"Exp60_163_IS20700";NA;"2023-10-10 05:17:00";40000
"896638";"27:9:2";"Exp60_163_IS20700";"Exp60_163_IS20700";NA;"2023-10-10 05:31:00";40000
"896639";"27:9:2";"Exp60_163_IS20700";"Exp60_163_IS20700";NA;"2023-10-10 05:47:00";40000
"896640";"27:9:2";"Exp60_163_IS20700";"Exp60_163_IS20700";NA;"2023-10-10 06:01:00";40000
"896641";"27:9:2";"Exp60_163_IS20700";"Exp60_163_IS20700";NA;"2023-10-10 06:17:00";40000
"896642";"27:9:2";"Exp60_163_IS20700";"Exp60_163_IS20700";NA;"2023-10-10 06:46:00";40000
"896643";"27:9:2";"Exp60_163_IS20700";"Exp60_163_IS20700";NA;"2023-10-10 07:17:00";40000
"896644";"27:9:2";"Exp60_163_IS20700";"Exp60_163_IS20700";NA;"2023-10-10 07:31:00";40000
"896645";"27:9:2";"Exp60_163_IS20700";"Exp60_163_IS20700";NA;"2023-10-10 08:02:00";40000
"896646";"27:9:2";"Exp60_163_IS20700";"Exp60_163_IS20700";NA;"2023-10-10 08:16:00";40000
"896647";"27:9:2";"Exp60_163_IS20700";"Exp60_163_IS20700";NA;"2023-10-10 08:32:00";40000
"896648";"27:9:2";"Exp60_163_IS20700";"Exp60_163_IS20700";NA;"2023-10-10 08:46:00";40000
"896649";"27:9:2";"Exp60_163_IS20700";"Exp60_163_IS20700";NA;"2023-10-10 09:02:00";40000
"896650";"27:9:2";"Exp60_163_IS20700";"Exp60_163_IS20700";NA;"2023-10-10 09:16:00";40000
"896651";"27:9:2";"Exp60_163_IS20700";"Exp60_163_IS20700";NA;"2023-10-10 09:32:00";40000
"896652";"27:9:2";"Exp60_163_IS20700";"Exp60_163_IS20700";NA;"2023-10-10 09:46:00";40000
"896653";"27:9:2";"Exp60_163_IS20700";"Exp60_163_IS20700";NA;"2023-10-10 10:02:00";40000
"896654";"27:9:2";"Exp60_163_IS20700";"Exp60_163_IS20700";NA;"2023-10-10 10:16:00";40000
"896655";"27:9:2";"Exp60_163_IS20700";"Exp60_163_IS20700";NA;"2023-10-10 10:32:00";40000
"896656";"27:9:2";"Exp60_163_IS20700";"Exp60_163_IS20700";NA;"2023-10-10 10:46:00";40000
"896657";"27:9:2";"Exp60_163_IS20700";"Exp60_163_IS20700";NA;"2023-10-10 11:02:00";40000
"896658";"27:9:2";"Exp60_163_IS20700";"Exp60_163_IS20700";NA;"2023-10-10 11:16:00";40000
"896659";"27:9:2";"Exp60_163_IS20700";"Exp60_163_IS20700";NA;"2023-10-10 15:46:00";40000
"896660";"27:9:2";"Exp60_163_IS20700";"Exp60_163_IS20700";NA;"2023-10-10 18:01:00";40000
"896661";"27:9:2";"Exp60_163_IS20700";"Exp60_163_IS20700";NA;"2023-10-10 18:17:00";40000
"896662";"27:9:2";"Exp60_163_IS20700";"Exp60_163_IS20700";NA;"2023-10-10 18:31:00";40000
"896663";"27:9:2";"Exp60_163_IS20700";"Exp60_163_IS20700";NA;"2023-10-10 18:47:00";40000
"896664";"27:9:2";"Exp60_163_IS20700";"Exp60_163_IS20700";NA;"2023-10-10 19:01:00";40000
"896665";"27:9:2";"Exp60_163_IS20700";"Exp60_163_IS20700";NA;"2023-10-10 19:17:00";40000
"896666";"27:9:2";"Exp60_163_IS20700";"Exp60_163_IS20700";NA;"2023-10-10 19:31:00";40000
"896667";"27:9:2";"Exp60_163_IS20700";"Exp60_163_IS20700";NA;"2023-10-10 19:47:00";40000
"896668";"27:9:2";"Exp60_163_IS20700";"Exp60_163_IS20700";NA;"2023-10-10 20:01:00";40000
"896669";"27:9:2";"Exp60_163_IS20700";"Exp60_163_IS20700";NA;"2023-10-10 20:17:00";40000
"896670";"27:9:2";"Exp60_163_IS20700";"Exp60_163_IS20700";NA;"2023-10-10 20:31:00";40000
"896671";"27:9:2";"Exp60_163_IS20700";"Exp60_163_IS20700";NA;"2023-10-10 20:47:00";40000
"896672";"27:9:2";"Exp60_163_IS20700";"Exp60_163_IS20700";NA;"2023-10-10 21:01:00";40000
"896673";"27:9:2";"Exp60_163_IS20700";"Exp60_163_IS20700";NA;"2023-10-10 21:17:00";40000
"896674";"27:9:2";"Exp60_163_IS20700";"Exp60_163_IS20700";NA;"2023-10-10 21:31:00";40000
"896675";"27:9:2";"Exp60_163_IS20700";"Exp60_163_IS20700";NA;"2023-10-10 21:47:00";40000
"896676";"27:9:2";"Exp60_163_IS20700";"Exp60_163_IS20700";NA;"2023-10-10 22:01:00";40000
"896677";"27:9:2";"Exp60_163_IS20700";"Exp60_163_IS20700";NA;"2023-10-10 22:32:00";40000
"896678";"27:9:2";"Exp60_163_IS20700";"Exp60_163_IS20700";NA;"2023-10-10 22:46:00";40000
"896679";"27:9:2";"Exp60_163_IS20700";"Exp60_163_IS20700";NA;"2023-10-10 23:02:00";40000
"896680";"27:9:2";"Exp60_163_IS20700";"Exp60_163_IS20700";NA;"2023-10-10 23:16:00";40000
"896681";"27:9:2";"Exp60_163_IS20700";"Exp60_163_IS20700";NA;"2023-10-10 23:32:00";40000
"896682";"27:9:2";"Exp60_163_IS20700";"Exp60_163_IS20700";NA;"2023-10-10 23:46:00";40000
"896683";"27:9:2";"Exp60_163_IS20700";"Exp60_163_IS20700";NA;"2023-10-11 00:02:00";40000
"896684";"27:9:2";"Exp60_163_IS20700";"Exp60_163_IS20700";NA;"2023-10-11 00:16:00";40000
"896685";"27:9:2";"Exp60_163_IS20700";"Exp60_163_IS20700";NA;"2023-10-11 00:32:00";40000
"896686";"27:9:2";"Exp60_163_IS20700";"Exp60_163_IS20700";NA;"2023-10-11 00:46:00";40000
"896687";"27:9:2";"Exp60_163_IS20700";"Exp60_163_IS20700";NA;"2023-10-11 06:31:00";40000
"896688";"27:9:2";"Exp60_163_IS20700";"Exp60_163_IS20700";NA;"2023-10-11 07:17:00";40000
"896689";"27:9:2";"Exp60_163_IS20700";"Exp60_163_IS20700";NA;"2023-10-11 07:31:00";40000
"896690";"27:9:2";"Exp60_163_IS20700";"Exp60_163_IS20700";NA;"2023-10-11 07:47:00";40000
"896691";"27:9:2";"Exp60_163_IS20700";"Exp60_163_IS20700";NA;"2023-10-11 08:01:00";40000
"896692";"27:9:2";"Exp60_163_IS20700";"Exp60_163_IS20700";NA;"2023-10-11 08:17:00";40000
"896693";"27:9:2";"Exp60_163_IS20700";"Exp60_163_IS20700";NA;"2023-10-11 08:31:00";40000
"896694";"27:9:2";"Exp60_163_IS20700";"Exp60_163_IS20700";NA;"2023-10-11 08:47:00";40000
"896695";"27:9:2";"Exp60_163_IS20700";"Exp60_163_IS20700";NA;"2023-10-11 09:01:00";40000
"896696";"27:9:2";"Exp60_163_IS20700";"Exp60_163_IS20700";NA;"2023-10-11 16:16:00";40000
"896697";"27:9:2";"Exp60_163_IS20700";"Exp60_163_IS20700";NA;"2023-10-11 16:32:00";40000
"896698";"27:9:2";"Exp60_163_IS20700";"Exp60_163_IS20700";NA;"2023-10-11 16:46:00";40000
"896699";"27:9:2";"Exp60_163_IS20700";"Exp60_163_IS20700";NA;"2023-10-11 17:02:00";40000
"896700";"27:9:2";"Exp60_163_IS20700";"Exp60_163_IS20700";NA;"2023-10-11 17:16:00";40000
"896701";"27:9:2";"Exp60_163_IS20700";"Exp60_163_IS20700";NA;"2023-10-11 17:32:00";40000
"896702";"27:9:2";"Exp60_163_IS20700";"Exp60_163_IS20700";NA;"2023-10-11 17:46:00";40000
"896703";"27:9:2";"Exp60_163_IS20700";"Exp60_163_IS20700";NA;"2023-10-11 18:02:00";40000
"896704";"27:9:2";"Exp60_163_IS20700";"Exp60_163_IS20700";NA;"2023-10-11 18:16:00";40000
"896705";"27:9:2";"Exp60_163_IS20700";"Exp60_163_IS20700";NA;"2023-10-11 18:32:00";40000
"896706";"27:9:2";"Exp60_163_IS20700";"Exp60_163_IS20700";NA;"2023-10-11 18:46:00";40000
"896707";"27:9:2";"Exp60_163_IS20700";"Exp60_163_IS20700";NA;"2023-10-11 19:02:00";40000
"896708";"27:9:2";"Exp60_163_IS20700";"Exp60_163_IS20700";NA;"2023-10-11 19:16:00";40000
"896709";"27:9:2";"Exp60_163_IS20700";"Exp60_163_IS20700";NA;"2023-10-11 19:32:00";40000
"896710";"27:9:2";"Exp60_163_IS20700";"Exp60_163_IS20700";NA;"2023-10-11 19:46:00";40000
"896711";"27:9:2";"Exp60_163_IS20700";"Exp60_163_IS20700";NA;"2023-10-11 20:02:00";40000
"896712";"27:9:2";"Exp60_163_IS20700";"Exp60_163_IS20700";NA;"2023-10-11 20:46:00";40000
"896713";"27:9:2";"Exp60_163_IS20700";"Exp60_163_IS20700";NA;"2023-10-11 21:02:00";40000
"896714";"27:9:2";"Exp60_163_IS20700";"Exp60_163_IS20700";NA;"2023-10-11 21:16:00";40000
"896715";"27:9:2";"Exp60_163_IS20700";"Exp60_163_IS20700";NA;"2023-10-11 21:32:00";40000
"896716";"27:9:2";"Exp60_163_IS20700";"Exp60_163_IS20700";NA;"2023-10-11 21:46:00";40000
"896717";"27:9:2";"Exp60_163_IS20700";"Exp60_163_IS20700";NA;"2023-10-11 22:17:00";40000
"896718";"27:9:2";"Exp60_163_IS20700";"Exp60_163_IS20700";NA;"2023-10-11 22:31:00";40000
"896719";"27:9:2";"Exp60_163_IS20700";"Exp60_163_IS20700";NA;"2023-10-11 22:47:00";40000
"896720";"27:9:2";"Exp60_163_IS20700";"Exp60_163_IS20700";NA;"2023-10-11 23:01:00";40000
"896721";"27:9:2";"Exp60_163_IS20700";"Exp60_163_IS20700";NA;"2023-10-11 23:17:00";40000
"896722";"27:9:2";"Exp60_163_IS20700";"Exp60_163_IS20700";NA;"2023-10-11 23:31:00";40000
"896723";"27:9:2";"Exp60_163_IS20700";"Exp60_163_IS20700";NA;"2023-10-11 23:47:00";40000
"896724";"27:9:2";"Exp60_163_IS20700";"Exp60_163_IS20700";NA;"2023-10-12 00:01:00";40000
"896725";"27:9:2";"Exp60_163_IS20700";"Exp60_163_IS20700";NA;"2023-10-12 00:17:00";40000
"896726";"27:9:2";"Exp60_163_IS20700";"Exp60_163_IS20700";NA;"2023-10-12 00:31:00";40000
"896727";"27:9:2";"Exp60_163_IS20700";"Exp60_163_IS20700";NA;"2023-10-12 00:47:00";40000
"896728";"27:9:2";"Exp60_163_IS20700";"Exp60_163_IS20700";NA;"2023-10-12 01:01:00";40000
"896729";"27:9:2";"Exp60_163_IS20700";"Exp60_163_IS20700";NA;"2023-10-12 01:17:00";40000
"896730";"27:9:2";"Exp60_163_IS20700";"Exp60_163_IS20700";NA;"2023-10-12 01:31:00";40000
"896731";"27:9:2";"Exp60_163_IS20700";"Exp60_163_IS20700";NA;"2023-10-12 01:47:00";40000
"896732";"27:9:2";"Exp60_163_IS20700";"Exp60_163_IS20700";NA;"2023-10-12 02:01:00";40000
"896733";"27:9:2";"Exp60_163_IS20700";"Exp60_163_IS20700";NA;"2023-10-12 02:17:00";40000
"896734";"27:9:2";"Exp60_163_IS20700";"Exp60_163_IS20700";NA;"2023-10-12 02:31:00";40000
"896735";"27:9:2";"Exp60_163_IS20700";"Exp60_163_IS20700";NA;"2023-10-12 02:47:00";40000
"896736";"27:9:2";"Exp60_163_IS20700";"Exp60_163_IS20700";NA;"2023-10-12 03:01:00";40000
"896737";"27:9:2";"Exp60_163_IS20700";"Exp60_163_IS20700";NA;"2023-10-12 03:17:00";40000
"896738";"27:9:2";"Exp60_163_IS20700";"Exp60_163_IS20700";NA;"2023-10-12 03:31:00";40000
"896739";"27:9:2";"Exp60_163_IS20700";"Exp60_163_IS20700";NA;"2023-10-12 03:47:00";40000
"896740";"27:9:2";"Exp60_163_IS20700";"Exp60_163_IS20700";NA;"2023-10-12 04:01:00";40000
"896741";"27:9:2";"Exp60_163_IS20700";"Exp60_163_IS20700";NA;"2023-10-12 04:17:00";40000
"896742";"27:9:2";"Exp60_163_IS20700";"Exp60_163_IS20700";NA;"2023-10-12 04:31:00";40000
"896743";"27:9:2";"Exp60_163_IS20700";"Exp60_163_IS20700";NA;"2023-10-12 04:47:00";40000
"896744";"27:9:2";"Exp60_163_IS20700";"Exp60_163_IS20700";NA;"2023-10-12 05:01:00";40000
"896745";"27:9:2";"Exp60_163_IS20700";"Exp60_163_IS20700";NA;"2023-10-12 05:32:00";40000
"896746";"27:9:2";"Exp60_163_IS20700";"Exp60_163_IS20700";NA;"2023-10-12 05:46:00";40000
"896747";"27:9:2";"Exp60_163_IS20700";"Exp60_163_IS20700";NA;"2023-10-12 06:02:00";40000
"896748";"27:9:2";"Exp60_163_IS20700";"Exp60_163_IS20700";NA;"2023-10-12 06:16:00";40000
"896749";"27:9:2";"Exp60_163_IS20700";"Exp60_163_IS20700";NA;"2023-10-12 06:47:00";40000
"896750";"27:9:2";"Exp60_163_IS20700";"Exp60_163_IS20700";NA;"2023-10-12 07:01:00";40000
"896751";"27:9:2";"Exp60_163_IS20700";"Exp60_163_IS20700";NA;"2023-10-12 07:17:00";40000
"896752";"27:9:2";"Exp60_163_IS20700";"Exp60_163_IS20700";NA;"2023-10-12 07:31:00";40000
"896753";"27:9:2";"Exp60_163_IS20700";"Exp60_163_IS20700";NA;"2023-10-12 07:47:00";40000
"896754";"27:9:2";"Exp60_163_IS20700";"Exp60_163_IS20700";NA;"2023-10-12 08:01:00";40000
"896755";"27:9:2";"Exp60_163_IS20700";"Exp60_163_IS20700";NA;"2023-10-12 08:17:00";40000
"896756";"27:9:2";"Exp60_163_IS20700";"Exp60_163_IS20700";NA;"2023-10-12 08:31:00";40000
"896757";"27:9:2";"Exp60_163_IS20700";"Exp60_163_IS20700";NA;"2023-10-12 08:47:00";40000
"896758";"27:9:2";"Exp60_163_IS20700";"Exp60_163_IS20700";NA;"2023-10-12 09:01:00";40000
"896759";"27:9:2";"Exp60_163_IS20700";"Exp60_163_IS20700";NA;"2023-10-12 09:17:00";40000
"896760";"27:9:2";"Exp60_163_IS20700";"Exp60_163_IS20700";NA;"2023-10-12 09:31:00";40000
"896761";"27:9:2";"Exp60_163_IS20700";"Exp60_163_IS20700";NA;"2023-10-12 09:47:00";40000
"896762";"27:9:2";"Exp60_163_IS20700";"Exp60_163_IS20700";NA;"2023-10-12 10:01:00";40000
"896763";"27:9:2";"Exp60_163_IS20700";"Exp60_163_IS20700";NA;"2023-10-12 15:01:00";40000
"896764";"27:9:2";"Exp60_163_IS20700";"Exp60_163_IS20700";NA;"2023-10-12 15:17:00";40000
"896765";"27:9:2";"Exp60_163_IS20700";"Exp60_163_IS20700";NA;"2023-10-12 15:31:00";40000
"896766";"27:9:2";"Exp60_163_IS20700";"Exp60_163_IS20700";NA;"2023-10-12 15:47:00";40000
"896767";"27:9:2";"Exp60_163_IS20700";"Exp60_163_IS20700";NA;"2023-10-12 16:01:00";40000
"896768";"27:9:2";"Exp60_163_IS20700";"Exp60_163_IS20700";NA;"2023-10-12 16:17:00";40000
"896769";"27:9:2";"Exp60_163_IS20700";"Exp60_163_IS20700";NA;"2023-10-12 16:31:00";40000
"896770";"27:9:2";"Exp60_163_IS20700";"Exp60_163_IS20700";NA;"2023-10-12 16:47:00";40000
"896771";"27:9:2";"Exp60_163_IS20700";"Exp60_163_IS20700";NA;"2023-10-12 17:01:00";40000
"896772";"27:9:2";"Exp60_163_IS20700";"Exp60_163_IS20700";NA;"2023-10-12 17:17:00";40000
"896773";"27:9:2";"Exp60_163_IS20700";"Exp60_163_IS20700";NA;"2023-10-12 17:31:00";40000
"896774";"27:9:2";"Exp60_163_IS20700";"Exp60_163_IS20700";NA;"2023-10-12 17:47:00";40000
"896775";"27:9:2";"Exp60_163_IS20700";"Exp60_163_IS20700";NA;"2023-10-12 18:01:00";40000
"896776";"27:9:2";"Exp60_163_IS20700";"Exp60_163_IS20700";NA;"2023-10-12 18:17:00";40000
"896777";"27:9:2";"Exp60_163_IS20700";"Exp60_163_IS20700";NA;"2023-10-12 18:31:00";40000
"896778";"27:9:2";"Exp60_163_IS20700";"Exp60_163_IS20700";NA;"2023-10-12 18:47:00";40000
"896779";"27:9:2";"Exp60_163_IS20700";"Exp60_163_IS20700";NA;"2023-10-12 19:01:00";40000
"896780";"27:9:2";"Exp60_163_IS20700";"Exp60_163_IS20700";NA;"2023-10-12 19:17:00";40000
"896781";"27:9:2";"Exp60_163_IS20700";"Exp60_163_IS20700";NA;"2023-10-12 19:31:00";40000
"896782";"27:9:2";"Exp60_163_IS20700";"Exp60_163_IS20700";NA;"2023-10-12 20:02:00";40000
"896783";"27:9:2";"Exp60_163_IS20700";"Exp60_163_IS20700";NA;"2023-10-12 20:16:00";40000
"896784";"27:9:2";"Exp60_163_IS20700";"Exp60_163_IS20700";NA;"2023-10-13 03:16:00";40000
"896785";"27:9:2";"Exp60_163_IS20700";"Exp60_163_IS20700";NA;"2023-10-13 03:32:00";40000
"896786";"27:9:2";"Exp60_163_IS20700";"Exp60_163_IS20700";NA;"2023-10-13 03:46:00";40000
"896787";"27:9:2";"Exp60_163_IS20700";"Exp60_163_IS20700";NA;"2023-10-13 04:02:00";40000
"896788";"27:9:2";"Exp60_163_IS20700";"Exp60_163_IS20700";NA;"2023-10-13 04:16:00";40000
"896789";"27:9:2";"Exp60_163_IS20700";"Exp60_163_IS20700";NA;"2023-10-13 04:32:00";40000
"896790";"27:9:2";"Exp60_163_IS20700";"Exp60_163_IS20700";NA;"2023-10-13 04:46:00";40000
"896791";"27:9:2";"Exp60_163_IS20700";"Exp60_163_IS20700";NA;"2023-10-13 05:02:00";40000
"896792";"27:9:2";"Exp60_163_IS20700";"Exp60_163_IS20700";NA;"2023-10-13 05:16:00";40000
"896793";"27:9:2";"Exp60_163_IS20700";"Exp60_163_IS20700";NA;"2023-10-13 05:32:00";40000
"896794";"27:9:2";"Exp60_163_IS20700";"Exp60_163_IS20700";NA;"2023-10-13 05:46:00";40000
"896795";"27:9:2";"Exp60_163_IS20700";"Exp60_163_IS20700";NA;"2023-10-13 06:02:00";40000
"896796";"27:9:2";"Exp60_163_IS20700";"Exp60_163_IS20700";NA;"2023-10-13 06:16:00";40000
"896797";"27:9:2";"Exp60_163_IS20700";"Exp60_163_IS20700";NA;"2023-10-13 06:32:00";40000
"896798";"27:9:2";"Exp60_163_IS20700";"Exp60_163_IS20700";NA;"2023-10-13 06:46:00";40000
"896799";"27:9:2";"Exp60_163_IS20700";"Exp60_163_IS20700";NA;"2023-10-13 12:46:00";40000
"896800";"27:9:2";"Exp60_163_IS20700";"Exp60_163_IS20700";NA;"2023-10-13 13:02:00";40000
"896801";"27:9:2";"Exp60_163_IS20700";"Exp60_163_IS20700";NA;"2023-10-13 13:16:00";40000
"896802";"27:9:2";"Exp60_163_IS20700";"Exp60_163_IS20700";NA;"2023-10-13 13:32:00";40000
"896803";"27:9:2";"Exp60_163_IS20700";"Exp60_163_IS20700";NA;"2023-10-13 13:46:00";40000
"896804";"27:9:2";"Exp60_163_IS20700";"Exp60_163_IS20700";NA;"2023-10-13 19:46:00";40000
"896805";"27:9:2";"Exp60_163_IS20700";"Exp60_163_IS20700";NA;"2023-10-13 20:02:00";40000
"896806";"27:9:2";"Exp60_163_IS20700";"Exp60_163_IS20700";NA;"2023-10-13 20:16:00";40000
"896807";"27:9:2";"Exp60_163_IS20700";"Exp60_163_IS20700";NA;"2023-10-13 20:32:00";40000
"896808";"27:9:2";"Exp60_163_IS20700";"Exp60_163_IS20700";NA;"2023-10-13 20:46:00";40000
"896809";"27:9:2";"Exp60_163_IS20700";"Exp60_163_IS20700";NA;"2023-10-13 21:02:00";40000
"896810";"27:9:2";"Exp60_163_IS20700";"Exp60_163_IS20700";NA;"2023-10-13 21:16:00";40000
"896811";"27:9:2";"Exp60_163_IS20700";"Exp60_163_IS20700";NA;"2023-10-13 21:32:00";40000
"896812";"27:9:2";"Exp60_163_IS20700";"Exp60_163_IS20700";NA;"2023-10-13 21:46:00";40000
"896813";"27:9:2";"Exp60_163_IS20700";"Exp60_163_IS20700";NA;"2023-10-13 22:02:00";40000
"896814";"27:9:2";"Exp60_163_IS20700";"Exp60_163_IS20700";NA;"2023-10-13 22:16:00";40000
"896815";"27:9:2";"Exp60_163_IS20700";"Exp60_163_IS20700";NA;"2023-10-13 22:32:00";40000
"896816";"27:9:2";"Exp60_163_IS20700";"Exp60_163_IS20700";NA;"2023-10-13 22:46:00";40000
"896817";"27:9:2";"Exp60_163_IS20700";"Exp60_163_IS20700";NA;"2023-10-13 23:02:00";40000
"896818";"27:9:2";"Exp60_163_IS20700";"Exp60_163_IS20700";NA;"2023-10-13 23:16:00";40000
"896819";"27:9:2";"Exp60_163_IS20700";"Exp60_163_IS20700";NA;"2023-10-13 23:47:00";40000
"896820";"27:9:2";"Exp60_163_IS20700";"Exp60_163_IS20700";NA;"2023-10-14 00:01:00";40000
"896821";"27:9:2";"Exp60_163_IS20700";"Exp60_163_IS20700";NA;"2023-10-14 00:17:00";40000
"896822";"27:9:2";"Exp60_163_IS20700";"Exp60_163_IS20700";NA;"2023-10-14 00:31:00";40000
"896823";"27:9:2";"Exp60_163_IS20700";"Exp60_163_IS20700";NA;"2023-10-14 00:47:00";40000
"896824";"27:9:2";"Exp60_163_IS20700";"Exp60_163_IS20700";NA;"2023-10-14 01:01:00";40000
"896825";"27:9:2";"Exp60_163_IS20700";"Exp60_163_IS20700";NA;"2023-10-14 01:17:00";40000
"896826";"27:9:2";"Exp60_163_IS20700";"Exp60_163_IS20700";NA;"2023-10-14 01:31:00";40000
"896827";"27:9:2";"Exp60_163_IS20700";"Exp60_163_IS20700";NA;"2023-10-14 01:47:00";40000
"896828";"27:9:2";"Exp60_163_IS20700";"Exp60_163_IS20700";NA;"2023-10-14 02:01:00";40000
"896829";"27:9:2";"Exp60_163_IS20700";"Exp60_163_IS20700";NA;"2023-10-14 02:17:00";40000
"896830";"27:9:2";"Exp60_163_IS20700";"Exp60_163_IS20700";NA;"2023-10-14 02:31:00";40000
"896831";"27:9:2";"Exp60_163_IS20700";"Exp60_163_IS20700";NA;"2023-10-14 02:47:00";40000
"896832";"27:9:2";"Exp60_163_IS20700";"Exp60_163_IS20700";NA;"2023-10-14 03:01:00";40000
"896833";"27:9:2";"Exp60_163_IS20700";"Exp60_163_IS20700";NA;"2023-10-14 03:17:00";40000
"896834";"27:9:2";"Exp60_163_IS20700";"Exp60_163_IS20700";NA;"2023-10-14 03:31:00";40000
"896835";"27:9:2";"Exp60_163_IS20700";"Exp60_163_IS20700";NA;"2023-10-14 04:17:00";40000
"896836";"27:9:2";"Exp60_163_IS20700";"Exp60_163_IS20700";NA;"2023-10-14 04:31:00";40000
"896837";"27:9:2";"Exp60_163_IS20700";"Exp60_163_IS20700";NA;"2023-10-14 04:47:00";40000
"896838";"27:9:2";"Exp60_163_IS20700";"Exp60_163_IS20700";NA;"2023-10-14 05:01:00";40000
"896839";"27:9:2";"Exp60_163_IS20700";"Exp60_163_IS20700";NA;"2023-10-14 05:17:00";40000
"896840";"27:9:2";"Exp60_163_IS20700";"Exp60_163_IS20700";NA;"2023-10-14 05:31:00";40000
"896841";"27:9:2";"Exp60_163_IS20700";"Exp60_163_IS20700";NA;"2023-10-14 05:47:00";40000
"896842";"27:9:2";"Exp60_163_IS20700";"Exp60_163_IS20700";NA;"2023-10-14 06:01:00";40000
"896843";"27:9:2";"Exp60_163_IS20700";"Exp60_163_IS20700";NA;"2023-10-14 06:17:00";40000
"896844";"27:9:2";"Exp60_163_IS20700";"Exp60_163_IS20700";NA;"2023-10-14 06:31:00";40000
"896845";"27:9:2";"Exp60_163_IS20700";"Exp60_163_IS20700";NA;"2023-10-14 07:02:00";40000
"896846";"27:9:2";"Exp60_163_IS20700";"Exp60_163_IS20700";NA;"2023-10-14 07:16:00";40000
"896847";"27:9:2";"Exp60_163_IS20700";"Exp60_163_IS20700";NA;"2023-10-14 07:32:00";40000
"896848";"27:9:2";"Exp60_163_IS20700";"Exp60_163_IS20700";NA;"2023-10-14 08:16:00";40000
"896849";"27:9:2";"Exp60_163_IS20700";"Exp60_163_IS20700";NA;"2023-10-14 08:32:00";40000
"896850";"27:9:2";"Exp60_163_IS20700";"Exp60_163_IS20700";NA;"2023-10-14 08:46:00";40000
"896851";"27:9:2";"Exp60_163_IS20700";"Exp60_163_IS20700";NA;"2023-10-14 09:02:00";40000
"896852";"27:9:2";"Exp60_163_IS20700";"Exp60_163_IS20700";NA;"2023-10-14 09:16:00";40000
"896853";"27:9:2";"Exp60_163_IS20700";"Exp60_163_IS20700";NA;"2023-10-14 09:32:00";40000
"896854";"27:9:2";"Exp60_163_IS20700";"Exp60_163_IS20700";NA;"2023-10-14 09:46:00";40000
"896855";"27:9:2";"Exp60_163_IS20700";"Exp60_163_IS20700";NA;"2023-10-14 10:02:00";40000
"896856";"27:9:2";"Exp60_163_IS20700";"Exp60_163_IS20700";NA;"2023-10-14 10:16:00";40000
"896857";"27:9:2";"Exp60_163_IS20700";"Exp60_163_IS20700";NA;"2023-10-14 10:32:00";40000
"896858";"27:9:2";"Exp60_163_IS20700";"Exp60_163_IS20700";NA;"2023-10-14 10:46:00";40000
"896859";"27:9:2";"Exp60_163_IS20700";"Exp60_163_IS20700";NA;"2023-10-14 11:02:00";40000
"896860";"27:9:2";"Exp60_163_IS20700";"Exp60_163_IS20700";NA;"2023-10-14 11:16:00";40000
"896861";"27:9:2";"Exp60_163_IS20700";"Exp60_163_IS20700";NA;"2023-10-14 11:32:00";40000
"896862";"27:9:2";"Exp60_163_IS20700";"Exp60_163_IS20700";NA;"2023-10-14 11:46:00";40000
"896863";"27:9:2";"Exp60_163_IS20700";"Exp60_163_IS20700";NA;"2023-10-14 12:02:00";40000
"896864";"27:9:2";"Exp60_163_IS20700";"Exp60_163_IS20700";NA;"2023-10-14 12:16:00";40000
"896865";"27:9:2";"Exp60_163_IS20700";"Exp60_163_IS20700";NA;"2023-10-14 12:32:00";40000
"896866";"27:9:2";"Exp60_163_IS20700";"Exp60_163_IS20700";NA;"2023-10-14 12:46:00";40000
"896867";"27:9:2";"Exp60_163_IS20700";"Exp60_163_IS20700";NA;"2023-10-14 13:02:00";40000
"896868";"27:9:2";"Exp60_163_IS20700";"Exp60_163_IS20700";NA;"2023-10-14 13:16:00";40000
"896869";"27:9:2";"Exp60_163_IS20700";"Exp60_163_IS20700";NA;"2023-10-14 13:32:00";40000
"896870";"27:9:2";"Exp60_163_IS20700";"Exp60_163_IS20700";NA;"2023-10-14 13:46:00";40000
"896871";"27:9:2";"Exp60_163_IS20700";"Exp60_163_IS20700";NA;"2023-10-14 19:31:00";40000
"896872";"27:9:2";"Exp60_163_IS20700";"Exp60_163_IS20700";NA;"2023-10-15 02:01:00";40000
"896873";"27:9:2";"Exp60_163_IS20700";"Exp60_163_IS20700";NA;"2023-10-15 02:17:00";40000
"896874";"27:9:2";"Exp60_163_IS20700";"Exp60_163_IS20700";NA;"2023-10-15 02:31:00";40000
"896875";"27:9:2";"Exp60_163_IS20700";"Exp60_163_IS20700";NA;"2023-10-15 02:47:00";40000
"896876";"27:9:2";"Exp60_163_IS20700";"Exp60_163_IS20700";NA;"2023-10-15 03:01:00";40000
"896877";"27:9:2";"Exp60_163_IS20700";"Exp60_163_IS20700";NA;"2023-10-15 03:17:00";40000
"896878";"27:9:2";"Exp60_163_IS20700";"Exp60_163_IS20700";NA;"2023-10-15 03:31:00";40000
"896879";"27:9:2";"Exp60_163_IS20700";"Exp60_163_IS20700";NA;"2023-10-15 03:47:00";40000
"896880";"27:9:2";"Exp60_163_IS20700";"Exp60_163_IS20700";NA;"2023-10-15 04:01:00";40000
"896881";"27:9:2";"Exp60_163_IS20700";"Exp60_163_IS20700";NA;"2023-10-15 04:32:00";40000
"896882";"27:9:2";"Exp60_163_IS20700";"Exp60_163_IS20700";NA;"2023-10-15 04:46:00";40000
"896883";"27:9:2";"Exp60_163_IS20700";"Exp60_163_IS20700";NA;"2023-10-15 05:32:00";40000
"896884";"27:9:2";"Exp60_163_IS20700";"Exp60_163_IS20700";NA;"2023-10-15 05:46:00";40000
"896885";"27:9:2";"Exp60_163_IS20700";"Exp60_163_IS20700";NA;"2023-10-15 06:17:00";40000
"896886";"27:9:2";"Exp60_163_IS20700";"Exp60_163_IS20700";NA;"2023-10-15 06:31:00";40000
"896887";"27:9:2";"Exp60_163_IS20700";"Exp60_163_IS20700";NA;"2023-10-15 07:02:00";40000
"896888";"27:9:2";"Exp60_163_IS20700";"Exp60_163_IS20700";NA;"2023-10-15 07:16:00";40000
"896889";"27:9:2";"Exp60_163_IS20700";"Exp60_163_IS20700";NA;"2023-10-15 07:32:00";40000
"896890";"27:9:2";"Exp60_163_IS20700";"Exp60_163_IS20700";NA;"2023-10-15 07:46:00";40000
"896891";"27:9:2";"Exp60_163_IS20700";"Exp60_163_IS20700";NA;"2023-10-15 08:17:00";40000
"896892";"27:9:2";"Exp60_163_IS20700";"Exp60_163_IS20700";NA;"2023-10-15 08:31:00";40000
"896893";"27:9:2";"Exp60_163_IS20700";"Exp60_163_IS20700";NA;"2023-10-15 08:47:00";40000
"896894";"27:9:2";"Exp60_163_IS20700";"Exp60_163_IS20700";NA;"2023-10-15 09:01:00";40000
"896895";"27:9:2";"Exp60_163_IS20700";"Exp60_163_IS20700";NA;"2023-10-15 09:17:00";40000
"896896";"27:9:2";"Exp60_163_IS20700";"Exp60_163_IS20700";NA;"2023-10-15 09:31:00";40000
"896897";"27:9:2";"Exp60_163_IS20700";"Exp60_163_IS20700";NA;"2023-10-15 09:47:00";40000
"896898";"27:9:2";"Exp60_163_IS20700";"Exp60_163_IS20700";NA;"2023-10-15 10:01:00";40000
"896899";"27:9:2";"Exp60_163_IS20700";"Exp60_163_IS20700";NA;"2023-10-15 10:17:00";40000
"896900";"27:9:2";"Exp60_163_IS20700";"Exp60_163_IS20700";NA;"2023-10-15 10:31:00";40000
"896901";"27:9:2";"Exp60_163_IS20700";"Exp60_163_IS20700";NA;"2023-10-15 10:47:00";40000
"896902";"27:9:2";"Exp60_163_IS20700";"Exp60_163_IS20700";NA;"2023-10-15 11:01:00";40000
"896903";"27:9:2";"Exp60_163_IS20700";"Exp60_163_IS20700";NA;"2023-10-15 18:01:00";40000
"896904";"27:9:2";"Exp60_163_IS20700";"Exp60_163_IS20700";NA;"2023-10-15 18:17:00";40000
"896905";"27:9:2";"Exp60_163_IS20700";"Exp60_163_IS20700";NA;"2023-10-15 18:31:00";40000
"896906";"27:9:2";"Exp60_163_IS20700";"Exp60_163_IS20700";NA;"2023-10-15 18:47:00";40000
"896907";"27:9:2";"Exp60_163_IS20700";"Exp60_163_IS20700";NA;"2023-10-15 19:01:00";40000
"896908";"27:9:2";"Exp60_163_IS20700";"Exp60_163_IS20700";NA;"2023-10-15 19:17:00";40000
"896909";"27:9:2";"Exp60_163_IS20700";"Exp60_163_IS20700";NA;"2023-10-15 19:31:00";40000
"896910";"27:9:2";"Exp60_163_IS20700";"Exp60_163_IS20700";NA;"2023-10-16 03:46:00";40000
"896911";"27:9:2";"Exp60_163_IS20700";"Exp60_163_IS20700";NA;"2023-10-16 04:02:00";40000
"896912";"27:9:2";"Exp60_163_IS20700";"Exp60_163_IS20700";NA;"2023-10-16 04:16:00";40000
"896913";"27:9:2";"Exp60_163_IS20700";"Exp60_163_IS20700";NA;"2023-10-16 04:32:00";40000
"896914";"27:9:2";"Exp60_163_IS20700";"Exp60_163_IS20700";NA;"2023-10-16 04:46:00";40000
"896915";"27:9:2";"Exp60_163_IS20700";"Exp60_163_IS20700";NA;"2023-10-16 05:02:00";40000
"896916";"27:9:2";"Exp60_163_IS20700";"Exp60_163_IS20700";NA;"2023-10-16 05:16:00";40000
"896917";"27:9:2";"Exp60_163_IS20700";"Exp60_163_IS20700";NA;"2023-10-16 05:32:00";40000
"896918";"27:9:2";"Exp60_163_IS20700";"Exp60_163_IS20700";NA;"2023-10-16 05:46:00";40000
"896919";"27:9:2";"Exp60_163_IS20700";"Exp60_163_IS20700";NA;"2023-10-16 06:02:00";40000
"896920";"27:9:2";"Exp60_163_IS20700";"Exp60_163_IS20700";NA;"2023-10-16 06:16:00";40000
"896921";"27:9:2";"Exp60_163_IS20700";"Exp60_163_IS20700";NA;"2023-10-16 06:32:00";40000
"896922";"27:9:2";"Exp60_163_IS20700";"Exp60_163_IS20700";NA;"2023-10-16 06:46:00";40000
"896923";"27:9:2";"Exp60_163_IS20700";"Exp60_163_IS20700";NA;"2023-10-16 07:02:00";40000
"896924";"27:9:2";"Exp60_163_IS20700";"Exp60_163_IS20700";NA;"2023-10-16 07:16:00";40000
"896925";"27:9:2";"Exp60_163_IS20700";"Exp60_163_IS20700";NA;"2023-10-16 07:47:00";40000
"896926";"27:9:2";"Exp60_163_IS20700";"Exp60_163_IS20700";NA;"2023-10-16 08:01:00";40000
"896927";"27:9:2";"Exp60_163_IS20700";"Exp60_163_IS20700";NA;"2023-10-16 08:17:00";40000
"896928";"27:9:2";"Exp60_163_IS20700";"Exp60_163_IS20700";NA;"2023-10-16 08:31:00";40000
"896929";"27:9:2";"Exp60_163_IS20700";"Exp60_163_IS20700";NA;"2023-10-16 08:47:00";40000
"896930";"27:9:2";"Exp60_163_IS20700";"Exp60_163_IS20700";NA;"2023-10-16 09:01:00";40000
"896931";"27:9:2";"Exp60_163_IS20700";"Exp60_163_IS20700";NA;"2023-10-16 09:17:00";40000
"896932";"27:9:2";"Exp60_163_IS20700";"Exp60_163_IS20700";NA;"2023-10-16 09:31:00";40000
"896933";"27:9:2";"Exp60_163_IS20700";"Exp60_163_IS20700";NA;"2023-10-16 09:47:00";40000
"896934";"27:9:2";"Exp60_163_IS20700";"Exp60_163_IS20700";NA;"2023-10-16 10:01:00";40000
"896935";"27:9:2";"Exp60_163_IS20700";"Exp60_163_IS20700";NA;"2023-10-16 10:17:00";40000
"896936";"27:9:2";"Exp60_163_IS20700";"Exp60_163_IS20700";NA;"2023-10-16 10:31:00";40000
"896937";"27:9:2";"Exp60_163_IS20700";"Exp60_163_IS20700";NA;"2023-10-16 10:47:00";40000
"896938";"27:9:2";"Exp60_163_IS20700";"Exp60_163_IS20700";NA;"2023-10-16 11:01:00";40000
"896939";"27:9:2";"Exp60_163_IS20700";"Exp60_163_IS20700";NA;"2023-10-16 11:32:00";40000
"896940";"27:9:2";"Exp60_163_IS20700";"Exp60_163_IS20700";NA;"2023-10-16 11:46:00";40000
"896941";"27:9:2";"Exp60_163_IS20700";"Exp60_163_IS20700";NA;"2023-10-16 12:17:00";40000
"896942";"27:9:2";"Exp60_163_IS20700";"Exp60_163_IS20700";NA;"2023-10-16 12:31:00";40000
"896943";"27:9:2";"Exp60_163_IS20700";"Exp60_163_IS20700";NA;"2023-10-16 13:02:00";40000
"896944";"27:9:2";"Exp60_163_IS20700";"Exp60_163_IS20700";NA;"2023-10-16 13:16:00";40000
"896945";"27:9:2";"Exp60_163_IS20700";"Exp60_163_IS20700";NA;"2023-10-16 13:32:00";40000
"896946";"27:9:2";"Exp60_163_IS20700";"Exp60_163_IS20700";NA;"2023-10-16 13:46:00";40000
"896947";"27:9:2";"Exp60_163_IS20700";"Exp60_163_IS20700";NA;"2023-10-16 14:02:00";40000
"896948";"27:9:2";"Exp60_163_IS20700";"Exp60_163_IS20700";NA;"2023-10-16 14:16:00";40000
"896949";"27:9:2";"Exp60_163_IS20700";"Exp60_163_IS20700";NA;"2023-10-16 14:32:00";40000
"896950";"27:9:2";"Exp60_163_IS20700";"Exp60_163_IS20700";NA;"2023-10-16 14:46:00";40000
"896951";"27:9:2";"Exp60_163_IS20700";"Exp60_163_IS20700";NA;"2023-10-16 22:16:00";40000
"896952";"27:9:2";"Exp60_163_IS20700";"Exp60_163_IS20700";NA;"2023-10-16 22:32:00";40000
"896953";"27:9:2";"Exp60_163_IS20700";"Exp60_163_IS20700";NA;"2023-10-16 22:46:00";40000
"896954";"27:9:2";"Exp60_163_IS20700";"Exp60_163_IS20700";NA;"2023-10-17 05:46:00";40000
"896955";"27:9:2";"Exp60_163_IS20700";"Exp60_163_IS20700";NA;"2023-10-17 06:02:00";40000
"896956";"27:9:2";"Exp60_163_IS20700";"Exp60_163_IS20700";NA;"2023-10-17 06:16:00";40000
"896957";"27:9:2";"Exp60_163_IS20700";"Exp60_163_IS20700";NA;"2023-10-17 06:32:00";40000
"896958";"27:9:2";"Exp60_163_IS20700";"Exp60_163_IS20700";NA;"2023-10-17 06:46:00";40000
"896959";"27:9:2";"Exp60_163_IS20700";"Exp60_163_IS20700";NA;"2023-10-17 12:46:00";40000
"896960";"27:9:2";"Exp60_163_IS20700";"Exp60_163_IS20700";NA;"2023-10-17 13:02:00";40000
"896961";"27:9:2";"Exp60_163_IS20700";"Exp60_163_IS20700";NA;"2023-10-17 13:16:00";40000
"896962";"27:9:2";"Exp60_163_IS20700";"Exp60_163_IS20700";NA;"2023-10-17 13:32:00";40000
"896963";"27:9:2";"Exp60_163_IS20700";"Exp60_163_IS20700";NA;"2023-10-17 13:46:00";40000
"896964";"27:9:2";"Exp60_163_IS20700";"Exp60_163_IS20700";NA;"2023-10-17 14:02:00";40000
"896965";"27:9:2";"Exp60_163_IS20700";"Exp60_163_IS20700";NA;"2023-10-17 14:16:00";40000
"896966";"27:9:2";"Exp60_163_IS20700";"Exp60_163_IS20700";NA;"2023-10-17 14:32:00";40000
"896967";"27:9:2";"Exp60_163_IS20700";"Exp60_163_IS20700";NA;"2023-10-17 14:46:00";40000
"896968";"27:9:2";"Exp60_163_IS20700";"Exp60_163_IS20700";NA;"2023-10-17 15:17:00";40000
"896969";"27:9:2";"Exp60_163_IS20700";"Exp60_163_IS20700";NA;"2023-10-17 15:31:00";40000
"896970";"27:9:2";"Exp60_163_IS20700";"Exp60_163_IS20700";NA;"2023-10-17 16:17:00";40000
"896971";"27:9:2";"Exp60_163_IS20700";"Exp60_163_IS20700";NA;"2023-10-17 16:31:00";40000
"896972";"27:9:2";"Exp60_163_IS20700";"Exp60_163_IS20700";NA;"2023-10-17 16:47:00";40000
"896973";"27:9:2";"Exp60_163_IS20700";"Exp60_163_IS20700";NA;"2023-10-17 17:01:00";40000
"896974";"27:9:2";"Exp60_163_IS20700";"Exp60_163_IS20700";NA;"2023-10-17 18:32:00";40000
"896975";"27:9:2";"Exp60_163_IS20700";"Exp60_163_IS20700";NA;"2023-10-17 18:46:00";40000
"896976";"27:9:2";"Exp60_163_IS20700";"Exp60_163_IS20700";NA;"2023-10-17 19:02:00";40000
"896977";"27:9:2";"Exp60_163_IS20700";"Exp60_163_IS20700";NA;"2023-10-17 19:16:00";40000
"896978";"27:9:2";"Exp60_163_IS20700";"Exp60_163_IS20700";NA;"2023-10-17 19:32:00";40000
"896979";"27:9:2";"Exp60_163_IS20700";"Exp60_163_IS20700";NA;"2023-10-17 19:46:00";40000
"896980";"27:9:2";"Exp60_163_IS20700";"Exp60_163_IS20700";NA;"2023-10-18 01:31:00";40000
"896981";"27:9:2";"Exp60_163_IS20700";"Exp60_163_IS20700";NA;"2023-10-18 02:02:00";40000
"896982";"27:9:2";"Exp60_163_IS20700";"Exp60_163_IS20700";NA;"2023-10-18 02:16:00";40000
"896983";"27:9:2";"Exp60_163_IS20700";"Exp60_163_IS20700";NA;"2023-10-18 02:32:00";40000
"896984";"27:9:2";"Exp60_163_IS20700";"Exp60_163_IS20700";NA;"2023-10-18 02:46:00";40000
"896985";"27:9:2";"Exp60_163_IS20700";"Exp60_163_IS20700";NA;"2023-10-18 03:02:00";40000
"896986";"27:9:2";"Exp60_163_IS20700";"Exp60_163_IS20700";NA;"2023-10-18 03:16:00";40000
"896987";"27:9:2";"Exp60_163_IS20700";"Exp60_163_IS20700";NA;"2023-10-18 03:32:00";40000
"896988";"27:9:2";"Exp60_163_IS20700";"Exp60_163_IS20700";NA;"2023-10-18 04:01:00";40000
"896989";"27:9:2";"Exp60_163_IS20700";"Exp60_163_IS20700";NA;"2023-10-18 04:17:00";40000
"896990";"27:9:2";"Exp60_163_IS20700";"Exp60_163_IS20700";NA;"2023-10-18 04:31:00";40000
"896991";"27:9:2";"Exp60_163_IS20700";"Exp60_163_IS20700";NA;"2023-10-18 04:47:00";40000
"896992";"27:9:2";"Exp60_163_IS20700";"Exp60_163_IS20700";NA;"2023-10-18 05:01:00";40000
"896993";"27:9:2";"Exp60_163_IS20700";"Exp60_163_IS20700";NA;"2023-10-18 05:17:00";40000
"896994";"27:9:2";"Exp60_163_IS20700";"Exp60_163_IS20700";NA;"2023-10-18 05:31:00";40000
"896995";"27:9:2";"Exp60_163_IS20700";"Exp60_163_IS20700";NA;"2023-10-18 05:47:00";40000
"896996";"27:9:2";"Exp60_163_IS20700";"Exp60_163_IS20700";NA;"2023-10-18 06:01:00";40000
"896997";"27:9:2";"Exp60_163_IS20700";"Exp60_163_IS20700";NA;"2023-10-18 06:17:00";40000
"896998";"27:9:2";"Exp60_163_IS20700";"Exp60_163_IS20700";NA;"2023-10-18 06:31:00";40000
"896999";"27:9:2";"Exp60_163_IS20700";"Exp60_163_IS20700";NA;"2023-10-18 07:32:00";40000
"897000";"27:9:2";"Exp60_163_IS20700";"Exp60_163_IS20700";NA;"2023-10-18 07:46:00";40000
"897001";"27:9:2";"Exp60_163_IS20700";"Exp60_163_IS20700";NA;"2023-10-18 08:02:00";40000
"897002";"27:9:2";"Exp60_163_IS20700";"Exp60_163_IS20700";NA;"2023-10-18 08:16:00";40000
"897003";"27:9:2";"Exp60_163_IS20700";"Exp60_163_IS20700";NA;"2023-10-18 08:47:00";40000
"897004";"27:9:2";"Exp60_163_IS20700";"Exp60_163_IS20700";NA;"2023-10-18 09:01:00";40000
"897005";"27:9:2";"Exp60_163_IS20700";"Exp60_163_IS20700";NA;"2023-10-18 09:17:00";40000
"897006";"27:9:2";"Exp60_163_IS20700";"Exp60_163_IS20700";NA;"2023-10-18 09:31:00";40000
"897007";"27:9:2";"Exp60_163_IS20700";"Exp60_163_IS20700";NA;"2023-10-18 15:31:00";40000
"897008";"27:9:2";"Exp60_163_IS20700";"Exp60_163_IS20700";NA;"2023-10-18 16:32:00";40000
"897009";"27:9:2";"Exp60_163_IS20700";"Exp60_163_IS20700";NA;"2023-10-18 16:46:00";40000
"897010";"27:9:2";"Exp60_163_IS20700";"Exp60_163_IS20700";NA;"2023-10-18 17:02:00";40000
"897011";"27:9:2";"Exp60_163_IS20700";"Exp60_163_IS20700";NA;"2023-10-18 17:16:00";40000
"897012";"27:9:2";"Exp60_163_IS20700";"Exp60_163_IS20700";NA;"2023-10-18 17:32:00";40000
"897013";"27:9:2";"Exp60_163_IS20700";"Exp60_163_IS20700";NA;"2023-10-18 17:46:00";40000
"897014";"27:9:2";"Exp60_163_IS20700";"Exp60_163_IS20700";NA;"2023-10-18 18:02:00";40000
"897015";"27:9:2";"Exp60_163_IS20700";"Exp60_163_IS20700";NA;"2023-10-18 18:16:00";40000
"897016";"27:9:2";"Exp60_163_IS20700";"Exp60_163_IS20700";NA;"2023-10-18 18:32:00";40000
"897017";"27:9:2";"Exp60_163_IS20700";"Exp60_163_IS20700";NA;"2023-10-18 18:46:00";40000
"897018";"27:9:2";"Exp60_163_IS20700";"Exp60_163_IS20700";NA;"2023-10-19 01:16:00";40000
"897019";"27:9:2";"Exp60_163_IS20700";"Exp60_163_IS20700";NA;"2023-10-19 01:32:00";40000
"897020";"27:9:2";"Exp60_163_IS20700";"Exp60_163_IS20700";NA;"2023-10-19 01:46:00";40000
"897021";"27:9:2";"Exp60_163_IS20700";"Exp60_163_IS20700";NA;"2023-10-19 02:02:00";40000
"897022";"27:9:2";"Exp60_163_IS20700";"Exp60_163_IS20700";NA;"2023-10-19 02:16:00";40000
"897023";"27:9:2";"Exp60_163_IS20700";"Exp60_163_IS20700";NA;"2023-10-19 02:32:00";40000
"897024";"27:9:2";"Exp60_163_IS20700";"Exp60_163_IS20700";NA;"2023-10-19 02:46:00";40000
"897025";"27:9:2";"Exp60_163_IS20700";"Exp60_163_IS20700";NA;"2023-10-19 03:17:00";40000
"897026";"27:9:2";"Exp60_163_IS20700";"Exp60_163_IS20700";NA;"2023-10-19 03:31:00";40000
"897027";"27:9:2";"Exp60_163_IS20700";"Exp60_163_IS20700";NA;"2023-10-19 03:47:00";40000
"897028";"27:9:2";"Exp60_163_IS20700";"Exp60_163_IS20700";NA;"2023-10-19 04:01:00";40000
"897029";"27:9:2";"Exp60_163_IS20700";"Exp60_163_IS20700";NA;"2023-10-19 04:17:00";40000
"897030";"27:9:2";"Exp60_163_IS20700";"Exp60_163_IS20700";NA;"2023-10-19 04:31:00";40000
"897031";"27:9:2";"Exp60_163_IS20700";"Exp60_163_IS20700";NA;"2023-10-19 04:47:00";40000
"897032";"27:9:2";"Exp60_163_IS20700";"Exp60_163_IS20700";NA;"2023-10-19 05:01:00";40000
"897033";"27:9:2";"Exp60_163_IS20700";"Exp60_163_IS20700";NA;"2023-10-19 05:17:00";40000
"897034";"27:9:2";"Exp60_163_IS20700";"Exp60_163_IS20700";NA;"2023-10-19 05:31:00";40000
"897035";"27:9:2";"Exp60_163_IS20700";"Exp60_163_IS20700";NA;"2023-10-19 05:47:00";40000
"897036";"27:9:2";"Exp60_163_IS20700";"Exp60_163_IS20700";NA;"2023-10-19 06:01:00";40000
"897037";"27:9:2";"Exp60_163_IS20700";"Exp60_163_IS20700";NA;"2023-10-19 06:17:00";40000
"897038";"27:9:2";"Exp60_163_IS20700";"Exp60_163_IS20700";NA;"2023-10-19 06:31:00";40000
"897039";"27:9:2";"Exp60_163_IS20700";"Exp60_163_IS20700";NA;"2023-10-19 06:47:00";40000
"897040";"27:9:2";"Exp60_163_IS20700";"Exp60_163_IS20700";NA;"2023-10-19 07:01:00";40000
"897041";"27:9:2";"Exp60_163_IS20700";"Exp60_163_IS20700";NA;"2023-10-19 13:46:00";40000
"897042";"27:9:2";"Exp60_163_IS20700";"Exp60_163_IS20700";NA;"2023-10-19 14:02:00";40000
"897043";"27:9:2";"Exp60_163_IS20700";"Exp60_163_IS20700";NA;"2023-10-19 14:16:00";40000
"897044";"27:9:2";"Exp60_163_IS20700";"Exp60_163_IS20700";NA;"2023-10-19 14:32:00";40000
"897045";"27:9:2";"Exp60_163_IS20700";"Exp60_163_IS20700";NA;"2023-10-19 14:46:00";40000
"897046";"27:9:2";"Exp60_163_IS20700";"Exp60_163_IS20700";NA;"2023-10-19 15:02:00";40000
"897047";"27:9:2";"Exp60_163_IS20700";"Exp60_163_IS20700";NA;"2023-10-19 15:16:00";40000
"897048";"27:9:2";"Exp60_163_IS20700";"Exp60_163_IS20700";NA;"2023-10-19 15:32:00";40000
"897049";"27:9:2";"Exp60_163_IS20700";"Exp60_163_IS20700";NA;"2023-10-19 15:46:00";40000
"897050";"27:9:2";"Exp60_163_IS20700";"Exp60_163_IS20700";NA;"2023-10-19 16:02:00";40000
"897051";"27:9:2";"Exp60_163_IS20700";"Exp60_163_IS20700";NA;"2023-10-19 16:16:00";40000
"897052";"27:9:2";"Exp60_163_IS20700";"Exp60_163_IS20700";NA;"2023-10-19 16:47:00";40000
"897053";"27:9:2";"Exp60_163_IS20700";"Exp60_163_IS20700";NA;"2023-10-19 17:01:00";40000
"897054";"27:9:2";"Exp60_163_IS20700";"Exp60_163_IS20700";NA;"2023-10-19 17:17:00";40000
"897055";"27:9:2";"Exp60_163_IS20700";"Exp60_163_IS20700";NA;"2023-10-19 17:31:00";40000
"897056";"27:9:2";"Exp60_163_IS20700";"Exp60_163_IS20700";NA;"2023-10-19 17:47:00";40000
"897057";"27:9:2";"Exp60_163_IS20700";"Exp60_163_IS20700";NA;"2023-10-19 18:01:00";40000
"897058";"27:9:2";"Exp60_163_IS20700";"Exp60_163_IS20700";NA;"2023-10-20 01:31:00";40000
"897059";"27:9:2";"Exp60_163_IS20700";"Exp60_163_IS20700";NA;"2023-10-20 01:47:00";40000
"897060";"27:9:2";"Exp60_163_IS20700";"Exp60_163_IS20700";NA;"2023-10-20 02:01:00";40000
"897061";"27:9:2";"Exp60_163_IS20700";"Exp60_163_IS20700";NA;"2023-10-20 02:17:00";40000
"897062";"27:9:2";"Exp60_163_IS20700";"Exp60_163_IS20700";NA;"2023-10-20 02:31:00";40000
"897063";"27:9:2";"Exp60_163_IS20700";"Exp60_163_IS20700";NA;"2023-10-20 02:47:00";40000
"897064";"27:9:2";"Exp60_163_IS20700";"Exp60_163_IS20700";NA;"2023-10-20 03:01:00";40000
"897065";"27:9:2";"Exp60_163_IS20700";"Exp60_163_IS20700";NA;"2023-10-20 03:47:00";40000
"897066";"27:9:2";"Exp60_163_IS20700";"Exp60_163_IS20700";NA;"2023-10-20 04:01:00";40000
"897067";"27:9:2";"Exp60_163_IS20700";"Exp60_163_IS20700";NA;"2023-10-20 04:32:00";40000
"897068";"27:9:2";"Exp60_163_IS20700";"Exp60_163_IS20700";NA;"2023-10-20 04:46:00";40000
"897069";"27:9:2";"Exp60_163_IS20700";"Exp60_163_IS20700";NA;"2023-10-20 05:02:00";40000
"897070";"27:9:2";"Exp60_163_IS20700";"Exp60_163_IS20700";NA;"2023-10-20 05:16:00";40000
"897071";"27:9:2";"Exp60_163_IS20700";"Exp60_163_IS20700";NA;"2023-10-20 05:32:00";40000
"897072";"27:9:2";"Exp60_163_IS20700";"Exp60_163_IS20700";NA;"2023-10-20 05:46:00";40000
"897073";"27:9:2";"Exp60_163_IS20700";"Exp60_163_IS20700";NA;"2023-10-20 06:02:00";40000
"897074";"27:9:2";"Exp60_163_IS20700";"Exp60_163_IS20700";NA;"2023-10-20 06:16:00";40000
"897075";"27:9:2";"Exp60_163_IS20700";"Exp60_163_IS20700";NA;"2023-10-20 06:32:00";40000
"897076";"27:9:2";"Exp60_163_IS20700";"Exp60_163_IS20700";NA;"2023-10-20 06:46:00";40000
"897077";"27:9:2";"Exp60_163_IS20700";"Exp60_163_IS20700";NA;"2023-10-20 07:02:00";40000
"897078";"27:9:2";"Exp60_163_IS20700";"Exp60_163_IS20700";NA;"2023-10-20 07:16:00";40000
"897079";"27:9:2";"Exp60_163_IS20700";"Exp60_163_IS20700";NA;"2023-10-20 07:47:00";22601
"897080";"27:9:2";"Exp60_163_IS20700";"Exp60_163_IS20700";NA;"2023-10-20 08:01:00";22630,5
"897081";"27:9:2";"Exp60_163_IS20700";"Exp60_163_IS20700";NA;"2023-10-20 08:17:00";22644,5
"897082";"27:9:2";"Exp60_163_IS20700";"Exp60_163_IS20700";NA;"2023-10-20 08:31:00";22721,5
"897083";"27:9:2";"Exp60_163_IS20700";"Exp60_163_IS20700";NA;"2023-10-20 08:47:00";22738,7
"897084";"27:9:2";"Exp60_163_IS20700";"Exp60_163_IS20700";NA;"2023-10-20 09:01:00";22806,8
"897085";"27:9:2";"Exp60_163_IS20700";"Exp60_163_IS20700";NA;"2023-10-20 13:46:00";23455,3
"897086";"27:9:2";"Exp60_163_IS20700";"Exp60_163_IS20700";NA;"2023-10-20 15:31:00";23393,4
"897087";"27:9:2";"Exp60_163_IS20700";"Exp60_163_IS20700";NA;"2023-10-20 15:47:00";23363,1
"897088";"27:9:2";"Exp60_163_IS20700";"Exp60_163_IS20700";NA;"2023-10-20 16:01:00";23353,3
"897089";"27:9:2";"Exp60_163_IS20700";"Exp60_163_IS20700";NA;"2023-10-20 16:17:00";23348,7
"897090";"27:9:2";"Exp60_163_IS20700";"Exp60_163_IS20700";NA;"2023-10-20 16:31:00";23296,1
"897091";"27:9:2";"Exp60_163_IS20700";"Exp60_163_IS20700";NA;"2023-10-20 16:47:00";23288,3
"897092";"27:9:2";"Exp60_163_IS20700";"Exp60_163_IS20700";NA;"2023-10-20 17:01:00";23225,7
"897093";"27:9:2";"Exp60_163_IS20700";"Exp60_163_IS20700";NA;"2023-10-20 23:31:00";22826,4
"897094";"27:9:2";"Exp60_163_IS20700";"Exp60_163_IS20700";NA;"2023-10-20 23:47:00";22786,4
"897095";"27:9:2";"Exp60_163_IS20700";"Exp60_163_IS20700";NA;"2023-10-21 00:01:00";22800,9
"897096";"27:9:2";"Exp60_163_IS20700";"Exp60_163_IS20700";NA;"2023-10-21 00:17:00";22804,2
"897097";"27:9:2";"Exp60_163_IS20700";"Exp60_163_IS20700";NA;"2023-10-21 00:31:00";22825,8
"897098";"27:9:2";"Exp60_163_IS20700";"Exp60_163_IS20700";NA;"2023-10-21 01:17:00";22762,3
"897099";"27:9:2";"Exp60_163_IS20700";"Exp60_163_IS20700";NA;"2023-10-21 01:31:00";22749,1
"897100";"27:9:2";"Exp60_163_IS20700";"Exp60_163_IS20700";NA;"2023-10-21 01:47:00";22761,8
"897101";"27:9:2";"Exp60_163_IS20700";"Exp60_163_IS20700";NA;"2023-10-21 02:01:00";22731
"897102";"27:9:2";"Exp60_163_IS20700";"Exp60_163_IS20700";NA;"2023-10-21 08:31:00";22759,3
"897103";"27:9:2";"Exp60_163_IS20700";"Exp60_163_IS20700";NA;"2023-10-21 08:47:00";22818,4
"897104";"27:9:2";"Exp60_163_IS20700";"Exp60_163_IS20700";NA;"2023-10-21 09:01:00";22859,9
"897105";"27:9:2";"Exp60_163_IS20700";"Exp60_163_IS20700";NA;"2023-10-21 09:17:00";22929,1
"897106";"27:9:2";"Exp60_163_IS20700";"Exp60_163_IS20700";NA;"2023-10-21 09:31:00";22989,8
"897107";"27:9:2";"Exp60_163_IS20700";"Exp60_163_IS20700";NA;"2023-10-21 09:47:00";23066,8
"897108";"27:9:2";"Exp60_163_IS20700";"Exp60_163_IS20700";NA;"2023-10-21 10:01:00";23135,2
"897109";"27:9:2";"Exp60_163_IS20700";"Exp60_163_IS20700";NA;"2023-10-21 10:32:00";23285,3
"897110";"27:9:2";"Exp60_163_IS20700";"Exp60_163_IS20700";NA;"2023-10-21 10:46:00";23382,8
"897111";"27:9:2";"Exp60_163_IS20700";"Exp60_163_IS20700";NA;"2023-10-21 17:01:00";40000
"897112";"27:9:2";"Exp60_163_IS20700";"Exp60_163_IS20700";NA;"2023-10-21 17:32:00";40000
"897113";"27:9:2";"Exp60_163_IS20700";"Exp60_163_IS20700";NA;"2023-10-21 17:46:00";40000
"897114";"27:9:2";"Exp60_163_IS20700";"Exp60_163_IS20700";NA;"2023-10-21 18:02:00";40000
"897115";"27:9:2";"Exp60_163_IS20700";"Exp60_163_IS20700";NA;"2023-10-21 18:16:00";40000
"897116";"27:9:2";"Exp60_163_IS20700";"Exp60_163_IS20700";NA;"2023-10-21 18:32:00";40000
"897117";"27:9:2";"Exp60_163_IS20700";"Exp60_163_IS20700";NA;"2023-10-21 18:46:00";40000
"897118";"27:9:2";"Exp60_163_IS20700";"Exp60_163_IS20700";NA;"2023-10-21 19:02:00";40000
"897119";"27:9:2";"Exp60_163_IS20700";"Exp60_163_IS20700";NA;"2023-10-21 19:16:00";40000
"897120";"27:9:2";"Exp60_163_IS20700";"Exp60_163_IS20700";NA;"2023-10-21 19:32:00";40000
"897121";"27:9:2";"Exp60_163_IS20700";"Exp60_163_IS20700";NA;"2023-10-21 19:46:00";40000
"897122";"27:9:2";"Exp60_163_IS20700";"Exp60_163_IS20700";NA;"2023-10-21 20:02:00";40000
"897123";"27:9:2";"Exp60_163_IS20700";"Exp60_163_IS20700";NA;"2023-10-21 20:16:00";40000
"897124";"27:9:2";"Exp60_163_IS20700";"Exp60_163_IS20700";NA;"2023-10-21 20:32:00";40000
"897125";"27:9:2";"Exp60_163_IS20700";"Exp60_163_IS20700";NA;"2023-10-21 20:46:00";40000
